10.314523652749239 5.821114226948264 
9.810475687874176 6.89532435311205 
10.277467886073058 5.846421446017926 
10.295023038077117 5.827329017685229 
10.1698099546328 6.055027638514201 
10.185684496036277 6.01937527776273 
9.928259116961568 6.616730832093939 
9.952804294970829 6.550699153398567 
9.89286789643899 6.696857032670588 
10.060884406855656 6.297328393293543 
9.911761537040206 6.652212440086157 
10.014006402226029 6.4054528308819085 
9.839766682860855 6.824355848162838 
10.24310942552638 5.908426936991789 
9.946790534693687 6.566323416524567 
9.937775707610353 6.590901988871368 
10.250052610711567 5.894789653462876 
9.980857341869608 6.486836537932013 
9.885799551994547 6.7127560097701044 
10.20347478316527 5.984162635667704 
10.269047386174528 5.860555580041757 
9.821250825526382 6.865041999522713 
10.175727419679095 6.041923603842102 
10.047288644679096 6.330306209024543 
9.828144559925166 6.849592529337417 
9.848426135248603 6.803101537105583 
10.13760757986428 6.123536334086527 
10.228402903443682 5.934733898958984 
10.143824284262429 6.109796338126703 
10.008040903614914 6.422893027014356 
9.921822196591199 6.630431087359947 
10.125208178906648 6.152559785503372 
10.039894510480087 6.345859089490255 
10.14856974259576 6.0999002993409555 
10.193073934322676 6.005281398637615 
10.105711370142059 6.19762081060758 
10.163412412702943 6.069630984518999 
10.06564395168379 6.286568931004966 
10.119213744739344 6.166355278864617 
10.002138263892059 6.433688906029286 
10.289802202286277 5.8355712816560015 
10.095703353383435 6.218515600609968 
10.154878188660577 6.085940040034763 
10.180833594447613 6.030334508659102 
9.986398694739346 6.473471452445442 
9.897764693058724 6.685137329440275 
10.255155787239978 5.8846216370083155 
9.961929687100456 6.529837088865849 
9.832454945433788 6.842235083466665 
10.222313936082571 5.946329348245522 
9.917409313489346 6.640327126145687 
10.197474850234649 5.99679530971689 
9.967368100665906 6.51758454079687 
10.02721463501712 6.375332213101434 
9.942876757147387 6.578280572236836 
10.03153679676243 6.364888344076773 
10.054333447517124 6.313387306484738 
10.208918668581939 5.973364589646366 
9.975209672133435 6.499349457330391 
9.906907035096397 6.665501294694721 
9.990439030003806 6.462263236185572 
10.110914333304795 6.185007694709473 
10.100607947364916 6.209470240391062 
10.090307190943685 6.230060914917714 
10.022284941346395 6.386979321617032 
9.95783329186961 6.5397331276515915 
9.8817955013001 6.722496611757141 
9.934036639031584 6.604860962665255 
9.873651400837137 6.742492259379863 
10.237917927841195 5.918889299028777 
9.869225925142695 6.752388298165603 
9.843833418740486 6.814983710723209 
10.217663426220826 5.955088259600273 
10.213376996559488 5.963932528970187 
9.862256202286277 6.771005252236084 
10.114607523151317 6.17625131765036 
10.07409635645294 6.267843406240494 
9.854021837794901 6.790515233320664 
10.129811754138128 6.1426637467176315 
10.036226550003171 6.354364920206652 
10.079553948814056 6.255572254972426 
9.997978356716136 6.443429508016323 
10.018211986577242 6.396194277634149 
9.971514912966134 6.507843938809834 
10.2604597432585 5.875303013608318 
10.082694385711566 6.24759530237111 
9.865234188105658 6.762128900152635 
9.817255151591832 6.874782601509746 
9.814431777054796 6.883367197399781 
9.99459893717973 6.452522634198534 
9.878076641577877 6.733655611261299 
10.133793052086503 6.134212770646498 
10.264271893864155 5.868599728206226 
10.071347928998604 6.275157713992134 
9.857153940049466 6.784550548179349 
10.158910364091831 6.079231006556348 
10.234074578443684 5.927236387343467 
10.087142683999241 6.238492773584822 
10.051580160851092 6.32080401447144 
9.902370470836503 6.675241290654536 
