495.81628045021586 820.397148943912 
533.1515100728469 353.0113004331052 
508.0606718409278 761.743983153392 
584.712847991345 237.14607511894036 
667.9881436966509 120.35981713331489 
498.9627521198463 807.5190727345799 
532.6457005304969 393.63363277710596 
586.7073577261484 192.14513146113177 
517.7851287331797 728.580662317735 
501.74811940392954 793.427038732627 
592.8961877586669 166.0628267541172 
545.7227236852353 326.9289957260893 
500.37490083457226 802.3663154973913 
617.470545126017 139.3212925761199 
598.7471957895098 154.51588420591673 
609.0069620405973 148.65716946999248 
574.4695272732671 305.5509194834535 
516.73783046356 736.4730480544894 
566.609829545897 310.2054782301658 
610.3462598541507 147.6988364162125 
589.9986089290321 177.3536989352176 
583.7903618935002 298.4168600068135 
515.5639685218569 740.7388732532554 
570.1478540481115 309.36981697530945 
577.5930690172187 303.21777507935286 
626.6937160064723 133.5855663783523 
621.2038671609931 138.37825548668417 
532.6955304932228 379.98141064439085 
639.6137333954558 125.40916580102375 
616.7043844886434 140.99152894208376 
597.9717528805613 156.04481007204305 
513.9748817199322 746.9525506274789 
503.15526269930143 788.2742814954383 
662.157960173669 122.81191164231687 
532.9472847504763 365.88937664243724 
575.7191937685471 304.03621062390295 
627.5472218717549 132.57938188572254 
586.1826884183927 205.02320767046427 
524.7416547990689 718.9872355739526 
585.9038265745927 210.17596490765413 
528.1903769677898 718.4279490535587 
559.5094825611184 322.70218698492283 
538.6808686532682 344.67841152718455 
646.2418944691617 124.81775677176742 
556.1544810295711 323.64522407435857 
537.5227054995815 347.93410562622665 
562.1500269854068 318.33161995684145 
543.7422106163139 332.00619053296765 
539.9821235605706 341.47556200623234 
589.3186209069556 180.60939303425948 
596.2835627785626 162.25848744626563 
594.5932935955531 164.84284075160005 
514.8760331758147 743.9945673522974 
541.137832048721 338.2198679071905 
562.6760879759606 317.4134648829351 
663.7670105625949 121.37082486521355 
564.9832529613557 311.4013515377417 
505.7070859245608 774.6220593627241 
665.0972434642487 120.74354326026702 
591.191128630849 172.27650412833933 
633.1777474659593 131.4538318624001 
553.1294701120569 324.36536510064934 
513.379106345238 750.4531109722909 
585.4349471723717 223.05404111698658 
597.1070726323322 160.2350714349548 
502.71313371282065 789.4882392880598 
636.062380796313 128.8144459237917 
520.932614677312 721.2072524701864 
650.3443823756319 124.67982310523037 
602.4624096690479 153.8906037106874 
542.5891763526494 335.2618846320095 
591.5481092508834 171.1400215609952 
630.2893714098327 132.07078856355173 
587.818620170034 187.06793665425343 
511.7883222009784 756.666788346514 
606.7980009917677 152.65366258573343 
512.6381089777631 753.4110942474724 
585.5594933859968 219.1152416724184 
615.8957683271439 145.28848610042212 
543.1239509268913 333.1426731003121 
588.6432871871071 183.8122425552116 
624.8661955170852 137.75205559934386 
581.9843890881234 302.5924945841234 
547.833987058705 325.4000698599627 
605.0641351327077 153.28397839546003 
614.5539130486108 146.9611447719067 
537.9889514384358 346.55275681311116 
522.4098156675861 720.3308482772113 
540.6728747302711 339.601216720306 
505.6418025403988 775.3962052861071 
636.7192948894434 127.10603919409652 
564.812847546871 312.55055476007556 
512.0652771240847 755.285439533399 
551.4120321510578 324.94815917414815 
588.0982510363914 185.68658784113816 
523.4758789625305 719.7457457618555 
638.2299123133807 125.91818228926316 
637.2087533487293 126.4499020308633 
547.4014478035575 325.7090097235718 
519.3730857812296 722.366984943512 
