10 0 0 0 0 0 0 0  1000000010000000100000001000000010000000 
4 0 0 3 0 0 0 0  1001000010010000100100001001000010010000 
8 0 0 2 0 0 0 0  1000000010010000100100001001000010010000 
4 0 0 2 0 2 0 0  1001010010000000100000001001000010000000 
0 3 0 2 1 2 2 2  1111111111111111111111111111111111111111 
6 0 0 2 0 0 0 0  1000000010000000100100001000000010000000 
4 0 0 3 0 0 0 0  1001000010010000100000001000000010000000 
4 0 0 2 0 2 0 0  1001010010010000100100001001000010010000 
2 5 0 2 0 2 0 0  0100000001010101010101010101000001010100 
6 0 0 2 0 0 0 0  1000000010000000100100001000000010010000 
4 0 0 2 0 2 0 0  1001010010010100100101001001010010010100 
4 0 0 3 0 2 0 0  1001000010010100100101001001010010010100 
5 0 0 2 0 0 0 0  1000000010010000100000001000000010000000 
2 3 0 3 0 2 0 2  1101010111010101110101011101010111010101 
3 0 0 2 0 2 0 2  1001010110010101100101011001010110010101 
4 0 0 2 1 2 0 2  1001110110010101100101001001110110010100 
2 2 2 3 0 2 0 0  1111000011010101110101011001010011010100 
2 5 0 2 0 2 0 0  0100000001010000010101010101010101010000 
2 3 0 3 0 2 0 0  1101000011010101110101011101010111010101 
3 0 0 2 1 2 0 2  1001110110011101100111011001110110011100 
4 0 0 2 0 2 0 0  1001010010010100100100001001000010010100 
2 3 0 3 2 2 0 0  1101100011010100110101011101010010010100 
8 0 0 2 0 2 0 0  1000000010010100100100001001010010010100 
2 3 2 3 0 2 0 0  1101000011110101111101011111010111110100 
2 1 2 3 0 2 0 0  1111000011110101111101011111010111110101 
2 1 2 2 0 2 0 2  1111010111010100110101011101010111010100 
2 3 2 2 0 2 0 2  1101010111110101111101011111010111110101 
4 0 0 3 0 0 0 0  1001000010010000100000001001000010000000 
2 1 2 2 2 2 0 2  1111110111111101111111011111110111111101 
2 3 0 3 0 2 0 2  1101010111010100110101010101010011010100 
3 0 0 2 0 2 0 2  1001010110010100100101001001010010010100 
8 0 0 2 0 2 0 0  1000000010010100100100001001000010010100 
5 0 0 2 0 0 0 0  1000000010010000100000001000000010010000 
2 2 2 2 1 2 2 2  1111111111011100110101011101010111010100 
4 0 0 3 0 0 0 0  1001000010010000100000001001000010010000 
2 2 2 3 0 2 0 0  1111000011010101110101011111010111010100 
2 2 2 3 0 2 0 2  1111010111110101111101011111010111010100 
4 0 0 2 0 2 0 0  1001010010010000100000001001000010010000 
2 5 0 2 0 2 0 0  0100000011010101110101011101010111010100 
4 0 0 2 0 2 0 0  1001010010000000100100001001000010010000 
2 4 0 2 1 2 0 0  0100000011011101110101011101110111011100 
2 3 2 3 0 2 0 0  1001000011110101111101011111010111110100 
4 0 0 3 0 2 0 0  1001000010010100100100001001000010010000 
2 3 2 2 1 2 2 2  1111110111111111111111111111110111111111 
2 3 0 3 0 2 0 0  1001000011010101110101011101010111010100 
4 0 0 3 0 2 0 0  1001000010010000100101001001000010010000 
2 3 0 3 0 2 0 0  1101000011010101010101001101000011010100 
4 0 0 3 0 2 0 0  1001000010010100100100001001010010010100 
4 0 0 3 0 2 0 0  1001000010010000100101001001000010010100 
4 0 0 2 0 2 0 0  1001010010010000100101001001000010010100 
4 0 0 2 0 2 0 2  1001010110010100100101001001000010010100 
4 0 0 2 0 2 0 0  1001010010010100100101011001010110010100 
8 0 0 2 0 2 0 0  1000000010010000100101001001010010010100 
4 0 0 3 0 2 0 0  1001000010010100100100001001000010010100 
2 3 0 3 0 2 0 0  1101000011010101110101011101000011010100 
2 2 2 2 2 2 2 2  1111111111111101111101011111110111111100 
2 3 0 3 0 2 0 0  1101000011010100110101011101010011010100 
8 0 0 2 0 0 0 0  1000000010010000100000001001000010010000 
2 3 2 2 2 2 2 2  1111111111111111111111111111110111011110 
4 0 0 2 0 2 0 0  1001010010010100100101001001000010010100 
2 2 2 2 1 2 0 2  1101110111111101111111011111110111111101 
3 1 0 3 0 2 0 0  1001000011010101100101011001010111010101 
8 0 0 2 0 2 0 0  1000000010010000100101001001010010010000 
4 0 0 2 0 2 0 0  1001010010000000100000001001000010010000 
3 0 0 2 0 2 0 2  1001010110010100100100001001010110010100 
8 0 0 2 0 0 0 0  1000000010010000100100001000000010000000 
2 2 2 2 2 2 0 2  1111110111010100100101001111010011010100 
2 5 0 2 0 2 0 0  0100000001010100010101011101010101010100 
2 1 2 2 1 0 0 2  1111110111111111111111111111111111111111 
3 0 0 2 1 2 0 2  1001010110011101100111011001010110011101 
4 0 0 3 0 2 0 0  1001000010010000100101001001010010010100 
4 0 0 2 0 2 0 0  1001010010010100100100001001010010010100 
2 3 2 2 1 2 0 2  1111010111111101111101011111010111110101 
4 0 0 2 0 2 0 0  1001010010010000100101001001000010010000 
8 0 0 2 0 2 0 0  1000000010010000100101001001000010010000 
3 3 0 3 0 2 0 2  1001010111010101110101011101010111010101 
5 0 0 2 0 2 0 0  1000000010010100100100001001000010010000 
4 0 0 2 0 2 0 0  1001010010010000100000001001000010000000 
2 3 0 3 0 2 0 2  1101010111010101110100001101010101010101 
4 0 0 3 0 2 0 0  1001000010010100100101001001000010010100 
4 0 0 2 0 2 0 0  1001010010010100100100001001000010010000 
2 2 2 2 2 2 0 2  1101010111111101111111011111110111111100 
2 1 2 3 0 2 0 0  1111000011111101111111011111010111111101 
4 0 0 3 0 2 0 0  1001000010010101100101011001010110010101 
3 0 0 3 0 2 0 2  1001010110010101110101011101010111010101 
3 1 0 2 1 2 0 2  1001110111011101100111011001110110011101 
4 0 0 3 0 2 0 0  1001000010010000100100001001000010010100 
2 5 0 2 0 2 0 0  0100000011010100010101011101010101010100 
4 0 0 3 0 2 0 0  1001000010010100100101001001000010010000 
5 0 0 2 0 0 0 0  1000000010010000100100001000000010010000 
2 2 2 2 2 2 0 2  1111110111010101110101001111010111011100 
2 3 0 3 0 2 0 0  1101000001010101110101010101010011010100 
8 0 0 2 0 2 0 0  1000000010010000100100001001000010010100 
4 0 0 3 1 2 0 0  1001000010011101100101011001110110011100 
4 0 0 2 0 2 0 0  1001010010010000100100001001000010010100 
2 5 0 2 0 2 0 0  0100000011010100110101011101010101010100 
2 2 2 2 2 2 0 2  1111110111111101110111011101010111111101 
2 2 2 2 2 2 0 2  1111110111110101110101011111010111010101 
3 0 0 3 0 2 0 0  1001000010010100100101011001010110010100 
2 5 0 2 0 2 0 0  0100000001010101010101010101010001010100 
