165.4512665998521 1.2139176497850588 
154.64336442080128 2.768835021451522 
155.19623691437107 2.709656753773146 
155.2444318844768 2.0913678020114648 
164.1129735168547 1.2641125716458705 
163.52399492726002 1.2666129275436344 
163.2385656577566 1.274166208830135 
159.000026541384 1.5821232319550476 
158.53054364546983 1.6483942675696561 
158.37504120288364 1.7134337826165251 
160.35247934847922 1.4288602857768342 
155.90029176129764 1.9875059524767293 
161.9364233166735 1.3239045191136327 
164.36877509497123 1.2513805340690096 
157.86699667219258 1.7338858916483508 
164.9089445087572 1.2325692784200486 
155.9145375487839 1.9649952441542717 
161.50441371287442 1.3368272835909079 
162.12674068405258 1.3112257945828127 
159.17296941098456 1.5725618147463587 
165.0407389580518 1.2266532327429587 
158.69903877735155 1.6367089243694006 
155.72117157554476 2.004377029516802 
158.1204232735571 1.7141570545995783 
154.76752863403345 2.758785997146188 
160.14080106691998 1.4428711869455508 
156.09421843061557 1.9531061902056084 
157.59331960129688 1.7730578679924995 
159.5333094471335 1.535003859438441 
165.24696119436484 1.2221379374528363 
162.26552378537798 1.310509157900123 
156.6638224141574 1.89467675113546 
156.8532830899477 1.8697814753928503 
162.453983129945 1.3045308539121117 
157.70397387658127 1.7469165070072417 
156.28392168464228 1.922945559904703 
162.52745646249375 1.2948355103807505 
156.78408165691093 1.885284156785533 
155.10080904140722 2.7301325027324355 
158.5219904530701 1.686275849700676 
158.89730473107667 1.6082645929403052 
157.26307595619517 1.8229648207856657 
154.88621663474595 2.7469682329880047 
160.67896133513142 1.39709200116424 
160.84772677173947 1.3839584537087795 
155.48664351154886 2.064158840282435 
158.44690283820395 1.6878777001451086 
154.97813531260647 2.7388299978654373 
160.9746966654268 1.370528431873173 
156.46789867319126 1.9107392077408452 
158.7817213097169 1.625901874377545 
155.53491568968693 2.047146212245843 
159.77066239593054 1.4739511653005308 
163.02372674296285 1.2783900414887035 
161.09906526375568 1.3613088297648224 
160.429286847361 1.4150752453850026 
164.66894154261777 1.2364201567744355 
163.52399492726002 1.2666129275436344 
156.16834137904436 1.945494689557642 
161.26445975703368 1.3431538917971135 
155.57393708296803 2.0303493528095484 
160.50357279071173 1.406077094841557 
157.63857440318293 1.7537012399449332 
161.15342808168714 1.3515634593550705 
157.14043449077022 1.8452952655255594 
159.70459769335594 1.4924502671992987 
157.32585188933692 1.808358424762155 
157.2144218919168 1.8428709133146994 
162.72734381542446 1.2915556248878741 
161.75759124896032 1.3240077790593854 
156.27009757745472 1.9349407278679467 
159.26566746307685 1.5611005230762172 
155.3147705658688 2.064170028273192 
156.95986778601863 1.8570128658837806 
157.40807006857617 1.8038234790938215 
157.02034111330116 1.8557519856410558 
165.385540076861 1.2215317611532293 
159.28802878004902 1.55029652623534 
155.25411798005584 2.069510772804448 
162.95214471574968 1.2886851832903081 
159.59039384841913 1.5143422949360208 
164.54302606890164 1.2451985511778403 
158.02994206280366 1.7303686677106642 
157.5286419526073 1.793847543205316 
156.5625753164138 1.9070564897097626 
161.6007344244729 1.3301774395342947 
162.76758246853873 1.2894801126287752 
158.89377762505453 1.618030416918812 
160.60535466159268 1.3982671941094942 
155.14843410636382 2.7111979861849878 
160.09549632599197 1.4484741569192556 
155.68932193507734 2.026822639562315 
160.90031725642933 1.380223775404535 
164.46145442604868 1.2485716217747507 
160.02806556970182 1.4593857153590333 
159.59039384841913 1.5143422949360208 
159.9091106548853 1.4737774234949395 
158.04786726669994 1.7236817269210818 
155.2444318844768 2.0913678020114648 
161.6854466588163 1.3272625707706047 
