668.7814474232651 120.35981713331489 
496.6973763406268 820.397148943912 
660.842166071155 122.82512840165997 
617.2969272946413 157.61385231511133 
625.1676545695208 148.74385947738918 
627.7145968507696 147.11222818772313 
656.5078085354054 123.89877274451399 
510.3608808205368 749.039697370282 
527.3974856051261 585.1950780698354 
621.0915599555723 152.12526819554162 
535.904630987934 388.3545329547058 
530.2651968193636 559.2337721779488 
581.5361478150662 247.70454355968178 
524.4299743169556 637.6445208096884 
654.1392734875666 125.40735428668484 
531.0824940926567 513.8376264962009 
551.7762363684111 337.983840086785 
506.61917728851574 777.9175558574645 
611.6569267913848 166.48476807989644 
553.4287316254222 333.91706824391343 
501.44850450342494 798.0434325918685 
498.9893032766462 814.7102960370905 
589.5437003738608 218.56828671967423 
499.81122850711836 806.3051149419587 
574.9501973573806 278.53277739429024 
532.3175026697204 473.79990150923936 
556.6997779226332 323.524768959785 
606.5385756469208 175.4622461641666 
570.1887850810217 286.157752810195 
592.3127363104982 203.54662764652684 
590.1540232469622 208.90089514644035 
554.6147586441768 328.5084849666513 
666.5856199281511 122.50137186330974 
651.1821664069463 126.35901906506878 
619.155529876928 154.5098787104369 
593.6710775425578 197.01429243889262 
558.5692583471694 320.8900250583742 
568.4739274038567 291.71635394181925 
642.3812507990293 130.08059510254958 
580.913281590316 258.89793414048637 
622.7745738223022 149.93040200516234 
505.1861711631353 786.1573201837756 
565.0019936264234 301.4487974348022 
601.0411928632814 184.13034756958484 
614.158531369592 164.31663605697048 
577.4527842079254 277.23813394930636 
506.9703471660993 766.5083273298333 
533.7443154690288 422.27578757856276 
503.26505358304877 794.4358430520268 
567.1187997308897 296.32278606306045 
608.9001109463028 170.58304510764611 
532.9697733585883 453.9665638662819 
519.6057241920965 720.0349510449023 
525.2300350820244 631.206387030654 
540.0268113558127 370.2266974287109 
542.5359693466951 366.8567700330995 
543.9317419572665 357.22341175120704 
532.5112049090642 468.11304860241756 
523.5480968025961 646.4234695707429 
515.6356620890349 729.7279538294974 
528.4913226797122 562.8413617177905 
560.3631869516015 318.49896287876965 
579.0976813727387 273.1994281277598 
534.1246599880266 402.4424499356059 
533.9143926635671 412.6729592334788 
528.0925517377414 571.1030440678825 
630.3689495184507 146.25899119818345 
535.5416680985645 398.580925231526 
596.3855902095379 191.44942413796863 
598.6019599290564 185.6524907426876 
586.3056301057821 231.86106916680245 
508.5993521697457 757.9312479336822 
522.5060612118975 657.4778584526462 
603.8054174737226 179.71983978394465 
546.8800113911582 350.1554155836441 
526.553839360536 619.6958412876751 
530.919614370264 548.102739037595 
646.0321731897985 127.58350845601757 
572.6196044391033 282.0146413878646 
587.7952952112597 224.15478682093533 
659.0500284469651 123.70527686902378 
548.8507719207505 346.97571490051865 
583.8122901130247 240.65637454506057 
550.2282476854137 342.99473454989715 
645.1300418426428 129.50930963449562 
537.2256933118844 379.0969621927464 
561.9438147973424 313.0186217423804 
640.5250418706124 133.61670398110854 
514.5832453184714 739.4368690251991 
539.4529854042828 373.43770361022445 
546.1624207746503 353.33988471788416 
638.0299136567905 134.92655332866846 
635.3794551031548 138.8798288332342 
520.8117778274135 716.8239448633886 
563.4677886086018 308.9551153349616 
518.121778060906 724.746006700417 
615.0743299903176 160.19638668759347 
512.6559132593145 746.0292497275824 
580.396962984866 269.66112087044394 
633.3328014743923 145.40545217505235 
