10.19488146419883
10.125477661621858
11.017862245855753
15.399590681810139
17.661394776391035
12.760860956114897
7.811326404401257
14.630185034328179
10.603802803777
9.369298717991484
7.212545089091037
9.123627031705269
16.628512987920885
8.916945736502385
9.240190932909854
9.601171735775665
16.07157885491341
9.415226587825003
12.238243711873906
8.70234565799558
10.848218520525506
7.659399629239488
7.719774481778813
10.268959305430457
9.640700497735565
10.072878793253324
10.52949575609344
10.234741286014014
9.92554887327708
12.534860088616824
