497.3591188287422 820.3971489439102 
685.7081540663803 120.35981713331437 
497.3591188287422 820.3971489439102 
685.7081540663803 120.35981713331437 
536.883316000995 422.27578757855935 
504.0978847353683 806.2961220430986 
533.9615706016307 513.4271126219845 
535.4568248028395 490.23026376974866 
527.0049518566461 632.850237294544 
528.847285231313 611.8231109705075 
500.7971739076482 817.8767702348233 
606.8864306367916 172.70292435246466 
600.8376983538423 175.36941246387568 
572.7247698876546 271.80315558977 
576.4774602791039 260.8836183088616 
591.6398209991589 206.72784910847386 
667.289263302896 124.73736171845763 
537.8242512017823 367.93829560188004 
537.5072511362316 395.48557502193086 
539.8627466111961 359.5800738336808 
531.9332053078397 561.7420844100614 
592.5396029141931 194.5088086947422 
506.44852632907987 793.1917795760086 
526.193113704071 641.7178002805812 
630.2455005685073 153.3773967653531 
510.3997262411507 768.8730350132345 
582.5267991608322 242.9106096816503 
544.1914832869572 356.7603805129502 
588.2348275358078 214.32688103633063 
682.881086182456 122.81459862003032 
530.6509353874133 576.8001201003516 
536.827763718412 447.00968895260695 
532.4954652327283 549.269336724075 
645.8923018182701 142.05769636406143 
663.4357887285042 127.18126930001232 
557.7177695531252 313.63984389442396 
625.0105827797671 154.4437479839101 
529.7291418333422 585.195078069832 
529.6242278791689 603.1403664759653 
642.7668388407214 147.08683130155114 
545.756557329833 348.5240414049107 
612.4290136366334 165.3277605521 
524.5385484613571 657.4778584526415 
537.3879142227398 401.2984416996018 
536.329609503185 463.953588770631 
579.6256368360492 249.00177452985915 
513.8598438190245 754.0415236466018 
523.4627413296789 680.5128277508603 
599.3689629534883 183.61313011308638 
587.5412581825342 223.57933222479016 
563.4609528189492 297.22896590884307 
609.3050645148303 167.74794494146383 
566.3326160636383 292.3834895977205 
508.3772509482531 782.616128742402 
532.8442498626775 533.6709641391574 
547.8903767310551 340.8531991072448 
560.8240266915204 305.90169436176865 
522.03505921647 689.9074023085476 
533.4282243888496 526.0821194036376 
577.8309457203659 254.14246967455733 
518.8878151036292 722.0140427726885 
677.7501328912846 122.82512840165977 
555.9667629185435 318.08689831863705 
554.0733317205979 332.94338606013935 
654.0008587109073 136.22004860867946 
622.9119604810888 156.32701354725504 
519.7235728108662 709.0019723833161 
648.9783492730404 139.34301520270466 
594.723665820241 183.94202545128124 
514.9516725130645 744.8732125148628 
651.0064532376067 139.17888520991352 
584.1260941298026 232.39601929044528 
519.7235728108662 709.0019723833161 
639.3945236088333 147.6045980084374 
584.548137392418 228.71665935548327 
672.0484494000701 123.94935583292691 
615.5914406411588 161.70696607713035 
550.2713730283446 334.7538637076728 
637.1564835097705 147.83499762840478 
616.6317821583152 159.80946274549493 
524.5385484613571 657.4778584526415 
676.7259319211475 123.17212904337669 
518.8878151036292 722.0140427726885 
633.5813295656183 152.50794007293035 
656.3117739996345 134.82412823552747 
536.6307826995067 452.82255563027815 
561.4375637014252 302.22233442680664 
672.7134585541812 123.67807852619502 
522.03505921647 689.9074023085476 
635.0348215480703 151.96124178810174 
659.8032019351099 130.27023169030832 
507.83305706257937 786.3641365577806 
595.4958267853604 183.61834005765863 
516.1115423714465 738.4175696314587 
570.8393873028601 278.5804297537441 
660.1910539657897 129.0990761160499 
569.0988790745097 288.1245920272439 
570.4638751709048 280.04687323898037 
619.5429463543487 156.37075863431198 
535.781840438839 478.5900553801845 
