497.3591188287422 820.3971489439102 
688.7953747302947 120.35981713331437 
688.7953747302947 120.35981713331437 
497.3591188287422 820.3971489439102 
508.5146241449795 782.3901348249121 
536.4953707955156 422.27578757855935 
529.5730196141353 604.3199314733582 
582.9377453308971 241.75268669997567 
660.4247175031087 134.79840035641772 
532.752195068157 533.6709641391574 
511.3506620880683 763.7373380791444 
538.9834388369553 357.4791834515598 
527.846852523055 624.0320645086371 
657.1420797184326 140.3753472858133 
643.4759392466104 148.74916791025456 
544.0453912929469 352.79557602974364 
652.8547166360312 145.76906050701788 
522.7077902347268 683.7780949577333 
530.5174584820264 576.763694384749 
665.3136961318206 128.74802268077872 
535.2966997535879 470.74520520086804 
515.3182659733994 743.2840963435398 
668.0069658452354 127.82838636155417 
585.3795281347857 231.29938762864742 
615.4146750162569 163.46901336401447 
686.5135523690116 122.16603739787594 
518.7663516781198 723.3621444755992 
593.0464524512516 191.1988319102579 
606.7445183676892 167.43131838543073 
563.3185473522369 301.5721362962888 
560.3054374485681 305.14036780667055 
603.7439908980421 171.60104137607084 
531.8476917509246 557.9434067773645 
565.7614027101439 294.79916807391754 
537.8169958041665 369.1178605992737 
597.5410843761431 184.92235303585767 
524.5385484613571 657.4778584526415 
568.2149928480437 290.5419537604314 
571.1857576031782 286.69025113035485 
577.0303994497408 257.06050305442113 
632.764159050171 158.66353440857344 
622.5754570698357 160.59221303914708 
679.8171701826262 123.19570364272113 
680.837353555199 122.82512840165977 
673.7971320618702 127.66222697148837 
534.9090305056717 492.4782597979149 
505.0993749658878 801.4305290884604 
513.2160856880603 753.7532421112357 
587.197407512282 225.54178838700528 
537.2804231117021 398.4039152995053 
587.612325867873 214.70977089796614 
589.3698161331795 208.95217165632386 
503.47673006364454 809.0199616701442 
640.5521967126717 154.45151699387876 
627.1210170252571 159.48790017521642 
501.0532582435857 817.9219776836388 
555.794920295841 319.37372756337703 
526.996562961311 633.583567093263 
674.1013056851536 123.96060048856181 
549.2983216801694 342.1749561028374 
536.1977776009119 444.1027454938797 
531.8476917509246 557.9434067773645 
529.7601007374517 585.195078069832 
519.7545317149759 709.0019723833161 
524.2810778394045 669.1971507770093 
597.5812416660252 179.43002210163706 
636.6071992027958 155.50491623910267 
552.9753200685818 336.6547134699198 
523.5822082692303 675.7940354902088 
611.2148547537353 166.27245599399464 
505.0993749658878 801.4305290884604 
579.2214336713457 253.6191085972921 
575.9055373219261 268.1471550193506 
516.9700441427291 734.5587744036906 
525.7863080457332 646.4234695707378 
554.4341986507986 324.697695928468 
550.3744901675796 339.1577087882527 
520.7002011280425 700.5705886982327 
572.4651032669102 272.7696942155943 
648.6441631612241 145.77868589875553 
618.5793675810136 161.5077115983105 
546.0805669994569 345.76257496026216 
571.8474497267698 276.78160984451387 
648.6441631612241 145.77868589875553 
537.4792069254586 386.7891521686484 
558.9791730099294 315.89069706774023 
518.0164834182323 733.7970826959042 
502.35063394245674 815.2614520098197 
626.5864576587581 159.56575791313 
535.7614592094262 462.4353470972265 
610.9382916431587 167.2350037065332 
533.4731720290059 522.7219886220823 
553.0394051057775 328.27857985795174 
633.6995885357596 157.49974616826026 
574.985159491036 269.3380731782554 
579.2214336713457 253.6191085972921 
534.9090305056717 492.4782597979149 
535.9208891084174 455.3946984134613 
512.5143820158139 757.7879553519723 
533.7452568259018 519.8177318234409 
