497.3591188287422 820.3971489439102 
684.8942899610165 120.35981713331437 
497.3591188287422 820.3971489439102 
684.8942899610165 120.35981713331437 
568.4701778147694 285.2919192944263 
526.8675156918782 634.5283487435031 
535.1704773825254 473.7999015092352 
564.1054574274103 297.3243689691386 
516.2841112701086 742.6283608221047 
539.4041428534854 355.0734882829861 
652.3291085493898 137.8604351109362 
521.7278109129859 692.2062798604074 
598.3279488235839 174.5208270471168 
604.31840288747 173.2676774437186 
608.1769413845224 164.47992704979887 
561.1726219973393 302.7501928472099 
514.1163998587414 752.5625704300807 
538.0141818898454 367.49994547478974 
532.3873152290209 550.9823172786156 
594.0783915361199 188.22064131133348 
633.457643456983 155.31649602448684 
584.4969542896779 230.5713734677879 
614.17629939928 162.21957810232325 
656.5144261722587 136.35492083804817 
551.9513173695098 330.5459924048 
647.7144643055105 142.6046295072878 
578.4905856357269 252.3342708211179 
581.9493856066441 240.11539549609745 
578.2087735062322 270.02428833889917 
553.8921205514206 324.1377372156332 
592.6635525127615 199.54719752044224 
549.3628016520843 339.1610572737918 
622.2714884682524 158.5808100088981 
597.0578756792198 182.562120993654 
504.8547148650309 806.2055942601959 
646.052022054117 146.3290845472298 
571.3980908638058 277.2602558934429 
502.68735299477964 815.4894114059157 
667.5011794614138 124.54786857780698 
547.2526364713078 342.7648677298203 
634.7072312452793 150.8608361664069 
627.3606088628501 156.33761628674847 
682.8943296207336 122.79262459176803 
518.2504374782709 727.2471718894395 
537.5248100852251 382.2687012288672 
557.4457040651247 320.7625603356554 
536.7707567929101 412.4442142763757 
586.4801304966167 224.3039404428251 
536.5710751519413 431.98435387942084 
532.752195068157 533.6709641391574 
537.3342413533334 392.6108766334181 
519.7545317149759 709.0019723833161 
534.8308554798018 498.635469338255 
529.0309799151099 611.5216312038986 
511.8354532504319 760.407505883912 
580.1847040154654 245.93598389385377 
505.71583614903534 797.5091149925851 
641.133535208426 147.1733849655223 
500.8702100707025 820.0906795988437 
544.8595522750812 352.44447368773496 
529.7363303275022 602.7020163488748 
587.8239930941563 216.1499059126681 
519.6354930698079 727.1581966191063 
522.7989817302447 682.8341735895866 
536.1705446856756 450.9739290850205 
533.0945167024312 527.7640680509194 
590.3077440530456 204.31955445143987 
510.9006284168114 765.8183387048674 
607.5318560457061 173.0769449364574 
574.9679382185457 270.2913021652454 
531.4983406633073 562.7382872426533 
641.133535208426 147.1733849655223 
672.9706307213287 123.87978781106534 
537.0381135397422 406.20210205532703 
531.101278429006 568.7908154992762 
509.76538878831354 776.232628195076 
530.2825721722592 580.021471862025 
626.7245670611836 158.4194394120665 
590.0738868156539 213.56093344322278 
672.1939861472316 124.27861113622694 
559.010664788464 312.8521151776217 
536.3998258109049 437.67120678624235 
573.3633051751685 274.6435610422919 
665.145377068259 126.59546477951537 
677.7109992419547 122.87162065067585 
529.7601007374517 585.195078069832 
678.0054905419607 122.82512840165977 
524.8064936668366 657.4778584526415 
533.8825726503862 513.3330832114168 
509.62506994382755 782.5053006095582 
619.5438219295194 161.35449732181192 
545.1200055066336 351.7778916410079 
534.9488902429376 491.8554165093417 
507.10586618199244 789.5798769180504 
663.5698497706568 130.92069848813819 
524.4958504982654 667.1864247535015 
533.8533948759422 514.1000500586284 
519.7545317149759 709.0019723833161 
536.1705446856756 450.9739290850205 
659.7961289074249 133.28355170403054 
