497.3591188287422 820.3971489439102 
686.6327852249135 120.35981713331437 
497.3591188287422 820.3971489439102 
686.6327852249135 120.35981713331437 
507.2522412902979 789.2946994059296 
516.5341547798981 736.3489191632688 
533.9792925688718 511.7088839027993 
629.5962530504371 153.43569081494218 
579.9178482509267 247.38363560369345 
521.0878722149864 697.4378267500281 
620.2254288588662 160.69826285271634 
532.5694764832215 546.0740775066653 
598.5113710525933 177.8881981648431 
544.8720893953147 348.16052458451793 
570.3806888447135 277.8405704051352 
553.1224820223534 325.4155628871326 
639.9042358640152 145.21672753143224 
613.2397888603374 164.48814650350877 
536.4517209094872 434.6789009460679 
539.5313627669834 354.9566909378717 
633.3858336894409 145.62323446789213 
602.0574772542913 174.00529382058923 
535.7911206302302 449.01847852764604 
524.8360154758946 663.9672263866926 
616.3367348314787 160.77509675651183 
535.4003771230331 468.1130486024137 
510.9105577476436 766.5083273298285 
583.5326360704785 232.8730521099539 
576.6186402722219 260.4644831394634 
608.6496327640104 165.49860373257303 
654.0566783088864 136.0777116151616 
532.2593900690132 552.6709622198647 
522.9964416937739 681.1754324548269 
581.8679433582448 242.75949906612493 
567.0983896940678 286.2597232041681 
537.0753983194485 401.86312411207786 
504.7113813991712 806.8103908005178 
537.6633754850579 387.1448939050841 
551.1389414373614 336.69770091872897 
659.0283316119098 132.46114515976944 
505.67173188222785 798.4350687075527 
650.1071145057639 137.39089953504757 
529.5539198203797 602.5967997174164 
555.7737709787967 319.5855174003832 
685.7304189030339 122.70914144562852 
527.3313128881977 628.686529951312 
678.6731781505268 122.82512840165977 
549.2971661354975 338.4409707298621 
547.1503741887973 348.0547013561104 
593.9590105359395 199.88778667796777 
527.821309116931 623.6962323067827 
535.0038096392367 489.4012267588634 
644.7921488679889 141.1241002262966 
594.9306954659169 183.06391519333897 
502.09549851375607 816.928854359799 
525.8258731757377 645.9137128193541 
536.7003586317394 419.91107989515325 
588.109437290193 218.53237231411504 
562.635464769761 299.56070123131843 
663.2490071312434 128.73220518129838 
648.206151836999 141.08593909968678 
534.0139397104092 508.6612634681366 
538.0478627417573 357.64503165342904 
534.88672602594 491.7659344422694 
526.069894407108 643.5490051359483 
510.9105577476436 766.5083273298285 
678.6679296831416 122.85498641119527 
519.3260921445764 718.8972287016131 
565.7066545164048 296.6024392746827 
605.0969470684743 170.89763504859903 
667.9399534522578 124.57951770947298 
642.0740108939403 143.70381485877385 
531.0854561727822 568.5633994685982 
656.7956000924962 134.01709726523774 
672.8688486438595 124.0276967525041 
625.075982321557 157.39186943167923 
591.3976782493606 202.7160177543165 
514.7213412939398 746.3837130513024 
572.6416261770121 272.4233453787936 
586.2022871710357 229.81364125704397 
529.7291418333422 585.195078069832 
535.7584709867151 462.74551262733223 
594.2452042953887 187.3860951236967 
519.3260921445764 718.8972287016131 
537.826322927828 377.2410415819354 
625.075982321557 157.39186943167923 
502.60594965580435 814.5897105852933 
524.1780544880985 669.8809718201486 
536.8551704519018 411.6644662236243 
662.7117662274259 128.8244129305153 
561.0954632009064 303.14162001924836 
558.2539851789708 317.83064963759955 
668.2039160176655 124.57772658734248 
514.1693623343685 748.9990312763057 
606.6815906287615 168.60541901722377 
672.8688486438595 124.0276967525041 
586.5541988055226 218.57408799284832 
560.1031988504197 309.4825865649053 
530.3947154247468 578.3785922489132 
529.0351585216799 609.1936844306146 
