497.33117362326277 820.3971489439102 
687.1010155123337 120.35981713331437 
497.33117362326277 820.3971489439102 
687.1010155123337 120.35981713331437 
580.9606552275308 250.43802656294088 
576.4702451676775 267.731922815092 
535.8334444257855 456.9835714645879 
567.7611350444944 293.39544601855135 
544.3604134293012 356.6438213287751 
502.42919638867244 814.5256133780742 
514.768548880132 746.4106765569683 
548.2302302457426 343.43235781624793 
509.01421421759727 779.774044351383 
534.1109251447814 506.15715251497403 
505.19409167668573 800.5231452069806 
593.698382330861 190.12512857217123 
562.9360617727648 298.19087737749425 
616.5586597889104 161.57397128179963 
551.5478256530098 340.28935217218174 
664.1770608089 129.74157218236277 
524.0213579546279 671.4165129108388 
669.6012150091924 127.24477485972588 
531.9470420820342 555.2716868237535 
539.8595026505644 356.92294791689244 
585.798917387747 225.6093513115855 
527.493050467549 630.231814801915 
517.0134553274984 734.4009002514911 
660.8446682959598 131.87419074085878 
512.167635488888 759.6247776770716 
651.409512294626 139.3291444435891 
529.7601007374517 585.195078069832 
560.900134480168 307.45639893770306 
683.9995368691257 122.80175891943017 
636.8789971667123 152.810999049883 
554.2056475824835 327.61110527573123 
525.6702938472179 659.7523752122173 
598.2000938640311 181.10283259266183 
532.5972069410032 541.1960432078491 
604.5122151333842 173.50948501662495 
574.406560398704 274.10923665377845 
570.4675327694725 279.4672964800445 
529.5481846854174 605.0079373763344 
537.8311680688242 383.01448573361023 
533.1743911182754 525.9904901579324 
621.2747266064418 160.32134862545328 
530.925090852755 570.8240684936887 
536.5529194029405 431.0578870172684 
528.5044760022618 618.585748661882 
600.7096007963943 175.17097684396668 
647.4200938941892 142.6721609220243 
679.0240549217492 123.04332514908724 
672.8163954736956 125.07416459616856 
522.497541032339 684.7846500685674 
590.6977722474195 209.53551224000765 
511.8024550208393 768.0882559782848 
504.5740826690634 803.5808188992628 
558.7264868265962 314.572215760438 
536.689100218846 413.8283467501222 
644.2431468107875 147.8291401159409 
519.7545317149759 709.0019723833161 
526.0045594577904 643.5443918742909 
631.7451413763968 156.50427551853133 
654.6005589798393 136.78500525839712 
632.6764395255345 153.18408735892552 
623.4003277084596 160.19996298773856 
608.9620487755145 167.54891888983445 
606.7629917189815 167.60055056347656 
582.6136392715173 239.82646496155706 
510.13383904271717 776.3981140819272 
519.3583426532504 723.908332562748 
522.0741643763052 689.1279686463859 
519.7545317149759 709.0019723833161 
556.2952130337814 326.43754718558216 
558.1732826155172 321.3053726948897 
538.048488939903 368.9224517316567 
534.8751649034632 492.04585262282586 
582.6136392715173 239.82646496155706 
628.1622366113371 159.56384823628105 
571.5593040331112 279.31614360435776 
536.5529194029405 431.0578870172684 
535.1321252962081 489.4305343978221 
518.3938517389953 725.6748166589795 
530.5354398433784 576.5790117257351 
679.142994337238 122.82512840165977 
627.2165890361836 159.76547546820655 
535.1704773825254 473.7999015092352 
537.5181703569239 394.1463291572392 
612.2808233763624 165.56710566761427 
640.144071485994 149.2062231245567 
525.7144132356464 646.8665370977064 
529.09434063896 610.1466780049814 
533.0164878063047 528.7657117155535 
656.5200834332107 135.4200923920991 
536.937558517523 408.6796099329968 
535.1704773825254 473.7999015092352 
646.1457479292052 145.51705616602436 
592.2155073080512 198.42147958400534 
591.8367119148118 200.00774672224944 
537.1183888186191 398.27596508018695 
640.6508114150769 149.03604215244061 
