497.33117362326277 820.3971489439102 
685.9928906857032 120.35981713331437 
497.33117362326277 820.3971489439102 
529.6690017570878 605.3085566771961 
527.7429308635627 630.7506621647411 
591.226564133874 208.32352927639337 
537.8458769274438 378.8728783854306 
531.4096734390916 563.7904545810308 
593.990260518824 189.02361005139883 
598.4382635014689 180.6634637042408 
536.2919299958289 435.3078981058843 
526.6504739290434 642.8760026280546 
587.267524912587 218.035454401915 
613.9852865712553 169.87157616479018 
514.9434404305235 746.1419308596419 
541.0802382066465 359.8933791528246 
518.8872843714452 724.935533789424 
520.1424769204552 709.0019723833161 
665.2833667608211 128.34570508397988 
582.6875366823868 237.64122486098478 
535.1704773825254 473.7999015092352 
512.7739336902189 757.6516257587467 
670.2891389760201 124.4207791167807 
534.9555898254844 491.01192923944933 
645.1310512912609 144.46207625749042 
586.6145912253648 227.92929973546313 
505.19871077282767 800.5308321787974 
659.1103442406995 133.34209720927055 
529.7880459429311 585.195078069832 
564.8714938483507 299.7757418036466 
534.3137622743535 504.38720967496704 
679.8124441918243 122.82512840165977 
627.2951994330092 160.93936098740843 
592.8918039330738 198.70367337254166 
575.955055929435 271.43615280713544 
532.8762869800029 540.6541421247911 
648.6123157324837 142.43260007957775 
560.7335781927802 305.96083696986244 
532.5383029534598 546.3409950316127 
570.6842582600898 279.4542069601035 
576.8978272185703 259.87214270657 
662.3790958810291 129.15054851642375 
632.9562656187104 150.1678257408048 
640.7624252031628 146.79419485128278 
573.6908227262811 277.13854915666315 
509.81795085835853 778.536317728336 
533.5426201268426 521.3012289969079 
530.3631792890086 577.7806826189372 
524.8064936668366 657.4778584526415 
522.2446756246422 703.2261442061612 
568.1322178299906 288.7587347332844 
622.1986399624773 162.02603089223868 
535.7250838024136 452.22191742782474 
556.241180339297 323.6013736950359 
538.0167541322453 363.58672119253794 
545.083323659079 355.5289257543481 
673.2470550681934 124.05472970592187 
523.7472981936553 677.9065593918975 
677.1984459802799 123.66023388426916 
684.5785948583242 121.22196964388836 
553.1242735865055 328.07182176968763 
537.1516857958966 400.4565158330144 
608.7076086818677 172.7863007741743 
546.2898556834059 352.75841916212744 
583.2307094010262 235.93500634855118 
506.85890252761175 790.607778161078 
559.4886885276696 315.2001227407558 
535.5425564955698 459.1980456846488 
503.84473462227504 812.2930753602833 
508.1702739203108 787.3559325833616 
578.8069374409413 253.57240082411437 
548.0688832211267 342.3157563793249 
651.2125170926963 138.42042761467363 
602.0293876017716 180.54238497292476 
516.6957771005236 737.7776220218183 
656.2176113652732 136.53611181156904 
563.0849100917967 299.96502422287233 
621.191720104634 165.064386389714 
606.6937369305197 179.16784035810468 
518.6510834786116 737.7071021301532 
578.8069374409413 253.57240082411437 
557.9683827025335 319.38151226271515 
536.604619789195 417.3705351549547 
533.701244852428 516.235806665032 
511.34155611274826 766.7541251137949 
537.1394735582368 401.4525379868613 
568.7155178925949 287.17246759504064 
604.3893059063786 180.35128657506783 
524.8064936668366 657.4778584526415 
552.8570483327014 336.38167987332866 
551.0218856415354 338.59377511998713 
502.70850318623525 814.7102960370883 
638.4140538491429 147.24418605751626 
523.1611212073997 693.1596009645048 
617.3477132193873 165.31089223342437 
636.8741485573465 150.06536365563122 
629.5128258230393 159.39001615955652 
510.61178103567124 768.8730350132345 
523.6289051060623 679.0354275674173 
536.604619789195 417.3705351549547 
