497.86706403422164 820.3971489439102 
687.4550606775532 120.35981713331437 
497.86706403422164 820.3971489439102 
687.4550606775532 120.35981713331437 
529.7880459429311 585.195078069832 
535.1653962710707 486.0146271920244 
672.7559327677294 123.96060048856181 
526.5069680430446 641.2219717809654 
536.4550245894945 433.6532733452006 
531.7635067409899 560.0032158518494 
579.2082954085423 249.57392325000703 
529.6526725449254 605.1620668658729 
524.301806674202 677.6929011069869 
644.2360204211046 142.1509505259188 
533.7513252479531 515.6576627706683 
528.5662152362929 618.3628020387904 
512.7538206678603 759.5494148432444 
546.6684328909238 343.7554878443214 
668.196674296909 127.96021578873729 
570.2671839356825 285.75920117975545 
503.4488573063717 812.2289162905657 
534.4565195441794 503.94934073460905 
519.8977419295277 717.2482913722796 
505.57525930724574 800.5015899720182 
561.5005940901349 306.71426267703646 
602.9789804122415 169.93402966737895 
540.8987134827184 356.8393811442822 
520.7564531429498 704.0967199597117 
518.3636231443704 729.7579785993845 
556.5883728625284 327.5405990232052 
685.0704630874977 122.7203653554244 
535.5060937963198 458.81518303497234 
536.604619789195 417.3705351549547 
605.7110526503837 162.45249098172394 
510.9076714466301 768.8730350132345 
592.7275554551106 206.99599208510745 
582.7663126902639 243.33681873449703 
599.7985040238955 174.31651518781615 
532.2590510656398 555.5288058064633 
540.7099286343598 373.4379748580955 
551.3315108052353 338.69837358728535 
509.8023772792817 779.1415369158266 
535.930664414256 457.1673227670835 
516.8328209101583 738.1282583669121 
537.0060025802928 404.71267988511624 
585.1595007634814 231.9828718311152 
586.8577984317471 220.07817811651293 
567.8316178829512 290.88563225917886 
524.9145829978044 665.8485960419268 
627.2463326212616 153.7019193969559 
557.4065317407616 314.0646659878372 
564.4787247934951 296.4501184189945 
572.33070275491 272.22797768318327 
678.8201195148097 123.33664672195 
589.9809047934599 207.11788395859747 
532.752195068157 533.6709641391574 
594.0309863991957 191.80459614174774 
649.7981451310416 140.55247998036685 
630.7900733349309 149.0738624104028 
588.2803924151457 216.2836657683322 
659.5936061861748 131.68087656145102 
554.0383837043396 333.6850128035041 
679.537293896032 122.82512840165977 
625.6523767001325 156.88631875745344 
614.6101540741425 158.71116632787823 
658.1371618279182 134.69620845728522 
620.6964358827314 156.98748889900813 
507.19517894095975 791.9850647733936 
508.1267088589767 787.4513950194687 
559.3314601118831 311.33178312528054 
514.8208649747563 747.8795982204447 
578.2332920585196 264.8538431282094 
537.3095325750566 391.768907251732 
544.0386397822375 352.88840632263185 
663.3701917518271 129.57621527963892 
594.0392861546617 186.62321513210196 
584.7244837595009 239.76903170223667 
632.4132738739698 148.27042331009778 
522.0481353474286 692.369393641163 
532.752195068157 533.6709641391574 
596.352925523717 179.59286996198486 
522.0481353474286 692.369393641163 
664.454146252987 128.72340347225517 
611.548537968613 161.20319240450362 
635.3200783961806 145.66107466169805 
545.4518886580049 352.4132356384123 
636.843053742074 145.61658813035567 
654.2513851027111 134.72210475839933 
621.7017548498969 156.90671252364183 
597.3975339270327 179.45178766203856 
565.8183891390737 296.36633006199827 
573.5252319678605 271.5601709856753 
524.9145829978044 665.8485960419268 
640.8458656907662 143.5535414182308 
500.8849017817826 818.3747330044883 
515.239608414739 746.7515975456795 
640.0078138508882 144.19297646065093 
527.3145579392645 632.0844752021945 
537.6068275559874 374.6194506314271 
652.7226982943079 137.4952960609287 
