497.3591188287422 820.3971489439102 
684.638610979967 120.35981713331437 
684.638610979967 120.35981713331437 
497.3591188287422 820.3971489439102 
504.96910616425964 801.431841570295 
500.6645128919861 817.0750037204946 
644.8743174387728 146.74489676734996 
533.7238381465083 515.6488773477028 
536.4953707955156 422.27578757855935 
519.2420793372203 719.4330337283295 
649.0322598550222 138.82996115577845 
618.8262404431994 160.7617528406672 
606.4620657114001 166.1360958013611 
517.0534534851527 733.6954712563933 
513.1629018687673 755.3191171009777 
563.4991920888265 301.5532848568414 
565.1565741851009 294.6515687427304 
612.9570484437437 164.89446258550012 
669.9394830701431 123.96060048856181 
529.7291418333422 585.195078069832 
542.5404135864902 362.04621988930137 
655.8276905338562 133.48896204889783 
532.3022969127081 548.1895247159657 
660.0437687934192 129.5909884666675 
520.0065216726515 705.9643272632662 
536.9782494825733 406.5839072128943 
527.9408734168827 622.3002946958001 
531.5560903913263 561.8547867317158 
537.8904650574063 363.11230321663237 
587.4908659309693 215.03568770510608 
535.1704773825254 473.7999015092352 
592.9310822557859 191.45124494449706 
530.760304470758 573.5821130502632 
584.0854087705653 230.62842371868717 
576.490732477309 261.5486025721315 
589.7256497125817 206.83676432208574 
666.8364477039034 126.5395500126562 
524.5385484613571 657.4778584526415 
556.0243061774416 317.54043060260915 
595.6344123484711 185.3418032425103 
510.6145224117223 771.8449859369181 
534.8108816791275 497.07437359316856 
537.7844333635063 375.41258530986164 
575.7796234616748 274.37634831382667 
586.8325682775073 226.4878001636403 
682.8649968194212 122.81299313967396 
640.4639175070681 148.7672917253345 
592.3524819497612 203.49924109459732 
536.229444636727 442.6011709324132 
549.0405654996736 338.0396230810708 
579.7683679960163 247.45022443483046 
578.0867198343285 253.0496878647789 
553.1757393685642 332.3420151798889 
615.0430701681979 163.4881745486278 
675.3718363651464 123.89948007385073 
529.3044996177309 605.9948480719426 
554.9634539466655 323.51977996516194 
599.9683108347785 177.59853522134833 
507.9205231475569 785.219585187067 
546.6982384345652 345.97334823960585 
602.6811728531252 173.74522396822775 
561.4691936599896 316.1200796677733 
526.0016129220676 654.155713229226 
568.4097124534436 285.086030599832 
598.8512908608373 184.50025133545938 
677.7885350103506 122.82512840165977 
510.2874022106006 773.6039891599721 
527.3316204286996 629.8213162806529 
535.8672766402676 459.7078675072821 
544.4159796351796 353.98635314715835 
523.5817583759971 675.6263213969606 
521.8393022276202 690.9798855918614 
572.3987416382882 279.8462792593406 
629.8739512131091 154.99454372851403 
507.9205231475569 785.219585187067 
534.5600247992301 500.14288640133174 
637.7583914813864 148.87351534056816 
529.6600276309417 603.2196265143219 
560.8424431080598 316.3622232353301 
604.6861503236863 170.26743232578107 
515.5797319086009 741.2034529582118 
551.1458983575442 335.3639471518148 
521.331879904793 695.3054960406033 
568.4606454883511 282.721322916426 
532.752195068157 533.6709641391574 
623.6770537484988 158.67226249988457 
633.5289304180812 154.37650264868432 
536.0494287844151 447.8633306583864 
537.479567788248 394.65087244202175 
627.2316753734351 157.46215132759644 
582.9460283075911 242.0131308875357 
532.752195068157 533.6709641391574 
572.8005039994831 276.12847825976604 
526.3528214597052 639.8065668832671 
523.6777464276918 674.7309744930974 
652.672033499232 137.55504169285012 
582.2582714372161 242.0439185238502 
535.3801066980709 468.751530365677 
545.0769555777061 348.2510367489891 
633.5289304180812 154.37650264868432 
