497.3591188287422 820.3971489439102 
687.2257548696582 120.35981713331437 
687.2257548696582 120.35981713331437 
497.3591188287422 820.3971489439102 
541.0478171165847 351.82783195990675 
636.4121195573163 148.74668722348008 
592.7041922371 192.14513146113373 
563.1756223757382 304.4585753631825 
508.3463533868964 782.9064874647722 
521.7955039007916 690.946167214636 
538.873169073974 369.39065318375407 
589.6774939578115 216.48802502260205 
664.6575018078623 128.1421192261542 
596.4648195765141 178.95046875115432 
554.7240958905267 321.2076121560537 
644.6572200225386 148.05391486839562 
567.9097125321086 286.11080643716485 
617.6445867771988 159.3571563244066 
585.8797884961825 225.60541390147716 
633.3361468679662 153.58498061636783 
546.1624722374348 346.2327645854642 
579.2749360853028 250.46228946733808 
566.1404226799859 297.71519317537377 
590.9831480059491 204.70923140093385 
535.5175547086644 463.953588770631 
573.2347509537229 271.1073134038785 
524.01912790615 671.3704916465311 
570.6644366865756 276.71503516416936 
510.9648223551758 766.097813455614 
513.203151903377 754.1043942916631 
533.3904713341733 522.3234609154656 
528.3129240136199 618.0065650956085 
501.2256929509589 817.6801244403027 
529.7291418333422 585.195078069832 
684.3697873567789 122.80586592026509 
672.6016121218978 123.96060048856181 
534.1536265624991 505.92670800448786 
504.96382677371594 801.0626583070183 
519.0390023248684 721.1898742523816 
532.752195068157 533.6709641391574 
530.7774330923962 574.4318913398757 
550.7963409931015 333.5690483029605 
679.342718856626 122.82512840165977 
558.1045011989991 312.3272186307386 
552.5651811107629 329.7397161460474 
650.5006597968994 141.77324915988294 
622.9875528383125 158.05161027646486 
535.2902930935521 485.15480560076986 
582.2094290385542 245.56594115257317 
677.1620487619102 123.8748279363568 
536.8388528179106 412.429474839955 
520.3060675343872 704.3043964618374 
536.4885807294024 434.8944967918164 
609.7677432847826 164.10894402954062 
525.1240699745059 651.6063228868061 
655.9663675209231 138.16942576490106 
659.7314979539374 133.96136020194336 
527.3233084912331 629.3231713766054 
536.4953707955156 422.27578757855935 
652.4368025382576 138.24098111593008 
515.5028532170652 741.4569126663454 
531.5540242807907 563.0843881161838 
583.9774666960187 232.6910634754916 
613.9192784504827 162.1449781206953 
576.585571091866 260.7759033822996 
549.2128001520159 345.02398136183893 
575.9469201942493 260.9944363861523 
603.1536771235387 173.67430118127263 
623.9141958322663 156.44938833784366 
526.1254314060263 642.1689611762274 
646.9327041558236 144.63996688948058 
535.0249799941455 497.49063926017465 
529.4506809870293 604.3344265444247 
598.6126841634332 175.1056377257639 
558.1045011989991 312.3272186307386 
511.8383047925522 761.1925610320094 
529.6532189760171 601.9697188610187 
535.7902722568175 451.6901893147236 
605.8620374699976 164.27834861459374 
537.016432427072 398.5388852007069 
582.546962354061 236.5072876178836 
605.4818038070487 168.08224025504387 
536.1159916556161 446.15555276870236 
628.2971694661528 155.86325748206397 
667.9120475494115 125.01542759720563 
520.6501263411341 701.4875572043687 
531.9354226930599 555.4569425801313 
628.2971694661528 155.86325748206397 
537.6083574256135 380.3647529486884 
516.3816913160263 736.7593367448665 
668.8008448116187 124.54786857780698 
657.8945771402425 134.2400770662592 
517.9063335681012 729.4017416562023 
537.3165632745831 394.6314388380264 
503.34312901751457 810.5508362053056 
612.333339967776 162.9556352675979 
526.6953786988763 636.1033503677501 
532.4503481525342 547.7044165906955 
506.5285712238373 792.7528002033763 
537.5622993697368 382.97614963013734 
