497.3591188287422 820.3971489439102 
687.2626586132031 120.35981713331437 
497.3591188287422 820.3971489439102 
687.2626586132031 120.35981713331437 
510.3997262411507 768.8730350132345 
586.1340077798101 228.79708600645833 
582.3629386468493 239.2159755824723 
546.5741573407581 353.5517661584159 
507.59249214919663 787.5118796408764 
576.3254449200366 279.86237814755964 
525.2832988912977 651.4122476441638 
558.1309988640132 315.4024833729061 
665.9086064527845 131.0804902840634 
531.7165343645916 559.5585531808265 
524.1469974591994 670.7838318333586 
554.5796470650791 324.26008073290603 
580.3198518291937 256.9719458818907 
588.7808443911775 212.77935653428412 
560.8604560056143 308.8158044606125 
647.1325755606539 146.49544465505346 
599.4187835143044 184.58804439614872 
627.185289994117 157.902151650452 
529.7359499743819 604.0899470229384 
520.4989341960923 713.9340423689792 
530.3742130424754 576.8852199661902 
536.2601564176496 441.1287747636567 
624.4085749700141 161.4068142332467 
512.89796857432 755.3930287538624 
613.1333439487773 167.1748580449835 
632.1239667230927 155.96418576336328 
591.6786778919002 202.09266505439035 
570.3365288992937 280.46499174560415 
547.8090410401475 342.9745558414821 
668.4536562146287 125.17354351355375 
619.5502690977252 162.2069057956672 
532.5726905506467 546.9769375198762 
551.7800584787947 342.084979077604 
533.9263720098198 512.4688661987112 
655.5829281671244 137.23476760162325 
617.0506476592833 164.86838109301488 
564.3198918569096 303.1271924620498 
601.6920480475629 177.54546497436152 
553.2521938465839 333.77539460929125 
650.7147236338275 141.52751673412834 
685.6022749833651 122.75967022520747 
659.9697139139877 132.45875855204687 
540.0541714821353 359.87419553808814 
593.4313013069908 189.46489432734103 
576.4461343329978 261.0001892409846 
595.6498853183931 189.38703658942745 
534.274407422715 502.62265108195777 
678.3560735064788 123.69536072946413 
517.4763953962417 731.9670644525445 
529.0693156741243 615.8389256975942 
537.8805253827082 375.1986145522427 
535.3503299476665 468.8946490856306 
568.6662029950242 282.5763398577347 
540.0260191827578 363.1963407615035 
502.96421046606207 812.0872908402678 
609.2093926342369 171.98390916605007 
535.1704773825254 473.7999015092352 
638.6999143445897 152.24642982558407 
591.2992651499306 212.71548369136008 
513.8899021200007 749.7061758470405 
529.7601007374517 585.195078069832 
522.7562251468208 683.365447494309 
659.2970647073813 134.4465559832498 
567.6260330228326 294.03907188689925 
521.3729326733217 695.1723619437909 
504.55428077131535 803.7606484979891 
506.1721151245601 797.7962767151487 
536.4953707955156 422.27578757855935 
536.9973518044062 405.7341289232818 
517.4763953962417 731.9670644525445 
672.561793366392 125.01689129988472 
604.5204003561537 173.43809273016964 
680.3740521625465 122.82512840165977 
532.8442498626775 533.6709641391574 
533.1940123915109 527.6053533306806 
609.528505878657 168.8968976072826 
515.5858066019656 741.3669103608696 
535.0117654830807 490.1329312423651 
537.5135697504533 386.9887088302686 
526.3706185175998 640.2056424014602 
536.9973518044062 405.7341289232818 
640.6793284037742 149.07116547107304 
642.9153974377418 147.2857372304969 
673.6714759088586 123.96060048856181 
578.4670213753762 260.68551186405745 
521.036150746723 697.9475835014115 
520.8517707318413 711.311037172159 
499.74686510427057 818.3864229204023 
535.8734761619146 452.59780356878997 
523.0847724178221 680.3354893460761 
527.4813381744182 627.9463883241931 
536.4953707955156 422.27578757855935 
635.8289869937195 153.3276584755907 
526.628214987921 637.5826372046398 
634.9691276799089 155.1729105886822 
565.9942724440477 299.17606953896285 
