497.3591188287422 820.3971489439102 
686.9931419136601 120.35981713331437 
686.9931419136601 120.35981713331437 
497.3591188287422 820.3971489439102 
666.6008047040945 125.84817007400606 
676.1349409317288 123.57561616849758 
532.741606809918 541.1022176055851 
537.6846877563414 378.9479357306426 
590.9469572058932 207.3388417792602 
536.9252990755676 403.7616283583275 
528.0693576985676 620.6631430973424 
639.6182377263046 150.55003333555848 
508.66133026592746 783.5824335886093 
536.0658730525507 448.21660933890087 
510.3997262411507 768.8730350132345 
531.6394614386235 560.4011605165596 
633.761353129862 154.60328740209923 
583.3330902583431 239.86252756854546 
631.3455692801506 156.39936124072705 
593.6264610575388 194.25911083113544 
620.8124852354712 162.98704979810591 
503.53719516617093 809.627260165372 
563.0310756556513 312.619728589966 
683.8793591575707 122.81877589098912 
521.0559070972757 697.532943578182 
519.7545317149759 709.0019723833161 
598.5761571571013 184.5167596458677 
522.2611410913714 687.2956538537716 
512.1380369165222 759.5072591735785 
529.7601007374517 585.195078069832 
506.7191080766545 792.5133003725965 
584.7637639718995 230.88009899004965 
578.9181504512051 256.6927474944149 
544.5702868756292 356.30457692599504 
679.1494317265663 122.82512840165977 
568.919608795266 295.352358468117 
535.2961943599216 470.79315333188026 
505.15195276303626 800.7869834493365 
535.0344068493235 488.6607513829843 
610.8182647469318 165.65716373722935 
660.209510525905 131.1392414798585 
546.570538682707 348.39465406124344 
570.5058879674501 284.1025225334285 
551.5473178446789 341.4954118209271 
594.8375707045325 186.72702218191594 
587.0347825798634 223.52324786083636 
536.437525741428 437.8381505127139 
529.6711149923949 601.1897121307723 
625.7244033771495 160.28850669281357 
542.6210836550337 363.2821639774463 
577.1953631309781 268.2943421727511 
564.6766120550658 298.9169272586864 
516.0678990236536 743.9942616448578 
534.2434336982955 504.54548356398965 
600.8295409105351 176.6060713275237 
514.9562257056369 755.0982716321923 
519.0526524743715 721.0885808556546 
581.7454291459941 255.48523006498885 
647.0237511554675 143.62108397682488 
529.0028934036351 609.6934042950603 
526.3952034195751 639.1536081522967 
550.0014178689952 348.23921360560695 
559.4249067365708 324.096844031232 
560.1386462194345 314.2397647742373 
526.3952034195751 639.1536081522967 
615.8571135470438 164.5770631101856 
553.6605520664419 333.7292317385255 
608.0967292432005 168.8640232691659 
556.079579830747 324.41738338207136 
533.4516210772906 522.4066840532523 
571.7993041194503 277.9012898905157 
524.4903671964402 669.8143643426723 
606.0427267580039 171.23065419382283 
643.5340148606755 144.75939732433622 
533.36725748873 524.3051882995019 
663.084979595833 128.71600508380382 
537.9782910865437 365.7212961507034 
574.0436554974208 274.52174085458 
500.9697512509589 817.6219273862895 
641.9419592874613 146.32249203077163 
614.8444989833389 165.22678518404197 
539.6890477598093 365.46048125557553 
536.4953707955156 422.27578757855935 
517.9821299247153 728.5364717074133 
565.8362020580372 296.0807292914276 
524.5385484613571 657.4778584526415 
535.1704773825254 473.7999015092352 
534.5131441776642 500.008254606677 
524.5385484613571 657.4778584526415 
555.4583793522226 332.61221605529937 
624.1158407254587 161.20449650041104 
575.7963093762019 272.2614675374297 
530.7069773317319 574.425189291294 
649.1657454514807 139.9951570787995 
655.7509476379944 135.24247709004078 
536.7827834529832 416.7486606921175 
600.5542762951703 177.11304321543395 
500.88204228114506 820.1290228647716 
588.5567854264958 217.00407252852068 
588.5567854264958 217.00407252852068 
