497.86706403422164 820.3971489439102 
686.6919493887509 120.35981713331437 
686.6919493887509 120.35981713331437 
497.86706403422164 820.3971489439102 
612.345539277631 170.59723003784626 
656.4095006276675 134.39885271957914 
522.1728188788696 692.4072584845242 
666.7474524764712 126.09006747644762 
516.6199259133102 737.7196402734298 
649.9053978310952 141.5465472965533 
535.1704773825254 473.7999015092352 
534.8735408493005 495.9819214079098 
588.2917452375067 227.37064518694916 
528.1117076877683 623.4100638110285 
639.2637683112087 146.02129782106246 
592.6544735878756 198.61468584937353 
540.8861434777011 365.2635818952848 
577.1629268949586 259.0548364382459 
629.4672401566388 154.0320325221589 
584.969374979976 232.8114092788473 
601.4375535163243 179.38857038433298 
627.5428061884579 155.6111372946963 
685.8247057056201 122.09096516703991 
524.0157410439433 674.9079377456142 
525.0141773000186 655.4671324291334 
562.2654916582155 310.99818803490575 
536.8310318718158 413.2475734238135 
559.6685162871261 317.7556531069373 
556.4131087370862 319.2096848838801 
678.7701364295259 122.82512840165977 
533.8936994783056 515.1191297792486 
661.5030697731635 132.20315073357995 
504.84835192148995 804.2648892707366 
579.4716774020317 251.5240496725618 
526.9376496337151 636.1906278640522 
529.4803740591564 608.6452985357669 
606.0186182143684 174.42407993422765 
546.5090669434949 348.68047031249773 
621.5160076216271 157.1461242263245 
514.9801535489787 746.7633228187232 
529.7880459429311 585.195078069832 
531.3076017798793 565.8698857265023 
503.43158407455 814.2997821628738 
635.8671694653101 151.7446788365018 
671.9219366408649 123.98666371687935 
501.4398081212311 818.8469586817342 
678.1283250104874 123.02988194091715 
526.0409484649178 644.3328417027252 
582.5512885853624 239.9078870083894 
548.8756840652582 340.34866463158687 
569.3733820587304 292.0136967330062 
563.3528787822563 300.774450037788 
554.5388014852704 328.5196016848688 
576.0573658200534 273.6853441627041 
589.9992873545089 208.75080412782293 
537.903717793034 373.61452876370385 
615.7493176148902 160.86372638395596 
542.4196072223928 355.43969027307946 
530.8499355117183 570.4303127945705 
589.8335108621757 213.74661874781143 
512.8239420884547 762.7055193487162 
643.5498088467498 143.4483885981054 
513.5898849074548 754.1082697379734 
537.1649207220746 393.0835212600039 
582.1141806689325 248.550321107827 
552.5546401735938 338.5279182839479 
534.0626962143572 509.4655401009248 
594.4703459997564 190.39976884158907 
573.4175389802173 290.70124427858747 
507.30498725090774 791.2346067259007 
535.9811061078556 456.30058077032464 
536.6168317369677 434.57016993744355 
519.472512116811 720.4778445015061 
620.7213329141603 158.01756626202373 
509.69213747620904 781.1481684319764 
671.1846663189747 124.3297184472576 
616.2286782195604 159.49336249969255 
566.5030762077077 300.60695218988536 
660.8624035167803 133.3313788231445 
606.0186182143684 174.42407993422765 
535.7077390222302 457.20518761044525 
574.6162353204144 275.41271778255515 
532.752195068157 533.6709641391574 
574.0516469663578 286.7502694569376 
519.472512116811 720.4778445015061 
647.0880950191075 141.79190135120785 
536.4002331631513 437.553002872148 
532.752195068157 533.6709641391574 
532.4286311631939 548.9481794327451 
510.9076714466301 768.8730350132345 
566.7192962261635 292.1355886064962 
599.6773154367636 183.69548557244624 
520.1424769204552 709.0019723833161 
520.1424769204552 709.0019723833161 
509.13837028628564 783.8827238956252 
636.1115805324962 151.5162741312328 
597.7953613512271 184.98212087385042 
532.4286311631939 548.9481794327451 
596.2203523323097 189.18392289422553 
553.5311365872423 334.6226446564299 
