497.33117362326277 820.3971489439102 
686.9149535876088 120.35981713331437 
686.9149535876088 120.35981713331437 
497.33117362326277 820.3971489439102 
518.7435566529139 726.6520610516031 
658.1995731980714 134.4476545517298 
595.2408133997383 183.09993470304283 
515.1051292994212 746.264475812657 
521.188075042722 700.6921142796735 
591.6231218410776 199.37131470029587 
633.5908121014631 151.24367212350538 
526.186560211698 644.4704244275207 
534.5507771768322 502.95039391985006 
557.3914173376133 315.8714105174499 
575.6672207757824 268.03039251086386 
639.4044708243304 150.2211969949841 
537.7806939906961 369.05856491280946 
524.2376625307938 673.4450623711895 
524.8064936668366 657.4778584526415 
672.255685565916 123.96060048856181 
537.1689701752407 401.8181534850197 
519.7862111176883 717.8087139582334 
663.64413567003 131.6617642050706 
621.99214474688 165.94164784128822 
530.533695344596 576.868461791094 
527.6914070700822 627.9377621996969 
539.9341329613827 357.8486064210934 
535.1704773825254 473.7999015092352 
549.2641905380617 338.6163722148335 
569.510835669157 282.4259883852034 
528.4991153824944 620.2202770924011 
534.985355326741 493.90673106145437 
653.3888924440503 137.9695889867266 
578.5790071108777 255.326218873124 
555.6341752057793 327.4771847317723 
510.3191619491607 784.2782853364214 
614.9609464801779 167.28377727858788 
582.2001207320317 245.77511791860428 
547.131989646377 345.7568157818269 
560.4467237024373 307.0575393121924 
629.3688612305722 155.09745000920884 
669.2880882372095 127.16010463871213 
585.5474148375756 225.45066685949732 
505.0661506089462 801.173863099023 
610.3747222458617 170.6851330048048 
544.940704306753 351.1879192101041 
665.6212737542844 127.36687053443377 
627.8408173816537 158.0421782693072 
541.7771904527607 351.3554170580067 
535.711787824255 458.24751983930054 
583.1184019195858 235.58925009063452 
510.61178103567124 768.8730350132345 
500.67221600519326 817.6809200672784 
513.9760589273825 751.6320117877385 
533.1423218212759 526.6468018161138 
649.6457370895337 141.5668933374961 
502.9362652605826 812.0872908402678 
684.1690303899793 122.81273476091565 
646.7719488614495 147.30683214519675 
678.0021168607301 123.92472584235661 
531.9253578865042 555.6549818168864 
643.1318981232631 149.45803513889942 
507.58861740575963 787.6570781892525 
590.7170103068983 208.69201104753597 
536.8578871921577 419.14842142234187 
605.3780560452084 173.5795229522875 
580.5028778947768 255.06240157183868 
572.1177149741324 275.9916130327797 
598.2316727802827 179.91727345096706 
552.1923439737892 332.8841340752914 
529.6237233228464 603.6249003345209 
624.1692194523289 161.10043687703515 
536.0651233559842 441.0064966138038 
678.9569324125131 122.82512840165977 
512.4608361275093 760.5631769095928 
565.0525039467083 296.22103767270335 
529.7880459429311 585.195078069832 
572.7338454197239 271.4094242485466 
536.4953707955156 422.27578757855935 
536.3266495180193 438.1878792062073 
562.6659346473447 306.9796815742787 
522.7804947299636 686.3934131827367 
563.4170968513392 297.86277955315256 
585.3654441946809 232.57015331084253 
522.7804947299636 686.3934131827367 
533.1423218212759 526.6468018161138 
531.8173888918992 558.7922935560567 
614.9609464801779 167.28377727858788 
537.3845037857906 385.30701649836385 
552.8163373714278 329.1153052494737 
535.5175547086644 463.953588770631 
533.0442242292908 540.0346070810443 
651.3165057970714 140.38222347190782 
589.7984304276821 215.61357059189118 
537.3808275523476 385.8197128785007 
529.6237233228464 603.6249003345209 
599.8660629756135 177.2975335445526 
587.91604256044 215.6643946909495 
567.1259311914922 289.03494476178844 
607.8722219781645 173.50506921746523 
