497.33117362326277 820.3971489439102 
686.7762956993079 120.35981713331437 
686.7762956993079 120.35981713331437 
497.33117362326277 820.3971489439102 
625.592085287912 161.78100504513097 
615.6416564379216 162.53113266143396 
528.753686191098 613.862073998445 
568.6988942990731 287.14973740724287 
536.883316000995 422.27578757855935 
505.57241216352793 799.1836689697022 
529.7601007374517 585.195078069832 
639.7897656710503 150.6522724625663 
590.4973730182768 208.91787218596912 
531.930865911713 561.5751544384937 
587.9692876941709 224.8917250198976 
647.0773122581136 147.4965175840746 
512.7583848000556 756.907812375191 
558.3774867327219 315.2037270976442 
518.1117778319874 727.674001035271 
607.3499055459772 166.69607826457607 
582.9789041652317 245.99499776418824 
614.1948782375986 165.83864905501386 
535.305301129807 490.0551796849586 
604.2026308107532 169.9552797494941 
507.5955675144656 788.6097356377014 
519.7545317149759 709.0019723833161 
514.5146289232912 747.6595550390274 
530.1736946028204 579.5082251630105 
502.9362652605826 812.0872908402678 
532.3546566286543 550.610041530665 
550.7610226525126 336.7368203279115 
600.2746261039014 182.9074319883892 
570.3021807189866 280.48798244682234 
663.1331819751108 129.36719533385056 
545.1670694968082 354.4436342742311 
524.5385484613571 657.4778584526415 
628.8861137608412 158.03868664345995 
509.1820262801522 780.1060434734112 
595.1817223874233 185.5263894739923 
658.3958875255062 139.4183101748946 
579.1734104719251 251.8724428176165 
553.3944681095521 333.2019321609491 
532.8442498626775 533.6709641391574 
541.1059577778855 359.26223290623636 
536.8054507417982 446.74085390796745 
583.7814334832096 233.96936437442736 
548.662403216241 346.8034328153469 
678.8182745242123 122.82512840165977 
659.7714439799895 132.54140454650548 
555.485475174391 324.8913511848265 
522.3856047341005 686.585257085132 
537.9766567906149 365.5252593657811 
527.1878078525764 630.4120589371086 
534.1347493273386 511.09442014617724 
676.7076224594965 123.89261155240652 
523.8304145036784 672.6663790830514 
634.3086847099528 153.49463844753012 
683.8925667236126 122.79071004854566 
534.5526306350997 502.87391146132217 
535.982532177046 473.7999015092352 
574.5983399220181 278.10373022029427 
563.5846562165782 296.9473439745529 
632.1766970764634 155.99222152636338 
585.5942491242455 227.71588585117982 
526.1349184312517 641.970447409765 
672.1530881832787 123.96060048856181 
652.1087658846338 142.53370262031171 
575.6025168686548 268.8316359975313 
536.702895041748 450.0629991313831 
637.9613639324224 151.88193792320297 
537.8959126575069 383.3575790458404 
537.1233883234574 406.7683765356827 
516.1953151465615 737.8301868789003 
528.0435808641669 622.3657661627345 
537.4369153807202 401.8181534850197 
670.4388406909367 124.94671816579118 
595.3804091278481 184.78271867409748 
525.517140116213 648.7533604257699 
591.8685521774349 201.5687877541968 
578.0819836295815 267.1824749420297 
547.987742608161 354.30076538874346 
556.9481324782768 319.1209512798034 
537.543255996713 386.7828225319243 
562.2692289466968 302.6331561915545 
500.73518520586305 818.0481758248906 
510.3997262411507 768.8730350132345 
591.8685521774349 201.5687877541968 
578.4481844762266 258.7310533716029 
523.2222275956324 678.3532319898729 
536.2124319175537 468.1130486024137 
654.1102569186764 141.38478597487898 
540.3397789912552 365.4437459969566 
562.2692289466968 302.6331561915545 
666.198303644424 125.8966587747159 
517.0191010931446 734.5440273049571 
647.856627122501 143.3876202567698 
666.8142232082719 125.6756496536499 
533.4536063625611 525.4504554543026 
510.3997262411507 768.8730350132345 
600.2746261039014 182.9074319883892 
