497.3591188287422 820.3971489439102 
684.4496122881743 120.35981713331437 
684.4496122881743 120.35981713331437 
497.3591188287422 820.3971489439102 
510.3997262411507 768.8730350132345 
588.6665126810926 213.52513515255424 
507.4085050824997 788.546420057352 
587.0337815604025 234.80218800112957 
676.7812654632698 122.98928656850441 
567.4083023711014 290.48969213030847 
537.3691938454832 399.69924358557995 
632.2501869487477 155.57586107318366 
624.0238307067153 160.26384738316014 
571.1637212109513 278.27566213281654 
520.489062770612 703.2959034519857 
534.0563059332005 514.4956856608765 
599.4137558450384 185.06298154639666 
526.044650749994 643.900047167093 
524.5385484613571 657.4778584526415 
644.8623050690485 143.24450888593327 
512.2162653194111 759.0051951871421 
536.6524946221043 451.7956365337361 
661.7006322998589 130.62280983665127 
554.5200719250797 334.2231431708813 
558.9256255711978 318.0943100215296 
532.46840123928 548.7322111014587 
555.9883341585927 321.00666623698316 
611.4538645092621 168.27687725120254 
637.338806662007 151.23698996363848 
682.2184538771575 122.60241840614623 
536.883316000995 422.27578757855935 
666.8492990432433 130.11963699968524 
552.3384443639129 340.964535049142 
527.0692960716459 632.2902254973513 
519.2077745152304 719.0471072041917 
536.825903054442 446.08956760240534 
500.7825043775791 818.0324412605041 
535.0277836141361 490.000988926818 
522.5459703663608 684.5593224450695 
604.0830366051032 178.02314630210134 
543.8863874454236 351.33732939377927 
576.3159554594899 262.24306315501724 
639.3837228567763 150.60690599361754 
563.609809951327 300.31721249276757 
534.5001216680647 501.055377808722 
535.8823384970104 476.6078863468497 
651.358948279056 138.48021580275653 
537.8362625205206 382.04906840313186 
529.6787406609258 601.0571502154419 
594.5139081854994 187.40443043456574 
658.0334238066546 131.17929786136065 
528.0570534190191 620.8218578175813 
518.4715550697297 726.1771940546645 
521.6216794310744 692.5059861020884 
547.6292490672813 348.0384585057336 
672.181818379099 124.1041256644692 
531.4932261260404 562.8006956238163 
514.0851452064801 748.5906544815488 
530.1736946028204 579.5082251630105 
575.5795578640314 275.81926220964533 
548.5964407376574 342.66794464922015 
602.1632844566515 180.9355025175556 
537.1678592515262 416.58893467173795 
505.12397764024445 800.5990460106258 
566.4378972534362 298.60969744403127 
539.0598183630246 355.0561777640178 
537.9805401033174 365.2127097862527 
582.5592717584542 249.986538776176 
643.2242437028425 144.28349294462657 
533.012714312051 530.6333190191075 
607.6725057773741 172.0902977609274 
628.6629151358217 158.65786543348295 
541.2949349944164 353.6672673319184 
593.4374733364853 193.13342766509098 
592.0224810265802 206.3885411201806 
505.746595358691 797.3723867544992 
655.1249666186703 132.89822134718622 
619.9504143036405 163.01673526959732 
529.7601007374517 585.195078069832 
516.633781608447 735.8834658210706 
653.6100787954098 134.90198144213213 
583.498665149558 236.45617868980017 
615.9921264726629 168.08266943642278 
503.09634730499516 811.6166371172534 
523.9746640835408 671.7382889072157 
581.4695131592927 251.84961043873813 
573.7367427968061 277.44736114882915 
515.0336077956357 744.4303850749897 
669.7703378038537 130.05992808324942 
592.2604942248316 206.28045418735903 
533.012714312051 530.6333190191075 
561.5293957204924 308.63009528438084 
607.9235216120205 170.3911625598564 
616.0654810164101 166.14110998760682 
619.8261456465008 164.69531864972086 
537.9704626115401 374.3330169030976 
561.5293957204924 308.63009528438084 
578.9338947195859 255.5469711171993 
629.3477776182663 158.31804483714748 
578.0746605455518 256.00187964735363 
