497.33117362326277 820.3971489439102 
685.8200895295972 120.35981713331437 
497.33117362326277 820.3971489439102 
685.8200895295972 120.35981713331437 
664.214649595127 128.16448509655925 
596.7652629347131 189.7505338944191 
613.5574703374149 170.25399703628145 
601.7022518667624 179.08718707012417 
534.4256816757207 502.19213295764354 
604.9015207973839 171.9278879534483 
537.5544129574369 382.83193383995706 
535.0808128405864 488.23682116852615 
533.2961611109142 523.2673192863477 
559.2427055607636 308.3876073003886 
529.6377955162802 601.9897262412843 
524.5385484613571 657.4778584526415 
536.4301088831812 440.56969215336 
633.9396857778114 155.90306208527687 
639.2856462557501 153.35522860190784 
582.0903656914152 252.1474829656929 
536.4953707955156 422.27578757855935 
641.6823014574867 149.4929095267762 
528.8648795509632 618.0340047140409 
552.4499851963061 327.99337775945696 
520.489062770612 703.2959034519857 
550.3036902499364 338.0660350929157 
514.8551761591715 745.5383317491422 
532.8442498626775 533.6709641391574 
647.0231713813588 148.024249496974 
545.0016561599363 352.18069435122044 
587.1190955950781 218.89769418266755 
540.7472102181727 354.2692315019704 
507.2120145545765 789.8187170632974 
535.4096059403067 467.9283659433998 
529.7601007374517 585.195078069832 
631.1923431154202 158.61949461423794 
671.0284186179505 123.99138812487634 
538.0486006823973 358.39269739771873 
557.484033169952 319.6466728480252 
626.977994839568 160.02288640086627 
624.4946586511412 162.3515356222703 
683.3567798530535 122.81580576110466 
659.7279020952082 129.7231054452979 
577.6986489981334 254.78453641630279 
562.5949412075194 301.8339055452486 
502.477725124961 814.6910800125797 
574.9216269096978 274.09341910410905 
554.80721852169 321.2645891179352 
537.7386933961164 372.75692411337803 
568.0574635568022 284.253735170905 
525.8999797276463 644.7544765434839 
676.7792813059526 123.93788852846974 
509.56952185307125 777.5699837774913 
536.7452720236797 407.55741421028034 
582.3020924075192 237.56278085075417 
677.8217678575897 122.82512840165977 
620.5507914713947 164.689424745781 
501.06716378501466 817.7818307189069 
518.4497849900235 725.5056132919755 
591.5710700941006 207.06539834371821 
567.9538961093729 297.6198088695049 
532.2541045219517 551.9648687139575 
648.579581163909 142.65904341205493 
615.4867133815115 167.73844312218418 
570.9723811159562 276.3855432114218 
522.2817732092344 688.0678773981265 
517.297469111994 736.8850231667187 
520.7299856395973 700.551372673724 
618.8228569758359 166.4611360187322 
513.1576285429535 754.7195252534669 
531.0511333504024 568.5047140339286 
535.6410132777115 454.539466678246 
504.57719564073756 803.5298933843357 
671.1209616197734 123.96060048856181 
654.9345032412048 139.68173136016424 
532.0908721364207 554.3295763973633 
509.18657933937493 789.3651618029958 
522.6341246673811 685.0131810897593 
504.57719564073756 803.5298933843357 
576.6097292614761 270.06631501046974 
657.8594975070722 132.5549199965225 
523.9024909925263 673.120390404477 
592.8395367159552 192.20069835835213 
592.4249404337821 193.82313826219996 
547.5843427117424 343.23082641595664 
584.0348240375192 233.74651206346073 
577.1448779274314 261.71663116046744 
526.7647291045138 639.6433563658927 
604.2912680527545 175.07131944008583 
569.9894018784264 278.91385696148194 
547.5177548050738 347.2222828217523 
512.3779993441916 758.1194918971956 
527.4598187933802 627.9029555482966 
655.7921087130686 135.58540696992438 
530.609145794767 574.7914332170227 
536.7452720236797 407.55741421028034 
510.6018084329315 768.8730350132345 
511.30115581288044 766.3526563041477 
585.9081489560028 226.20820467244815 
518.4497849900235 725.5056132919755 
