0.7235839600414006
0.7240293481880247
0.7236456677667235
0.7140489432910174
0.7134960166257506
0.7222911881391122
0.7277126895168127
0.7164795056350711
0.7232924001431927
0.7253443120805323
0.7279441275450536
0.724613408123797
0.7141702463808917
0.7269723420401738
0.7240056301906833
0.7244041220184934
0.7122170370740215
0.7239345163829342
0.7249364282199814
0.7274900035291363
0.7251334005318039
0.7268887656131579
0.7270353374842153
0.7240814025309826
0.7260910756474734
0.7251988018054281
0.7242953082979616
0.7268711065303184
0.7242899424613356
0.7156653970129903
