0.39159087549497945
0.4202280534969731
0.37330176321177505
0.4177929496780921
0.3663139603319351
0.41915656298544945
0.40218619881864426
0.3864092565495918
0.3538122285973646
0.4523167172967206
0.4637605001615537
0.4473451080769195
0.35811823264394543
0.405271238529148
0.3680294052954291
0.37985953768078917
0.46771473759488774
0.4683111442955902
0.45065333412413844
0.3673806935052229
0.4008662058936974
0.40213365206670554
0.3911940684281467
0.39033801903311194
0.38876091966430715
0.42880822738804797
0.4414558704569447
0.38968768470446297
0.3741538701538321
0.43924821700420463
