5 0 0 0 0 0 0 0  10000000100000001000000010000000100000001000000010000000100000001000000010000000100000001000000010000000100000001000000010000000100000001000000010000000100000001000000010000000100000001000000010000000 
2 2 1 2 1 2 2 2  11111111111111111111111111111111111111111111111011111111111101111111111111111111111111101111111011111111111111111111111011111111111111111111111111111111111111111111111111111111111111111111111011111110 
5 0 0 0 0 0 0 0  10000000100000001000000010000000100000001000000010000000100000001000000010000000100000001000000010000000100000001000000010000000100000001000000010000000100000001000000010000000100000001000000010000000 
2 2 1 2 1 2 2 2  11111111111111111111111111111111111111111111111011111111111101111111111111111111111111101111111011111111111111111111111011111111111111111111111111111111111111111111111111111111111111111111111011111110 
2 2 1 2 1 2 2 0  11111101111111011111110111110111111111011111111111111111111101111111111111111111111111101111111111110111111111111111111011111111111111111111111111111111111111111111111111111111111111111111111011111110 
2 2 1 2 1 2 0 0  10010101100101011001010010011100100101001001010010010100100101001001010001010101100100011001010010010110100111011001110010000100110111111111110111011111111111111101010111110000100101001001000010010100 
4 0 0 2 0 0 0 0  10000000100100001001000010010000100100001000000010000000100000001000000010000000100100001001000010000000100000001001000010000000100000001001000010000000100000001000000010000000100000001000000010000000 
2 2 1 2 1 2 2 2  11111111111111111111111111111111111111111101111011111111111101111111111111111111111111101101010010010110110101101001011010111101110111111111110111011111111111111101010111110101110111001011000010011100 
2 0 0 2 0 2 0 0  10010100100101001001010010010100100100001001010010010100100100001001000010010000100100001001010010010000100101001001010010010000100100001001000010010100100100001001000010010000100101001001000010010100 
4 0 0 2 0 0 0 0  10000000100000001001000010010000100100001001000010010000100100001000000010000000100100001001000010000000100000001001000010000000100100001001000010010000100100001001000010010000100100001001000010010000 
5 0 0 2 0 0 0 0  10000000100000001000000010000000100100001001000010000000100100001001000010000000100101001001000010000000100000001001000010000000100100001001000010010000100100001001000010010000100000001000000010000000 
3 0 0 2 0 0 0 0  10010000100100001001000010000000100000001000000010000000100000001001000010000000100000001000000010000000100000001000000010000000100100001001000010000000100100001001000010000000100000001000000010000000 
2 2 1 2 1 2 2 2  11111101111111011111110111010111111111011111111111110111111101111111111111111111111111101101010010010110110101101001011010111101111111111111110111011111111111111101110111110101111111001011000010011100 
3 0 0 2 0 0 0 0  10010000100100001001000010010000100100001001000010010000100100001001000110000000100000001001000010010000100000001001000010000000100100001001000010010001100100001001000010010000100100001001000010010000 
2 0 0 2 0 2 0 0  10010000100100001001010010010100100101011001000010010000100100001001000010010000100100001001010010010000100101001001000010010000100100001001000010010000100100001001000010010000100100001001000010010000 
2 2 1 2 1 2 2 0  11111101111111111111110111110011111111011111111111111111111101111111111111111111111111101111111111110111111111111111111011111111111111111111111111111111111111111111111111110111111111111111111011111110 
4 0 0 2 0 0 0 0  10000000100000001001000010000000100100001001000010000000100100001001000010000000100100001001000010000000100000001001000010000000100100001001000010010000100100001001000010010000100000001000000010000000 
3 0 0 2 0 0 0 0  10010000100100001001000010000000100000001000000010000000100000001001000010000000100000001000000010000000100100001000000010000000100100001001000010010000100100001001000010010000100100001001000010010000 
5 0 0 2 0 0 0 0  10000000100000001000000010000000100000001000000010000000100000001000000010010000100000001000000010000000100000001000000010010000100000001001000010010000100100001001000010010000100100001001000010010000 
2 0 0 2 0 2 0 0  10010000100100001001000010010000100100001001000010010000100100001001000010010000100100001001010010010000100101001001000010010000100100001001000010010000100100001001000010010000100100001001000010010000 
2 0 0 2 0 2 0 0  10010101100101011001010010011100100101101001010010010100100101001001010010010101100100011001010011010100100101001001000010010010101101001011010010010100100100001001000010010010100101001001000010010100 
2 0 0 2 0 2 0 0  10010101100101011001010010011100100101001001010010010100100101001001010010010100100100011001010011010100100101001001000010010000100101001001000010010000100100001001000010010000100100001001000010010000 
4 0 0 2 0 0 0 0  10000000100100001000000010000000100000001000000010010000100000001000000010000000100100001000000010000000100000001000000010000000100000001001000010000000100000001000000010000000100000001000000010000000 
3 0 0 2 0 0 0 0  10010000100000001000000010000000100000001001000010010000100100001001000010000000100100001000000010000000100000001000000010000000100000001001000010010000100100001001000010010000100100001001000010000000 
2 0 0 2 0 2 0 0  10010100100100001001000010010000100100001001000010010100100100001001010010010000100100001001010010010000100100001001010010010000100101001001000010010000100100001001000010010000100100001001000010010000 
4 0 0 2 0 0 0 0  10000000100000001000000010000000100000001000000010010000100000001001000010000000100100001000000010000000100000001000000010000000100000001001000010000000100000001000000010000000100000001000000010000000 
2 0 0 2 0 2 0 0  10010000100101001001010010010100100101011001000010010000100100001001000010010000100100001001010010010000100101001001010010010100100100001001000110010100100100001001000010010010100101001001000010010100 
4 0 0 2 0 0 0 0  10010000100000001000000010000000100000001000000010000000100000001000000010000000100000001000000010000000100000001000000010000000100000001000000010000000100000001000000010000000100000001001000010010000 
2 0 0 2 0 2 0 0  10010000100101001001000010010100100100001001010010010000000101001001010010010100100100001001010010010000100101001001000010010000000100001001000010010000100100001001000010010000100100001001000010010000 
2 2 1 2 1 2 2 2  10010101100101011001010010011100100101001001010010010100100101001001010011010101100100011001010010010110100101011001110010000100110111111111111111111111111111111111111111111111111111111111111011111110 
2 0 0 2 0 2 0 0  10010000100101001001000010010100100100001001010010010000100101000001010010010100100100001001010010010000100101001001010010010000000100001001000010010000100100001001000010010100100100001001000010010100 
2 0 0 2 0 2 0 0  10010000100100001001010010010100100101011001000010010000100100001001000010010000100100001001010010010000100101001001010010010100100100001001000010010100100100001001000010010010100101001001000010010100 
2 2 1 2 1 2 2 0  11010101110111011101110111110111111101011111010010010100100111011001010010001100101111101101010010010110110101101001011010010000100100001001000010010100100100001001000010010000100100001001010010010100 
2 2 1 2 1 2 2 0  10010101100101011001010010011100100101001001010010110100100101001001010010010101100100011001010011010100100101001111111011111111111111111111111111111111111111111111111111110111111111111111111011111110 
4 0 0 2 0 0 0 0  10000000100100001001000010010000100100001001000010010000100100001000000010000000100100001001000010000000100000001001000010000000100100001001000010010000100100001000000010000000100000001000000010000000 
2 2 1 2 1 2 2 0  11011101110111011101110111110111111101011111010010010100100111001001010010011100101111101101010010010110110101101001011110111000100100001001000010010000100100001001000010010000100100001001000010010000 
2 0 0 2 0 2 0 0  10010000100100001001000011010000100101011001010010010100100100001001010010010001100100001001010010010000100101001001010010010000100100001001000010010100100100001001000010010000100100001001000010010000 
2 0 0 2 0 2 0 0  10010100100101001001010010010100100101011001010010010000100101001001010010010101100100011001010010010110100101001001010010010000100101001001010010010000101110011001000010010100100100001001000010010100 
2 0 0 2 0 2 0 0  10010100100101001001000010010100100100001001010010010100100100001001010011010101100100001001010010010000100101001001000010010000100100001001000010010100100000001001000010010000100100001001000010010100 
2 0 0 2 0 2 0 0  10010000100101001001010010010100100101011001000010010000100100001001000010010000100100001001000010010000100101001001010010010100100100001001000110010100100100001001000010010000100101001001000010010100 
4 0 0 2 0 0 0 0  10000000100000001001000010000000100000001000000010000000100000001001000010000000100100001000000010000000100000001000000010000000100100001000000010000000100000001000000010000000100000001001000010010000 
2 0 0 2 0 2 0 0  10010100100101001001010010010100101101011001010010010000100101001001010010010100100100011001010011010100100101001001000010010000100101001001000010010000100100001001000010010000100100001001000010010000 
4 0 0 2 0 0 0 0  10000000100100001000000010000000100000001000000010010000100000001000000010000000100000001000000010000000100000001001000010000000100100001001000010010000100100001001000010000000100000001000000010000000 
2 0 0 2 0 2 0 0  10010000100101001001010010010000100100001001000010010000100100001001010010010000100100001001010010010000100100001001010010010000100101001001000010010000100100001001000010010000100100001001000010010000 
4 0 0 2 0 0 0 0  10000000100100001000000010010000100100001000000010000000100000001000000010000000100100001001000010000000100000001001000010000000100100001001000010010000100100001001000010010000100100001001000010010000 
2 0 0 2 0 2 0 0  10010100100100001001010010010000100100001001000010010000100100001001000010010000100100001001010010010000100100001001000010010000100101001001000010010000100100001001000010010000100100001001000010010000 
2 0 0 2 0 2 0 0  10010000100100001001010010010100100101011001000010010000100100001001000010010000100100001001010010010000100101001001010010010100100100001001000010010100100100001001000010010000100101001001000010010100 
3 0 0 2 0 0 0 0  10010000100100001000000010000000100000001000000010000000100000001000000010000000100000001000000010000000100000001000000010000000100000001000000010000000100000001000000010000000100000001000000010000000 
3 0 0 2 0 2 0 0  10010100100100001001000010010000100101001001010010010100100100001001011010010100100100001001010010010000100101001001000010010000000100001001000010010000100100001001000010010000100100001001000010010000 
2 0 0 2 0 2 0 0  10010000100101001001010010010000100100001001000010010000100100001001010010010000100100001001010010010000100100001001010010010000100101001001000010010000100110001001000010010100100100001001000010010100 
2 2 1 2 1 2 2 2  11111101111111111111110111110011111111011111111111111111101101111111111111111111111111101111111111110111111111111111111011111111111111111111111111111111111111111111111111110111111111111111111011111110 
3 0 0 2 0 0 0 0  10010000100000001001000010010000100100001001000010000000100000001000000010000000100000001000000010000000100000001000000010000000100100001001000010010000100100001001000010010000100100001001000010010000 
2 0 0 2 0 2 0 0  11010101111101011001010010011100100101001001010010010100100111001001010010010101100100011001010011010100100101001001000010010010100101001011010010010100100100001001000010010000100101001001000010010100 
3 0 0 2 0 0 0 0  10010000100100001000000010000000100000001001000010010000100100001001000010000000100100001000000010000000100000001000000010000000100000001001000000010000100100001001000010010000100100001000000010000000 
3 0 0 2 0 0 0 0  10010000100100001000000010000000100000001001000010010000100100001001000010000000100100001000000010000000100000001000000010010000100000001001000010000000100000001000000010000000100000001000000010000000 
2 0 0 2 0 2 0 0  10010101100101011001010010011100100101001001010010010100100101001001010010010101100100011001010011010100100101001001000010010000100101001011010010010100100100001001000010010000100101001001000010010100 
3 0 0 2 0 0 0 0  10010000100100001000000010000000100000001001000010010000100000001000000010000000100000001000000010000000100000001000000010000000100000001000000010000000100000001000000010000000100000001000000010000000 
3 0 0 2 0 0 0 0  10000000100000001000000010000000100000001001000010010000100100001001000010000000100100001000000010000000100000001000000010010000100000001001000010000000100000001000000010000000100000001000000010000000 
2 0 0 2 0 2 0 0  10010101100101011001010010011100100101001001010010010100100101001001010010010101100100011001010011010100100101001001000010010000100101001011010010010100100100001001000010110000100101001001000010010100 
3 0 0 2 0 0 0 0  10000000100000001001000010000000100000001000000010000000100000001001000010000000100100001000000010000000100000000001000010000000100000001000000010000000100000001001000010010000100100001001000010010000 
2 0 0 2 0 2 0 0  10010100100101001001000010010100100100001001010010010100100100001001000010010000100100001001010010010000100101001001000010010000100100001001000010010000100100001001000010010000100100001001000010010000 
4 0 0 2 0 0 0 0  10010000100000001000000010000000100000001000000010000000100000001000000010000000100000001000000010000000100000001000000010000000100000001000000010000000100000001000000010000000100000001000000010000000 
2 0 0 2 0 2 0 0  10010101100101011001010010011100100101101001010010010100100101001001010010010101100100011001010011010100100101001001000010010010101101001011010010010100100100001001000010010000100101001001000010010100 
3 0 0 2 0 0 0 0  10010000100000001001000010010000100100001001000010000000100000001000000010010000100000001000000010000000100000001000000010000000100000001000000010000000100000001000000010010000100000001000000010000000 
4 0 0 2 0 0 0 0  10000000100000001001000010000000100000001000000010000000100000001001000010000000100100001000000010000000100000001000000010000000100000001000000010000000100000001000000010000000100000001000000010000000 
5 0 0 2 0 0 0 0  10000000100000001000000010000000100000001000000010000000100000001000000010010000100000001000000010000000100000001000000010000000100000001000000010000000100000001000000010000000100000001000000010000000 
3 0 0 2 0 0 0 0  10010000100100001001000010010000100100001001000010110000100100001001000010010000100100001001010010010000100101001001000010010000100100001001000010010000100100001001000010010000100100001001000010010000 
4 0 0 2 0 0 0 0  10010000100000001000000010000000100000001000000010000000100000001000000010000000100000001000000010000000100000001000000010010000100000001001000010010000100100001001000010010000100100001001000010010000 
2 2 1 2 1 2 2 2  11011101110111011101110111110111111101011111010010010100100111001001010010011100101111101101010010010110110101101001011110111101111111111111010111111111110111111101110111111101110111001011000010011100 
3 0 0 2 0 0 0 0  10010000100000001001000010010000100100001001000010000000100000001000000010010000100000001000000010000000100000001000000010000000100000001000000010000000100000001000000010010000100000001000000010000000 
3 0 0 2 0 0 0 0  10010000100100001000000010000000100000001001000010010000100100001001000010000000100100001001000010000000100000001001000010000000100100001001000010010000100100001001000010010000100100001001000010010000 
2 2 1 2 1 2 2 2  11111101111111011111110111010111111101011111010010010100100111001001010010011000101111101101010010010110110101101001011010111101111111111111110111011111111111111101110111110101111111001011000010011100 
2 0 0 2 0 2 0 0  10010100100101001001010010010000100100001001000010010000100100001001000010010000100100001001010010010000100101001001000010010000100100001001000010010000100110001001000010010000100100001001000010010000 
3 0 0 2 0 0 0 0  10010000100100001001000010010000100100001001000010010000100100001001000110000000100000001001000010010000100000001001000010000000100100001001000010010000100100001001000010010000100100001000000010000000 
5 0 0 2 0 0 0 0  10000000100100001000000010000000100000001000000010000000100000001000000010000000100000001000000010000000100100001000000010000000100100001001000010010000100100001001000010010000100100001001000010010000 
2 0 0 2 0 2 0 0  10010100100101001001010010010000100100001001000010010000100100001001000010010000100100001001010010010000100101001001000010010000100100001001000010010000100100001001000010010000100100001001000010010000 
2 0 0 2 0 2 2 2  10011101100101011001010010010100100101011001010010010100100100001001010010010101100100001001010010010110100101011001110010000100110111111111111111111111111111111111111111111111111111001011001010010110 
2 2 1 2 1 2 2 2  11010101110111011101110111110111111101011111010010010100100111101001010010011100101111101101010010010110110101101001011010111101111111111111110111011111111111111101110111110101111111001011000010011100 
4 0 0 2 0 0 0 0  10000000100100001001000010010000100100001001000010010000100100001000000010000000100100001001000010000000100000001001000010000000100100001001000010010000100100001001000010010000100100001001000010010000 
2 2 1 2 1 2 2 2  11010101110111011101110111110111111101011111010010010100100111001001010010011100101111101101010010010110110101101001011010111101111111111111110111111111111111111111111111111111111111111111111011111110 
4 0 0 2 0 0 0 0  10000000100100001001000010010000100000001000000010000000100000001000000010010000100000001000000010000000100000001000000010000000100000001000000010000000100000001000000010000000100000001000000010000000 
3 0 0 2 0 0 0 0  10010000100000001001000010010000100100001001000010000000100000001000000010000000100000001000000010000000100000001001000010000000100100001001000010010000100100001001000010010000100100001001000010010000 
3 0 0 2 0 0 0 0  10010000100000001001000010000000100000001000000010000000100000001000000010000000100000001000000010000000100000001000000010000000100000001000000010000000100000001000000010010000100000001000000010000000 
3 0 0 2 0 0 0 0  10010000100000001001000010000000100000001000000010000000100000001000000010000000100000001000000010000000100000001000000010000000100000001000000010000000100000001000000010010000100000001000000010000000 
2 0 0 2 0 2 0 0  10010100100100001001010010010000100100001001000010010000100100001001000010010000100100001001010010010000110100001001000010010000100101001001000010010000100100001001000010010000100100001001000010010000 
2 0 0 2 0 2 0 0  10010000100101001001010010010000100100001001000010010000100100001001000010010000100100001001010010000000100100001001000010000000100100001001000010010000100100001001000010010000100100001001000010010000 
3 0 0 2 0 0 0 0  10000000100100001000000010010000100100001000000010000000100000001000000010000000100100001001000010000000100000001000000010000000100100001001000010010000100100001001000010010000100100001000000010000000 
2 0 0 2 0 2 0 0  10010100100101001001010010010100100101011001010010010000100101001001010010010101100100011001010010010110100101001001110010010100100001011001010010010000100100001001000010010000100100001001000010010100 
2 0 0 2 0 2 0 0  11010101111101011001010010011100100101001001010010010100100101001001010010010101100100011001010011010100100101001001000010010000100101001011010010010100100100001001000010010000100101001001000010010100 
4 0 0 2 0 0 0 0  10000000100000001001000010000000100000001000000010000000100000001000000010000000100000001000000010000000100000001000000010000000100000001000000010000000100000001000000010000000100000001000000010000000 
4 0 0 2 0 0 0 0  10000000100100001001000010010000100100001001000010010000100100001000000010000000100100001001000010000000100000001001000010000000100100001001000010010000100100001000000010010000100000001000000010000000 
3 0 0 2 0 0 0 0  10010000100100001001000010000000100000001001000010010000100100001001000010000000100100001001000010000000100000001001000010000000100100001001000010010000100100001001000010010000100100001001000010000000 
4 0 0 2 0 0 0 0  10000000100000001001000010000000100000001000000010000000100000001001000010000000100100001000000010000000100000001000000010000000100100001001000010010000100100001001000010011000100100001001000010010000 
3 0 0 2 0 0 0 0  10010000100100001000000010000000100000001001000010010000100100001001000010000000100100001000000010000000100000001000000010010000100100001001000010010000100100001001000010010000100100001001000010010000 
4 0 0 2 0 0 0 0  10000000100100001001000010010000100000001000000010000000100000001000000010000000100100001000000010000000100000001000000010000000100000001001000010000000100000001000000010000000100000001000000010000000 
4 0 0 2 0 0 0 0  10010000100000001000000010000000100000001000000010000000100000001000000010000000100000001000000010000000100000001000000010010000100000001001000010010000100100001001000010010000100100001001000010010000 
5 0 0 2 0 0 0 0  10000000100000001000000010000000100000001000000010000000100000001000000010000000100100001000000010000000100000001000000010000000100000001001000010000000100000001000000010000000100000001000000010000000 
3 0 0 2 0 2 0 0  10010100100100001001010010010101100101011001000010010000100100001001000010010100100100001101010010010000100101001001000010010000100100001001000010010100100000001001000010010000100100001001000010010100 
2 0 0 2 0 2 0 0  10010000100100001001000010010000100100001001010010010100100100001001000010010000100100001001010010010000100101001001010010010000100100001001000010010100100100001001000010010000100101001001000010010100 
2 0 0 2 0 2 0 0  10010100100101001001000010010100100100001001000010010000100100001001000010010000100100001001010010010000100101001001000010010000100100001001000010010000100100000001000010010000100100001001000010010000 
