3 0 0 0 0 0 0 0  10000000100000001000000010000000100000001000000010000000100000001000000010000000100000001000000010000000100000001000000010000000100000001000000010000000100000001000000010000000100000001000000010000000 
1 1 2 1 2 2 2 2  11111111111111111111111111111111111111101111111011111110111111111111111011111110111111111111111111111111111111111111111111111111111111111111111111111111111111111111111111111110111111111111111011111110 
3 0 0 0 0 0 0 0  10000000100000001000000010000000100000001000000010000000100000001000000010000000100000001000000010000000100000001000000010000000100000001000000010000000100000001000000010000000100000001000000010000000 
3 0 0 0 1 0 0 0  10001000100000001000000010000000100000001000000010000000100000001000000010000000100000001000000010000000100000001000000010000000100000001000000010000000100000001000000010000000100000001000000010000000 
3 0 0 0 2 0 0 0  10001000100010001000100010001000100010001000100010001000100000001000100010001000100000001000000010001000100010001000100010000000100010001000100010001000100010001000100010001000100010001000100010001000 
3 0 0 0 2 0 0 0  10001000100010001000000010000000100010001000000010001000100000001000100010001000100000001000100010001000100000001000000010000000100010001000100010001000100010001000100010000000100000001000000010000000 
3 0 0 0 2 0 0 0  10001000100010001000100010001000100010001000100010001000100000001000100010001000100000001000000010000000100000001000000010000000100000001000000010000000100000001000000010000000100000001000000010000000 
3 0 0 0 2 2 0 0  10001100100011001000100010001000100010001000110010001000100000001000110010001000100010001000100010001000100010001000110110000000100010001000100010001000100010001000110010001000100010001000100010001100 
3 0 0 0 2 0 0 0  10000000100010001000100010001000100010001000000010001000100000001000100010000000100000001000100010001000100010001000000010001000100000001000000010001000100010001000100010001000100010001000100010001000 
1 1 2 1 2 2 2 2  11111101111111011111111111111100111111101111111011111111111111111111111011111110111111111111111111111111111111111111111111111111111111111111111111111111111111111111111111111110111111111111111111111110 
3 0 0 0 2 2 0 0  10001000100010001000100010001000100010001000100010001000100000001000110010001000100010001000100010001000100010001000100010000000100010001000100010001000100010001000110010001000100010001000100010001100 
3 0 0 0 2 0 0 0  10000000100010001000000010000000100010001000000010000000100000001000100010000000100000001000000010000000100000001000000010000000100000001000000010000000100000001000100010000000100010001000100010001000 
3 0 0 0 2 2 0 0  10001101100011001000110010001000100011001000110010001100100100001000110010001000100010001000110010001000100010001000100010011000100101001000110010001000100011001100110010001100100010101000100010001100 
3 0 0 0 2 2 0 0  10001000100011001000100010001000100010001000110010001100100010001000110010001000100010001000100010001000100010001000100010000000100010001000100010001000100011001000110010001100100010001000100010001100 
3 0 0 0 2 0 0 0  10001000100010001000100010001000100010001000100010001000100000001000110010001000100010001000100010001000100010001000100010000000100010001000100010001000100010001000100010000000100010001000100010001000 
3 0 0 0 2 0 0 0  10000000100000001000100010000000100010001000100010000000100000001000100010001000100000001000000010000000100000001000000010000000100000001000000010000000100010001000100010000000100010001000000010000000 
3 0 0 0 2 0 0 0  10000000100010001000000010000000100010001000000010000000100000001000100010001000100000001000000010000000100000001000000010000000100000001000000010000000100000001000000010000000100000001000000010000000 
3 0 0 0 2 0 0 0  10001000100000001000100010001000100010001000000010001000100000001000100010001000100000001000100010001000100010001000000010001000100000001000000010001000100010001000100010001000100010001000100010001000 
3 0 0 0 2 2 0 0  10001100100011001000110010001000100011001000110010001100100100001000110010001000100010001000110010001000100011001000100010000100100010001000100010001000100011001000110010001000100010001000100010001100 
3 0 2 1 2 2 2 2  10011101100111011111110111111110111011101111111111111111111111111111111011111110111111111111111111111111111111111111111111101111110111110011011111011010110011001000110010001100100011001111111111111111 
1 1 2 1 2 2 2 2  11111101111111011111110111111100111111101111111011110111111111111111111011111110111111111111111011111111111111111111111111111111111111111111111111111111111111111111010111111110111111111111111111111110 
3 0 0 0 2 0 0 0  10001000100000001000000010000000100000001000000010000000100000001000000010000000100000001000000010000000100000001000000010000000100010001000000010001000100010001000100010001000100010001000100010001000 
1 1 2 1 2 2 2 0  11111101110101011111110101111100111111101111111111111111011111111111111011111110111111111111111111111111111111111111111111111111111101001100110010001000100011001000111011001100100011001000100111001100 
3 0 0 0 2 0 0 0  10001000100010001000100010000000100010001000000010000000100000001000000010000000100000001000000010000000100000001000000010000000100000001000000010000000100000001000000010000000100000001000000010000000 
3 0 0 0 2 0 0 0  10001000100000001000000010000000100010001000000010001000100000001000100010001000100000001000000010001000100010001000100010000000100010001000000010000000100000001000100010001000100010001000100010001000 
3 0 2 1 2 2 2 2  10010101100101011001110111111111111111101111111111111111111110111111111011111110111111111111111111111111111111111111111111111111111111111111111111111111111111011111111111111110111111011111111111111110 
3 0 0 0 2 2 0 0  10001100100011001000110010001000100011101000110010001100100100001000110010001000100010001000110010001000100010001000100010010000100101001000110010001000100010001000110010001100100010001000100010001100 
3 0 0 0 2 0 0 0  10001000100010001000000010000000100010001000000010000000100000001000000010001000100000001000000010000000100000001000000010001000100000001000000010000000100000001000000010000000100000001000000010000000 
3 1 0 0 2 0 0 0  10010100100101001001110010011100100101001000110010001000100000001000110010001000100010101111010010001000100011001000100010010000100101001000111010011000100011001000110010001100100010001000100010001100 
3 0 0 0 2 0 0 0  10000000100010001000100010000000100000001000000010001000100000001000100010001000100000001000000010001000100000001000000010001000100000001000100010001000100010001000100010001000100010001000100010001000 
3 0 0 0 2 2 0 0  10001000100011001000110010001000100010001000110010001100100010001000110010001000100010001000100010001000100010001000100010000000100010001000000010001000100010001000100010001100100010001000100010001000 
3 0 0 0 2 0 0 0  10000000100010001000100010000000100000001000000010000000100000001000000010000000100000001000000010000000100000001000000010000000100000001000000010000000100010001000100010001000100010001000100010001000 
3 0 0 0 2 2 0 0  10001000100010001000110110001000100010001000100010001000100000001000110010001001100010001000100010001000100010001000100010000000100010001000100010001000101010001000110010001100100010001000100010001000 
1 1 2 1 2 2 2 2  10010101100101011001110010011100100111001001010001010010100111111111111011111110111111111111111111111111011111101111111111111111111111111111111111111111111111111111111111111110111111111111111111111110 
3 0 0 0 2 2 0 0  10001100100011001000110010001000100010001000110010001100100010001000110010001000100010001000100010001000100010001000100010000000100010001000100010001000100011001000110010001100100010001000100010001100 
3 0 0 0 2 0 0 0  10001000100000001000100010001000100010001000000010001000100000001000100010001000100000001000000010000000100000001000000010000000100000001000000010000000100000001000000010000000100000001000000010000000 
3 0 0 0 2 2 0 0  10001000100010001000110010001000100010001000110010001000100000001000100010000000100010001000100010001000100010001000100010000000100010001000100010001000100010001000110010001100100010001000100010001100 
1 1 2 1 2 2 2 2  11111101111111111111111111111111111111101111111111111111111111111111111011111110111111111111111111111111111111111111111111111111111111111111111111111111111111111111111111111110111111111111111111111111 
3 0 0 0 2 2 0 0  10001100100010001000110010001000100010001000110010001100100010001000110010001000100010001000100010001000100010001000100010000000100010001000100010001000100011001000110010001100100010001000110010001100 
3 0 0 0 2 0 0 0  10000000100000001000000010000000100000001000000010000000100000001000100010000000100000001000000010000000100000001000000010000000100000001000000010000000100000001000100010000000100010001000100010001000 
3 0 0 0 2 2 0 0  10001100100010001000110010001000100010001000110010001000100000001000100010000000100010001000100010001000100010001000100010000000100010001000000010001000100010001000100010001000100010001000100010001100 
3 0 0 0 0 0 0 0  10000000100000001000000010000000100000001000000010000000100000001000000010000000100000001000100010000000100000001000000010000000100000001000000010000000100000001000000010000000100000001000000010000000 
3 0 0 0 2 0 0 0  10000000100000001000100010000000100010001000000010001000100000001000100010001000100000001000100010001000100000001000000010000000100010001000100010001000100010001000100010000000100000001000000010000000 
3 0 0 0 2 2 0 0  10001100100011001000110010001000100010001000100010001000100000001000110010001000100010001000100010001000100010001000100010000000100010001000100010001000100010001000110010001000100010001000100010001100 
3 0 0 0 2 0 0 0  10000000100000001000000010000000100000001000000010001000100000001000100010001000100000001000000010000000100000001000000010001000100000001000100010001000100010001000100010001000100000001000000010000000 
3 0 0 0 2 0 0 0  10001000100000001000100010000000100000001000000010000000100000001000000010000000100000001000000010000000100000001000000010000000100000001000000010000000100010001000100010001000100010001000100010000000 
1 1 2 1 2 2 2 2  11111101110101011111110111111100111111101111111111111111111111111111111011111110111111111111111111111111111111111111111111111111111111111111111111111111111111111111111111111110111111111111111111111110 
3 0 0 0 2 2 0 0  10001000100011001000110010001000100010001000110010001100100010001000110010001000100010001000100010001000100010001000100010000000100010001000100010001000100011001000110010001100100010001000100010001100 
3 0 2 1 2 2 2 2  10011101100111111111110111111110111011101111111111111111111111111111111011111110111111111111111111111111111111111111111111101111110111110011011111011010110011001000110010001101100011001111111111111111 
3 0 0 0 2 0 0 0  10000000100000001000100010001000100010001000000010001000100000001000100010001000100000001000000010001000100010001000100010000000100010001000100010001000100010001000100010001000100010001000100010001000 
3 0 2 1 2 2 2 2  10010101100101011001110010011100100111001001010001010010100111111110110010010100100111101111111011011100110011001000100010010101100101001100110010001000100011101000110011001100100011001000100011111111 
1 0 0 1 2 2 0 0  10010101100101011001110010011100100111001001010001010000100011001000110010010100100111101111010011001000100011001000100010010000100101001000110010001000100011001000110111001100100110001000100010101100 
3 0 0 0 2 2 0 0  10001100100010001000100010001000100010001000110010001100100010001000110010001000100010001000100010001000100010001000100010000000100010001000100010001000100011001000110010001100100010001000110010001100 
3 0 0 0 2 2 0 0  10001000100011001000110010001000100010001000110010001100100010001000110010001000100010001000100010001000100010001000101010000000100010011000100010001000100011001000110010001100100010001000100010001100 
3 0 0 0 2 2 0 0  10001000100011001000110010001000100010001000100010001000100000001000110010001000100010001000100010001000100010001000100010000000100010001000100010001000100010001000100010000000100010001000100010001000 
1 1 2 1 2 2 2 2  10011101100101011001110111011111111111101111111111111111111110111111101001111110111111111111011111111111111111111111111111111111111111111111111111111111111111111111111111111110111111111111111111111110 
3 0 0 0 2 0 0 0  10000000100000001000100010000000100000001000000010000000100000001000000010000000100000001000000010000000100000001000000010000000100000001000000010000000100010001000100010001000100010001000100010001000 
1 1 2 1 2 2 2 2  10010101100101011001111111111100111111101111111011111111111111111111111011111110111111111111111111111111111111111111111111111111111111111111111111111111111111111111111111111110101111111111111111111110 
3 0 0 0 2 0 0 0  10000000100010001000000010000000100010001000000010001000100000001000000010001000100000001000100010001000100000001000000010000000100000001000000010001000100010001000100010001000100010001000100010001000 
1 1 2 1 2 2 2 2  10011101100111011111111111111000111111101111111011111110111111111111111011111110111111111111110111111111111111111111111111111111111111111111111111111111111111111111111111111110111111111111111111111110 
3 0 0 0 2 0 0 0  10000000100000001000100010000000100010001000100010000000100000001000100010001000100000001000000010001000100010001000100010000000100010001000000010000000100000001000100010001000100010001000100010001000 
3 0 0 0 2 2 0 0  10001100100011001000110010001000100010001000100010001000100000001000100010000000100010001000100010001000100000001000100010000000100010001000100010001000100010001000100010001000100010001000100010001000 
3 0 0 0 2 2 0 0  10001100100010001000100010001000100010001000110010001000100000001000100010000000100010001000100010001000100010001000100010000000100010001000000010000000100010001000100010001100100010001000110010001100 
3 0 0 0 2 0 0 0  10000000100000001000000010000000100000001000000010000000100000001000000010001000100010001000100010001000100010001000100010000000100010001000100010001000100010001000100010000000100010001000100010001000 
3 0 0 0 2 2 0 0  10001100100010001000100010001000100010001000110010001100100010001000110010001000100010001000100010001000100010001000100010000000100010001000100010001000100011001000110010001000100010001000100010001000 
3 0 0 0 2 0 0 0  10000000100000001000100010000000100000001000000010000000100000001000000010000000100000001000000010000000100000001000000010000000100000001000000010000000100000001000000010000000100000001000000010000000 
3 0 0 0 2 0 0 0  10001000100010001000100010001000100010001000000010000000100000001000100010000000100000001000000010000000100000001000000010000000100000001000000010000000100000001000000010000000100000001000000010000000 
3 0 0 0 2 0 0 0  10000000100010001000100010000000100000001000000010000000100000001000100010000000100000001000000010000000100000001000000010000000100000001000000010000000100000001000000010000000100000001000000010000000 
1 1 2 1 2 2 2 2  11111101111111111111111111111101111111101111111011111111111111111111111011111100111111111100111111111111011101011111111111111101111111110011011111011010111111111111110111101110111111111111111111111110 
3 0 0 0 2 2 0 0  10010101100101011011110010011100100111001001010001010010100111111110110010010100101111101111111011011100110011001000100010010100100101001100110010001000100011001000110011001100100011001000100011111100 
3 0 0 0 2 2 0 0  10001100100010001000110010001000100010001000110010001100100010001000110010001000100010001000100010001000100010001000100010000000100010001000100010001000100011001000110010001100100010001000110010001100 
3 0 0 0 2 2 0 0  10001000100011001000100010001000100010001000100010001000100000001000100010000000100010001000100010001000100000001000100010000000100010001000110010001000100010001000100010001000100010001000100010001000 
1 1 2 1 2 2 2 2  11111111111111011111111111111111111111101111111011111111111111111111111011011110101111111100111111111111011101011111111111111101111111110011011111011010111111111111110111111110111111011111111111111100 
3 0 0 0 2 2 0 0  10001100100011001000110010001000100011001000110010001100100100001000110010001000100010001000110010001000100010001000100010000000100010001000100010001000100010001000110010001100100010001000100010001000 
3 0 0 0 2 0 0 0  10000000100000001000000010000000100000001000000010000000100000001000000010000000100000001000000010001000100000001000000010000000100000001000000010001000100010001000100010001000100010001000100010001000 
3 0 0 0 2 0 0 0  10000000100000001000100010000000100000001000000010000000100000001000000010000000100000001000000010000000100000001000000010000000100000001000000010000000100000001000000010000000100000001000000010000000 
3 0 0 0 2 0 0 0  10000000100000001000000010000000100000001000000010000000100000001000100010000000100000001000000010000000100000001000000010000000100000001000000010000000100000001000000010000000100000001000100010000000 
3 0 0 0 2 0 0 0  10000000100010001000000010000000100010001000000010001000100000001000000010001000100000001000100010001000100000001000000010000000100000001000000010001000100010001000100010001000100010001000100010001000 
3 0 0 0 2 0 0 0  10000000100000001000100010000000100000001000000010000000100000001000000010000000100000001000000010000000100000001000000010000000100000001000000010000000100010001000100010001000100010001000100010001000 
3 0 0 0 2 2 2 2  10010101100101001001110010011000100111001001010001010000100011001000110010010100100111101111111011011100110011001000100010010100100101001100110010001000100011001000110011001100100011111111111111111110 
3 1 0 0 2 0 0 0  10010100100101001001110010011100100101001000110010001000100000001000110010001000100010101111010010001000100011001000100010010000100101001000110010001000100011001000110111001100100110001000100011001100 
3 0 0 0 2 0 0 0  10000000100000001000000010000000100000001000000010000000100000001000000010001000100010001000100010001000100010001000100010000000100010001000100010001000100010001000100010001000100010001000100010001000 
1 0 0 1 2 2 0 0  10010101100101011001110010011100100111001001010001010000100011001000110010010100100111101111010011001000100011001000100010010000100101001000110010001000100011001000110111001100100110001000100010101100 
3 0 0 0 2 2 0 0  10001100100010001000100010001000100010001000110010001000100000001000100010000000100010001000100010001000100010001000100010000000100010001000000010000000100010001000100010001000100010001000100010001000 
3 0 0 0 2 0 0 0  10001000100000001000100010000000100000001000000010000000100000001000000010001000100010001000100010001000100010001000100010000000100010001000100010001000100010001000100010000000100010001000100010001000 
3 0 0 1 2 2 0 0  10010101100101001001110010011000100111001001010001010000100011001000110010010100100111101111010010001000100011001000100010010000100101001000110010001000100011001000110111001100100110001000100011001100 
3 0 0 0 2 0 0 0  10001000100010001000000010000000100010001000000010000000100000001000100010000000100000001000000010000000100000001000000010000000100000001000000010000000100000001000000010000000100000001000000010000000 
3 0 0 0 2 2 0 0  10001100100010001000110010001000100010001000110010001000100000001000100010000000100010001000100010001000100010001000100010000000100010001000000010001000100010001000100010001000100010001000100010001000 
3 0 0 0 2 2 0 0  10001000100010001000100010001000100010001000110010001000100000001000110010001000100010001000100010001000100011001000100010000100100010001000100010001000100011001000110010001000100010001000100010001100 
3 0 0 1 2 2 0 0  10010101100101001001110010011000100111001001010001010000100011001000110010010100100111101111010010001000100011001000100010010000100101001000111010011000100011001000110010001100100010001000100010001100 
3 0 0 0 2 0 0 0  10001000100010001000100010001000100010001000110010001000100000001000110010001000100010001000100010001000100011001000100010000100100010001000100010001000100011001100110010001000100010001000100010001100 
3 0 0 0 2 0 0 0  10000000100010001000100010000000100010001000000010000000100000001000000010000000100000001000000010000000100000001000000010000000100000001000000010000000100000001000000010000000100000001000000010000000 
3 0 0 0 2 2 0 0  10001100100011001000110010001000100011001000110010001100100100001000110010001000100010001000110010001000100010001000100010011000100101001000110010001000100011001100110010001100100010101000100010001100 
3 0 0 0 2 0 0 0  10000000100000001000100010001000100010001000000010001000100000001000100010001000100000001000100010001000100010001000000010001000100000001000000010001000100010001000100010001000100010001000100010001000 
3 0 0 0 2 2 0 0  10001000100011001000100010001000100010001000100010001000100000001000100010000000100010001000100010001000100001001000100010000000100010001000110010001000100010001000100010001000100010001000100010001000 
3 0 0 0 2 0 0 0  10001000100000001000000010000000100000001000000010000000100000001000000010000000100000001000000010000000100000001000000010000000100010001000100010001000100010001000100010001000100010001000100010001000 
3 0 0 0 2 0 0 0  10001000100000001000000010000000100000001000000010000000100000001000000010001000100010001000100010001000100010001000100010000000100010001000000010001000100010001000100010000000100010001000100010001000 
3 0 0 1 2 2 2 2  10010101100101001001110010011000100111001001010001010000100011001000110010010100100111101111010010001000100011001001100010010000100101001011111111111111111111111111111111111110111111111111111011111110 
3 0 0 0 2 0 0 0  10001000100000001000100010000000100000001000000010000000100000001000000010001000100010001000100010001000100000001000100010000000100010001000100010001000100010001000100010001000100010001000100010001000 
3 0 0 0 2 2 0 0  10001000100011001000100010001000100010001000110010001100100010001000110010001000100010001000100010001000100010001000100011000000100010001000100010001000100011001000110010001100100010001000110010001100 
