4 0 0 0 0 0 0 0  10000000100000001000000010000000100000001000000010000000100000001000000010000000100000001000000010000000100000001000000010000000100000001000000010000000100000001000000010000000100000001000000010000000 
1 2 2 2 2 2 2 0  11111111111111111111111111111111111111111111111111111110111101111111111111111111111111111111111111111111111111111111111111111111111111111111111111111111111111111111111111111110111111111111111111111110 
4 0 0 0 0 0 0 0  10000000100000001000000010000000100000001000000010000000100000001000000010000000100000001000000010000000100000001000000010000000100000001000000010000000100000001000000010000000100000001000000010000000 
1 2 2 2 2 2 2 0  11111111111111111111111111111111111111111111111111111110111101111111111111111111111111111111111111111111111111111111111111111111111111111111111111111111111111111111111111111110111111111111111111111110 
4 0 0 2 0 0 0 0  10000000100000001001000010000000100000001000000010000000100000001000000010000000100000001000000010000000100000001000000010000000100000001000000010000000100000001000000010000000100000001000000010000000 
3 0 0 2 0 2 0 0  10010100100101001001000010010000100100001001000010010000100000001001000010010000100000001001000010010000100100001001010010010000100100001001000010010000100000001001000010010000100000001001000010010000 
3 0 0 2 0 2 0 0  10010100100100001001010010010000100100001001000010010000100000001001000010010000100100001001000010010000100100001001000010010000100100001001000010010000100100001001010010010000100100001001000010010100 
3 0 0 2 0 2 0 0  10010000100100001001000010010000110100001001000010010000100100001001000010010000100000000001000010010000100100001001010010010000100100001001000010010000100100001001010010010000100100001001000010010100 
4 0 0 2 0 0 0 0  10000000100000001000000010000000100000001000000010000000100000001001000010010000100000001001000010000000100100001001000010010000100000001001000010010000100100001000000010010000100100001000000010010000 
3 0 0 2 0 0 0 0  10010000100101001001010010010000100100001001001010010000100100001001010010010000100100001001000010010000100100001001000010010000100100001001010010010000100100001001010010010000100100001001000010010100 
4 0 0 2 0 0 0 0  10000000100100001001000010000000100000001000000010000000100000001001000010010000100000001000000010000000100000001000000010000000100000001000000010000000100000001000000010000000100000001000000010000000 
3 0 0 2 0 2 0 0  10010000100101001001000010010000100100001001000010010000100000001001000010010000100100001001000010010000100100001001000010010000100100001001000010010000100100001001000010010000100000001001000010010000 
1 1 2 2 2 2 2 0  11111101111111011001010010010100100101111111111111111000111101011110111111111111111111111111111111111111111101111111101111111111111111111111111111011111111111111111111111111110111111111111111010010100 
4 0 0 2 0 0 0 0  10010000100000001000000010000000100000001000000010000000100000001001000010010000100000001000000010000000100000001000000010000000100000001001000010010000100100001000000010010000100100001001000010010000 
4 0 0 2 0 0 0 0  10000000100100001000000010000000100000001000000010000000100000001001000010010000100100001001000010000000100100001001000010010000100000001001000010010000100100001000000010010000100100001001000010010000 
3 0 0 2 0 2 0 0  10010000100100001001010010010100100100001001000010010000100001001001000010010000100100001001000010010000100100001001000010010000100100001001010010010000100100001001010010010000100100001001000010010100 
3 0 0 2 0 2 0 0  10010100100100001001000010010000100100001001000010010000100000001001000010010000100100001001000010010000100100001001010010010000100100001001010010010001101101001001010010010000100101001001000010010100 
3 0 0 2 0 2 0 0  10010100100101001001000010010000100100001001010010010000100100001001010010010000100001001001000010010000100100001001000010010000100100001001010010010000100100001001010010010000100100001001000010010100 
3 0 0 2 0 2 0 0  10010000100101001001000010010000100100001001000010010000100000001001000010010000100100001001000010010000100100001001000010010000100100001001010010010000100100001101010010010000100100001001000010010100 
1 1 2 2 2 2 0 0  11111101100101011001010110010100100101001001010010011101101100001001010010010100100101001101110111010100100100001101111010010100100101001001010010110001100111001001000010010000100101001001000010010100 
3 0 0 2 0 2 0 0  10010101100101001001010010010100100101001001010010010000100100001001010010010100100101000001000010010000100100001001000010010000100100001001000010010000100100001001000010010000100000001001000010010000 
3 1 0 2 0 2 0 0  10011101100101011001010110010100100101001001010010011101101100001001010010010100100101001101110011010100100100001101111010010100100101001001010010110001100111001001000010010000100101001001000010010100 
4 0 0 2 0 0 0 0  10000000100100001001000010000000100100001001000010000000100100000001000010010000100000001001000010010000100000001001000010010000100100001001000010010000100100001001000010010000100100001001000010010000 
4 0 0 2 0 0 0 0  10000000100000001001000010000000100100001001000010000000100000001001000010010000100100011001000010010000100100001001000010010000100100001001000010010000100100001001000010010000100000001001000010010000 
4 0 0 2 0 0 0 0  10010000100000001000000010000000100000001000000010000000100000001000000010000000100000001000000010000000100000001000000010000000100000001000000010000000100000001000000010000000100100001001000010010000 
3 0 0 2 0 0 0 0  10010000100100001000000010010000100000001000000010000000100000001001000010010000100100001001000010010000100100001000000010000000100000001000000010000000100000001001000010010000100000001001000010010000 
3 1 0 2 0 2 0 0  10011101100101011001010110010000100101001001010010011101100100001001010010010100100101001101100011010100100100001101011010010100100101001001010010110001100101001001000010010000100101011001000010010100 
4 0 0 2 0 0 0 0  10000000100000001001000010000000100000001000000010000000100000001001000010010000100100001001000010000000100100001000000010000000100000001000000010000000100000001000000010000000100000001000000010000000 
3 1 0 2 0 2 0 0  10010101100101001001010010010100100101001001010010010101100100001001010010010100100101001101100011010100100100001101011010010100100101001001010010110001100101001001000010010000100101011001000010010100 
3 1 0 2 0 2 2 0  10011101100101011001010110010100100101001001010010011101101100001001010010010100100101001101110011010100100100001101111010010100100101001001010010111011100111001001000010010000100101001001001111111110 
3 0 0 2 0 2 0 0  10010100100101001001010010010100100100001001000010010000100000001001000010010000100000001001000010010000100100001001000010010000100100001001000010010000100100001001000010010000100000001001000010010000 
3 0 0 2 0 2 0 0  10010000100101001001010010010000100100001001010010010000100100001001010010010000100001001001000010010000100100001001000010010000100100001001010010010000100100001001010010010000100100001001000010010100 
3 0 0 2 0 2 0 0  10010000100100001001000010010000100101001001010010010000100100001001010010010100100101000001000010010000100100001001000010010000100100001001000010010000100100001001010010010000100100001001000010010100 
1 1 2 2 2 2 2 0  11111101111111011111110101110100111111011111111111111111111101111111111111011100101111111111111111110111111111111111111111111111111111111111111111111111111111111111111111111110111111111111111111111110 
3 0 0 2 0 2 0 0  10011101100101011001010110010100100101001001010010011101100100001001010010010100100101001101000010010000100100001001010010011000100100001001010010010001101101001001110010010000100101001001000010010100 
3 0 0 2 0 0 0 0  10010000100000001000000010000000100000001000000010000000100000001001000010010000100100001001000010000000100100001001000010010000100000001001000010010000100100001000000010010000100100001001000010010000 
3 0 0 2 0 2 0 0  10010000100100001001000010010000100101001001010010010000100100001001010010010000100000001001000010010000100100001001000010010000100100001001010010110001100101001001000010010000100101011001000010010100 
3 0 0 2 0 0 0 0  10010000100000001001000010010000100000001000000010000000100000001001000010010000100100001001000010010000100100001000000010000000100000001000000010000000100000001000000010000000100000001000000010000000 
1 1 2 2 2 2 2 0  11010101110101011111110010010100100111111111111111111110111101111111111111111111111111111111111111111111111111111111111111111111111111111111111111111111111111111111111111111110111111111111111111111110 
3 1 0 2 2 2 0 0  10011101100101001001010010010100100101001001010010010101100100001101010010010100100101001101100011010100100100001101011010010100100101001001010010010000100100001001010010010000100100001001000010010100 
3 0 0 2 0 2 0 0  10010000100101001001000010010000100101001001010010010000100000001001000010010000100100001001000010010000100100001001010010010000100100001001100010010000100100001001010010010000100100001001000010010100 
3 1 0 2 0 2 0 0  10010101100101001001010010010100100101001001010010010101100100001001010010010100100100001001000010010000100100001001000010010000100100001001000010010000100100001001010010010000100100001001000010010000 
3 0 0 2 0 2 0 0  10010000100100001001010010010000100101001001000010010000100000001001000010010100100000000001000010010000100100001001000010010000100100001001000010010000100100001001000010010000100000001001010010010000 
1 1 2 2 2 2 2 0  11010101110101011111110110010100100101011111010010011101100100001001010010010100111111111111110011010000100100001011111111111111111111111111111111111111111111111111111111111110101111111111011111111110 
1 1 2 2 2 2 2 0  11111111111111011111111111111111111111111111110111110110111101110101111011111111111110110111111111110111111111111111110101111011101111111111010010111111110101011111111111101010111101111111101111111100 
1 1 2 2 2 2 2 0  11011101110101011111110101110101111111011111111111110110100101011001111111110100111111111111111111111111110111111111111011111111111111111111111111111111101011111111111111111110111111111111111111111110 
3 0 0 2 0 0 0 0  10010000100100001001000010010000110100001001000010010000100100001001000010010000100000000001000010010000100100001001000010010000100100001001000010010000100100001001000010010000100000001001000010010000 
3 0 0 2 0 2 0 0  10010100100101001001010010010000100100001001010010010000100100001001010010010000100100001001000010010000100100001001000010010000100100001001010010010000100100001001010010010000100100001001000010010100 
3 0 0 2 0 2 0 0  10010100100100001001000010010000100100001001000010010000100000001001000010010000100100001001000010010000100100001001010010010000100100001001000010010000100100001001010010010000100100001001000010010100 
3 0 0 2 0 2 0 0  10010100100101001001010010010000100100001001010010010000100100001001010010010000100100001001000010010000100100001001000011010000100100001001010010010000100100001001010010010000100100001001000010010100 
3 0 0 2 0 0 0 0  10010000100000001001000010010000100000001000000010000000100000001001000010000000100000001000000010000000100000001000000010000000100100001001000010010000100100001001000010010000100000001001000010010000 
1 1 2 2 2 2 2 0  11111101111111111111111111111111111111111111111111111101111011111101111111110101111111111111111111111111111101111111111111111011111111011111010011111111101101011111111111111110110101111111111111111100 
4 0 0 2 0 0 0 0  10000000100000001001000010000000100100001001000010000000100000001001000010010000100000001000000010000000100000001000000010000000100000001001000010010000100100001001000010010000100000001001000010010000 
4 0 0 2 0 0 0 0  10000000100100001001000010000000100100001000000010000000100000001001000010010000100100001001000010000000100100001001000000010000100100001001000010010000100100001001000010010000100000001001000010000000 
3 0 0 2 0 0 0 0  10010000100100001001000010000000100100001001000010000000100100000001000010010000100000001001000010010000100100001001000010010000100000001001000010000000100100001000000010010000100100001001000010010000 
3 0 0 2 0 0 0 0  10010000100100001000000010010000100000001000000010000000100000001000000010000000100000001000000010000000100000001000000010000000100000001000000010000000100000001000000010000000100000001000000010000000 
3 0 0 2 0 2 0 0  10010000100101001001010010010000100100001001000010010000100100001001010010010000100100001001000010010000100100001001000010010000100100001001010010010000100100001001010010010000100100001001000010010100 
3 0 0 2 0 0 0 0  10010000100100001001000010010000110100001001000010010000100100001001000010010000100000000001000010010000100100001001000010010000100100001001000010010000100100001001000010010000100000001000000010010000 
4 0 0 2 0 0 0 0  10000000100000001000000010000000100000001000000010000000100000001000000010000000100000001000000010000000100000001000000010000000100000001000000010000000100000001000000010000000100100001001000010010000 
3 1 0 2 0 2 0 0  10010101100101001001010010010100100101001001010010010101100100000001010010010100100101001101100011010100100100001101011010010100100101001001000010010000100100001001010010010000100100001001000010010100 
3 0 0 2 0 0 0 0  10010000100100001000000010000000100000001000000010000000100000001000000010000000100000001000000010000000100000001000000010000000100000001000000010000000100000001000000010000000100000001000000010000000 
3 1 0 2 0 2 2 0  10011101100101011001010110010100100101001001010010011101100100001001010010010100100101001101100011010100100100101101011010010100100101001001111111111111111011111111111111111110111111111110111111111110 
3 0 0 2 0 2 0 0  10010100100101001001000010010000100100001001010010010000100100001001010010010000100001011001000010010000100100001101000010010000100100001001010010010000100100001001010010010000100100001001000010010100 
4 0 0 2 0 0 0 0  10000000100000001001000010000000100000001000000010000000100000001001000010010000100100001001000010000000100100001000000010000000100000001000000010000000100000001000000010000000100000001001000010010000 
4 0 0 2 0 0 0 0  10010000100000001000000010000000100000001000000010000000100000001000000010000000100000001000000010000000100000001000000010000000100000001000000010000000100000001000000010000000100000001000000010000000 
4 0 0 2 0 0 0 0  10000000100100001000000010000000100000001000000010000000100000001001000010010000100000001000000010000000100000001000000010000000100000001001000010010000100100001000000010010000100100001001000010010000 
1 1 2 2 2 2 2 0  11011101110101011111110101110101111111011111111111111110111101111101111111111111101111110111111111111111111111111111011011111111111111111111111111111111111111111111111111111110111111111101000010010000 
3 0 0 2 0 2 0 0  10010000100101001001010010010000100100001001000010010000100000001001000010010100100000000001000010010000100100001001000010010000100100001001000000010000100100001001010010010000100100001001000010010000 
4 0 0 2 0 0 0 0  10000000100100001000000010000000100000001000000010000000100000001000000010000000100000001000000010000000100000001000000010000000100000001000000010000000100100001000000010010000100100001001000010010000 
4 0 0 2 0 0 0 0  10000000100000001000000010000000100000001000000010000000100000001001000010010000100000001001000010000000100100001001000010010000100000001000000010000000100000001000000010000000100000001000000010000000 
3 0 0 2 0 0 0 0  10000000100000001000000010000000100000001000000010000000100000001000000010000000100000001000000010000000100000001000000010000000100100001001000010010000100100001001000010010000100000001001000010010000 
3 0 0 2 0 0 0 0  10010000100100001001000010000000100000001000000010000000100000001000000010000000100000001000000010000000100000001000000010000000100000001000000010000000100000001000000010000000100000001000000010000000 
3 0 0 2 0 0 0 0  10010000100100001001000010000000100100001001000010000000100000001000000010000000100000001000000010000000100000001000000010000000100000001000000010000000100000001000000010000000100000001001000010010000 
4 0 0 2 0 0 0 0  10000000100000001001000010000000100100001001000010000000100000001001000010010000100000001000000010000000100000001000000010000000100000001001000010010000100100001001000010010000100000001001000010010000 
1 1 2 2 2 2 2 0  11111101111111011111111111111111111111001011101010110110100101011001111111110100111111111111111111111111110111111111111111111111111111111111111111111111111111110111111111111110111111111111111111111110 
3 0 0 2 0 2 0 0  10010101100101011001010010010100100101001001010010010001100100001001010010010100100100001001000010010000100100001001000010010000100100001001010010010000100100011001010010010000100100001001000010010100 
1 1 2 2 2 2 2 0  11111101111111111111111111111111111111111111111111111110111101111111111011111111111111111111111111111111111111111111111111111111111111111111111111111111111111111111111111111110111111111111111111111110 
4 0 0 2 0 0 0 0  10010000100000001001000010000000100000001000000010000000100000001000000010000000100000001000000010000000100000001000000010000000100000001000000010000000100000001000000010000000100000001000000010000000 
4 0 0 2 0 0 0 0  10010000100000001001000010000000100000001000000010000000100000001001000010010000100000001000000010000000100000001000000010000000100000001000000010000000100000001000000010000000100000001000000010000000 
3 1 0 2 0 2 0 0  10010101100101001001010010010100100101001001010010010101100100001001010010010100100101001101100011010100100100001101011010010100100101001001010010010000100100001001010010010000100100001001000010010100 
4 0 0 2 0 0 0 0  10000000100000001001000010010000100000001000000010000000100000001000000010000000100000001000000010000000100000001000000010000000100100001001000010010000100100001001000010010000100000001001000010010000 
3 0 0 2 0 0 0 0  10010000100000001001000010010000100000001000000010000000100000001001000010010000100100001001000010000000100100001001000010010000100000001001000010010000100100001001000010010000100000001001000010010000 
3 0 0 2 0 0 0 0  10010000100100001001000010000000100000001000000010000000100000001001000010010000100100001001000010000000100100000001000010010000100000001001000010010000100100001000000010010000100100001001000010010000 
4 0 0 2 0 0 0 0  10000000100100001001000010000000100000001000000010000000100000001001000010010000100000001000000010000000100000001000000010000000100000001000000010000000100100001000000010010000100000001001000010010000 
3 0 0 2 0 0 0 0  10010000100100001001000010000000100100001001000010000000100000001000000010000000100000001000000010000000100000001000000010000000100000001000000010000000100000001000000010000000100000001001000010010000 
1 1 0 2 0 2 0 0  11010101110101011111110110010100100101001001010010010101100100001001010011010100100101001101100011010100100100000101011010010100100101001001010010110001100101001001000010010000110101011001000010010100 
3 0 2 2 2 2 0 0  11010101110101011111110110010100110101011111010010011101100100001001010010010100111111001101110111010100100100001101111010010100100101001001010010110001100111001001000010010000100101001001000010010100 
1 1 2 2 2 2 2 0  11111101111111011111111111111111111111111111111111111110111101111111111111111111111111111111111111111111111111111111111111111111111111111111111111111111111111111111111111111110111111111111111111111110 
3 0 0 2 0 2 0 0  10010100100100001001000010010000100100001001000010010000100000001001000010010000100100001001000010010000100100001001000010010000100100001011010010010000100100001001010010010000100100001001000010010100 
4 0 0 2 0 0 0 0  10000000100100001000000010000000100000001000000010000000100000001000000010000000100000001000000010000000100000001000000010000000100000001000000010000000100000001000000010010000100100001001000010010000 
4 0 0 2 0 0 0 0  10000000100000001001000010000000100100001001000010000000100000001001000010010000100100011001000010010000100100001001000010010000100100001001000010010000100100001001000010010000100100001001000010010000 
4 0 0 0 0 0 0 0  10000000100000001000000010000000100000001000000010000000100000001000000010000000100100001000000010000000100000001000000010000000100000001000000010000000100000001000000010000000100000001000000010000000 
3 0 0 2 0 0 0 0  10010000100100001000000010010000100000001000000010000000100000001001000010010000100100001001000010010000100100001000000010000000100000001000000010000000100000001000000010000000100000001000000010000000 
4 0 0 2 0 0 0 0  10000000100100001000000010000000100000001000000010000000100000001001000010010000100000001000000010000000100000001000000010000000100100001001000010010000100100001001000010010000100000001001000010010000 
4 0 0 2 0 0 0 0  10000000100100001001000010010000100000001000000010000000100000001001000010010000100000001000000010000000100100001001000010010000100000001001000010000000100000001000000010000000100100001001000010010000 
3 0 0 2 0 0 0 0  10010000100100001001000010000000100000001000000010000000100000001000000010000000100000001000000010000000100000001000000010000000100000001000000010000000100000001000000010000000100000001000000010000000 
3 1 0 2 2 2 2 0  10011101100101011001010110010100100101001001010010011101100100001001010010010100100101001101100011010100100100001101011010010100100101001001111111111111111011111111111111111110111111111110111111111110 
4 0 0 2 0 0 0 0  10000000100100001001000010000000100000001000000010000000100000001001000010010000100000001000000010000000100000001000000010000000100000001000000010000000100100001000000010010000100100001001000010010000 
3 1 0 2 2 2 2 0  10011101100101011001010110010100100101001001010010011101100100001000010010010100100101001101100011010100100100001101011010010100100101001001111111111111111111111101101111111100111111111111111111111110 
3 0 0 2 0 2 0 0  10010000100101001001000010010000100101001001010010010000100000001001000010010000100100001001000010010000100100001001010010010000100100001001010010010001101101001001010010010000100101001001000010010100 
