4 0 0 0 0 0 0 0  10000000100000001000000010000000100000001000000010000000100000001000000010000000100000001000000010000000100000001000000010000000100000001000000010000000100000001000000010000000100000001000000010000000 
2 2 2 2 2 2 2 2  11111111111111111111111111111111111111111111111111111111111111111101111011111111111111111111111111111110111111111111111111111111111111111111111111111111111111111111111111111110111111111111111011111110 
2 2 2 2 2 2 2 2  11111111111111111111111111111111111111111111111111111111111111111101111011111111111111111111111111111110111111111111111111111111111111111111111111111111111111111111111111111110111111111111111011111110 
4 0 0 0 0 0 0 0  10000000100000001000000010000000100000001000000010000000100000001000000010000000100000001000000010000000100000001000000010000000100000001000000010000000100000001000000010000000100000001000000010000000 
4 0 0 2 0 0 0 0  10000000100000001000000010000000100000001000000010000000100000001000000010000000100000001000000010000000100000001000000010010000100100001000000010000000100100001000000010010000100100001001000010010000 
4 0 0 1 0 0 0 0  10000000100000001000000010000000100000001000000010000000100000001000000010000000100000001000000010000000100000001000000010000000100000001000000010000000100000001000000010000000100000001001000010000000 
2 2 2 2 0 2 0 0  11011101111111011101010110010101100111001001010110010100100111011001010010010000100100001011010010010000100100001001010010010000100101011001000010010100100100001001000010010100100100001001000010010100 
3 0 0 2 0 0 0 0  10010000100000001001000010000000100100001001000010000000100100001000000010000000100100001000000010000000100000001000000010000000100000001000000010000000100000001001000010000000100000001000000010000000 
3 0 0 2 0 0 0 0  10010000100100001001000010000000100000001000000010000000100000001000000010000000100000001000000010000000100000001000000010000000100000001000000010000000100000001000000010000000100000001000000010000000 
4 0 0 2 0 0 0 0  10000000100000001001000010000000100000001001000010010000100000001001000010010000100000001001000010010000100000001001000010010000100100001000000010010000100100001001000010010000100100001001000010010000 
2 2 2 2 2 2 0 1  11011101111111011101010110010101100111001001010110010100100101011011011010010100100100001001010010010010100100001001010010010100100101001001000010011000101101011001110010011101100101001111111011011100 
2 0 0 2 0 2 0 1  10010101100101011001010110010100100101001001010110011100100111011001010010010000100100001111010010010010100100001001010010010100100101001001000010011000101101011001110010011101100101001111111011011100 
2 0 0 2 0 2 0 0  10010101100101011001010110010100100101001001010010010100100100001001010010010000100100001001010010110100100100001001010010010000100101001001000010010100100101001001000010010100100100001001000010010100 
4 0 0 2 0 0 0 0  10000000100000001001000010000000100000001001000010010000100100001001000010010000100000001001000010000000100000001000000010000000100000001000000010000000100000001001000010010000100100001001000010010000 
4 0 0 2 0 0 0 0  10000000100000001001000010000000100000001001000010000000100000001000000010000000100000001000000010000000100000001000000010000000100000001000000010000000100000001001000010010000100100001000000010000000 
2 0 0 2 0 2 0 0  10010000100101001001000010010100100101001001010010010000100110001001000010010000100100001001010010010000100100001001010110010000100101001000000010010000100100001001000010010000100100001001000010010000 
2 0 0 2 0 2 0 0  10010000100101001001000010010100100101001001010010010000100110001001000010010000100100001001010010010000100100001001010010010000100101001001000010010100100100001001000010010100100100001001000010010100 
2 0 0 2 0 2 0 0  10010101100101011001010110010100100101001001010110011100100011011001010010010000100100001111010010010010100100001001010010010100100101001001000010010101100100001001000010010100100100001001000110010100 
2 2 2 2 2 2 2 2  11111101111111011111111111111111111111111111111111111111111111111101111011111111111111111111111111111110111111111111111111111111111111111111111111111111111111111111111111111110111111111111111011111110 
4 0 0 1 0 0 0 0  10010000100000001000000010000000100000001000000010000000100000001000000010000000100000001000000010000000100000001000000010000000100000001000000010000000100000001000000010000000100000001000000010000000 
2 0 0 2 0 0 0 0  10010000100100001001000010000000100100001001000010010000100100001001000010010000100000000001000010010000100000001001000010010000100100001001000010010100100100001001000010010100100100001001000010010000 
2 2 2 2 2 2 2 2  11011101111111011101010110010101100111001001010110010100100111011001010010010000101111011111111101111011111111110111111111111111111111111111111111111111111111111111011111111110111111101111111010011100 
3 0 0 2 0 0 0 0  10010000100000001000000010000000100100001001000010000000100000001001000010000000100000001000000010000000100000001000000010000000100000001001000010010000100100001001000010010000100100001001000010010000 
2 2 2 2 2 2 2 2  11011101111111011101010110010111111111111111111111111111111111111101111011111111111111111111111111111110111111111111111111111111111111111111111111111101111111111111111111111110111111111111111011111110 
4 0 0 2 0 0 0 0  10000000100100001000000010000000100000001000000010000000100000001000000010000000100000001000000010000000100000001000000010000000100000001000000010000000100000001001000010000000100000001000000010000000 
3 0 0 2 0 0 0 0  10010000100100001001000010000000100000001001000010010000100000001000000010010000100000001000000010000000100000001000000010000000100000001000000010000000100000001000000010000000100000001001000010000000 
4 0 0 2 0 0 0 0  10000000100100001001000010000000100000001001000010010000100100001001000010010000100000001001000010000000100000001000000010000000100000001000000010000000100000001001000010010000100100001001000010010000 
3 0 0 2 0 0 0 0  10010000100000001000000010000000100100001000000010000000100000001001000010000000100000001000000010000000100000001000000010000000100000001000000010000000100000001001000010010000100100001001000010010000 
2 0 0 2 0 0 0 0  10010000100100001001000010010000100100001001000010010000100100001001000010010000100000001001000010010000100000001001000010010000100100001000000010000000100100001001000010010000100100001001000010010000 
2 0 0 2 0 2 0 0  10010100100101001001000010010000100100001001000010010000100100001001010010010000100100001001010010010000100100001001010010010000100101001001000010010000100100001001000010010000100100001001000010010000 
3 0 0 2 0 0 0 0  10010000100100001000000010000000100000001000000010000000100000001000000010000000100000001000000010000000100000001000000010000000100000001000000010000000100000001000000010000000100000001000000010000000 
2 0 0 2 0 2 0 0  10010100100101001001010010010000100100001001000010010000100100001001000010010000100100001001010010010000100100001001010010010000100101001001000010010100100101001001000010010000100100001001000010010000 
3 0 0 2 0 0 0 0  10010000100000001000000010000000100100001000000010000000100000001001000010000000100000001000000010000000100000001000000010000000100000001000000010000000100000001000000010000000100000001000000010010000 
2 0 0 2 0 2 0 0  10010100100100001001010010010000100100001001000010010000100100001001000010010000100100001001010010010000100100001001010010010000100101001001000010010100100101001001000010010100100100001001000010010100 
2 0 0 2 0 2 0 0  10010100100100001001000010010000100100001001000010010000100100001001000010010000100100001001010010010000100100001001010010010000100101001000000010010000100100001001000010010000100100001001000010010000 
2 0 0 2 0 2 0 0  10010100100101001001000010010000100100001001010010010000100100001001010010010100100100001001010010010000100100001001010010010000100101001001000010010100100101001001000010011100100100001001000010010000 
2 1 2 2 2 2 2 1  11111101111111011111111101111111100111001001010110010100110101011001011010010100101111111110111111011110111111111111111111111111110110111111111111111111111101111011110010011101100101001111111011111100 
4 0 0 2 0 0 0 0  10000000100100001001000010000000100000001000000010000000100000001000000010000000100000001000000010000000100000001000000010000000100000001000000010000000100000001000000010000000100000001000000010000000 
2 0 0 2 0 2 0 0  10010000100100001001010010010000100101001001010010010000100100001001010010010100100100001001010010010000100100001001010010010000100101001001000010010000100100001001000010010000100100001001000010010000 
2 0 0 2 0 2 0 0  10010100100101001001010010010000100100001000010010010000100100001001010010010100100100001001010010010000100100001001010010010000100101001001000010010100100101001001000010010100100100001001000010010100 
4 0 0 2 0 0 0 0  10000000100000001000000010000000100000001001000010010000100100001001000010010000100000001001000010010000100000001001000010010000100100001000000010000000100100001001000010010000100100001001000010010000 
3 0 0 2 0 0 0 0  10010000100000001001000010000000100100001001000010000000100100001000000010000000100100001000000010000000100000001001000010010000100100001000000010000000100100001000000010010000100100001001000010010000 
2 0 0 2 0 0 0 0  10010000100100001001000010000000100100001001000010000000100100001001000010010000100000001001000010010000100000001001000010010000100100001000000010000000100100001001000000010000100100001001000010010000 
2 0 0 2 0 2 0 0  10010000100101001001010010010000100100001001000010010000100100001001011010010100100100001001010010010000100100001101010010010000100101001001000010010100100101001001010010010100100100001001000010010100 
2 0 0 2 0 2 0 0  10010100100100001001010010010000100100001001010010010000100100001001011010010000100100001001010010010000100100001001010010010000100101001001000010010100100101001001000010010100100100001001000010010100 
2 1 2 2 2 2 2 2  11111111111111111101010110011101101111001111111111111111111111111101111011111111111111011111111101111011111111110111111111111111111111111111111111111111111111111111011111111110111111101111111010011100 
2 0 2 2 2 2 2 2  10011101100101011001010110010100100111001001010110011100100101011011011010010100100100001001010010011110111111111111111111111111111111111111111111111111111111111111111111111110111111111111111011111110 
2 0 0 2 0 2 0 0  10010100100101001001010010010000100100001001000010010000100100001001000010010000100100001001010010010000100100001001010010010000100101001001000010010000100101001001000010000000100000001000000010000000 
3 0 0 2 0 0 0 0  10010000100100001000000010000000100000001000000010000000100000001001000010000000100000001000000010000000100000001001000010010000100100001000000010010000100100001001000010010000100100001001000010010000 
3 0 0 2 0 2 0 0  10010000100100001001000010010000100100001001010010010000100100001001010010010100100100001001010010010000100100001001010010010000100101001001000010010100100101001001000010010100100100001001000010010100 
2 0 0 2 0 2 0 0  10010100100100001001000010010000100100001001010010010000100100001001010010010100100100001001010010010000100100001001010010010000100101001001000010010000100101001001010010010100100100001001000010010100 
2 0 0 2 0 2 0 0  10010100100100001001000010010000100100001001010010010000100100001001010010010100100100001001010010010000100100001001010010010000100101001001000010010000100100001001000010010000100100001001000010010000 
2 0 0 2 0 2 0 0  10010000100100001001010010000000100100001001000010010000100100001001010010010000100100001001010010010000100100001001010010010000100101001001000010010000100100001001000010010000100100001001000010000000 
2 0 0 2 0 2 0 0  10010101100101011001010110010100100101001001010110011100100011011001010010010000100100001111010010010010100100001001010010010100100101001001000010010101100100001001000010010100100100101001000110010100 
2 1 2 2 2 2 2 2  11111101111111111111111111111111111111111111111111111111111111111101111011111101111111111111111111111110111111111111111111110110111111111111111111111111110111111001010010011101100101001111111010011100 
4 0 0 2 0 0 0 0  10000000100100001001000010000000100100001001000010010000100100001001000010010000100000001001000010010000100000001001000010010000100100001000000010000000100000001001000010010000100100001001000010010000 
2 0 0 2 0 2 0 0  10010000100100001001010010010000100100001001010010010100100100001001010010010000100100001001010010010000100100001001010110010000100101001000000010010000100100001001000010010000100100001001000010010000 
2 0 0 2 0 2 0 0  10010101100101001001010010010000100101001001010010010000100100001001000010010000100100001001010010010000100100001001010010010000100101001001000010010100100100001001000010010100100100001001000010010100 
4 0 0 2 0 0 0 0  10000000100000001000000010000000100000001001000010010000100100001001000010010000100000001001000010000000100000001000000010000000100000001000000010000000100000001001000010010000100100001001000010010000 
2 0 0 2 0 2 0 0  10010000100100001001000010010000100100001001000010010000100100001001010010010000100000001001010010010000100100001001010010010000100101001001000010010100100101001001000010010100100100001001000010010000 
2 0 0 2 0 2 0 0  10010101100101001001010010010000100101001001010010010000100100001001010010010000100100001001010010110100100100001001010010010000100101001001000010010100100101001001000010010100100100001001000010010100 
2 0 0 2 0 2 0 0  10010000100100001001010010011000100100001001010010010100100100001001010010010000100100001001010010010000100100001001000010010000100111001001000010010100100100001001010010010100100100001001000010011100 
4 0 0 1 0 0 0 0  10000000100100001001000010000000100000001000000010000000100000001000000010000000100000001000000010000000100000001000000010000000100000001000000010000000100000001000000010000000100000001001000010000000 
2 0 0 2 0 2 0 0  10010000100101001001010010010000100100001001000010010000100100001001010010010000100100001001010010010000100100001001010010010000100101001001000010010000100100001001000010010000100100001001000010000000 
2 0 0 2 0 2 0 0  10010101100101001001010010010000100101001001010010010000100100001001000010010000100100001001010010010000100100001001010110010000100101001000000010010000100100001001000010010000100100001001000010010000 
2 1 2 2 2 2 2 2  11111101111111111111111111111111111111111111111111111111111111111101111011111111111111111111111111111110111111111111111111111111111111111111111111111111111111111111111111111110111111111111111011111110 
4 0 0 2 0 0 0 0  10000000100000001000000010000000100000001001000010010000100000001001000010010000100000001001000010010000100000001000000010010000100100001000000010010000100100001001000010010000100100001001000010010000 
4 0 0 2 0 0 0 0  10000000100100001001000010000000100000001000000010000000100000001000000010000000100000001000000010000000100000001001000010010000100100001000000010010000100100001001000010010000100100001001000010010000 
3 0 0 2 0 0 0 0  10010000100100001000000010000000100000001000000010000000100000001000000010000000100000001000000010000000100000001000000010000000100000001000000010000000100000001001000010010000100100001001000010010000 
3 0 0 2 0 0 0 0  10010000100100001001000010010000100100001001010010010000100100001001010010010000100100001001000010010000100000001001000010010000100100001000000010010000100100001001000010010000100100001001000010010000 
4 0 0 2 0 0 0 0  10000000100100001000000010000000100100001001000010000000100000001000000010000000100000001000000010000000100000001001000010000000100000001000000010010000100100001001000010010000100100001001000010010000 
4 0 0 2 0 0 0 0  10000000100100001000000010000000100100001001000010000000100100001000000010000000100100001000000010000000100000001000000010000000100000001000000010000000100000001001000010000000100000001000000010000000 
2 0 0 2 0 2 0 0  10010000100101001001010010010000100100001001000010010000100100001001000010010001100100001001010010010000100100001001010010010000100101001001000010010100100100001001000010010100100100001001000110010100 
2 0 2 2 2 2 2 1  10011101100101011001010110010100100111001001010110011100100101011011011010010100100100001001010010010010100100001001010010010100100101001001000010011000111101011001110010011101100101001111111011111100 
4 0 0 2 0 0 0 0  10000000100000001000000010000000100000001001000010010000100100001001000010010000100000001001000010000000100000001000000010000000100000001000000010000000100000001001000010010000100100001001000010010000 
3 0 0 2 0 0 0 0  10010000100000001001000010000000100000001000000010000000100000001000000010000000100000001001000010010000100000001001000010010000100100001000000010010000100100001001000010010000100100001001000010010000 
2 2 2 2 2 2 2 2  10011101100101011001010110010101100111001001010110010100100101011011011010010100100100001001010010010110111111111111111111111111111111111111111111111111111111111111110111111110111111111111111011111110 
4 0 0 2 0 0 0 0  10000000100100001001000010000000100100001001000010010000100100001001000010010000100000001001000010010000100000001001000010010000100100001000000010000000100100001001000010010000100100001001000010010000 
2 0 0 2 0 2 0 0  10010000100100001001010010010000100101001001010010010000100100001001010010010100100100001001010010010010101100001001010010010000100101001001000010010000100100001001000010010000100100001001000010010000 
2 0 0 2 0 2 0 0  10010101100101011001010110010100100101001001010010010000100110001001000010010000100100001001010010010000100100001001010010010000100101001001000010010100100101001001000010010100100100001001000010010100 
4 0 0 2 0 0 0 0  10000000100000001001000010000000100000001001000010000000100000001000000010000000100000001000000010000000100000001001000010000000100000001000000010010000100100001001000010010000100100001001000010010000 
2 0 0 2 0 2 0 0  10010000100100001001000010010100100101001001010010010000100100001001010010010000100100001001010010010000100100001001000010010000100111001001000010010100100100001001010010010100100100001001000010011100 
4 0 0 2 0 0 0 0  10000000100100001000000010000000100000001000000010000000100000001000000010000000100000001000000010000000100100001000000010000000100000001000000010000000100000001001000010000000100100001001000010010000 
2 0 0 2 0 2 0 0  10010000100101001001010010010000100100001001000010010000100100001001010010010000100100001001010010010000100100001001010010010000100101001001000010010000100100001001000010010000100100001001000010010000 
3 0 0 2 0 0 0 0  10010000100000001001000010000000100000001000000010000000100000001000000010000000100000001000000010000000100000001000000010000000100000001000000010000000100000001000000010000000100000001000000010000000 
2 0 0 2 0 2 0 1  10010101100101011001010110011100100111001001010110011100100101011011011010010100100100001001010010010010100100001001010010010100100101011001000010011000101101011001110010011101100111001111111011011110 
2 2 2 2 2 2 2 2  10010101100101011001010110010100100101001001010110011100100011011001010010010000100100011111111111111110111111111111111111111111111111111111111111111111111111111111111111111110111111111111111011111110 
3 0 0 2 0 0 0 0  10010000100100001000000010000000100000001000000010000000100000001001000010000000100000001000000010000000100000001000000010010000100000001000000010010000100100001001000010010000100100001001000010010000 
2 0 0 2 0 0 0 0  10010000100100001001000010010000100100001001000010010000100100001000000010000000100100001000000010000000100000001000000010000000100000001000000010000000100000001001000010000000100000001000000010000000 
2 2 2 2 2 2 2 2  10010101100101011001010110011100100111001001010110011100100101011011011010010100100100001001010010010010100100001001010010010100100101011001000010011010101101011001110010011110111111111111111011111110 
2 0 0 2 0 2 0 0  10010100100100001001010010010000100100001001000010010000100100001001000010010000100100001001010010010000100100001001110010010000100100001000000010000000100100001001000010010000100101001001000010010000 
3 0 0 2 0 0 0 0  10010000100000001001000010000000100000001000000010000000100000001000000010000000100000001000000010000000100000001000000010000000100000001000000010000000100000001000000010000000100000001000000010000000 
2 0 0 2 0 2 0 0  10010000100101001001010010010000100100001001000010010000100100001001010010010000100100001001010010110100100100001001010010010000100101001001000010010100100101001001000010010100100100001001000010010100 
4 0 0 2 0 0 0 0  10000000100100001001000010000000100100001001000010010000100100001000000010000000100000001000000010000000100000001000000010000000100000001000000010000000100000001000000010000000100000001000000010000000 
4 0 0 2 0 0 0 0  10000000100100001000000010000000100100001001000010000000100000001001000010000000100000001000000010000000100000001000000010000000100000001000000010010000100100001001000010010000100100001001000010010000 
2 2 2 2 2 2 2 1  11011101111111010101010110010101100111001001010110010100110101011101011010010100100110001001000010010100100100001111111111111111110111111111111111111111111101111011110010011101100101001111111011111100 
2 0 0 2 0 2 0 0  10010100100100001001010010010000100100001001000010010000100100001001000010010000100100001001010010010000100100001001010010010000100100001000000010000000100100001001000010010000100101001001000010010000 
3 0 0 2 0 0 0 0  10010000100100001000000010000000100000001000000010000000100000001000000010000000100100001000000010000000100000001000000010000000100000001000000010000000100000001001000010000000100000001000000010000000 
3 0 0 2 0 2 0 0  10010000100100001001000010010000100100001001000010010000100100001001000010010000100100001001010010010000100100001001010010010000100101001001000010010100100100001001000010010000100100001001000010010000 
2 2 2 2 2 2 2 2  10010101100101011001010110010100100101001001010110011100100011011001010010010000100100011111111111111110111111111111111111111111111111111111111111111111111111111111111111111110111111111111111011111110 
