4 0 0 0 0 0 0 0  10000000100000001000000010000000100000001000000010000000100000001000000010000000100000001000000010000000100000001000000010000000100000001000000010000000100000001000000010000000100000001000000010000000 
2 1 2 2 2 2 2 0  11111111111111111111111111111111111111101111111011111110111101111101111011111110111111101111111111111111111111111111111011111111111111111111111111111111111111111111111111111110111111101111111111111111 
2 1 2 2 2 2 2 0  11111111111111111111111111111111111111101111111011111110111101111101111011111110111111101111111111111111111111111111111011111111111111111111111111111111111111111111111111111110111111101111111111111111 
4 0 0 0 0 0 0 0  10000000100000001000000010000000100000001000000010000000100000001000000010000000100000001000000010000000100000001000000010000000100000001000000010000000100000001000000010000000100000001000000010000000 
2 1 2 2 2 2 2 0  11111101111111011101110111111111111111111111111011111110111101111101001010011101100011001101110111110101111011111111111011111111111111111111111111111111111111111111111111111110111111101111111111111110 
2 1 2 2 2 2 2 1  11111101111111111111111101111111111111101111111011111110111111011101111110111110011111001111111111011111111111011111101111110110110101011111111111011111111111111111011111110110111101101111111111111101 
3 0 0 2 0 0 0 0  10010000100000001000000010010000100100001000000010000000100100001001000010010000100000001000000010010000100000001001000010000000100000001001000010010000100000001001000010010000100100001001000010010000 
3 0 0 2 0 0 0 0  10010000100100001001000010000000100000001001000010010000100100001001000010010000100000001000000010010000100000001001000010000000100000001001000010010000100000001001000010010000100100001001000010010000 
2 0 0 2 0 2 0 0  10010100100101001001000010010000100101001001010010010100100100001001000010010000100000001001000010010100100100001001000010000101100101001001000010010100100101001001000010010100100100001001010010010000 
3 0 0 2 0 0 0 0  10010000100100001001000010000000100000001001000010010000100100001001000010000000100000001000000010000000100000001000000010000000100000001000000010010000100000001000000010000000100000001000000010000000 
4 0 0 2 0 0 0 0  10000000100100001001000010010000100100001001000010010000100100001001000010010000100000001000000010010000100100001000000010000000100000001000000010010000100000001000000010000000100000001000000010000000 
2 1 2 2 0 2 0 0  11110101111101011101010111110100101101001001010010010100100100001001000010010100100011001001000010010100000101001001000010001100100101001001000010011100100101001001000010010100100100001001010010010000 
4 0 0 2 0 0 0 0  10000000100000001000000010010000100100001001000010010000100100001001000010010000100000001000000010010000100100001000000010000000100000001000000010010000100000001000000010000000100000001000000010000000 
3 0 0 2 0 0 0 0  10010000100100001000000010010000100100001001000010010000100100001000000010000000100000001000000010000000100000001000000010000000100000001000000010010000100000001000000010000000100000001000000010000000 
4 0 0 2 0 0 0 0  10000000100000001001000010000000100000001000000010000000100000001000000010000000100000001000000010000000100000001000000010000000100000001000000010000000100000001000000010000000100000001000000010000000 
4 0 0 2 0 0 0 0  10010000100000001000000010000000100100001000000010000000100000001000000010000000100000001000000010000000100100001001000010000000100000001000000010000000100000001001000010010000100100001001000010010000 
2 1 2 2 2 2 2 1  10011101100101011001010010110100100011001001011010010100100011001011001010010101100011001001000010010100100101001001010110001100100111001001000011011111101111111111011111111100111111101011111111111101 
2 0 0 2 0 2 0 0  10010100100100001001010010010100100100001001000010010000100101001001000010010000100000001001000010010100100100001001000010010000100001001001000010010000100000001001000010010000100100001001000010010000 
2 0 0 2 0 2 2 1  10011101100101011001010010110100100011001001010010010100100011001011001010010101100011001001000010010100100101001001000110001100100101001001000010010101100101001001010010010100111111101011111111111101 
2 0 0 2 0 2 0 0  10010100100101001001010010010000100101001001010010010100100100001001000010010000100000001001000010010000100100001001000010010000100001001001000010010000100000001001000010010000100100001001000010010000 
2 0 0 2 0 2 2 1  10010101100101001001010010010100100011001001010010010100100011001011001010010101100011001001000010010100100101001001000110001100100101001001000010010101100101001001010010010100110111101011111111111101 
4 0 0 2 0 0 0 0  10000000100000001000000010000000100000001000000010000000100000001000000010000000100000001000000010000000100000001000000010000000100000001000000010000000100000001001000010010000100100001000000010010000 
2 0 0 2 0 2 0 0  10010000100100001001010010010100100101001001010010010100100100001001000010010000100000001001000010010010100101001001000010001100100101001001000010010101100101001001010010010100100100001001000010010000 
2 0 2 2 2 2 2 1  11111111111111111101010111010011110111101111101111111110111111111101111111111110111111001111111111011111111111111111101111110110111101111111111111011111111111111111011111111110111101101111111111111101 
4 0 0 2 0 0 0 0  10000000100100001000000010000000100000001000000010000000100000001000000010000000100000001000000010000000100000001000000010000000100000001000000010000000100000001001000010010000100000001001000010010000 
4 0 0 2 0 0 0 0  10000000100100001000000010000000100000001000000010000000100000001000000010000000100000001000000010000000100000001000000010000000100000001000000010000000100000001000000010000000100000001000000010000000 
2 0 0 2 0 2 0 0  10010100100101001001010010010000100101001001010010010100100100001001000010010000100000001001000010010100100100001001000010000101100101001001100010010100100101001001000010010100100100001001010010010000 
4 0 0 2 0 0 0 0  10000000100100001000000010000000100100001000000010010000100000001000000010000000100000001000000010010000100000001000000010000000100000001001000010010000100000001000000010010000100000001000000010000000 
4 0 0 2 0 0 0 0  10000000100000001001000010000000100000001000000010000000100000001001000010000000100000001000000010010000100000001000000010000000100000001000000010010000100000001000000010000000100000001000000010000000 
4 0 0 2 0 0 0 0  10010000100000001000000010000000100000001000000010000000100000001000000010000000100000001000000010000000100000001000000010000000100000001000000010000000100000001000000010000000100000001000000010000000 
4 0 0 2 0 0 0 0  10000000100000001000000010000000100000001000000010000000100000001000000010000000100000001001000010000000100100001001000010000000100000001001000010010000100000001001000010010000100100001001000010010000 
2 0 0 2 0 2 0 0  10010100100100001001010010010100100100001001000010010000100101001001000010010000100000001001000010010100100100001001000010010000100101001001000010010101100101001001010010010100100100001001000010010000 
2 0 0 2 0 2 0 0  10010100100100001001000010010000100101001001010010010000100100001001000010010000100000001001000010010000100100001001000010000000100001001001000010010000100101001001010010010100100100001001000010010000 
2 0 0 2 0 2 0 0  10010000100100001001000010010000100100001001000010010000100101001001000010010000100000001001000010010000100100001001000010010000100001001001000010010000100000001001000010010000100100001001000010010000 
2 1 2 2 2 2 2 0  11111101111111111111111111111111111111111111111011111110111101111101111111111111111111101111111111111111111111111111111011111111111111111111111111111111111111111111111111111110111111101111111111111111 
2 0 0 2 0 2 0 0  10010000100101001001000010010000100101001001010010010100100100001001000010010000100000001001010010010100100100001001000010011100100101001001000010011100100101001001000010010110100100001001010010011000 
3 0 0 2 0 0 0 0  10010000100100001000000010000000100000001000000010000000100000001000000010000000100000001000000010000000100000001000000010000000100000001000000010010000100000001000000010000000100000001000000010000000 
4 0 0 2 0 0 0 0  10000000100000001000000010000000100000001000000010000000100000001000000010000000100000001000000010010000100000001001000010000000100000001001000010010000100000001001000010010000100100001000000010000000 
3 0 0 2 0 0 0 0  10010000100000001001000010010000100000001001000010010000100000001001000010010000100100001000000010000000100100001000000010000000100000001001000010010000100000001001000010010000100100001001000010010000 
3 0 0 2 0 2 0 0  10010101100101011001010010110100100101001001010010010100100100001001000010010100100011001001010010010100100101001001000010001100100101001001000010010101100101001001010010010100100100001001000010010000 
2 1 2 2 2 2 2 0  11110101111101011101010111111111111111101111111011111110111101111101111011111110111111101111111111111111111111111111111011111111111111111111111111111111111111111111111111111110111111101111111111111111 
2 0 0 2 0 2 0 0  10010000100100001001000010010000100100001001000010010000100101001001000010010000100000001001000010010100100100001001000010010000100001001001000010010000100101001001010010010100100100001001000010010000 
2 0 0 2 0 2 0 0  10010000100101001001010010010100100100001001000010010000100100001001000010010100100000001001000010010000100100001001000010000000100001001001000010010000100101001001010010010100100100001001000010010000 
2 0 0 3 0 2 0 0  10010000100100001001000010010000100101001001000010010000100100001011000010010000100000001001000010010000100101001001000010001100100101001001000010010101100101001001010010010100100101001001000010010000 
2 0 0 2 0 2 0 0  10010100100101001001010010010000100101001001010010010100100100001001000010010000100000001001000010010000100100001001000010010000100001001001000010010000100101001001010010010100100100001001010010010000 
2 0 0 2 0 2 0 0  10010100100101001001000010010000100100001001000010010000100101001001000010010000100000001001000010010000100100001001000010010000100001001001000010010000100000001001000010010000100100001001000010010000 
3 0 0 2 0 0 0 0  10010000100100001000000010010000100100001001000010010000100100001000000010000000100000001000000010000000100000001000000010000000100100001000000010000000100000001001000010010000100100001000000010010000 
4 0 0 2 0 0 0 0  10000000100100001001000010010000100100001001000010010000100100001001000010010000100000001000000010010000100100001001000010000000100000001001000010010000100000001001000010010000100100001001000010010000 
3 0 0 2 2 2 2 0  10010101100101011001010010110100100011001001010010010100100011001011001010010101100011001001000010010100100101001001000110001100100101001001000010010101100101001001010010010100111111101011111111111111 
2 0 0 2 0 0 0 0  10010000100100001001000010010000100100001001000010010000100100001001000010010000100000001000000010010000100001001001000010000000100100001001000010010000100000001001000010010000100100001001000010010000 
2 0 0 2 0 2 0 0  10010100100100001001000010010100100100001001000010010000100101001001000010010000100000001001000010010100100100001001000010010000100001001001000010010000100000001001000010010000100100001000000010000000 
2 0 0 2 0 2 0 0  10010000100101001001000010010000100101001001010010010100100100001001000010010000100000001001010010010100100100001001000010000101100101001001000010010100100101001001000010010000100100001001000010010000 
4 0 0 2 0 0 0 0  10000000100000001001000010000000100000001000000010000000100000001000000010000000100000001000000010000000100100001001100010000000100000001001000010010000100000001001000010010000100100001001000010010000 
3 0 0 2 0 0 0 0  10010000100000001001000010010000100100001001000010010000100100001001000010000000100000001000000010000000100000001000000010000000100000001000000010010000100000001000000010000000100000001000000010000000 
2 0 0 3 0 2 0 0  10010100100101001001010010010000100101001001010010010100100101001001000010010100100011001001000010010100100111001001000010010100100101001001000010010101100101001001010010010100100100001001000010010000 
4 0 0 0 0 0 0 0  10000000100000001001000010000000100000001000000010000000100000001000000010000000100000001000000010000000100100001001000010000000100000001001000010010000100000001001000010000000100000001000000010000000 
4 0 0 2 0 0 0 0  10000000100000001001000010010000100100001001000010010000100100001001000010010000100000001000000010000000100100001001000010000000100000001001000010010000100000001001000010010000100100001000000010000000 
3 0 0 2 0 2 0 0  10010100100100001001000010010000101101001001010010010000100100001001000010010000100000001001000010010000100100001001000010000000100001001001000010010101100101001001010010010100100100001001000010010000 
2 1 2 2 2 2 2 1  11110101111101010101010111110100100101000101010010010100100101001001000010010100100011001001000010010100110101001001000010011100100101001001000010011100100101001001010010010100111111101011111111111101 
4 0 0 2 0 0 0 0  10000000100100001001000010010000100100001001000010010000100100001001000010010000100000001000000010000000100100001001000010000000100000001001000010010000100000001001000010010000100100001000000010000000 
4 0 0 2 0 0 0 0  10000000100100001001000010000000100000001001000010010000100100001001000010000000100000001000000010010000100000001000000010000000100000001000000010000000100000001000000010000000100000001000000010000000 
2 0 0 2 0 2 0 0  10010000100100001001000010010000100100001011000010010000100101001001000010010000100000001001000010010100100100001001000010010000100001001001000010010000100101001001010010010100100100001001000010010000 
2 0 0 2 0 2 0 0  10010000100100001001010010010100100101001001010010010000100101001001000010010000100000001101000010010100100100001001000010010001100001001001000010010000100000001001000010010000100100001001000010010000 
2 0 0 2 0 2 0 0  10010000100100001001010010010100100101001001010010010100100100001001000010010000100000001001000010010000100101001001000010001100100101001001000010011100100101001001000010010100100100001001010010010000 
4 0 0 2 0 0 0 0  10000000100100001001000010000000100000001001000010010000100100001001000010000000100000001000000010010000100000001000000010000000100000001000000010000000100000001000000010000000100000001000000010000000 
3 0 0 2 0 2 0 0  10010101100101011001010010110100100101001001010010010100110100001001000010010100100011001101010010010100100101001001000010001100100101001001000010010101100101001001010010010100100100001001010010011000 
2 0 0 2 0 2 0 0  10010000100100001001000010010000100101001001010010010100100100001001000010010100100011001001000010010100100101001001000010001100100101001001000010011100100101001001000010010100100100001001010010010000 
2 0 0 3 0 2 0 0  10010101100101001001010010010100100101001001010010010100100101001001000010010100100011001001000010010100100101001001000010011100100101001001000010011100100101001001000010010110100100001001010010010000 
2 0 0 2 0 2 0 0  10010000100100001001010010010100100101001001010010010000100101001001000010010000100000001001000010010100100100001001000010010000100001001001000010010000100000001001000010010000100100001001000010010000 
4 0 0 2 0 0 0 0  10010000100000001001000010010000100000001000000010000000100000001001000010000000100000001000000010010000100000001000000010000000100000001000000010000000100000001000000010000000100000001000000010000000 
3 0 0 2 0 2 0 0  10010000100101001001010010010000100101001001010010010100100100001001000010010000100000001001000010010000100100001001000010010000100001001001000010010000100101001001010010010100100100001001000010010000 
3 0 0 2 0 0 0 0  10000000100100001000000010000000100100001000000010000000100100001001000010010000100000001000000010010000100000001001000010000000100000001001000010010000100000001001000010010000100100001001000010010000 
2 0 0 2 0 2 0 0  10010101100101001001010010010100100101001001010010010100100100001001000010010100100011001001000010010100100101001001000010001100100101001001000010000101100101001001010010010100100100001001000010010000 
2 1 2 2 0 0 0 0  11110101111101011101010111110100100101001101010010010100100101001001000010010100100011001001010010010100100101001001000010001100100101001001000010010101100101001001010010010100100100001001000010010000 
4 0 0 2 0 0 0 0  10010000100000001001000010000000100000001000000010000000100000001001000010000000100000001000000010010000100000001000000010000000100000001000000010010000100000001000000010000000100000001000000010000000 
2 1 2 2 2 2 2 0  11111101111111011101110111111111111111111111111011111110111101111101001010011101100011000101110111110101111111001011011011111111111101111111000010010100100101011001010010010100111111101111111111111111 
2 0 0 2 0 0 0 0  10010000100100001001000010010000100100001001000010010000100100001001000010010000100000001000000010010000100000001001000010000000100100001001000010010000100000001001000010010000100100001001000010010000 
2 0 0 2 0 2 0 0  10010000100101001001010010010100100100001001000010010000100100001001000010010100100011001001000010010100100101001001000010010000100101001001000010010101100101001001010010010100100100001001000010010000 
4 0 0 0 0 0 0 0  10000000100000001000000010000000100000001000000010000000100000001000000010000000100000001000000010000000100000001000000010000000100000001000000010000000100100001000000010000000100000001000000010000000 
2 1 2 2 2 2 0 0  11110101111101010101010111110100100101000101010010010100100101001001000010010100100011001001000010010100110101001001000010011100100101001001000010010101100101001001010010010100100101001001000010010000 
2 0 0 2 0 2 0 0  10010101100101011001010010110100100101001001010010010100110100001001000010010100100011001101010010010100100101001001000010011100100101001001000010010101100101001001010010010100100100011001000010010000 
2 0 0 2 0 0 0 0  10010000100100001001000010010000100100001001000010010000100100011001000010010000100000001000000010010000100000001001000010000000100100001001000010010000100000001001000010010000100100001001000010010000 
3 0 0 2 0 0 0 0  10010000100100001001000010000000100000001000000010000000100000001000000010000000100000001000000010000000100000001000000010000000100000001000000010000000100000001000000010000000100000001000000010000000 
4 0 0 2 0 0 0 0  10000000100000001001000010000000100000001001000010010000100100001001000010000000100000001000000010000000100100001001000010000000100000001001000010010000100000001001000010010000100100001001000010010000 
2 0 0 2 0 2 0 0  10010000100101001001000010010000100101001001010010010100100100001001000010010000100000001001010010010100100100001001000010011100100001001001000010010101100101001001010010010100100100001001000010010000 
4 0 0 2 0 0 0 0  10000000100100001001000010000000100000001000000010000000100000001000000010000000100000001000000010000000100000001000000010000000100000001000000010000000100000001000000010000000100000001000000010000000 
3 0 0 2 0 0 0 0  10010000100100001000000010000000100000001000000010000000100000001000000010000000100000001000000010000000100000001000000010000000100000001000000010000000100000001000000010000000100000001000000010000000 
3 0 0 2 0 0 0 0  10010000100000001001000010010000100000001001000010010000100000001001000010010000100100001000000010000000100100001000000010000000100000001001000010010000100000001000000010010000100000001000000010000000 
4 0 0 2 0 0 0 0  10000000100100001001000010000000100000001000000010000000100000001000000010000000100000001000000010000000100000001000000010000000100000001000000010000000100000001000000010000000100000001000000010000000 
2 0 0 3 0 2 0 0  10010000100100001001000010010000100101001001010010010100100101001001000010010100100011001001000010010100100101001001000010011100100101001001000010011100100101001001000010010110100100001001010010010000 
3 0 0 2 2 2 2 1  10010101100101011001010010110100100101001001010010010100100100001001000010010100100011001001010010010100100101001001000010001100100101001001000010010101100101001001010111111100111111101011111111111101 
2 0 0 2 0 2 0 0  10010000100101001001010010010100100100001001000010010000100100001001010010010100100011001001000010010100100101001001000010010000100101001001000010010101100101001001010010010100100100001001010010011000 
4 0 0 2 0 0 0 0  10010000100000001000000010000000100000001000000010000000100000001000000010000000100000001000000010000000100000001000000010000000100000001000000010000000100000001001000010010000100100001000000010010000 
2 1 2 2 2 2 2 1  11110101111101011101010111110100100101001101010010010100100101001001000010010100100011001001000010010100100101001001010110001100100111001001000011011111101111111111011111111100111111101011111111111101 
2 0 2 2 2 2 2 1  11110101111101010101010111110100100101000101010010010100100101111101111111111110111111001111111111011111011111111111101111110110111101111111111111011111111111111111011111111110111101101111111111111101 
3 0 0 2 0 0 0 0  10010000100100001001000010000000100000001000000010000000100000001000000010000000100000001000000010000000100000001000000010010000100000001000000010010000100000001000000010000000100000001000000010000000 
2 0 0 3 0 2 0 0  10010100100101001001010010010000100101001001010010010100100101001001000010010100100011001001000010010100100111001001000010010100100101001001000010011100100101001001000010010100100100001001010010010000 
4 0 0 0 0 0 0 0  10000000100000001000000010000000100000001000000010000000100000001000000010000000100000001000000010000000110000001000000010000000100000001000000010000000100000001000000010000000100000001000000010000000 
2 0 0 2 0 2 0 0  10010100100101001001000010010000100101001001010010010100100100001001000010010000100000001001000010010000100100001001000010010000100001001001000010010000100000001001000010010000100100001001000010010000 
2 0 0 2 0 2 0 0  10010100100101001001000010010000100101001001010010010100100100001001000010010000100000001001000010010000100100001001000010010000100001001001000010010000100000001001000010010000100100001001000010010000 
