4 0 0 0 0 0 0 0  10000000100000001000000010000000100000001000000010000000100000001000000010000000100000001000000010000000100000001000000010000000100000001000000010000000100000001000000010000000100000001000000010000000 
2 2 2 1 2 2 2 0  11111111111111111111111111111111111111111111111011111110111101111101111111111111111111111111111111111111111111111111111111111111111111111111111111111111111111111111111111111110111111101111111011111110 
2 2 2 1 2 2 2 0  11111111111111111111111111111111111111111111111011111110111101111101111111111111111111111111111111111111111111111111111111111111111111111111111111111111111111111111111111111110111111101111111011111110 
4 0 0 0 0 0 0 0  10000000100000001000000010000000100000001000000010000000100000001000000010000000100000001000000010000000100000001000000010000000100000001000000010000000100000001000000010000000100000001000000010000000 
2 0 0 0 2 2 0 0  10001100100011001000110010001100100011001000110010001100100010001000110010001000100010001000110010001101100101001000110010001100100011001000100010001000100010001000100010001000100010001000110010001000 
2 0 0 0 2 2 0 0  10001100100011001000100010001000100010001000110010001000100010001000100010001000100010001000100010001100100010001000000010001000100010001000100010001000100010001000100010001000100010001000100010001000 
2 0 0 1 2 2 0 0  10010100100101001001110010001100100011001000110010001100100010001000100010001000100010001000100010001100100010001000100010001100100010001000110010001000100010001000110110000100100111001000100010001100 
2 0 0 1 2 2 0 0  10011101100111011001010110011100100011011000110010011100100010001000110010001000100010001000100010001101100111001000110010001101100011001000110010001100100010101000110110001100100011001000110010001000 
2 0 0 0 2 2 0 0  10001100100010001000110010001000100010001000110010001000100010001000100110001000100010001000100010001000100010001000100010001101100010001000110010001000100010001000100010001000100010001000100010001000 
2 2 2 1 2 2 2 0  10011101100111011001010110011100100011011000110010011100100110001001111111011101111011111111111111111111111111111111111111111111111111111101111111111111111111111111111111111111111111001111111011110110 
3 0 0 0 2 2 0 0  10001000100010001000100010001100100011001000110110001100100011101000110010001000100010001000100010001100100011001001110010001101100011001000110010001100100010001000110110001000100010001000100010001000 
4 0 0 0 2 0 0 0  10000000100010001000100010001000100010001000100010000000100000001000000010000000100000001000000010000000100000001000000010000000100000001000000010000000100000001000000010000000100000001000000010000000 
2 0 0 0 2 2 0 0  10001100100011001000100010001000100011001000110010001000100010001000110010001000100011001000100010001100100010001000100010001100100011001000110010001101100010001000110110001000100010001000110010001000 
2 0 0 0 2 2 0 0  10001000100011001000110010001100100011001000110110001100100011001000110010001000100010001000100010001100100011001000110010001101100011001000110010001100100010001000110110001000100010001000100010001000 
2 2 2 1 2 2 2 0  11111111111101111111110111111111111101111101111011111111111111110111011110111111111111111111111111111110111111111111111101111111111111111101111111111111111111111111111111111111111111001111110011110110 
2 0 0 1 2 2 0 0  10011101100111011001110110011100100011001001110010001110111101111101111111011100100010001000100010001100100010001001100010001100100011001000110010001100100010001000110110001100110011001000100011001000 
2 0 0 0 2 2 0 0  10001000100010001000110010001000100010001000110010001100100010001000110010001000100010001000110010001100100010001000100010001100100011001000110010000100100010001000110110001100100011001000100010001000 
4 0 0 0 2 0 0 0  10000000100010001000000010000000100000001000000010000000100000001000000010000000100000001000000010000000100000001000000010000000100000001000000010000000100000001000000010000000100000001000000010000000 
3 0 0 0 2 0 0 0  10001000100000001000000010000000100010001000100010000000100000001000000010000000100000001000000010000000100000001000000010000000100010001000100010001000100010001000100010001000100000001000000010000000 
3 0 0 0 2 0 0 0  10001000100010001000100010001000100010001000100010001000100010001000100010001000100010001000100010001000100010001000100010001000100010001000100010001001100010001000100010001000100000001000100010001000 
3 0 0 0 2 0 0 0  10001000100000001000100010000000100000001000000010000000100000001000000010000000100000001000000010000000100000001000000010000000100000001000000010000000100000001000000010000000100000001000000010000000 
3 0 0 0 2 0 0 0  10001000100000001000000010000000100010001000100010000000100000001000000010000000100000001000000010000000100000001000000010000000100000001000000010000000100010001000100010001000100000001000000010000000 
4 0 0 0 2 0 0 0  10000000100000001000000010000000100010001000100010000000100000001000000010000000100000001000000010000000100000001000000010000000100000001000000010000000100010001000100010001000100000001000000010000000 
3 0 0 0 2 0 0 0  10001000100010001000100010000000100000001000000010000000100000001000100010000000100000001000000010000000100000001000000010000000100000001000000010000000100000001000000010000000100000001000000010000000 
3 0 0 0 2 0 0 0  10001000100000001000100010000000100000001000100010000000100000001000000010000000100000001000100010001000100000001000000010001000100010001000100010001000100010001000100010001000100010001000100010001000 
4 0 0 0 2 0 0 0  10000000100000001000000010000000100000001000000010000000100000001000000010000000100000001000000010001000100010001000000010000000100000001000000010000000100000001000000010000000100000001000000010001000 
1 2 2 1 2 2 0 0  11110101111111011001010110011100100011011000110010011100100010001000110010001000100010001000100010001101100111001000110010001101100011001000110010001100100010101000110110001100100011001000110010001000 
4 0 0 0 2 0 0 0  10000000100010001000100010001000100010001000100010000000100000001000100010001000100000001000100010001000100000001000000010001000100010001000100010001000100010001000100010001000100010001000100010001000 
4 0 0 0 2 0 0 0  10000000100010001000000010001000100010001000100010000000100000001000000010000000100000001000000010000000100010001000100010001000100010001000100010001000100010001000100010001000100000001000100010001000 
3 0 0 0 2 0 0 0  10001000100010001000000010000000100010001000100010000000100010001000100010001000100010001000000010000000100000001000000010000000100000001000100010001000100010001000100010001000100000001000000010000000 
2 0 0 0 2 2 0 0  10001000100011001000110010001100100011001000110010001000100011001000100110001000100010001000100010001000100000001000000010001100100011001000110010001100100010001000110110001000100010001000100010001000 
2 0 0 1 2 2 0 0  10011101100111011001010110011100100011011000110010011100100010001000110010001000100010001000100010001100100010001000100010001100100011001000110010001101100010001000110110001000100010001000110010001000 
4 0 0 0 2 0 0 0  10000000100010001000000010000000100010001000100010000000100000001000000010000000100000001000000010000000100000001000000010000000100000001000000010000000100000001000000010000000100000001000000010000000 
3 0 0 0 2 0 0 0  10001000100010001000100010000000100000001000000010000000100000001000000010000000100000001000000010000000100010001000100010001000100010001000100010001000100010001000100010001000100000001000100010001000 
4 0 0 0 2 0 0 0  10000000100010001000100010001000100010001000100010000000100000001000100010001000100010001000100010000000100000001000000010000000100000001000000010000000100000001000000010000000100000001000000010000000 
4 0 0 0 2 0 0 0  10000000100000001000100010000000100000001000000010000000100000001000000010000000100000001000000010000000100000001000000010000000100010001000100010001000100010001000100010001000100000001000000010000000 
4 0 0 0 2 0 0 0  10000000100000001000000010000000100000001000100010001000100010001000100010000000100000001000000010000000100010001000100010001000100010001000100010001000100010001000100010001000100000001000100010001000 
2 0 0 0 2 2 0 0  10001100100011001000110010001000100010001000110010001000100010001000110010001000100010001000110010001101100101001000110010001100100011001000100010001000100010001000100010001000100010001000110010001000 
3 0 0 0 2 0 0 0  10001000100010001000100010000000100000001000000010000000100000001000100010001000100010001000100010000000100010001000000010001000100000001000000010000000100000001000000010000000100000001000000010000000 
4 0 0 0 0 0 0 0  10000000100000001000000010000000100000001000000010000000100000001000000010000000100000001000000010000000100000001000000010000000100000001000000010000000100000001000000010001000100000001000000010000000 
2 2 2 1 2 2 2 0  10011101100111011001110110011100100011001001110010001000100110001001111111011100100010001000100010001101100101001000110010001100100011001000110010001110100111111111111111111111111111101111111011111110 
4 0 0 0 2 0 0 0  10000000100000001000000010000000100000001000100010001000100010001000100010000000100000001000000010000000100010001000000010000000100000001000100010001000100010001000100010001000100000001000000010000000 
2 0 0 0 2 2 0 0  10001000100010001000100010001000100010001000110010001100100010001000110010001000100010001000110010001100100010001000100010001100100011001000110010001100100010001000110110001100100011001000100010001000 
4 0 0 0 2 0 0 0  10000000100000001000100010000000100000001000100010001000100010001000100010000000100000001000000010000000100010001000100010001000100010001000100010001000100010001000100010000000100000001000100010001000 
2 0 0 1 2 2 0 0  10011100100111001001110010001100100011001000110010011100100010001000110010001000100000001000100010001101100111001000110010001101100011001000110010001100100010001000110110001100100011001000100010001000 
2 0 0 1 2 2 2 0  10011101100111011001010110011101100011011000110010011100100010001000110010001000100010001000100010001101100111001000110010001101100011001000110010001100100010101100110110001100101111101111111011111100 
1 2 2 1 2 2 2 0  11110101111111001111110011111111111101011111111011111011111101111101111111011100100010001000100010001100100010001001100010001100100011001000110010001100100101111111111111101111111111101111111011110110 
3 0 0 0 2 0 0 0  10001000100010001000000010000000100010001000100010000000100010001000100010000000100000001000000010000000100000001000000010000000100000001000000010000000100000001000000010000000100000001000000010000000 
2 0 0 0 2 2 0 0  10001000100011001000110010001000100010001000110010001100100010001000110010001000100010001000100010001100100010001000000010001000100010001000100110001000100010001000100010001000100010001000110010001000 
2 0 0 0 2 2 0 0  10001100100010001000100010001000100011001000110010001100100010001000110010001000100010001000100010001100100010001000000010001000000010001000100010001000100010001000100010001000100010001000110010001000 
4 0 0 0 2 0 0 0  10000000100010001000000010001000100010001000100010000000100000001000000010000000100000001000000010000000100000001000000010000000100000001000000010000000100000001000000010001000100000001000100010000000 
2 2 2 1 2 2 2 0  11111101111101111111110101011111110111111111111011111111111111110111011110111111010111111111111101111110111111111111110111111111111111111101111111111111111111101111111111111111111111001111111011110010 
2 0 0 0 2 0 0 0  10001000100010001000100010001000100010001000100010000000100000001000100010001000100010001000100010000000100000001000000010001000100010001000100010001000100010001000100010001000100010001000100010001000 
2 0 0 0 2 0 0 0  10001000100010001000100010001000100010001000100010001000100010001000100010001000101010001000100010001000100010001000100010001000100011001000100010001000100010001000100010001000100010001000100010001000 
2 0 0 0 2 2 0 0  10001100100011001000110010001000100010001000110010001000100010001000100110001000100010001000100010001000100010001000100010001101100010001000110010001000100010001000100010001000100010001000100010001000 
4 0 0 0 2 0 0 0  10000000100000001000100010000000100000001000100010000000100000001000000010000000100000001000000010000000100000001000000010000000100010001000100010001000100010001000100010001000100000001000100010001000 
1 2 2 1 2 2 2 0  11110101111111001111110111111111111101001111111011111011111111111111011110111111111111111111111111111111111110111111110010001101100011111101111111111101111111101111111110001000100010001000100010001000 
3 0 0 0 2 0 0 0  10001000100000001000100010000000100000001000000010000000100000001000000010000000100000001000000010001000100010001000000010000000100000001000000010000000100000001000000010000000100000001000000010001000 
2 2 2 1 2 2 2 0  11111101111111111101111111111111111101111111111011111111111111111111011110111111111111111111111111111111111101111111111111011111111111111101111111111111111111111101111111111111111111001111111011111110 
2 0 0 0 2 2 0 0  10010100100101001001110010001100100011001000110010001100100010001000100010001000100010001000100010001100100010101000100010001100100011001000110010001101100010001000110110001000100010001000110010001000 
3 0 0 0 2 0 0 0  10001000100000001000100010000000100000001000000010001000100000001000100010001000100010001000100010000000100010001000000010001000100000001000000010000000100000001000000010000000100000001000000010000000 
2 0 0 0 2 2 0 0  10001000100010001000100010001000100010001000110010001100100010001000110010001000100010001000110010001100100010001000100010001100100011001000110010101100100010001000110110001100100011001000100010001000 
4 0 0 0 2 0 0 0  10001000100000001000000010000000100000001000000010000000100000001000000010000000100000001000000010000000100000001000000010000000100000001000000010000000100000001000000010000000100000001000000010000000 
2 0 0 1 2 2 0 0  10011100100111001001110010001100100011001000110010011100100010001000110010001000100010001000100010001101100111001000110010001101100011001000110010001100100010101000110110001100100011001000100010001000 
2 2 2 1 2 2 2 0  11111101111111001111110111111111111111111111111011111110111101111101111111111111111111111111111111111111111111111111111111111111111111111111111111111111111111111111111111111110111111101111111011111110 
2 0 0 0 2 2 0 0  10001000100010001000110010001000100010001000110010001100100010001000110010001000100010001000110010001100100010001100100010001100100011001000110010000100100010001000110110001100100011001000100010001000 
3 0 0 0 2 0 0 0  10001000100010001000000010000000100000001000000010000000100000001000000010000000100000001000000010000000100000001000000010000000100000001000000010000000100000001000000010000000100000001000000010000000 
3 0 0 0 2 0 0 0  10001000100000001000100010000000100000001000100010000000100000001000000010000000100000001000000010000000100000001000000010000000100010001000100010001000100010001000100010001000100000001000100010001000 
4 0 0 0 2 0 0 0  10000000100000001000000010000000100000001000100010001000100010001000000010000000100000001000000010000000100000001000000010001000100010001000100010001000100000001000000010001000100000001000100010000000 
3 0 0 0 2 0 0 0  10001000100010001000000010000000100010001000100010000000100010001000100010000000100000001000000010000000100000001000000010000000100000001000000010000000100000001000000010001000100000001000100010001000 
2 2 2 1 2 2 2 0  10011101100111011111110111111111111101111111111011111111111111111111011110111101111111111111111111111111111101111111111111111111111111111101111111111111111111111111111111111111111111001111111011111110 
2 0 0 0 2 2 0 0  10001100100010001000100010001000100011001000110010001100100010001000110010001000100010001000100010001100100010001000100010001100100010001000110010001100100010001000110110001100100011001000100110001000 
2 0 0 0 2 2 0 0  10001000100011001000100010001000100011001000110010001100100010001000110010001000100010001000100010001100100011001000110010001101100011001000110010001100100010001000110110001100100011001000100010001001 
2 0 0 0 2 2 0 0  10001100100011001000110010001000100010001000110010001000100010001000100110001000100010001000100010001000100010001000100010001101100010001000110010001000100010001000100010001000100000001000000010000000 
3 0 0 0 2 2 0 0  10001000100010001000100010001000100010001000100010001000100010001000100010001000100010001000100010001000100011001000110010001101100011001000110010001100100010001000110110001000100010001000100010001000 
2 2 2 1 2 2 2 0  11111101111101111111110101011111111111111111111011111110111101111101111111111111111111111111111111111111111111111111111111111111111111111111111111111111111111111111111111111110111111101111111011111110 
2 0 0 0 2 2 0 0  10001100100010001000100010001000100011001000110010001100100010101000110010001000100010001000100010001100100000001000000010001000100010001000100010001000100010001000100010001000100010001000100010001000 
2 2 2 1 2 2 2 0  11111101111111001111110111111111111101011111111011111100111101111101111111111111111111101111111111111111111111111111111111111111111111111111111111111111111111111111111111111111111111101111111011111110 
4 0 0 0 2 0 0 0  10000000100010001000100010001000100010001000100010000000100000001000100010001000100010001000100010000000100000001000000010001000100010001000100010001000100000001000000010001000100000001000100010000000 
4 0 0 0 2 0 0 0  10001000100000001000000010000000100000001000000010000000100000001000000010000000100000001000000010000000100000001000000010000000100000001000000010000000100000001000000010000000100000001000000010000000 
1 2 2 1 2 2 2 0  11110101111111001111110111111111111101011111111011111011111111111111011110111111111111111111111111111111111111111111111111111111111111111101111111111111111111111111111111111111111111001111111011110110 
2 0 0 0 2 2 0 0  10001000100010001000100010001000100010001000100010001000100010001000100010001000100010001000100010001000100010001000100010001101100010001000110010001000100010001000100010001000100010001000100010001000 
4 0 0 0 2 0 0 0  10000000100010001000000010000000100000001000000010000000100000001000000010000000100000001000000010000000100010001000100010001000100010001000100010001000100010001000100010001000100000001000100010001000 
4 0 0 0 2 0 0 0  10000000100000001000100010000000100000001000100010001000100000001000000010000000100000001000000010000000100000001000000010000000100000001000000010000000100000001000000010000000100000001000000010000000 
2 0 0 0 2 2 0 0  10001000100011001000100010001000100011001000110010001000100010001000110010001000100011001000100010001100100010001000100010001100100011001000110010001101100010001000110110001000100010001000110010001000 
4 0 0 0 2 0 0 0  10000000100000001000100010000000100000001000100010001000100010001000100010000000100000001000000010000000100010001000000010000000100000001000100010001000100010001000100010001000100000001000000010000000 
3 0 0 0 2 0 0 0  10001000100010001000000010000000100000001000000010000000100000001000000010000000100000001000000010000000100000001000000010000000100000001000000010000000100000001000000010000000100000001000000010000000 
2 0 0 0 2 2 0 0  10011100100111001001110010001100100011001000110010011100100010001000110010001000100010001000100010001101100111101000110010001101100011001000110010001100100010101000110110001100100011001000100010001000 
4 0 0 0 2 0 0 0  10000000100010001000100010001000100010001000100010000000100000001000000010000000100000001000100010001000100000001000000010000000100010001000100010001000100010001000100010001000100000001000000010000000 
4 0 0 0 2 0 0 0  10000000100000001000100010000000100000001000000010000000100000001000000010000000100000001000000010000000100000001000000010000000100000001000000010000000100000001000000010000000100000001000000010000000 
4 0 0 0 2 0 0 0  10000000100000001000100010000000100000001000000010001000100000001000000010000000100000001000100010001000100000001000000010001000100010001000100010001000100010001000100010001000100010001000100010001000 
4 0 0 0 2 0 0 0  10000000100000001000100010000000100000001000000010000000100000001000000010000000100000001000000010000000100000001000000010000000100000001000000010000000100000001000000010001000100000001000100010000000 
2 0 0 0 2 2 0 0  10010100100101001001110010001100100011001000110010001100100010001000100010001000100010001000100010001100100010001000100010001100100011001000110010001101100010001000110110001000100010001000110010001000 
2 2 2 1 2 2 2 0  10011101100111011001010110011101100011011000110010011100100010001000110010001000101010001000100010001101100111001000110011111111111111111111111111111111111111111111111111111110111111101111111011111110 
2 0 0 0 2 2 0 0  10001100100010001000100010001000100011001000110010001100100010001000110010001000100010001000100010001100100010001000100010001100100010001000110010001100100010001000110110001100100011001000100010001000 
1 2 2 1 2 2 2 0  11110101111111001111110111111111110101001111111011111011111111111111011110111111111111111111111111111111111110111111110010001101100011111101111111111101110111111111111111111111111111101111111011111110 
2 0 0 0 2 2 0 0  10001000100010001000100010001000100010001000100010001000100010001000100010001000100010001000100010001100100010001000100010001100100011001000110010001101100010001000110110001000100010001000110010001000 
2 2 2 1 2 2 2 0  10011101100111011001110110011111111101011111111011111011111101111101111111011100100010001000100010001100100010001001100010001100100001001000110011001100100101111111111111101111111111101111111011110110 
3 0 0 0 2 0 0 0  10001000100010001000100010001000100010001000100010001000100010001000100010001000100010001000000010000000100000001000000010000000100000001000100010001000100010001000100010001000100000001000000010000000 
2 2 2 1 2 2 2 0  11111101111111111101111111111111111101111111111011111111111111111111011110111111111111111111111111111111111101111111111111011111111111111101111111111111111111111001111111111111111111001111111011111110 
