4 0 0 0 0 0 0 0  10000000100000001000000010000000100000001000000010000000100000001000000010000000100000001000000010000000100000001000000010000000100000001000000010000000100000001000000010000000100000001000000010000000 
2 2 2 2 2 2 2 1  11111111111111111111111111111111111111111111111011111110111101111101111111111111111111111111111011111111111111111111111011111111111111111111111111111111111111111111111111111111111111111111111111111111 
2 2 2 2 2 2 2 1  11111111111111111111111111111111111111111111111011111110111101111101111111111111111111111111111011111111111111111111111011111111111111111111111111111111111111111111111111111111111111111111111111111111 
4 0 0 0 0 0 0 0  10000000100000001000000010000000100000001000000010000000100000001000000010000000100000001000000010000000100000001000000010000000100000001000000010000000100000001000000010000000100000001000000010000000 
3 0 0 0 2 0 0 0  10000000100000001000100010000000100000001000100010000000100000001000100010001000100000001000000010000000100000001000000010000000100000001000100010000000100000001000000010000000100000001000000010000000 
2 2 2 2 2 2 0 1  10011101100111001101110101011101111111101100100010001100100001011000100010010100100110001001110010001100100010001001110110001000110101001000110010001100100111001000110010001100100011001000110010001100 
3 0 0 0 2 2 0 0  10001000100011001000110010001000100010001000100010001000100011001000110010001000100010001000100010001000100010001000100010001000100010001000100010001000100010001000110010001100100011001000110010001100 
3 0 0 0 2 0 0 0  10001000100010001000100010001000100010001000100010001000100000001000100010001000100000001000100010001000000010001000100010001000100010001000100010001000100010001000100010001000100010001000100010001000 
3 0 0 0 2 2 0 0  10001100100011001000110010001000100010001000100010001000100000001000000010001000100000001000100010001000000010001000100010001000100010001000100010001000100010001000110010001100100011001000110010001100 
2 2 2 2 2 2 2 1  11110101111111011111010001111101111111111101111011110010111101111111111111111011111101111111011101110111111100011001111111010101011111111111110111010100010100110101111111111111111111111111111111011110 
3 0 0 0 2 0 0 0  10000000100000001000100010000000100010001000100010000000100000001000100010001000100000001000000010000000100000001000000010000000100000001000100010000000100000001000000010000000100010001000100010001000 
2 2 2 2 2 2 2 1  01010101010101011111010001111101111111111101111011110010111101111111111111111011111111111111011101110111111100111001111111010101011111111111110111010100010100110101111111111111111111111111111111011110 
3 0 0 0 2 0 0 0  10001000100010001000000010000000100010001000100010001000100000001000100010001000100000001000000010001000100010001000100010000000100010001000000010001000100010001000100010001000100000001000000010000000 
3 0 0 0 2 2 0 0  10001100100011001000100010001000100010001000100010001000100001001000110010001000100010001000100010001000100010001000100010001000100010001000100010001100100011001000110010001100100011001000100010001000 
4 0 0 0 2 0 0 0  10000000100010001000000010000000100000001000000010000000100000001000000010000000100000001000000010000000100000001000000010000000100000001000000010000000100000001000000010000000100000001000000010000000 
3 0 0 0 2 2 0 0  10001000100011001000100010001000100010001000100010001000100011001000110010001000100010001000100010001000100010001000100010001000100010001000100010001000100010001000110010001100100011001000110010001100 
3 0 0 0 2 2 0 0  10001000100011001000110010001000100010001000100010001100100000001000100010001000100000001000110010001000100010001000110110001000100111001000110010001000100011001000110010001100100111001000110010001100 
4 0 0 0 2 0 0 0  10000000100000001000100010000000100000001000000010000000100000001000000010000000100000001000000010000000100000001000000010000000100000001000100010000000100000001000000010000000100000001000000010000000 
2 2 2 2 2 2 2 1  11111101111111011111010001111101111111111101111011110010111101111111111111111011111111111111011101110111111100111001111111010101011111111111110111010100010100110101111111111111111111111111111111011110 
3 0 0 0 2 2 0 0  10001000100010001000100010001000100010001000100010001000100010001000100010001000100000001000110010001000100010001000110110001000100010001000100010001000100010001000100010001000100010001000100010001000 
4 0 0 0 2 0 0 0  10000000100000001000000010000000100000001000000010000000100000001000000010000000100000001000000010001000100010001000000010000000100010001000100010001000100010001000100010000000100000001000000010000000 
3 0 0 0 2 2 0 0  10001100100011001000110010001000100010001000100010001000100011001000110010001000100010001000100010001000100010101000100010001000100010001000110010001100100011001000110010001100100011001000110010001100 
2 2 2 2 2 2 2 1  01010101010101011101110111111111111111111111111011111110111101111111111111111111111111111111111111111111111111111111111111111111111111011111111111111111111111111111111111111111111111111111111111111111 
2 0 0 0 2 2 0 0  10001100100011001000110010001000100010001001100010001100100001011000100010010100100110001001110010001000100010001001110110001000100111001000110010001000100011001000110010001100100111001000110010001100 
2 2 2 2 2 2 0 0  10011101100111001001110110011000100111001000100010001100100001011000100010010100100110001001110010001100100011001001110110001000110101001000110010001100100011001000110010001100100011001000110010001110 
3 0 0 0 2 2 0 0  10001000100011001000110010001000100010001000100010001000100010001000100010001000100000001000110010001000100010001000110110001000100010001000100010001000100010001000100010001000100010001000000010000000 
2 0 0 0 2 2 0 0  10001100100011001000110010001000100010001001100010001100100001011000100010010100100110001001110010001000100010001001110110101000100101001000110010001100100011001000110010001100100111001000110010001100 
3 0 0 0 2 0 0 0  10001000100000001000000010000000100000001000000010000000100000001000000010000000100000001000100010000000100000001000000010000000100000001000100010001000000010001000100010000000100000001000000010000000 
4 0 0 0 2 0 0 0  10000000100000001000000010000000100000001000000010000000100000001000000010000000100000001000000010000000100000001000000010000000100000001000000010001000100010001000100010000000100000001000000010000000 
3 0 0 0 2 0 0 0  10001000100000001000100010000000100000001000000010000000100000001000000010000000100000001000000010000000100000001000000010000000100000001000000010000000100000001000000010000000100000001000000010000000 
4 0 0 0 2 0 0 0  10000000100010001000000010000000100010001000100010000000100000001000000010001000100000001000100010000000100010001000100010000000100010001000100010000000100010001000100010000000100000001000100010001000 
3 0 0 0 2 0 0 0  10001000100000001000000010000000100000001000000010000000100000001000000010001000100010001000100010001000100000001000000010001000100010001000100010001000100010001000100010000000100000001000000010000000 
2 2 2 2 2 2 2 1  11111111111111111111110101011101111111111101011011010010111101111111111111111111111111111111010101110111111100111001111111010101011101111111110111010100010110110101111111111111111111111111111111011111 
3 0 0 0 2 2 0 0  10001101100011001001110110011000100111001000100010001100100001011000100010010100100110001000110010001000100010001000110110001000100011001000100010001000100010001000100010001100100010001000100010001000 
3 0 0 0 2 0 0 0  10000000100010001000000010000000100010001000100010000000100000001000100010001000100000001000000010000000100000001000000010000000100000001000100010000000100000001000000010000000100000001000100010001000 
2 0 0 0 2 2 0 0  10001100100010001000100010001000100010001000100010001100100000001000100010001000100010001000100010001000100010001000100010001000100010001000110010001100100011001000110010001100100011001000110010001100 
4 0 0 0 2 0 0 0  10001101100011001001110110011100100111001000100010001100100001001000100010010100100110001001110010001100100011001001110110001000110101001000110010001100100011001000110010001100100011001000110010001000 
3 0 0 0 2 0 0 0  10001000100010001000000010000000100010001000100010001000100010001000000010000000100000001000000010000000100000001000000010000000100000001000100010000000100000001000000010000000100000001000000010000000 
2 2 2 2 2 2 2 1  11111101111111011101110111111111111111111111111011111110111101111111111111111111111111111111111111111111111111111111111111111111111111011111111111111111111111111111111111111111111111111111111111111111 
3 0 0 0 2 2 0 0  10001000100011001000110010001000100010001000100010001000100000001000100010001000100000001000100010001000000010001000100010001000100010001000100010001000100010001000100010001000100010001000100010000000 
2 2 2 2 2 2 2 1  11111101111111111111111111111111111111111111111011111110111101111111111111111110111111011111011101110111111100111001111111110101011101111111110111010110010110110101111111111111111111111111111111011110 
4 0 0 0 2 0 0 0  10000000100000001000000010000000100000001000100010000000100000001000000010001000100010101000100010001000100000001000000010001000100010001000100010001000100010001000100010001000100010001000100010000000 
4 0 0 0 2 0 0 0  10000000100000001000100010000000100000001000100010000000100000001000000010000000100000001000100010000000100010001000100010001000100010001000100010001000100010001000100010001000100010000000100010001000 
4 0 0 0 2 0 0 0  10000000100000001000000010000000100000001000000010000000100000001000000010000000100000001000000010001000100010001000000010000000100010001000100010001001100010001000100010001000100010001000000010001000 
3 0 0 0 2 0 0 0  10001000100010001000000010000000100000001000000010000000100000001000000010000000100000001000000010000000100000001000000010000000100000001000000010000000100000001000000010000000100000001000000010000000 
2 0 0 0 2 2 0 0  10001100100010001000100010001000100010001000100010001100100000001000100010001000100000001000110010001000100010001000110110001000100011001000110010001100100011001000110010001100100111001000110010001100 
3 0 0 0 2 2 0 0  10001000100011001000100010001000100010001000100010001000100011001000100010001000100010001000100010001000000010001000100010001000100011001000110010001000100010001000100010001000100010001000100010001000 
2 0 0 0 2 2 0 0  10011101100101001101110010011100100011001001000010001100100001011000100010010100100110001000110010001010100010001000110110001000100011001000100010001000100010001000110010001100100011001000110010001100 
4 0 0 0 2 0 0 0  10000000100010001000100010000000100010001000000010000000100000001000100010001000100000001000000010000000100000001000000010000000100000001000000010000000100000001000000010000000100000001000000010000000 
3 0 0 0 2 0 0 0  10001000100000001000100010001000000010001000100010001000100000001000000010000000100000001000000010000000100000001000000010000000100000001000000010000000100000001000000010000000100000001000000010000000 
3 0 0 0 2 2 0 0  10001000100010001000110010001000100010001000100010001000100001001000100010001000100010001000100010001000100010001000100010001000100010001000100010001000100010001000110010001100100011001000110010001100 
2 2 2 2 2 2 2 1  10011101100111001101110101011101110111101100100011010010111101111111111111111011111111111111011101110111111100011001111111010101011111111111110111010100010100110101111111111111111111111111111111011110 
4 0 0 0 2 0 0 0  10000000100010001000000010000000100010001000100010000000100000001000100010001000100000001000000010000000100000001000000010000000100000001000000010000000100000001000000010000000100000001000000010000000 
2 2 2 2 2 2 2 1  11111101111111111111111111111111111111111111111011111110111101111111111111111111111111101111111111111111111111111111111111111111111111111111111111111111111111111111111111111111111111111111111111111111 
2 2 2 2 2 2 2 1  11110101110101011111010001111101111111111101111011110010111101111111111111111011111111111111011101110111111100111001111111010101011111111111110111010100010100110101111111111111111111111111111111011110 
2 0 0 0 2 2 0 0  10001100100011001000100010001000100010001000100010001000100001001000110010001000100010001000100010001000100010001000100010001000100010001000100010001000100010001000100010001000100010001000100010001000 
3 0 0 0 2 2 0 0  10001101100011001001110110011000100111001000100010001100100001011000100010010100100110001000110010001000100010001000110110001000100011001000100010001000100010001000110010001100100011001000110010001100 
4 0 0 0 2 0 0 0  10000000100000001000000010000000100000001000000010000000100000001000000010001000100010001000100010001000100000001000000010001000100010001000100010001000100010001000100010001000100010001000100010000000 
4 0 0 0 2 0 0 0  10000000100010001000000010000000100000001000000010000000100000001000000010000000100000001000000010000000100000001000000010000000100000001000100010000000100000001000000010000000100000001000100010001000 
3 0 0 0 2 2 0 0  10001100100011001000110010001000100010001000100010001000100011001000110010001000100010001000100010001000100010001000100010001000100010001000100010001000100010001000110010001100100011001000110010001100 
4 0 0 0 2 0 0 0  10000000100010001000100010001000100010001000100010001000100000001000100010001000100000001000000010001000100010001000100010000000100010001000000010001000100010001000100010001000100010001000100010001000 
3 0 0 0 2 0 0 0  10001000100010001000100010001000100010001000100010001000100010001000100010001000100000001000000010000000100000001000000010000000100000001000100010000000100000001000000010000000100000001000000010000000 
2 2 2 2 2 2 2 1  11111101111111011111111111111101111111111111111011010010111101111111111111111111111111111111111111111111111111111111111111111111111111111111111111111111111111111111111111111111111111111111111111111111 
2 2 2 2 2 2 2 1  11110101111111011101110101111101110111111101110011111110111101011011100010110100100110001001110010001100100010001001110110000000100101001000110010001000100011001100110010001100101111111111111111111111 
3 0 0 0 2 2 0 0  10001101100011001001110110001000100111001000100010001100100001011000100010010100100110001001110010001100100011001001110110001000110101001000110010001100100011001000110010001100100011001000100010001000 
2 0 0 0 2 2 0 0  10001100100010001000100010001000100010001000100010001000100011001000100010001000100010001000100010001000000010001000100010001000100011001000110010001000100010001000100010001000100010001000100010001000 
4 0 0 0 2 0 0 0  10000000100010001000100010001000100010001000100010000000100000001000000010000000100000001000000010001000100010001000000010000000100000001000100010000000100000001000000010000000100000001000000010000000 
2 0 0 0 2 2 0 0  10001100100010001000100010001000100010001000100010001100100000001000100010001000100010001000100010001000100010001000100010001000100010001000100010001000100010001000100010001000100010001000100010001000 
3 0 0 0 2 2 0 0  10001101100011001001110110011000100111001000100010001100100001011000100010010100100110001001110010001100100011001001110110001000110101001000110010001100100011001000110010001100100011001000110010001100 
3 0 0 0 2 0 0 0  10001000100000001000100010001000000010001000100010001000100000001000100010000000100000001000100010001000100010001000000010000000100010001000100010001000100010001000100010000000100000001000000010000000 
4 0 0 0 2 0 0 0  10001000100000001000000010000000100000001000000010000000100000001000000010000000100000001000000010000000100000001000000010000000100000001000000010000000100000001000000010000000100000001000000010000000 
3 0 0 0 2 0 0 0  10001000100000001000100010000000100000001000000010000000100000001000000010000000100000001000000010000000100000001000000010000000100000001000000010000000100000001000100010000000100000001000000010000000 
3 0 0 0 2 2 0 0  10001000100011001000100010001000100010001000100010001000100000001000100010001000100000001000100010001000000010001000100010001000100010001000100010001000100010001000100010000000100010001000100010000000 
4 0 0 0 2 0 0 0  10000000100010001000100010001000100010001000100010000000100000001000000010000000100000001000000010001000100010001000000010000000100010001000100010001000100010001000100010001000100010001000000010001000 
3 0 0 0 2 0 0 0  10001000100010001000100010000000100010001000000010001000100000001000100010001000100000001000000010000000100000001000100010001000100010001000100010001000100010001000100010001000100010000000100010001000 
3 0 0 0 2 2 0 0  10001100100011001000110010001000100010001000100010001000100011001000110010001000100010001000100010001000100010001000100010001000100010001000100010001000100010001000111010001100100011001000110010001100 
2 0 0 0 2 2 0 0  10011101100111001101110010011100100011001001000010001100100001011000100010010100100110001001110010001000100000001000110010001000100010001000100010001000100010001000100010001000100010001000100010001000 
3 0 0 0 2 2 0 0  10001000100011001000100010001000100010001000100010001000100011001000100010001000100010001000100010001000100000001000000010001000100010001000100010001000100010001000100010001000100010001000100010000000 
3 0 0 0 2 0 0 0  10001000100010001000100010001000100010001000000010001000100000001000100010001000100000001000000010000000100000001000100010001000100010001000100010001000100010001000100010001000100010000000100010001000 
3 0 0 0 2 2 0 0  10001100100011001000100010001000100010001000100010001000100001001000110010001000100010001000100010001000100010001000100010001000100010001000100010001000100010001000100010000000100000001000000010000000 
2 0 0 0 2 2 0 0  10011101100111001101110010011100100011001001000010001100100001011000100010010100100010001000100010001000100010001000100010001000100010001000100010001000100010001000110010001100100011001000110010001100 
3 0 0 0 2 2 0 0  10001000100010001000100010001000100010001000100010001000100010001000100010001000100000001000110011001000100010001000110110001000100010001000100010001000100010001000100010001000100010001000100010001000 
4 0 0 0 2 0 0 0  10001000100000001000000010000000100000001000000010000000100000001000000010001000100010001000100010001000100000001000000010001000100010001000100010001000100000001000100010000000100000001000000010000000 
2 2 2 2 2 2 2 1  11110101110101011101110101111101110111111101110011111110111101011011100010110100100110001001110010001100100010001001110110000000100101001000110010001000100011001100110010001100101111111111111111111111 
3 0 0 0 2 0 0 0  10001000100010001000100010000000100010001000000010001000100000001000100010001000100000001000000010000000100000001000000010000000100000001000100010000000100000001000000010000000100000001000000010000000 
4 0 0 0 2 0 0 0  10000000100000001000100010000000100000001000100010000000100000001000000010000000100000001000100010000000100010001000100010000000100010001000100010001000100010001000100010001000100010001000100010001000 
4 0 0 0 0 0 0 0  10000000100000001000000010000000100000001000000010000000100000001000000010000000100000001000000010000000100010001000000010000000100000001000000010000000100000001000000010000000100000001000000010000000 
2 0 0 0 2 2 0 0  10001100100010001000110010001000100010001000100010001000100011001000110010001000100010001000100010001000100010001000100010001000100010001000100010001000100010001000110010001100000011001000110010001100 
3 0 0 0 2 0 0 0  10000000100010001000100010001000100010001000000010001000100000001000100010001000100000001000000010000000100000001000100010001000100010001000100010001000100010001000100010001000100010000000100010001000 
4 0 0 0 2 0 0 0  10000000100010001000100010000000100000001000000010000000100000001000000010000000100000001000000010000000100000001000000010000000100000001000000010000000100000001000000010000000100000001000000010000000 
2 0 0 0 2 2 0 0  10001000100010001000100010001000100010001000100010001000100010001000100010001000100000001000110010001000100010001000110110001000100011001000110010001100100011001000110010001100100111001000110010001100 
3 0 0 0 2 2 0 0  10001000100010001000100010001000100010001000100010001000100011001000110010001000100010001000100010001000100010001000100010001001100010001000100010001000100010001000110010001100100011001000110010001100 
2 0 0 0 2 2 0 0  10001100100010001000110010001000100010001000100010001000100001011000100010001000100010001000100010001000100010001000100010001000100010001000100010001000100010001000100010001000100010001000100010001000 
3 0 0 0 2 2 0 0  10001000100010001000110010001000100010001000100010001000100001011000100010001000100010001000100010001000100010001000100010001000100010001000100010001000100010001000100010001000100010001000100010001000 
3 0 0 0 2 2 0 0  10001000100010001000100010001000100010001000100010001000100011001000110010001000100010001000100010001000100010001000100010001000100010001000100010001000100010001000110010001100100011001000110010001100 
3 0 0 0 2 0 0 0  10001000100000001000100010001000000010001000100010001000100000001000000010000000100000001000000010000000100000001000000010000000100000001000000010001000100010001000100010000000100000001000000010000000 
3 0 0 0 2 0 0 0  10001000100000001000100010001000000010001000100010001000100000001000000010000000100000001000000010000000100000001000000010000000100000001000000010001000100010001000100010000000100010001000100010000000 
2 2 2 2 2 2 2 1  11111101111111011111111111111101111111111111111011010010111101111111111111111111111111111111111111111111111111111111111111111111111111111111111111111111111111111111111111111111111111111111111111111111 
4 0 0 0 2 0 0 0  10000000100010001000100010000000100010001000000010001000100000001000100010001000100000001000000010000000100000001000000010000000100000001000100010000000100000001000000010000000100000001000000010000000 
3 0 0 0 2 0 0 0  10001000100010001000100010001000100000001000000010000000100000001000000010000000100000001000000010000000100000001000000010000000100000001000000010000000100000001000000010000000100000001000000010000000 
