5 0 0 0 0 0 0 0  10000000100000001000000010000000100000001000000010000000100000001000000010000000100000001000000010000000100000001000000010000000100000001000000010000000100000001000000010000000100000001000000010000000 
2 2 2 2 1 2 2 0  11111111111111111111111111111111111111101111111011111111111101111101111011111111111111111111111011111111111111111111111011111111111111111111111111111111111111111111111111111110111111111111111011111111 
2 2 2 2 1 2 2 0  11111111111111111111111111111111111111101111111011111111111101111101111011111111111111111111111011111111111111111111111011111111111111111111111111111111111111111111111111111110111111111111111011111111 
5 0 0 0 0 0 0 0  10000000100000001000000010000000100000001000000010000000100000001000000010000000100000001000000010000000100000001000000010000000100000001000000010000000100000001000000010000000100000001000000010000000 
5 0 0 2 0 0 0 0  10000000100000001001000010000000100000001001000010010000100100001001000010000000100100001000000010010000100100001000000010000000100100001001000010010000100100001001000010010000100100001000000010000000 
2 2 2 2 1 2 2 0  11110101110101011001010111110011111111101111111011111110111111111111111011111111111111111111111111111111111011111111111111111111111111111111111111111111101111111111111111111110111111111111111011111111 
3 0 0 2 0 2 0 0  10010100100101001001010010010000100101001001010010010000100100001001000010011100100100001001000010010000100100001001000010010000100100001001000010010100100101001001000010010100100101001001000010010100 
3 0 0 2 0 0 0 0  10000000100000001001000010000000100000001000000010000000100000001000000010000000100000001000000010000000100000001000000010000000100000001001000010010000100100001001000010010000100100001001000010010000 
3 0 0 2 0 0 0 0  10000000100100001000000010000000100000001000000010000000100000001000000010000000100000001000000010000000100000001000000010000000100000001000000010000000100000001000000010000000100100001001000010010000 
2 0 0 2 0 2 0 0  10010100100101001001010010010000100100001001000010010000100100001000000010010100100100001001000010010000100100001001000010010000100100001001000010010000100100001001000010010000100100001001000010010000 
2 2 0 2 0 2 0 0  11010101110101011001010110010000100101011001010010010010100101001001110010010100100100001001001010010000100100101001001010010010100101001001000010010100100101001001000011010100100101001001000010010100 
3 0 0 2 0 0 0 0  10000000100100001001000010000000100000001000000010010000100000001000000010000000100000001000000010000000100000001000000010000000100000001000000010000000100000001000000010000000100100001001000010010000 
3 0 0 2 0 0 0 0  10010000100000001001000010010000100000001000000010000000100100001000000010000000100100001000000010000000100100001001000010010000100100001001000010010000100100001001000010000000100000001000000010000000 
3 0 0 2 0 2 0 0  10010000100100001001010010010000100101001001010010010000100100001001000010011100100100001001000010010000100100001001000010010000100100001001000010011100100101001001000010010100100101001001000010010101 
2 0 0 2 0 2 0 0  10010000100101001001010110010100100101001001010010010000100100001001000010010100100100001001000010010000100101001001010010010000100100001001000010011100100101001001000010010100100101001001000010010101 
2 2 0 2 1 2 2 0  11011101110101011001010110010000100101011001010010010010100101001001110010010100100100001001001010010000100100101001001010010000100100001001000010010100100101001001000010010100100101001001000010010101 
3 0 0 2 0 0 0 0  10010000100100001001000010010000100100001001000010010000100100001001000010000000100100001001000010010000100100001000000010000000100000001000000010000000100100001001000010010000100100001001000010010000 
3 0 0 2 0 0 0 0  10000000100100001000000010000000100000001000000010000000100000001000000010000000100000001000000010010000100100001001000010010000100100001001000010010000100100001001000010010000100100001001000010010000 
3 0 0 2 0 0 0 0  10000000100100001001000010000000100000001000000010000000100000001000000010000000100000001000000010000000100000001000000010000000100000001000000010000000100000001000000010000000100000001000000010000000 
2 2 2 2 1 2 2 0  11111101111111011111111111111111111111101111111011111111111101111111111011111111111111111111111111111111111111111111111011111111111111111111111111111111111111111111111111111110111111111111111011111110 
3 0 0 2 0 0 0 0  10010000100100001001000010010000100100001001000010010000100000001000000010000000100000001000000010000000100000001000000010000000100000001000000010000000100000001000000010000000100000001000000010000000 
5 0 0 2 0 0 0 0  10000000100000001001000010000000100000001001000010010000100100001001000010000000100000001000000010010000100100001001000010010000100100001001000010010000100100001001000010010000100100001001000010010000 
2 2 2 2 1 2 2 0  11010101111111011111111111111111111111100111111011111111111101111101111011111111111111110111111011111111111111111111111011111111111111111111111111111111111111111111111111111110111111111111111011111111 
2 2 0 2 0 2 0 0  11010101110101011001010110010000100101011001010010010000100100001001000010011100100100001001000010010000100100001001000010010000100100001001000010011100100101001001000010010000100100001001000110010000 
3 0 0 2 0 0 0 0  10010000100000001000000010000000100000001000000010000000100000001000000010000000100000001000000010010000100000001000000010000000100000001001000010000000100100001000000010000000100000001000000010000000 
3 0 0 2 0 0 0 0  10000000100100001001000010000000100100001001000010010000100100001001000010000000100000001000000010010000100000001000000010000000100000001001000010000000100100001000000010000000100000001000000010000000 
3 0 0 2 0 0 0 0  10010000100100001001000010010000100100001001000010010000100100001001000010000000100100001001000010010000100100001001000010010000100100001001000010010000100100001001000010010000100100001011000010000000 
3 0 0 2 0 0 0 0  10010000100100001000000010000000100000001000000010000000100000001000000010000000100000001000000010000000100000001000000010000000100000001000000010000000100000001000000010000000100000001000000010000000 
3 0 0 2 0 2 0 0  10010000100100001001000010010000100101001001010010010000100100001001000010011100100100001001000010010000100100001001000010010000100100001001000010011100100101001001000010010100100101001001000010010101 
2 0 0 2 0 2 0 0  10010000100101001001010010010000100100001001000010010000100100001001000010000000100100001001010010010000100100001001000010010000100100001001000010010100100101001001000010010100100101001001000010010100 
3 0 0 2 0 0 0 0  10000000100100001001000010000000100100001001000010010000100100001001000010000000100100001001000010010000100100001000000010000000100000001000000010000000100100001001000010000000100000001000000010000000 
3 0 0 2 0 0 0 0  10010000100000001001000010010000100000001000000010000000100100001000000010000000100000001000000010000000100100001001000010010000100100001001000010010000100100001001000010010000100100001001000010010000 
2 2 2 2 1 2 2 0  11010101110101011001010110011111111111101111111011111111111101111101111011111111111111111111111011111111111111111111111011111111111111111111111111111111111111111111111111111110110111111111111011111111 
3 0 0 2 0 2 0 0  10010100100100001001000010010000100101001001010010010000100100001001000010011100100100001001000000010000100100001001000010010000100100001001000010010100100101001001000010010000100100001001000010010000 
3 0 0 2 0 2 0 0  10010000100100001001010010010000100100001001010010010000100100001001000010000000100100001001000010010000100100001001000010010000100100001001000010010100100100001001000010010010100100001001000010010000 
5 0 0 2 0 0 0 0  10000000100000001000000010000000100000001001000010000000100000001000000010000000100000001000000010000000100100001001000010010000100100001001000010010010100000001001000010010000100100001001000010010000 
2 0 0 2 0 2 0 0  10011101100101001001010110010100110101001001010010010000100100001001000010010100100100001001000010010000100101001001000010010100100100001001000010010100100101001001000010010100100101001001000010010100 
2 0 0 2 0 2 0 0  10010100100100001001010010010000100100001001000010010000100100001001000010011100100100001001000010010000100100001000000010010000000100001001000010010000100000001001000010010000100100001001000010010000 
2 0 0 2 0 2 0 0  10010000100100001001000010010000100101001001010010010000100100001001000010011100100100001001000000010000100100001001000010010000100100001001000010010100100101001001000010010000100100001001000010010000 
2 0 0 2 0 2 0 0  10010000100101001001000010010000100100001001000010010000100100001001000010010100100100001001000010010000100100001001000010010000100000001001000010010000100100001001000010010100100101001001000010010100 
2 2 0 2 0 2 0 0  11010101110101011001010110010000100101011001010010010010100101001001110010010100100100001011000010010000100101001001000010010100100100001001000010010100100101001001000010010100100101001001000010010100 
2 2 2 2 3 2 2 0  11111101111111011111111111111111111111101111111011111111110101001001010010011100100100001111111011111111111111111111111011111111111111111111111111111111111111111111110010010100100101001001000010010101 
2 0 0 2 0 2 0 0  10010100100100001001010010010000100101001001010010010000100100001001000010011100100100001001000010010000100100001001000010010000100100001001000010010100100101001001000010010100100101001001000010010100 
4 0 0 2 0 0 0 0  10000000100000001000000010000000100000001001000010000000100000001000000010000000100000001000000010000000100000001000000010010000100000001001000010010000100100001001000010000000100000001000000010000000 
2 0 0 2 0 0 0 0  10010101100101001001010010010000100101001001010010010001100100011011010010011100100100001001000010010000100111001001000010010101100101001001000110010100100101001001000010010100100101001001000010010100 
3 0 0 2 0 0 0 0  10010000100100001001000010010000100100011001000010010000100100001001000010010100100100001001000010010000100100001001000010010000100100001001000010010000100100001001000010010000100100001001000010010000 
2 2 2 2 1 2 2 0  11111101111111011111110110111111111111101001010010011010100101001001010010111100100100001001010110010011111111111111111011111111111111111111111111111111111111111111111111111110110111111111111011111111 
2 2 0 2 0 0 0 0  11010101110101011001010110010000100101011001010010010000100100001001000010011100100100001001000010010000100100001001000010010101100101001001000110010100100101001001000010010100100101001001000010010100 
3 0 0 2 0 0 0 0  10010000100100001001000010010000100100001001000010010000100100001001000010010100100100001001000010010000100100001001000010010000100100001001000010010000100100001001000010010000100100001001000010010000 
3 0 0 2 0 0 0 0  10010000100100001000000010000000100100001001000010010000100000001000000010000000100000001000000010000000100000001000000010000000100000001000000010000000100000001000000010000000100000001000000010000000 
2 0 0 2 0 2 0 0  10010100100100001001010010010000100100001001000010010100100100001001000010011100100100001001000010010000100100001001010110010000100100001001000010010000100100001001000010010000100100001001000010010000 
5 0 0 2 0 0 0 0  10000000100000001001000010000000100000001000000010000000100000001000000010000000100000001000000010000000100000001000000010000000100000001000000010000000100000001000000010000000100000001000000010000000 
5 0 0 0 0 0 0 0  10000000100000001000000010000000100000001000000010000000100000001000000010000000100000001000000010000000100000001000000010000000100000001000000010000000100000001000000010001000100000001000000010000000 
3 0 0 2 0 0 0 0  10000000100000001001000010000000100000001000000010000000100000001000000010000000100000001000000010000000100000001000000010000000100000001001000010010000100100001001000010000000100000001001000010010000 
3 0 0 2 0 0 0 0  10010000100000001001000010010000100000001000000010000000100100001000000010000000100000001000000010000000100000001000000010000000100000001000000010000000100000001000000010000000100000001000000010000000 
2 2 2 2 1 2 2 0  11010101110101011001010110010000100101011001010010010111111101111101111011111111111111111111111011111111111111111111111011111111111111111111111111111111111111111111111111111110110111111111111011111111 
5 0 0 2 0 0 0 0  10000000100000001000000010000000100000001000000010000000100000001000000010000000100000001000000010000000100000001000000010000000100000001000000010000000100000001000000010000000100100001001000010010000 
2 2 2 2 1 2 2 0  11111111111111111111010111111111111111001111111011111111111111111111111011101011111111111111111111111111111011111111111111110111111111011111101011111110110100101101010011111011111110101111110111110010 
2 2 2 2 1 2 0 0  11011101110101011001010110010000100101011001010010010011100101001001110010010100100100001001001010010000100100101001001010010010100101001001000010010100100101001001000011010100100101001001000010010100 
2 2 2 2 1 2 2 0  11111101111111111111111111111111111111100111111011111111111101111111111011111111111101111111111111111111111111111111111011111110111111111111101111111110110100101101010011111011111110101111110111110010 
3 0 0 2 0 0 0 0  10010000100000001000000010000000100100001001000010010000100100001001000010000000100000001000000010010000100000001000000010000000100000001001000010000000100100001000000010000000100000001000000010000000 
2 2 0 2 0 0 0 0  11011101110101011001010110010000110101011001010010010110100100011011010010011100100100001001000010010000100111001001000010010101100101001001000110010100100101001001000010010100100101001001000010010100 
5 0 0 2 0 0 0 0  10000000100000001000000010000000100000001000000010000000100000001000000010000000100000001000000010000000100100001001000010010000100100001001000010010000100100001001000010010000100100001001000010010000 
2 0 0 2 0 2 0 0  10010100100101001001000010010000100101001001010010010000100100001001000010011100100101001001000010010000100100001001000010010000100100001001000010010000100100001001000010000100100111001001000010010100 
3 0 0 2 0 0 0 0  10010000100100001000000010000000100100001001000010010000100000001001000010000000100000001000000010010000100100001001000010010000100100001001000010010000100100001001000010010000100100001001000010010000 
2 0 0 2 0 2 0 0  10010101100101001001010010010000100101001001010010010001100100011011010010011100100100001001000010010000100101001001000010010101100101001001000110010100100100001001000010010100100101001001000010010000 
3 0 0 2 0 2 0 0  10010100100100001001000010010000100101001001010010010000100100001001000010011100100100001001000000010000100100001001000010010001100100001001000010010100100101001001000010010000100100001001000010010000 
2 0 0 2 0 2 0 0  10010000100101001001010110010100100101001001010010010000100100001001000010010100100100001001000010010000100100001001010110010000100100001001000010010000100100001001000010010000100100001001000010010000 
2 0 0 2 0 2 0 0  10010100100101001001010010010000100101001001010010010000100100001001000010011100100100001001000010010000100101001001000010010000100101001001000110010100100101001001000010010100100101001001000010010100 
3 0 0 2 0 2 0 0  10010000100100001001010010010000100100001001010010010000100100001001000010000000100100001001000010010000100100001001000010010000100100001001000010010000100000001001000010010000100100001001000010010000 
3 0 0 2 0 0 0 0  10000000100100001001000010000000100100001001000010010000100100001001000010000000100100001001000010010000100100001001000010010000100000001001000010010000100100001001000010000000100000001001000010010000 
2 2 0 2 0 2 0 0  11010101110101011001010110010000100101011001010010010001100100001001000010011100110100001001000011010000100100001001000010010000100100001101000010011100100101001001000010010100100101001001000010010101 
3 0 0 2 0 0 0 0  10010000100100001000000010000000100100001001000010010000100000001000000010000000100000001000000010000000100000001000000010000000100000001001000010010000100100001001000010000000100000001001000010010000 
2 2 2 2 1 2 2 0  11111101111111111111111111111111111111101111111011111111111101111101111011111111111111111111111011111111111111111111111011111111111111111111111111111111111111111111111111111110111111111111111011111111 
3 0 0 2 0 0 0 0  10000000100000001001000010000000100000001000000010000000100000001000000010000000100000001000000010000000100000001000000010000000100000001000000010000000100000001000000010000000100100001001000010010000 
3 0 0 2 0 2 0 0  10010000100101001001000010010000100101011001010010010000100110001001000010011100100100001001000010010000100100001001000010010000100100001001000010010100100101001001000010010100100101001001000010010100 
3 0 0 2 0 0 0 0  10010000100000001000000010000000100000001000000010000000100000001000000010000000100000001000000010000000100000001000000010000000100000001000000010000000100000001000000010000000100000001000000010000000 
3 0 0 2 0 2 0 0  10010000100101001001010010010100100101001001010010010000100100001001000010010100100100001001000010010000100100001001000010010000100100001001000010010100100101001001000010010100100101001001000010010100 
3 0 0 2 0 0 0 0  10010000100100001001000010000000100000001000000010000000100000001000000010000000100000001000000010000000100000001000000010000000100000001000000010000000100000001000000010000000100000001000000010000000 
3 0 0 2 0 0 0 0  10010000100100001000000010000000100100001001000010000000100000001000000010000000100000001000000010000000100100001001000010010000100000001001000010010000100100001001000010000000100000001001000010010000 
2 0 0 2 0 2 0 0  10010000100101001001000010010000100100001001000010010000100100001001000010010100100100001001000010010000100100001001000011010000100000001001000010010000100100001001000010010100100101001001000010010100 
3 0 0 2 0 0 0 0  10000000100100001000000010000000100000001000000010000000100000001000000010000000100000001000000010000000100000001000000010000000100000001001000010010000100100001001000010010000100100001001000010010000 
3 0 0 2 0 2 0 0  10010000100101001001000010010000100101001001010010010000100100001001000010011100100100001001000010010000100100001001000010010000100100001001000010010100100101001001000010010000100101001001000010010100 
2 0 0 2 0 2 0 0  10010100100100001001010010010000100101001001010010010000100100001001000010011100100100001001000010010000100100001001000010010000100000001001000010011100100101001001000010010000100100001001000110010000 
3 0 0 2 0 0 0 0  10000000100100001000000010000000100000001000000010000000100000001000000010000000100000001000000010000000100000001000000010000000100000001001000010010000100100001001000010010000100100001001000010010000 
3 0 0 2 0 0 0 0  10010000100000001001000010010000100000001000000010000000100100001000000010000000100000001000000010000000100000001000000010000000100000001000000010000000100000001000000010000000100000001000000010000000 
3 0 0 2 0 0 0 0  10010000100000001000000010010000100100001001000010010000100000001000000010000000100000001000000010000000100000001000000010000000100000001000000010000000100000001000000010000000100100001001000010000000 
2 0 0 2 0 2 0 0  10011101100101001001010110010100110101001001010010010000100100001001000010010100100100001001000010010000100101001001000010010100100100001001000010010100100101001001000010010100100101001001000010010100 
3 0 0 2 0 0 0 0  10010000100100001001000010010000100100001001000010010000100100001001000010010000100000001000000010010000100000001000000010000000100000001001000010000000100100001000000010000000100000001000000010000000 
3 0 0 2 0 2 0 0  10010000100100001001010010010000100100001001010010010000100100001001000010000000100100001001000010010000100100001001000010010000100100001001000010010100100100001001000010010000100100001001000010010000 
3 0 0 2 0 0 0 0  10010000100100001000000010000000100000001001000010010000100000001000000010000000100000001000000010000000100000001000000010000000100000001000000010000000100000001000000010000000100000001000000010000000 
3 0 0 2 0 0 0 0  10010000100000001000000010010000100100001001000010010000100000001000000010000000100000001000000010010000100100001000000010000000100100001001000010010000100100001001000010010000100100001000000010000000 
2 2 2 2 1 2 0 0  11010101110101011001010110011111111111101111111011111111111101111101110011111101111111111111111011111111111111111111111011111111111111111111111110010100100101001001010010010100100101001001000010010100 
2 0 0 2 0 2 0 0  10010100100101001001000010010000100100001001000010010000100101001001000010010100100100001001000010010000100100001001000010010000100000001001000010010000100100001001000010010100100101001011000010010100 
3 0 0 2 0 0 0 0  10010000100100001001000010010000100100001001000010010000100100001001000010000000100100001000000010010000100000001000000010000000100000001001000010000000100100001000000010000000100000001000000010000000 
3 0 0 2 0 0 0 0  10000000100100001001000010000000100100001001000010010000100100001001000010000000100100001001000010010000100100001001000010010000100000001001000010010000100100001001000010000000100000001001000010010000 
2 0 0 2 0 2 0 0  10010100100101001001010110010100110101001001010010010000100100001001000010010100100100001001000010010000100101001001000010010100100100001001000010010100100101001001000010010100100101001001000010010100 
2 0 0 2 0 2 0 0  10010100100101001001000010010000100100001001000010010000100101001001000010010100100100001001000010010000100100001001000010010000100000001001000010010000100100001001000010010100100101001001000010010100 
2 0 0 2 0 2 0 0  10010000100101001001010010010000100100001001000010010000100100001001000010010100100100001001000010010000100100001001000010010000100100001001000010010000100000001001000010010000100100001001000010010000 
2 0 0 2 0 2 0 0  10010101100101001001010010010000100101001001010010010001100100011011010010011100100100001001000010010000100101001001000010010101100101001101000110010100100100001001000010010100100101001001000010010000 
