3 0 0 0 0 0 0 0  10000000100000001000000010000000100000001000000010000000100000001000000010000000100000001000000010000000100000001000000010000000100000001000000010000000100000001000000010000000100000001000000010000000 
3 2 2 2 2 2 2 0  11111111111111111111111111111111111111101111111011111111111111111101111011111110111111101111111011111110111111111111111011111111111111111111111111111111111111111111111111111110111111101111111011111110 
3 0 0 0 0 0 0 0  10000000100000001000000010000000100000001000000010000000100000001000000010000000100000001000000010000000100000001000000010000000100000001000000010000000100000001000000010000000100000001000000010000000 
3 2 2 2 2 2 2 0  11111111111111111111111111111111111111101111111011111111111111111101111011111110111111101111111011111110111111111111111011111111111111111111111111111111111111111111111111111110111111101111111011111110 
3 0 0 2 0 0 0 0  10010000100000001000000010000000100000001000000010000000100000001000000010000000100000001000000010000000100000001000000010000000100000001000000010000000100000001000000010000000100000001000000010000000 
3 0 0 2 0 0 0 0  10010000100000001001000010000000100100001001000010010000100000001000000010000000100100001000000010000000100100001000000010010000100100001001000010010000100100001001000010010000100100001001000010010000 
3 2 2 2 2 2 2 0  11111101111111011111111111111111111111101111111011111111111111111101111011111110111111101111111011111110111111111111111011111111111111111111111111111111111111111111111111111110111111101111111011111110 
3 0 0 2 0 0 0 0  10000000100100001001000010010000100000001000000010010000100100001000000010010000100100001000000010000000100000001000000010000000100000001000000010000000100000001000000010000000100000001000000010000000 
3 0 0 2 0 0 0 0  10010000100100001000000010010000100100001001000010000000100000001000000010010000100100001000000010000000100000001000000010000000100100001001000010000000100100001001000010010000100100001001000010000000 
3 0 0 2 0 0 0 0  10010000100000001000000010010000100100001001000010010000100100001000000010000000100000001000000010000000100000001000000010000000100100001000000010000000100000001000000010000000100000001000000010000000 
3 0 0 2 0 2 0 0  10010100100100001001000010010100100100001001000010010100100100001001010010010000100100001001010010010100100100001001010110010000100100001001000010010000100100001001000010010100100101001001000010010100 
3 0 0 2 0 0 0 0  10000000100100001001000010010000100100001001000010010000100100001000000010000000100100001000000010000000100100001000000010010000100100001001000010010000100100001001000010010000100100001001000010000000 
3 0 0 2 0 0 0 0  10000000100100001000000010010000100100001001000010000000100000001000000010010000100100001000000010000000100000001000000010000000100100001001000010010000100100001000000010000000000100001000000010000000 
2 0 0 2 0 2 0 0  11110101110101011101010110010100100101011001010010010110100111011001110010010010100100101001010010010100100100001001010110010000100101001001010010010100100101001111010010010100100101001001000010010100 
3 0 0 2 0 0 0 0  10010000100000001001000010000000100000001000000010010000100000001000000010000000100100001000000010000000100000001000000010000000100100001000000010000000100000001000000010010000100100001001000010000000 
3 0 0 2 0 0 0 0  10000000100100001001000010010000100000001000000010010000100100001000000010010000100100001000000010000000100000001000000010000000100100001001000010010000100100001001000010010000100100001001000010000000 
3 0 0 2 0 0 0 0  10000000100000001001000010000000100000001000000010010000100000001000000010000000100100001000000010000000100000001000000010000000100100001000000010000000100000001000000010000000100000001000000010000000 
2 0 0 2 0 2 0 0  10010000100100001001000010010000100100001001000010010000100100001001010010010000100100001001010010010100100100001001010110010000100100001001000010010000100100001001000010010100100101001001000010010100 
3 2 2 2 2 2 2 0  11110101111111011111111111111111111111101111111011111111111111111101111011111110111111101111111011111110111111111111111011111111111111111111111111111111111111110111111111111111111111101111111011111110 
2 0 0 2 0 2 0 0  10010000100101001001010010010100100100001001010010010100100100001001010010010000100100001001000010000100100100001001000010010000100100001001000010010000100100001001000010000000100100000001000010010000 
3 0 0 2 0 0 0 0  10000000100000001000000010000000100000001000000010000000100000001001000010000000100100001000000010000000100000001000000010000000100100001000000010000000100000001000000010000000100000001000000010000000 
3 0 0 2 0 0 0 0  10010000100000001001000010000000100100001001000010000000100000001000000010010000100100001000000010000000100000001000000010000000100100001001000010000000100000001001000010000000100100001001000010000000 
3 0 0 2 0 0 0 0  10000000100000001001000010010000100100001001000010010000100100001001000010000000100000001000000010000000100000001001000010000000100100001001000010010000100100001001000010010000100100001001000010000000 
3 0 0 2 0 0 0 0  10000000100000001000000010000000100000001000000010000000100000001001000010000000100100001000000010000000100000001000000010000000100100001000000010000000100000001001000010010000100100001001000010000000 
3 0 0 2 0 2 0 0  10010000100101001001000010010100100100001001010010010100100100001001010010010000100100001001000010010100100100001001000010010000100100001001000010010000100100001001000010000000100100000001000010010000 
2 0 0 2 0 2 0 0  10010100100101001001010110010100100101001001010010010100100100001001010010010000100100001001010010010100100100001001010110011010100101001001010010010100100101001001010010010100100101001001000010010100 
2 0 0 2 0 0 0 0  10010000100100001001000010010000100100001001000010010000100100001001000010010000100100001001010010010000100100001000000010010000100100001001000010010000100100001001000010010000100100001001000010000000 
3 0 0 2 0 0 0 0  10000000100100001000000010010000100000001000000010000000100000001000000010000000100000001000000010000000100000001000000010000000100000001000000010000000100000001000000010000000100000001000000010000000 
3 0 0 2 0 0 0 0  10000000100000001001000010010000100000001000000010010000100100001000000010010000100100001000000010000000100000001000000010000000100100001001000010010000100100001001000010010000100100001001000010000000 
2 0 0 2 0 2 0 0  10010000100100001001010010010100100101011001000010010100100100001001010010010000100100001001000010000101100100001001000110010000100100001001000010010000100100001001000010000000100100000001000010010000 
3 2 2 2 2 2 2 0  11111111111111111101111111111111111111001111111011111111111111111101111011111110111111101111111011111110111111111110111011111110111111110101010111111111111111111111111111111110110101001101000010010100 
3 0 0 2 0 0 0 0  10010000100100001000000010000000100000001000000010010000100100001001000010000000100100001000000010000000100000001000000010000000100100001000000010000000100000001000000010000000100000001000000010000000 
3 0 0 2 0 0 0 0  10010000100100001001000010010000100000001000000010000000100000001000000010000000100000001000000010000000100000001000000010000000100000001000000010000000100000001000000010000000100000001000000010000000 
2 0 0 2 0 2 0 0  10010101100101011001010110010100100101001001010010010100100100001001010010010000100100001001010010010100100100001001010110010000100101001001010010010100100101001001010010010100100101001001000010010100 
3 0 0 2 0 0 0 0  10000000100000001001000010000000100000001000000010000000100000001000000010000000100000001000000010000000100000001000000010000000100000001000000010000000100000001000000010000000100000001000000010000000 
3 0 0 2 0 2 0 0  10010100100101001001000010010100100100001001010010010100100100001001010010110000100100001001000010010100100100001001010110010000100101001001010010010000100100001001010010010100100100001001000010000000 
3 0 0 2 0 2 0 0  10010100100100001001000010010100100101001001010010010100100100001001010010010000100100101001000010010100100100001001010110010000100101001001010010010100100101001001010010010100100100001001000010000000 
2 0 0 2 0 2 0 0  10010100100101001001010010010000100101001001010010010100100100001001010010010000100100001001010010010100100100001001010110010000100101001001010010010100100111001111010110010100100101001001000010010100 
3 0 0 2 0 0 0 0  10010000100000001000000010000000100000001000000010010000100000001000000010000000100000001000000010000000100100001000000010010000100100000001000010010000100100001001000010010000100100001001000010000000 
3 0 0 2 0 0 0 0  10010000100100001001000010000000100100001001000010010000100000001000000010000000100100001000000010000000100100001000000010010000100100001001000010010000100100001001001010010000100100001001000010010000 
2 0 0 2 0 2 0 0  10010000100100001001000010010000100100001001000010010000100100001001000010010000100100001001010010010100100100001001010110010000100101001001010010010100100101001101010110010100100101001001100010011100 
3 0 0 2 0 0 0 0  10000000100000001000000010010000100000001000000010010000100100001000000010010000100100001000000010000000100000001000000010010000100100001001000010010000100100001001000010000000100100001001000010010000 
3 0 0 2 0 0 0 0  10010000100100001000000010010000100000001000000010000000100000001000000010000000100000001000000010000000100000001000000010000000100000001000000010000000100000001001000010010000100100001001000010000000 
3 0 0 2 0 0 0 0  10000000100000001001000010010000100100001001000010010000100100001001000010000000100100001000000010000000100000001000000010000000100100001000000010000000100000001000000010000000100000001000000010000000 
3 0 0 2 0 0 0 0  10010000100100001001000010000000100100001001000010010000100000001000000010000000100100001000000010000000100000001000000010000000100000001000000010000000100000001000000010000000100000001000000010000000 
2 0 0 2 0 2 0 0  10010100100100001001010010010000100100001001010010010100100100001001010010010000100100001001000010010100100100001001010110010000100101001001000010010000100101001001010110010100100100001000000010000000 
2 0 0 2 0 2 0 0  10010100100100001001010010010000100100001001010010010100100100001001010010010000100100001001010010010100100100001001010110010000100101001001010010010100100101001001010010010100100101001001000010010100 
2 0 0 2 0 2 0 0  10010000100101001001000010010000100101001001010010010100100100001001010010010000100100001001000010010100101100001001010110010000100101001001000010010000100101001001010110010100100101001001000010010100 
3 0 0 2 0 0 0 0  10000000100100001000000010010000100100001001000010000000100000001000000010010000100100001000000010000000100000001000000010000000100100001001000010010000100100001001000010010000100100001001000010000000 
2 2 0 2 0 2 0 0  11010101110101011001010010010100100101001001010010010100100100001001010010010000100100001001010010000100100100001001010110010000100101001001010010010100100101001101010010010100100101001001000010010110 
2 0 0 2 0 2 0 0  10010000100100001001010010010100100101011001000010010100100100001001010010010000100100001001010010010100100100001001010110010000100100001001000010010000100100001001000010010100100101001001000010010100 
2 0 0 2 0 2 0 0  10010000100101001001000010010000100100001001010010010100100100001001010010010000100100001001000010010100100100001001010110010000000101001001000010010000100101001001010010010100100101001001000010010100 
2 0 0 2 0 2 0 0  10010000100101001001010010010100100100001001010010010100100100001001010010010000100100001001010010010100100100001001010110010000100100001001000010010000100100001001000010010100100101001001000010010100 
3 2 2 2 2 2 2 0  11111101111111111111111111111111110101101111111011111111111111111100111011111110111111101111111011111110111111111111111011111111111111011111111111111110111111111111111111111111111111101111111011111110 
2 0 0 2 0 2 0 0  10010100100101001001000010010100100100001001010010010100100100001001010010010000100100001001000010010100100100001001010110010000100101001001010010010000100100001001010010010100100100001001000010000000 
3 0 0 2 0 0 0 0  10010000100000001001000010000000100000001000000010000000100000001000000010000000100000001000000010000000100000001000000010000000100000001000000010000000100000001000000010000000100000001000000010000000 
2 0 0 2 0 2 0 0  10010100100101001001010010010000100100001001000010010100100100001001010000010000100100001001000010010100100100001001010110010000100101001001010010010000100100001001010010010100100100001001000010000000 
2 2 2 2 0 2 0 0  11010101110101011101110110010100100101011001110010010100111111111101111011111110111111101111111011111110111111111111111011111111011101001101010010010100100101001101010010010100100101001001000010010100 
2 2 0 2 0 2 0 0  11010101110101011001010010010100100101001001010010010100100111011001110110010010100100001001010010010100100100001001010110010000100101001001010010010100100101001111010010010100100101001001000010010100 
2 0 0 2 0 2 0 0  10010100100101001001000010010100100100001001010010010100100100001001010010010000100100001001000010010100100100001001000010010000100100001001000010010000100100001001000010000000100100000001000010010000 
2 2 2 2 2 2 2 0  11111101111101011001010110110101100111101111111010111111111111111101111011111110111011010111010101111110111101111111111111011111111111011111011111111110100101001001010110010100100101001001000010010100 
3 0 0 2 0 2 0 0  10010000100100001001000010010000100100001001010010010100100100001001010010010000100100101001000010010100100100001001010110010000100101001001010010010100100101001111010010010100100101001001000010010100 
3 2 2 2 2 2 2 0  11111101111111111111111111111111111111101111111011111111111111111101111011111110111111101111111011111110111111111111111011111111111111111111111111111111111111111111111111111111111111101111111011111110 
3 0 0 2 0 2 0 0  10010101110101011001010010010100100101001001010010010100100111011001110110010010100100001001010010010100100100001001010110010000100101001001010010010100100101001111010010010100100101001001000010010100 
2 0 0 2 0 2 0 0  10010101100101011001010110010100100101001001010010010100100111011001110010010010100100101001010010010100100100001001010110010000100101001001010010010100100111001111010110010100100101001001000010010100 
2 0 0 2 2 2 2 0  11110101110101011101010110010100100101011001010010110110100111011101111011111110111111101111111011111110111111111111111011111111111111111111111111111111111111111111111111111110111111101111111011111110 
2 0 0 2 0 2 2 0  10010101100101011101010110010101100101001001010010010100100111011001110010010010100100001001010010010100100100101001010010010000100101001001010010010100100101001101010010010100100101001001100010010100 
3 0 0 2 0 0 0 0  10000000100000001000000010000000100000001000000010000000100000001001000010000000100100001000000010000000100000001000000010000000100100001001000010010000100100001001000010010000100100001001000010000000 
3 0 0 2 0 0 0 0  10000000100000001000000010010000100000001000000010010000100100001000000010010000100100001000000010000000100000001000000010010000100100001001000010010000100100001001000010000000100000001000000010000000 
2 0 0 2 0 2 0 0  10010000100100001001010010010100100101011001010010010100100100001001010010010000100100001001010010010100100100001001010110010000100100001001000010010000100100001101000010010100100101001001000010010100 
3 0 0 2 0 0 0 0  10000000100000001001000010000000100100001001000010010000100100001000000010000000100000001000000010000000100000001000000010000000100000001000000010000000100000001000000010000000100000001001000010000000 
2 0 0 2 0 2 0 0  10010000100101001001010010010100100100001001010010010100100100001001010010010000100100001001010010010100100100001001010110010010100101001001010010010100100101001001010010010100100101001001000010010100 
3 0 0 2 0 0 0 0  10010000100100001001000010010000100100001000000010000000100000001001000010000000100100001000000010000000100000001000000010000000100100001000000010000000100000001001000010010000100100001001000010000000 
2 0 0 2 0 2 0 0  10010000100100001001000010010000100100001001000010010000100100001001000010010000100100001001010010010000100100001000000010010000100100001001000010010000100100001001000010010000100100001001000010010100 
2 2 2 2 2 2 2 0  11111101111101011001010110110101100111101111111010111111111111111101111011111110111011010111010101111110111101111111111111011111111111111110111111111111111111011111111111111111111111101111111011111110 
2 0 0 2 0 2 0 0  10010100100101001001010010010000100100001001000010010100100100001001010010010000100100001001010010010100100100001001010110010000100100001001000010010000100100001001000010010100100101001001000010010100 
2 0 0 2 0 2 0 0  10010100100100001001010010010000100100001001010010010100100100001001010010010000100100001001000010000101100100001001000110010000100100001001000010010000100100001001000010000000100100000001000010010000 
2 2 0 2 0 2 0 0  11010101110101011001010010010100100101001001010010010100100111011001110010010010100100101001010010010100100100001001010110010000100101001001010010010100100111001111010110010100100101001001000010010100 
3 0 0 2 0 0 0 0  10000000100100001000000010010000100000001000000010000000100000001000000010000000100000001000000010000000100000001000000010000000100000001000000010000000100000001001000010010000100100001001000010000000 
3 0 0 2 0 0 0 0  10010000100000001001000010000000100000001000000010000000100000001000000010000000100000001000000010000000100000001000000010000000100000001000000010000000100000001000000010000000100000001000000010000000 
2 0 0 2 0 2 0 0  10010100100101001001010010010000100101001001010010010100100100001001010010010000100100001001010010010100100100001001010110010000100101001001010010010100000100001001010010010100100100001001000010010100 
3 0 0 2 0 0 0 0  10000000100100001000000010010000100000001000000010000000100000001000000010000000100000001000000010000000100000001000000010000000100000001000000010000000100000001001000010010000100100001001000010000000 
3 2 2 2 2 2 2 0  11110101111111011111110111111111111111101111111011111111111111111101111011111110111111101111111011111110111111111111111011111111111111111111111111111111111111110110111111111111111101101111111011111110 
2 0 0 2 0 2 0 0  10010101100101011001010110010100100101001001010010010100100100001001010010010000100100001001010010010100100100001001010110011010100101001001010010010100100101001111010010010100100101001001000010010100 
2 0 0 2 0 2 0 0  11010101110101011101010110010100100101011001010010010100100111011001110010010010100100101001010010010100100100001001010110010000100101001001010010010100100111001111010110010100100101001001000010010100 
2 0 0 2 0 0 0 0  10010000100100001001000010010000100100001001000010010000100100001001000010010000100100001001010010010000100100001000000010010000100101001000000010010000100100001001000010010100100100001001000010010100 
2 0 0 2 0 2 0 0  11010101110101011101010110010100100101011001010010010100100111011001110010010010100100101001010010010100100100001001010110010000100101001001010010010100100111001111011110010100100101001001000010010100 
2 2 2 2 2 2 2 0  11110101110101011111010110010100100101011001010010010110100111011001111011111110111011010111010101111110111101111111111111011111111111111110111111111111111111011111111111111111111111101111111011111110 
2 0 0 2 0 2 2 0  10010101100101011101010110010101100101001001010010010100100111011001110010010010100100001001010010010100100100101001010010010000100101001001010011010100100101001101010010010100100101001001100010010100 
2 0 0 2 0 2 0 0  10010100100101001001010010010000100101001001010010010100100100001001010010010000100100001001010010010100100100001001010110010000100111001001010010010100000100001001010110010100100100001001000010010100 
2 0 0 2 0 2 0 0  10010000100101001001000010010000100100001001010010010100100100001001010010010000100100001001000010010100100100001001010110010000000101001001000010010000100101001001010010010100110101001001000010010100 
2 0 0 2 0 2 0 0  10010000100101001001010010010100100100001001010010010100100100001001010010010000100100001001000010010100100100001001010110010000000101001001000010010000100101001001010010010100100101001001000010010100 
3 0 0 2 0 0 0 0  10000000100100001000000010010000100100001001000010000000100000001000000010010000100100001000000010000000100000001000000010000000100100001001000010010000100100001001000010010000100100001001000010000000 
2 2 0 2 0 2 0 0  11110101110101011001010110010100100101001001010010010100100111011001110110010010100100101001010010010100100100001001010110010000100101001001010010010100100101001101010010010100100101001001000010010100 
3 0 0 0 0 0 0 0  10000000100000001000000010000000100000001000000010000000100010001000000010000000100000001000000010000000100000001000000010000000100000001000000010000000100000001000000010000000100000001000000010000000 
3 0 0 2 0 0 0 0  10000000100000001001000010000000100000001001000010010000100100001000000010010000100100001000000010000000100000001000000010000000100100001000000010010000100000001000000010000000100000001000000010000000 
2 2 0 2 0 2 0 0  11110101110101011001010110010100100101001001010010010100100111011001110110010010100100001001010010010100100100001001010110010000100101001001010010010100100101001111010010010100100101001001000010010100 
3 0 0 2 0 0 0 0  10000000100100001001000010010000100100001001000010010000100100001000000010000000100000001000000010010000100000001000000010000000100000001000000010000000100000001000000010000000100000001000000010000000 
3 0 0 2 0 0 0 0  10010000100100001001000010000000100100001001000010010000100000001000000010000000100100001000000010000000100100001000000010010000100100001001000010010000100100001001000010010000100100001001000010010000 
2 0 0 2 2 2 2 0  11110101110101011101010110010100100101011001110010010100111111111111111011111110111111101111111011111110111111111101111011111111011101001101010010010100100101001101010010010100100101001001000010010100 
