5 0 0 0 0 0 0 0  10000000100000001000000010000000100000001000000010000000100000001000000010000000100000001000000010000000100000001000000010000000100000001000000010000000100000001000000010000000100000001000000010000000 
2 2 2 2 2 2 2 0  11111111111111111111111111111111111111101111111011111111111101111111111011111110111111101111111011111110111111111111111111111111111111111111111111111111111111111111111111111111111111101111111111111110 
2 2 2 2 2 2 2 0  11111111111111111111111111111111111111101111111011111111111101111111111011111110111111101111111011111110111111111111111111111111111111111111111111111111111111111111111111111111111111101111111111111110 
5 0 0 0 0 0 0 0  10000000100000001000000010000000100000001000000010000000100000001000000010000000100000001000000010000000100000001000000010000000100000001000000010000000100000001000000010000000100000001000000010000000 
2 2 2 2 2 2 2 0  11110101111111001101110111110111111111001001010110010100100110011111010111111101111111101111110101010100111101110111111110010000101111101111111111111111111111111111111111111111111111101111111111111110 
2 2 2 2 2 2 2 1  11111111110111111111111111111011111111111111111011111111111101110101111011111101111111100101110111011100111111111111111101110111111111111111011101111111111111011011110101111110111111101111111111110110 
4 0 0 2 0 0 0 0  10000000100100001000000010000000100000001000000010000000100000001000000010000000100000001000000010000000100000001000000010000000100000001000000010000000100000001000000010000000100000001000000010010000 
4 0 0 2 0 0 0 0  10010000100100001000000010000000100100001000000010000000100000001001000010000000100000001000000010000000100100001000000010000000100000001001000010010000100100001001000010010000100000001000000010000000 
4 0 0 2 0 0 0 0  10000000100000001001000010000000100100001001000010010000100000001001000010000000100100001001000010010000100000001000000010000000100000001001000010010000100100001000000010010000100000001001000010010000 
2 2 2 2 2 2 0 0  11110101111111011101110111110111111111001001010110010100100111011111010111111101111111101111110011011100100101111111111110010000100101011001000011010100100111001001010010011101100100001001000010010100 
2 2 2 2 2 2 2 0  11110101111111011101110111110111111111101111111011111111111101111111111011111110111111101111111011111110111111111111111111111111111111111111111111111111111111111111111111111111111111101111111111111110 
2 2 2 2 2 2 2 0  11111101111111011101110111111111111111111111111011111011111101110101111011111110101111101111111011111110111111111111111111111111111111111111111111111111111111111111111111111111111111101111111111111110 
2 0 0 2 0 2 0 0  10010000100101001001000010010100100100001001000010010000100000001001010010010000100100001001000010010000100101001001000010010000100101011001000010010000100101001001000010011101100100001001001010010100 
4 0 0 2 0 0 0 0  10010000100100001000000010000000100000001000000010000000100000001000000010000000100000001000000010000000100000001000000010000000100000001000000010000000100000001000000010000000100000001000000010000000 
2 0 0 2 0 2 0 0  10010100100100001001000010010000100100001001000010010000100000001001010010010000100100001001000010010000100101001001000010010000100101011001000010010000100100001001000010010000100100001001000010010000 
4 0 0 2 0 0 0 0  10000000100000001000000010000000100000001001000010000000100000001011000010000000100100001001000010010000100000001000000010000000100000001001000010000000100100001001000010010000100000001001000010010000 
4 0 0 2 0 0 0 0  10000000100100001001000010000000100000001000000010000000100000001000000010000000100000001000000010000000100000001000000010000000100000001001000010010000100100001000000010010000100000001001000010010000 
2 0 0 2 0 2 0 0  10010000100101001001000010010100100100001001000010010000100100001000000010010000100100001001000010010000100101001001000010010000100101011001000010010000100100001001000010010000100100001001000010010000 
2 2 2 2 2 2 0 0  10010101100101001001010010010100100101001001010110010100100111011101010111111101111111101111110011011100100101111111111110010000100101011001000011010100100111001001010010011101100100001001000010010100 
2 0 0 2 0 2 0 0  10010000100101001001010010010100100100001001000010010000100100001001010010001100100111001001000010010000100100001001000010010000100101011001000010010101100111011000110010011100100100001001000010010000 
2 0 0 2 0 2 0 0  10010101100101001001010010010100100101001001010010010000100100001001010010001100100111001001000010010000100100001001000010010000100101011001000010010101100111011001110010011100100100001001000110010100 
4 0 0 2 0 0 0 0  10000000100000001000000010010000100100001001000010010000100000001001000010000000100100001001000010000000100000001000000010000000100000001000000010000000100000001000000010000000100000001000000010000000 
4 0 0 1 0 0 0 0  10010000100000001000000010000000100000001000000010000000100000001000000010000000100000001000000010000000100000001000000010000000100000001000000010000000100000001000000010000000100000001000000010000000 
4 0 0 2 0 0 0 0  10010000100000001000000010000000100100001001000010000000100000001001000010000000100100001001000010010000100000001000000010000000100000001000000010010000100100001001000010010000100000001001000010000000 
4 0 0 2 0 0 0 0  10000000100000001001000010000000100100001001000010010000100000001001000010000000100000001001000010010000100000001000000010010000100000001000000010010000100100001000000010000000100000001000000010000000 
2 0 0 2 0 2 0 0  10010000100101001001010010010100100100001001000010010000100100001001010010010000100100001001000010010000100101001001000010010000100101011001000010011000100100001001010010011101100100001001000010010100 
2 0 0 2 0 2 0 0  10010100100100001001010010010000100100001001000010010000100000001001010010010000100100001001000010010000100101001001000010010000000101001001000010010000100100001001000010010000100100001001000010010000 
2 2 0 2 0 2 0 0  10010101100101001001010010010100100101001001010010010000100100001001010010001100100111101111110011011100100101111111111110010000100101011001000010010101100111011001111010011100100100001001000110010100 
2 2 2 2 2 2 2 0  11010101100101001101010010010100100101001001010110010100110111011111010110011101111111101111110011011100100101111111111110010000100101011101000010010101100111111111111111111111111111101111111111111110 
2 0 0 2 0 0 0 0  10010000100100001001000010000000100000001000000010000000100000001000000010000000100000001000000010000000100000001000000010000000100000001000000010000000100000001000000010000000100000001000000010000000 
4 0 0 2 0 0 0 0  10000000100100001000000010010000100100001001000010010000100000001001000010000000100100001001000010000000100000001000000010000000100000001000000010000000100000001000000010000000100000001000000010000000 
5 0 0 2 0 0 0 0  10000000100000001000000010000000100000001000000010000000100000001000000010000000100000001000000010000000100000001000000010000000100000001001000010010000100100001000000010000000100000001000000010000000 
2 2 2 2 2 2 2 0  11111101111111111111110111111111111111111111111011111111111101111111111011111110111111101111111011111110111111111111111111111111111111011111111111110111111111111111111111111111111111101111111111111110 
2 2 2 2 2 2 2 0  11111101111111111111110111111111111111111111111011111111111101111111111011111110111111101111111011111110111111111111111111111111111111111111111111110111111111111111111111111111111111101111111111111110 
2 2 0 2 0 2 0 0  11010101100101001101010010010110100101001001010110010100110111011111010111011100111111101111110011010000100101001001000010010000100101011001000010010101100111011001110010011100100100001001000110010100 
4 0 0 2 0 0 0 0  10000000100100001001000010010000100100001001000010010000100000001001000010000000100100001001000010010000100000001000000010000000100000001001000010010000100100001000000010010000100000001001000010010000 
2 0 0 2 0 2 0 0  10010000100100001001000010010000100100001001010010010000100000001001010010010000100100001001000010010000100101001001000010010000100101011001000010010101100111011001110010011100100100001001000110010100 
5 0 0 0 0 0 0 0  10000000100000001000000010000000100000001000000010000000100000001000000010000000100000001000000010000000110000001000000010000000100000001000000010000000100000001000000010000000100000001000000010000000 
2 0 0 2 0 2 0 0  10010100100101001001000010010101100100001001000010010000100100001000000010010000100100001001000010010000100101001001000010010000100101011001000010010000100100001001000010010000100100001001000010010000 
4 0 0 2 0 0 0 0  10010000100100001000000010000000100100001000000010000000100000001001000010000000100000001000000010000000100100001000000010000000100000001000000010000000100000001000000010000000100000001000000010000000 
2 0 0 2 0 2 0 0  10010100100101001001000010010100100100001001010010010000100000001001010010010000100100001001000010010000100101001000000010010000100101011001001010010000100100001001000010011101100100001001000010010100 
4 0 0 2 0 0 0 0  10010000100000001000000010000000100100001001000010000000100000001001000010000000100100001001000010010000100000001000000010000000100000001000000010010000100100001001000010000000100000001000000010000000 
2 0 0 2 0 0 0 0  10010000100100001001000010010000100100001001000010010000100100001000000010010000100100001001000010010000100101001001000010010000100101011001000010010000100100001001000010010000100100001001000010010000 
4 0 0 2 0 0 0 0  10000000100100001000000010000000100000001000000010010000100000001001000010000000100100001001000010010000100000001000000010000000100000001001000010010000100100001001000010010000100100001001000010010000 
2 0 0 2 0 2 0 0  10010000100100001001010010010100100100001001000010010000100000001001010010010000000100001001000010010000100101001001000010010000100100001000000010010000100100001001000010010000100100001001000110010000 
2 0 0 2 0 2 0 0  10010100100100001001000010010000100100001001010010010000100101001001010010010000100100001001000010010000101101001001000010010000100101011001000010010000100100001001000010010000100100001001000010010000 
4 0 0 2 0 0 0 0  10010000100000001001000010010000100100001001000010000000100000001001000010000000100100001000000010000000100100001000000010000000100000001001000010000000100100001001000010010000100000001001000010010000 
2 0 0 2 0 2 0 0  10010101100101001001010010010100100101001001010010010000100100001001010010001100100111001001000010010000100100001001000010010000100101011001000010010101100111011001000010010000100100001001000010010000 
2 0 0 2 0 2 0 0  10010000100101001001000010010100100100001001000010010000100000001001010010010000100100001001000010010000100101001001100010010000100101011001000010010101100111011001110010011100100100001001000110010100 
2 2 0 2 0 2 0 0  10010101100101001001010010010100100101011001010110010100110100011111110110001100100111001001000010010000100100001001000010010000100101011001000010010101100111011000110010011100100100001001000010010000 
4 0 0 2 0 0 0 0  10000000100100001001000010010000100100001001000010010000100000001001000010000000100100001001000010010000100000001000000010000000100000001001000010010000100100001001000010010000100100001001000010010000 
2 0 0 2 0 2 0 0  10010101100101001001010010010100100101001001000010010000100100001001010010010000100100001001000010010000100101001001000010010000100101011001000010010001100100001001000010010100100100001001000010010100 
2 0 0 2 0 2 0 0  10010000100101001001000010010000100100001001010010010000100101001001010010010000100100001001000010010000100000001000000010010000100000001000000010010000100100001001000010010000100100000001000010010000 
2 0 0 2 0 2 0 0  10010000100100001001010010010100100100001001000010010000100100001001010010010000100100001001000010010000100101001001000010010000100101011001000010011000100100001001000010010100100100001001000010010100 
4 0 0 2 0 0 0 0  10010000100000001000000010000000100000001001000010000000100000001001000010000000100100001001000010000000100000001000000010000000100000001000000010000000100000001000000010000000100000001000000010000000 
2 0 0 2 0 2 0 0  10010101100101001001010010010100100101001001010010010000100000001001010010010000100100001001000010010000100101001001000010010000000101001001000010000000100100001001000010010000100100001001000010010000 
4 0 0 2 0 0 0 0  10000000100000001001000010000000100100001000000010000000100000001000000010000000100100001000000010000000100000001000000010010000100000001001000010000000100000001000000010000000100000001000000010000000 
2 0 0 2 0 0 0 0  10010000100100001001000010000000100000001000000010000000100000001001000010000000100000001000000010000000100100001000000010000000100000001001000010010000100100001001000010010000100000001001000010010000 
2 0 0 2 0 2 0 0  10010100100101001001010010010101100100001001000010010000100101001001010010010000100100001001000010010000100101001001000010010000100101011001000010010000100100001001000010010100100100000001000010110100 
2 0 0 2 0 2 0 0  10010100100101001001010010010101100100001001000010010000100100001000000010010000100100001001000010010000100101001001000010010000100101011001000010010000100100001001000010010000100100001001000010010000 
2 0 0 2 0 2 0 0  10010100100100001001000010010100100100001001010010010000100000001001010010000100100111001001000010010000100101001001000010010000100101011001000010010000100100001001000010010100100100001001000011010100 
4 0 0 2 0 2 0 0  10010101100101001101010010010100100101001001010110010100110111011111010110011101111111101111110011011100100101111111111110010000100101011001000010010101100111011001110010011100100100001001000110010100 
2 0 0 2 0 0 0 0  10010000100100001001000000010000100100001001000010010000100000001001000010000000100100001000000010000000100100001000000010000000100000001001000010000000100000001000000010010000100000001001000010010000 
4 0 0 2 0 0 0 0  10010000100000001001000010000000100000001000000010000000100000001000000010000000100100001000000010000000100000001000000010010000100000001001000010000000100000001000000010000000100000001000000010000000 
4 0 0 2 0 0 0 0  10000000100000001001000010000000100000001000000010000000100000001001000010000000100100001000000010000000100100001000000010000000100000001001000010000000100100001001000010010000100000001001000010010000 
2 0 0 2 0 2 0 0  10010100100100001001010010010000100000001001000010010000100100001001010010001100100111001001000010010000100100001001000010010000100101011001000010010101100111011001000010010000100100001001000010010000 
4 0 0 2 0 0 0 0  10000000100100001001000010000000100000001000000010000000100000001000000010000000100000001000000010000000100000001000000010000000100000001000000010010000100100001000000010000000100000001000000010000000 
2 2 2 2 2 2 2 0  11010101100101001101010010010100100101001001010110010100110111011111010110011101111111101111111011111111111111111111111111111111111111111111111111111111111111111111111111111111111111101111111111111110 
2 0 0 2 0 2 0 0  10010000100100001001000010010000100100001001000010010000100100001001010010000000100100001001000010010000100101001001000010010000100101011001000010010100100101001001110010011101100100001001000010010100 
2 0 0 2 0 0 0 0  10010000100100001001000010010000100000001000000010000000100000001000000010000000100000001000000010000000100000001000000010000000100000001000000010000000100000001000000010010000100000001001000010000000 
2 2 0 2 0 2 0 0  11010101100101001101010010010100100101001001010110010100110111011111010110011101111111101111110011011100100101111111111110010000100101011001000010010101100111011001110010011100100100001001000110010100 
2 0 0 2 0 2 0 0  10010100100100001001010010010100100100001001000010010000100000001001010010000000100100001001000010010000100101001001000010010000100101011001000010010100100111001001110010011101100100001001000010010100 
4 0 0 2 0 0 0 0  10000000100100001001000010000000100000001000000010000000100000001000000010000000100000001000000010000000100000001000000010000000100000001000000010000000100000001000000010000000100000001000000010000000 
4 0 0 2 0 0 0 0  10000000100000001001000010000000100000001000000010000000100000001000000010000000100000001000000010000000100000001000000010000000100000001000000010000000100000001000000010000000100000001000000010000000 
2 2 2 2 2 2 2 0  10010101100101001101110111110111111111001001010110010100100110011111010111111101111111111111111011111110111111111111111111111111111111111001111111110111111111111111111111111111111111101111111111111110 
4 0 0 2 0 0 0 0  10010000100000001001000010010000100000001001000010000000100000001001000010000000100100001001000010000000100000001000000010000000100000001000000010000000100000001000000010000000100000001001000010000000 
4 0 0 0 0 0 0 0  10000000100000001001000010000000100000001000000010000000100000001000000010000000100000001000000010000000100000001000000010000000100000001001000010000000100000001000000010000000100000001000000010000000 
2 0 0 2 0 2 0 0  10010000100100001001010010010100100100001001000010010000100000001001010010010000000100001001000010010000101101001001000010010000100101011001000010010000100100001001000010010000100100001001000010010000 
2 0 0 2 0 2 0 0  11010101100101001101010010010100100101001001010110010100110111011111010110001100100111001001000010010000100101001001000010010000100101011001000010010101100111011001110010011100100100001001000110010100 
2 0 0 2 0 0 0 0  10010000100100001001000010010000100100001001000010010000100000001001010010010000100100001001000010010000100000001000000010000000100000001001000010010000100100001001000010010000100100001001000010010000 
4 0 0 2 0 0 0 0  10000000100100001001000010010000100100001001000010010000100000001001000010000000100100001001000010010000100000001000000010000000100000001000000010000000100000001000000010000000100000001000000010000000 
4 0 0 2 0 0 0 0  10010000100000001001000010010000100100001001000010000000100000001001000010000000100100001000000010000000100100001000000010000000100000001000000010000000100000001001000010010000100100001001000010010000 
2 0 0 2 0 2 0 0  10010000100100001001000010010000100100001001000010010000100100001000000010010000100100001001000010010000100101001001000010010000100101011001000010010001100100001001000010010100100100001001000010010100 
2 0 0 2 0 0 0 0  10010000100100001001000010010000100100001001000010010000100000001001000010000000100100001001000010010000100000001001000010000000100000001001000010010000100100001001000010010000100000001001000010010000 
2 0 0 2 0 0 0 0  10010000100100001001000010010000100100001001000010010000100000001001000010000000100100001001000010010000100000001000000010000000100000001001000010010000100100001000000010010000100000001001000010010000 
2 0 0 2 0 2 0 0  10010100100101001001010010010100100100001001010010010000100100001001010010010100100100001001000010010000100101001000000010010000100101011001000010010000100100001001000010010000100000001001000010010000 
4 0 0 2 0 0 0 0  10000000100100001001000010010000100100001001000010010000100000001001000010000000100100001001000010010000100000001000000010000000100000001000000010000000100000001000000010000000100000001000000010000000 
4 0 0 2 0 0 0 0  10000000100100001000000010000000100000001000000010000000100000001000000010000000100000001000000010000000100000001000000010000000100000001001000010010000100100001000000010010000100000001001000010010000 
4 0 0 2 0 0 0 0  10000000100000001001000010000000100000001000000010000000100000001001000010000000100100001000000010000000100100001000000010000000100000001001000010000000100100001001000010010000100000001000000010000000 
2 2 2 2 0 2 0 0  11010101100101001101010010010100100101001001010110010100110111011111010110011101111111101111110011011100100101111111111110010000100101011101000010010101100111011001110010011100100100001001000110010100 
4 0 0 2 0 0 0 0  10010000100000001000000010000000100000001001000010000000100000001001000010000000100100001000000010000000100000001000000010000000100000001000000010000000100000001000000010000000100000001000000010000000 
4 0 0 2 0 0 0 0  10000000100100001000000010000000100000001000000010000000100000001000000010000000100000001000000010000000100000001000000010000000100000001001000010010000100100001000000010010000100000001001000010010000 
2 2 0 2 0 2 0 0  10010101100101001001010010010100100101011001010110010100110100011111110110001100100111001001000010010000100101001001000010010000100101011001000010010101100111011001110010011100100100001001000110010100 
2 0 0 2 0 2 0 0  10010100100101001001000010010101100100001001000010010000100000001001010010010000100100001001000010010000100001001001000010010000100101011001000010010000100100001001000010010100100101001001000010010100 
2 0 0 2 0 0 0 0  10010000100100001001000010010000100100001001000010010000100000001001000010000000100100001001000010010000100000001001000010010000100101011001000010010000100100001001000010010000100100001001000010010000 
4 0 0 2 0 0 0 0  10010000100000001001000010000000100000001001000010010000100000001001000010000000100100001001000010000000100000001000000010000000100000001000000010000000100000001000000010000000100000001000000010000000 
2 2 2 2 2 2 0 0  11110101111111011101110111110111111111001001010110010100100111011111010111101100100111001001000010010000100100001001000010010000100101011001000010010101100111011000100110011100100100001001000010010000 
5 0 0 2 0 0 0 0  10000000100000001000000010000000100000001000000010000000100000001000000010000000100000001000000010000000100000001000000010000000100000001001000010010000100100001000000010010000100000001001000010010000 
5 0 0 2 0 0 0 0  10000000100000001000000010000000100000001000000010000000100000001000000010000000100000001000000010000000100000001000000010000000100000001001000010010000100100001000000010010000100000001001000010010000 
2 0 0 2 0 2 0 0  10010000100101001001010010010100100100001001000010010000100000001001010010010000100100001001000010010000100101001001000010010000100100001000000010010000100100001001000010010000100100001001000010010000 
