4 0 0 0 0 0 0 0  10000000100000001000000010000000100000001000000010000000100000001000000010000000100000001000000010000000100000001000000010000000100000001000000010000000100000001000000010000000100000001000000010000000 
2 2 2 2 2 2 2 1  11111111111111111111111111111111111111101111111011111111111111111101111111111111111111111111111011111110111111111111111111111111111111111111111111111111111111111111111111111110111111111111111111111110 
4 0 0 0 0 0 0 0  10000000100000001000000010000000100000001000000010000000100000001000000010000000100000001000000010000000100000001000000010000000100000001000000010000000100000001000000010000000100000001000000010000000 
2 2 2 2 2 2 2 1  11111111111111111111111111111111111111101111111011111111111111111101111111111111111111111111111011111110111111111111111111111111111111111111111111111111111111111111111111111110111111111111111111111110 
2 0 0 2 0 2 0 0  10010000100101001001010010010000100100001001000010010000100101001001010000010100100100001001010010010000100100001001000010010000100100001001000010010000100100001001000010010000100100001001000010010000 
4 0 0 2 0 0 0 0  10000000100100001001000010010000100100001000000010000000100000001001000010000000100000001001000010000000100000001000000010000000100000001001000010010000100000001000000010000000100000001000000010000000 
3 0 0 2 0 0 0 0  10010000100100001000000010000000100000001000000010000000100000001000000010000000100000001000000010000000100000001000000010000000100000001000000010000000100000001000000010000000100000001000000010000000 
2 0 0 2 0 2 0 0  10010000100101001001000010010000100100001001010010010000100001001001010010010100100100001001000010010000100101001001010010010000100101001001000010010000100100001001000010010100100100001001010010010100 
4 0 0 2 0 0 0 0  10000000100000001001000010000000100000001000000010000000100100001000000010000000100100001001000010010000100100001001000110010000100100001001000010000000100000001000000010000000100000001001000010000000 
2 0 0 2 0 0 0 0  10010000100100001001000010010000100100001001000010010000100000001001000010010000100100001101000010010000100100001001000010010000100100001001000010010000100100001001000010010000100100001001000010010000 
2 1 2 2 2 2 2 1  11010101111101011001010110010100100101001001010010010101111111110101111111111111111111111111111011111110111111111111111111111111111111111111111111111111111111111111111111111110111111101111111111111110 
4 0 0 2 0 0 0 0  10000000100100001000000010000000100000001000000010000000100000001000000010000000100000001000000010000000100000001000000010000000100000001001000010010000100000001000000010010000100100001001000010010000 
2 0 0 2 0 2 0 0  10010100100101001001010010010100100101001001010010010100100111000001010110010100100100001001000010010100100101001001010010010000100101001001000010010000100101001001010010010100100100001001010010010100 
2 0 0 2 0 2 0 0  10010100100101001001010010010100100101001001010010010100100101000001010110010100100100001001000010011110100101001001010010010010100101011001010010010000100100001001010010010100100100001001010010010100 
2 0 0 2 0 2 0 0  10010101100101011001010110010100101101001001010010010100100111000001010110010100100100001001000010010100100101001001010010010000100101001001000010010000100101001001010010010100100100001001010010010100 
2 0 0 2 0 2 0 0  10010000100101001001000010010000100100001001010010010000100101001001010010010100100100001001010010010000100100001001000010010000100100001001000010010000100100001001000010010000100100001001000010010000 
4 0 0 2 0 0 0 0  10000000100000001001000010000000100000001000000010000000100100001000000010000000100000001001000010010000100000001001000010010000000100001001000010000000100000001000000010000000100000001000000010000000 
2 0 0 2 0 0 0 0  10010000100100001001000010010000100100001000000010000000100000001001000010000000100100001001000010010000100100001001000010010000100100001001000010010000100100001001000010010000100100001001000010010000 
4 0 0 2 0 0 0 0  10010000100000001000000010000000100000001000000010000000100000001001000010000000100000001001000010000000100000001001000010010000100100001001000010010000100000001001000010010000100100001001000010010000 
2 0 0 2 0 2 0 0  10010100100101001001010010010100100101011001000010010000100000001001000010010100100100001001010010010100100101001001010010010000100100001001000010010000100100001001000010010000100100001001000010010000 
2 1 0 2 0 2 0 0  10011101100101011001010110010100101111101111111011010100100101001001010010010000100101101011010010011110100101001001010010010010100101011001010010010100100100001001010010010100100100001001010010010100 
3 0 0 2 0 2 0 0  10010100100100001001010010010100100101011001000010010000100000001001000010010100100100001001010010010100100101001001010010010000100100001001000010010000100100001001000010010000100100001001000010010000 
2 0 0 2 0 2 0 0  10010101100101011001010110010100100101001001010010010100100101001001010010110100100100001001010010010100100101001001001010010010100101001001000010010101100100001001000010010100100100001001000011010101 
2 1 2 2 2 2 2 1  11011101111111011101110010010100100101001001010010010010100101001001010010110100100100001001000010010000100111111111111111111111111111111111111111111111111111101111111111111110111111111111111111111110 
2 0 0 2 0 2 0 0  10010000100100001001000010010000100101001001010010010000100101001001010010010100100100001001010010010100100101001001000010010100100101001001000010010000100101001001010010010100100100001001010010010100 
2 1 2 2 0 2 2 1  11010101111101011001010110010100100101001101010010010100100101001101010110010100100100001001000010010000100101001001111111111111111111111111111111111111111111111111111111111110101111111111111111111110 
2 0 0 2 0 2 0 0  10010100100100001001000010010000100100001001000010010000100101001001010010010100100100001001010010010100100101001001000010010100100101001001000010010000100100001001000010010000100100001001000010010000 
2 0 0 2 0 2 0 0  10010100100100001001000010010000100101001001010010010000100101001001010010010100100100001001010010010100100101001001000010010100100101001001000010010000100101001001010010010100100100001001010010010100 
2 0 0 2 0 0 0 0  10010100100100001001000010010000100100001001000010010000100000001001000010010000100100001101000010010000100100001000000010010000100100001000000010010000100100001001000010010000100100001001000010010000 
2 0 0 2 0 2 0 0  10010000100100001001010010010000100100001001000010010000100101001001010010010100100100001001000010010000100101001001010010010000100100001001000010010000100100001001000010010000100100001001000010010000 
2 0 0 2 0 2 0 0  10010100100101001001010010010000100100001001000010010000100000001001000010010000100100001101000010010000100100001001000010010000100100001001000010010000100100001001000010010000100100001001000010010000 
3 0 0 2 0 2 0 0  10010000100100001001000010010000100101001001000010010000100001001001010010010100100100001001000010010000100101001001010010010000100101001001000010010000100100001001000010010100100100001001010010010100 
2 0 0 2 2 2 0 0  10011101100101011001010110010100100101001001010010010010100101001001010010110100100100001001000010010100100101001001010010010000101101001001000010010000100101001001010010010100100100001001010010010100 
2 0 0 2 0 2 0 0  10010100100101001001010010010100100101001001010010010100100101001001010010010100100100001001010010010000100100001001000010110000100100001001000010010000100100001001000010010000100100001001000010010000 
4 0 0 2 0 0 0 0  10000000100000001000000010000000100000001000000010000000100000001000000010000000100000001001000010010000100000001001000010010000000100001001000010000000100000001000000010000000100000001000000010000000 
2 1 2 2 2 2 2 1  10011101100101011001010110010100101111101111111011111111111111110101011111111111110111111111111011111111111101111111111111111111111111111111111111111111111111111111111111111110111111110111111111111110 
2 0 0 2 0 2 0 0  10010000100101001001010010010000100100001001000010010000100001001001010010010100100100001001000010010000100101001001010010010000100101001001000010010000100100001001000010010100100100001001010010010100 
4 0 0 0 0 0 0 0  10000000100000001000000010001000100000001000000010000000100000001000000010000000100000001000000010000000100000001000000010000000100000001000000010000000100000001000000010000000100000001000000010000000 
2 1 2 2 2 2 2 1  11111101111111011111110111111111111111101111111011111111111111111101111111111111111111111111111011111110111111111111111111111111111111111111111111111111111111111111111111111110111111101111111111111110 
2 0 0 2 0 2 0 0  10010000100100001001000010010000100100001001000010010000100101001001010010010100100100001001010010010100100101001001000010010100100101001001000010010000100100001001000010010000100100001001000010010000 
2 1 2 2 0 2 0 0  11010101111101011001010110010100100101001101010010011100100101000001010110010100100100001001000010010100100101001001010010010000100101001001000010010000100101001001010010010100100100001001010010010100 
2 1 2 2 0 2 2 1  10010101100101011001010110010100100101001001011010010100100101001001010010110100100100001001010010010100100101001001001010010010100101001001000010010101111111111111111111111110101111111111111111111110 
2 2 2 2 2 2 2 1  11111111111111111111110111011111111101101111010111111110111111111101111111111110111111111111101010111110111111011111100010010100101111111111111111111111111111111111111111111110111111111111111111111110 
4 0 0 2 0 0 0 0  10000000100000001001000010000000100000001000000010000000100100001001000010000000100000001001000010010000100100001000000010010000100100001001000010010000100100001001000010010000100100001001000010010000 
3 0 0 2 0 0 0 0  10010000100100001001000010000000100000001001000010000000100000000001000010000000100000001001000010010000100100001000000010010000100100001000000010010000100100001001000010010000100100001001000010010000 
2 0 0 2 0 2 0 0  10010000100100001001010010010000100100001001000010010000100101001001010010010100101100001001000010010000100101001001010010010000100100001001000010010100100100001001000010010000100100001001010010010100 
3 0 0 2 0 0 0 0  10010000100100001001000010000000100000001001000010000000100000000001000010000000100000001001000010000000100000001000000010000000100000001000000010000000100000001000000010000000100000001000000010000000 
3 0 0 2 0 2 0 0  10010100100100001001010010010100100101011001000010010000100101001001010010010100100100001001010010010100100101001001010010010000100101001001000010010000100100001000000010010100100100001001000010010100 
3 0 0 2 0 0 0 0  10010000100100001000000010000000100000001000000010000000100000001001000010000000100100001001000010010000100000001001000010010000100100001001000010010000100100001001000010010000100100001001000010010000 
3 0 0 2 0 0 0 0  10010000100000001001000010000000100000001000000010000000100000001000000010000000100000001000000010000000100000001000000010000000100000001000000010000000100000001000000010000000100000001000000010000000 
3 0 0 2 0 0 0 0  10010000100100001001000010000000100000001001000010000000100000000001000010000000100000001001000010000000100000001000000010000000100000001001000010010000100000001001000010010000100100001001000010010000 
4 0 0 2 0 0 0 0  10000000100100001000000010000000100000001000000010000000100000001000000010000000100000001000000010000000100000001000000010000000100000001000000010000000100000001000000010000000100000001000000010000000 
3 0 0 2 0 0 0 0  10010000100000001001000010000000000100001000000010000000100000001001000010000000100000001001000010000000100000001001000010010000100100001001000010010000100000001001000010010000100100001001000010010000 
4 0 0 2 0 0 0 0  10000000100100001001000010010000100100001000000010000000100000001001000010000000100100001001000010010000100100001001000010010000100100001001000010000000100000001000000010010000100100001001000010010000 
4 0 0 2 0 0 0 0  10000000100000001001000010000000100000001000000010000000100000001000000010000000100000001000000010000000100000001000000010010000100000001000000010000000100000001000000010000000100100001001000010000000 
2 0 0 2 0 2 0 0  10010100100100001001000010010100100101001001010010010000100101001001010010010100100100001001010010010100100101001001000010010100100100001001000010010000100100001001000010010000100100001001000010010000 
4 0 0 2 0 0 0 0  10000000100000001000000010000000100000001000000010000000100000001000000010000000100000001001000010000000100000001000000010000000100000001001000010010000100000001001000010010000100100001001000010010000 
2 0 0 2 0 2 0 0  11010101111101011001010110010100100101001001010010010101111111110101111111111101111110001001010010010100100101001001010010010000100101001001000010010000100101001001010010010100100100001001010010010100 
4 0 0 0 0 0 0 0  10000000100000001000000010000000100000001000000010000000100000001000000010000000100000001000000010000000100000001000000010000000100000001000000010000000100000001000000010000000100000001100000010000000 
2 0 0 2 0 2 0 0  10010000100100001001000010010000100100001001000010010000100000001001010010000100100101001001000010010000100100001001000010010000100100001001000010010000100100001001000010010000100100001001000010010000 
4 0 0 2 0 0 0 0  10000000100100001001000010010000100100001000000010000000100000001001000010000000100100001001000010010000100100001001000010010000100100001001000010010000100100001001000010010000100100001001000010010000 
2 0 0 2 0 2 0 0  10010100100101001001000010010000100100001001010010010000100101001001010110010100100100001001000010010000100100001000000010010000100100001001000010010000100100001001000010010000100100001001000010010000 
4 0 0 2 0 0 0 0  10000000100000001001000010000000100000001000000010000000100100001001000010000000100000001001000010010000100100001000000010010000100100001001000010010000100100001001000010010000100100001001000010011000 
4 0 0 2 0 0 0 0  10000000100100001000000010000000100000001000000010000000100000001001000010000000100000001001000010000000100000001000000010000000100000001001000010010000100100001000000010010000100100001001000010010000 
3 0 0 2 0 0 0 0  10010000100100001000000010000000100000001000000010000000100000001000000010000000100000001000000010000000100000001000000010000000100100001001000010010000000100001001000010010000100100001001000010010000 
3 0 0 2 0 0 0 0  10010000100000001001000010000000100000001000000010000000100000001001000010000000100000001000000010000000100000001000000010000000100000001000000010000000100000001000000010000000100000001000000010010000 
2 0 0 2 0 2 0 0  10010100100101001001000010010000100100001001010010010000100101001001010010010100100100001001010010010100100101001001010010010000100101001001000010010000100100001001000010010100100100001001000010010100 
4 0 0 2 0 0 0 0  10000000100000001001000010000000100000001000000010000000100000001000000010000000100000001001000010000000100000001000000010000000100000001000000010000000100000001000000010000000100000001000000010000000 
2 0 0 2 0 2 0 0  10010100100101001001010010010100100101001001010010010100110111000001010110010100100100001001000010011110100101001001010010010010100101011001010010010000100100001001010010010100100100001001010010010100 
2 0 0 2 0 2 0 0  10010000100101001001010010010000100100001001010010010100100111000001010110010100100100001001000010010100100101001001010010010000100101001001000010010000100101001001010010010100100100001001010010010100 
4 0 0 2 0 0 0 0  10010000100000001000000010000000100000001000000010000000100100001001000010000000100000001000000010000000100000001000000010000000100000001001000010010000100000001000000010010000100100001001000010010000 
2 0 0 2 0 2 0 0  11010101111101011001010110010100100101001001010010010101111111110101111111111101111110001001010010010100100101001001010010010000100101001001000010010000100101001001010010010100100100001001010010010100 
2 2 2 2 2 2 2 1  11111101111111111111110111110101011111101111111111111111111111111101111111011111111111111111111011111110111111111111111111111111111111111111111111111111111111111111111111111110111111111111111111111110 
3 0 0 2 0 0 0 0  10010000100100001001000010000000100000001001000010000000100000001000000010000000100000001001000010000000100000001000000010010000100100001001000010000000100000001000000010000000100000001000000010000000 
4 0 0 2 0 0 0 0  10010000100000001000000010000000100000001000000010000000100000001000000010000000100000001000000010000000100000001000000010000000100100001001000010000000100000001000000010010000100100001001000010010000 
4 0 0 2 0 0 0 0  10000000100000001000000010000000100000001000000010000000100000001001000010000000100100001001000010010000100100001001000010010000100100001001000010010000100100001001000010010000100100001001000010010000 
4 0 0 2 0 0 0 0  10010000100000001000000010000000100000001000000010000000100100001000000010000000100000001001000010000000100000001000000010000000100000001000000010000000100000001000000010000000100000001000000010000000 
2 0 0 2 0 2 0 0  10011101100101011001010110010101100101001101010010010000100101001001010010010000100101101001010011111110110101001001010010010010100101011001010010010000100100001001010010010100100100001001010010010100 
2 0 0 2 0 2 0 0  10010100100101001001000010010000100100001001010010010000100000001001000010010100100100001001110010010100100101001001010010010000100100001001000010010000100100001001000010010000100100001001000010010000 
2 2 2 2 2 2 2 1  11111101111111111111110111110100011111101111111111111111111111111101111111111111111111111111110011111101111111111111111111110111011111111101111111111111111111111110110111111110111111101111111111110110 
2 0 0 2 0 2 0 0  10010000100101001001000010010000100100001001010010010000100100001001000010000000100100001001000010010000100000001001000010010000100100001001000010010000100100001001000010010000100100001001000010010000 
3 0 0 2 0 0 0 0  10010000100100001000000010000000100000001000000010000000100000001001000010000000100100001001000010010000100000001001000010010000100100001001000010010000100100001001000010010000100100001000000010000000 
2 0 0 2 0 2 0 0  10010000100101001001010010010000100100001001010010010100100101001001010010010100100100001001010010010100100101001001000010010100100000001001000010010000100100000001010010010100100100001001010010010100 
2 1 2 2 2 2 2 1  11111101111111011111110111011111111101101111010111111110111111111101111111111110101111111111101010111110111111011111100010010100101111111111111111111111111111111111111111111110111111111111111101111100 
2 1 2 2 2 2 2 1  11111101111111111111111111111111111111101111111011111111111111111101111111111111111111111111111011111110111111111111111111111111111111011111111111111111111111111111111111111110111111101111111111111110 
4 0 0 2 0 0 0 0  10010000100000001000000010000000100000001000000010000000100000001000000010000000100000001000000010000000100000001000000010000000100000001000000010000000100000001000000010000000100000001000000010000000 
2 1 2 2 2 2 2 1  11111101111111111111111111111111111111101111111011111111111111111101111111111111111111111111111011111110111111111111111111111111111111111111111111111111111111111111111111111110111111101111111111111110 
3 0 0 2 0 0 0 0  10000000100100001001000010000000100000001000000010000000100000001000000010000000100000001000000010000000100000001000000010000000100000001000000010000000100000001000000010000000100000001000000010000000 
3 0 0 2 0 0 0 0  10010000100000001001000010000000100000001000000010000000100000001001000010000000100000001000000010000000100000001000000010000000100000001001000010010000100000001000000010010000100100001001000010010000 
4 0 0 2 0 0 0 0  10000000100000001000000010000000100000001000000010000000100000001001000010000000100100001001000010010000100100001001000000010000100100001001000010010000100100001001000010010000100100001000000010010000 
2 1 2 2 0 2 2 0  10010101100101011001010110010100100101001001011010010100100101001001010110010100100100001001000010011110100101001001010010011010100101011001010010010000100100001001010010010100100100001001010010010100 
2 0 0 2 0 2 0 0  10010000100100001001000010010000100101001001010010010000100000001001000010000000100100001001000010010000100100001001000010010000100100001001000010010000100100001001000010010000100100001001000010010000 
3 0 0 2 0 0 0 0  10010000100000001001000010000000100000001000000010000000100000001001000010000000100100001001000010010000100000001001000010010000100100001001000010010000100100001001000010010000100100001001000010010000 
4 0 0 2 0 0 0 0  10000000100000001000000010000000100000001000000010000000100000001001000010000000100000001001000010010000100100001000000010010000100100001001000010010000100100001001000010000000100000001000000010010000 
2 0 0 2 2 2 2 1  11111101111111011111110111011111101101001001010010010100100111001001010010110100100100001001010010010100100101001001000010010000110111111111111111111111111111111111111111111110111111111111111111111111 
4 0 0 2 0 0 0 0  10000000100100001000000010000000100000001000000010000000100000001001000010000000100100001001000010010000100000001001000010010000100100001001000010010000100100001001000010010000100100001001000010010000 
3 0 0 2 0 0 0 0  10010000100000001001000010000000100000001000000010000000100000001000000010000000100000001000000010000000100000001000000010000000100000001001000010010000100100001000000010010000100100001001000010010000 
4 0 0 2 0 0 0 0  10000000100100001000000010000000100000001000000010000000100000001000000010000000100000001000000010000000100000001000000010000000100000001000000010000000100000001000000010000000100000001000000010000000 
3 0 0 2 0 0 0 0  10010000100100001000000010000000100000001000000010000000100000001000000010000000100000001000000010000000100000001000000010000000100100001001000010010000000100001001000010010000100100001001000010010000 
2 1 2 2 2 2 2 1  11010101111101011111111111111111111111101111111011111111111111111101111111111111111111111111111011111110111111111111111110111111111111111111111111111111101111111111110111111111111111111101010011111110 
