5 0 0 0 0 0 0 0  10000000100000001000000010000000100000001000000010000000100000001000000010000000100000001000000010000000100000001000000010000000100000001000000010000000100000001000000010000000100000001000000010000000 
2 2 0 2 2 2 2 1  11111111111111111111111111111111111111101111111011111111111111111111111111111110111111101111111011111111111111111111111111111111111111111111111111111111111111111111111111111110111111111111111011111111 
2 2 0 2 2 2 2 1  11111111111111111111111111111111111111101111111011111111111111111111111111111110111111101111111011111111111111111111111111111111111111111111111111111111111111111111111111111110111111111111111011111111 
5 0 0 0 0 0 0 0  10000000100000001000000010000000100000001000000010000000100000001000000010000000100000001000000010000000100000001000000010000000100000001000000010000000100000001000000010000000100000001000000010000000 
2 2 0 2 2 2 2 1  10010101100101001001010010010100100101001001010010010101100100001101010010001100100101011101000010010000100101001000111110110100100101111111110011011110110111111111110111010111110100110101011110110110 
2 0 0 2 0 2 0 0  10010101100111011001010010010100100111011001010010010100100100001101010010011100100101001001010010010000100100001001110010010100100111001001000010010100100100001001010010010101100100011001010010010100 
4 0 0 2 0 0 0 0  10000000100100001001000010000000100000001001000010010000100100001001000010000000100000001001000010010000100100001001000010000000100000001001000010010000100100001001000010000000100000001001000010010000 
2 0 0 2 0 2 0 0  10010000100101001001010010010000100101001001000010010000100100001001000010010000100101011001000010010100100100001000000010010100100100001001000010010000100100001001000010000000100100001001000010010000 
2 0 0 2 0 0 0 0  10010000100100001001000010000000100000001000000010000000100000001000000010000000100000001000000010000000100000001000000010000000100000001000000010000000100000001000000010000000100000001000000010000000 
4 0 0 2 0 0 0 0  10000000100000001000000010000000100100001001000010010000100100001001000010000000100000001000000010000000100000001000000010000000100000001000000010000000100000001000000010000000100000001000000010000000 
4 0 0 2 0 0 0 0  10010000100000001000000010000000100000001000000010000000100000001000000010000000100000001000000010000000100000001000000010000000100000001000000010000000100000001000000010000000100000001000000010000000 
2 2 0 2 2 2 2 1  10010101100111011001010010010100100111111001010010011111111101111101111111111110111111000111110011111111111111111111111011111111111111111111111111111111111111111111111111111110111111111111111011111111 
2 0 0 2 0 2 0 0  10010100100101001001000010010100100100001001010010010000100100001001010010010100100101011001010010010100100100001000010010010100100101001001000010010100100100001001000010000000100100001001000010010000 
4 0 0 2 0 0 0 0  10010000100000001000000010000000100100001001000010010000100100001001000010010000100000001000000010000000100000001000000010000000100000001000000010000000100000001000000010000000000100001000000010000000 
2 0 0 2 0 2 0 0  10010100100100001001010010010000100101001001000010010000100100001001000010010100100101011001010010010100100100001000010010010100100101001001000010010110100100001001000010010101100100001001010010010100 
2 2 0 2 2 2 2 1  10010101110111011001010010010101111101011111110111111111111110101111110111111100111111101111111011111101111110111101110111011110111111111111111011011110110111111111110111010111110100110101011110111110 
4 0 0 2 0 0 0 0  10000000100000001001000010000000100000001001000010010000100100001000000010000000100000001000000010000000100000001000000010000000100000001000000010000000100000001000000010000000100000001000000010000000 
2 0 0 2 0 2 0 0  10010000100100001001010010010000100101001001000010010000100100001001000010010100100101011001010010010100100100001000010010010100100101011001000010010100100100001001000010010101100100001001010010010100 
4 0 0 2 0 0 0 0  10000000100000001001000010000000100100001001000010010000100100001001000010000000100000001000000010000000100000001000000010000000100000001001000010010000100100001001000010010000100000001001000010010000 
2 0 0 2 0 2 0 0  10010101100101001001010010011100100101001001010010010101100100001101110010001100100101001001000010010100100100001001010010010100100101001001000010010100100100001001000010010101100101001001010010010100 
2 0 0 2 0 2 0 0  10010100100100001001010010010000100100001001000010010000100100001101000010010000100000001001000010010000100100001000000010010100100100001001000010010000100100001001000010000000100100001001000010010000 
2 2 0 2 0 2 0 0  10010101100111001001010010010100100101011001010010010100100100001101010010011100100101001001010010010100100100001000010010010100100101001001000010010100100100001001010010010101100100001001010010010100 
4 0 0 2 0 0 0 0  10010000100000001001000010000000100000001001000010010000100100001001000010000000100000001001000010010000100100001001000010000000100000001001000010010000100100001001000010000000100000001001000010010000 
2 0 0 2 0 2 0 0  10010101100101001001010010011100100101001001010010010101100100001001000010010100100101011001010010010100100100001000010010010100100101001001000010010100100100001001000010010101100100001001010010010100 
5 0 0 2 0 0 0 0  10000000100000001000000010000000100100001001000010010000100100001001000010010000100000001001000010000000100100001001000010000000100000001000000010000000100000001000000010000000100000001000000010000000 
4 0 0 2 0 0 0 0  10000000100100001000000010000000100000001000000010000000100000001000000010000000100000001000000010000000100000001000000010000000100000001000000010000000100000001000000010000000100000001000000010000000 
4 0 0 2 0 0 0 0  10000000100000001001000010000000100100001001000010010000100100001001000010000000100000001000000010000000100000001000000010000000100000001000000010000000100000001000000010000000100000001000000010000000 
4 0 0 2 0 0 0 0  10010000100000001000000010000000100000001000000010000000100000001000000010000000100000001000000010000000100000001000000010000000100000001000000010000000100000001000000010000000100000001001000010010000 
5 0 0 2 0 0 0 0  10000000100000001000000010000000100000001000000010000000100000001000000010000000100000001000000010000000100000001000000010000000100000001000000010000000100000001000000010000000100100001001000010010000 
4 0 0 2 0 0 0 0  10010000100000001000000010000000100000001001000010010000100100001001000010010000100000001001000010010000100100001001000010000000100000001000000010000000100000001000000010000000100000001001000010010000 
2 0 0 2 0 2 0 0  10010000100100001001000010010101100101001001010010010000100100001001000010010100100101001001000010010100100100001000010010010100100100001001000010010100100100001001000010010101100100001001000010010100 
2 0 0 2 0 2 0 0  10010100100101001001110010010101100101001001010010010000100100001001000010010000100100001001010010010000100100001000000010010100100100001001000010010100100100001001000010010101100101001001010010010100 
2 0 0 2 0 2 0 0  10010000100101001001010010010000100101001001000010010000100100001001000010010000100101011001000010010100100100001000000010010100100100001001000010010000100100001001000010010101100100001001010010010100 
2 2 0 2 2 2 2 1  11111101111101001111110111111111111101011111110111111111111110101111110111111110110111101111011011111111111111111111111111111111111111111111111111111111111111111111111111111110111111111011110011111111 
2 0 0 2 0 2 0 0  10010000100100001001000010010000100100001001000010010000100100001001000010010000100000001001000010010000100100001000000010010100100100001001000010010100100100000001000010010101100100001001000010010100 
4 0 0 2 0 0 0 0  10000000100100001001000010000000100000001000000010000000100000001000000010000000100000001000000010000000100000001000000010000000100000001000000010000000100000001000000010000000100000001000000010000000 
2 2 0 2 2 2 2 1  10010101100101001001010010010100100101001001010010010101100100001101010010001100100101011111111011111101111110111101110111001100111111111111111011011110110111111111110111111110111111111111111011111111 
4 0 0 2 0 0 0 0  10000000100000001000000010000000100100001001000010010000100100001001000010010000100000001001000010010000100100001001000010000000100000001000000010000000100000001000000010000000100000001001000010010000 
2 0 0 2 0 2 0 0  10010100100101001001010010010101100101001001010010010000100100001001000010010000100100001001010010010000100100001000000010010100100100001001000010010100100100001001000010010101100100001001000010010100 
2 0 0 2 0 2 0 0  11111101111101001111110111111111111101011111110111111111111110101111110010011100100101001001010010010000100100001011110010010100100101001001000010010100100100001001010010010101100100001001010010010100 
2 0 0 2 0 2 0 0  10010100100100001001000010010000100101001001010010010100100101001001000010010000100100001001000010010000100100001000000010010000100100001001000010010100100100001001000010010101100100001001010010010100 
2 0 0 2 0 2 0 0  10010000100100001001000010010101100100001001010010010000100100001101010010011100100101001001010010010000100100001001110010010100100101001001000010010100100100001001010010010101100100001001010010010100 
4 0 0 2 0 0 0 0  10010000100000001001000010000000100000001000000010000000100000001000000010000000100000001000000010000000100000001000000010000000100000001000000010000000100000001000000010000000100000001000000010000000 
2 0 0 2 0 0 0 0  10010000100100001001000010010000100100001001000010010000100100001001000010010000100000001001000010010000100100001000000010010100100100001001000010010000100100001001000010000000100100001001000010010000 
4 0 0 2 0 0 0 0  10010000100100001000000010000000100100001001000010010000100100001001000010010000100000001000000010000000100000001000000010000000100000001000000010000000100000001000000010000000100000001001000010000000 
2 0 0 2 0 2 0 0  10010100100100001001010010010000100101001001000010010000100100001001000010010000100100001001000010010000100100001000000010010100100100001001000010010100100100001001000010010101100100001001000010010100 
2 0 0 2 0 2 0 0  10010000100100001001000010010101100100001001010010010000100100001001000010010000100100001001000010010100100100001000000010010100100101001001000010010000100100001001000010010000100100001011000010010000 
2 2 0 2 2 2 2 1  11111101111111111111111111111111111111101111111011111111111111111111111111111110111111101111111011111111111111111111111111111111111111111111111111111111111111111111111111111110111111111111111011111111 
2 2 0 2 2 2 2 1  11011101111101001111110111111111111101011111110111111111111111111111111111111110111111101111111011111111111111111111101111111111111111111111111111111111111111111111111111111110111111111111111011111111 
2 0 0 2 0 2 0 0  10010000100100001001010010010000100101001001000010010000100100001001000010010100100101011001010010010100100100001000000010010100100101011001000010010000100100001001000010000000100100001001000010010000 
4 0 0 2 0 0 0 0  10000000100100001000000010000000100100001001000010010000100000001001000010000000100000001000000010000000100000001000000010000000100000001000000010000000100000001000000010000000100000001001000010000000 
2 0 0 2 0 0 0 0  10010000100100001001000010010000100100001001000010010000100100001001000010010000100000001001000010010000100100001001000010000000100000001001000010010000100100001001000010000000100000001001000010010000 
4 0 0 2 0 0 0 0  10000000100100001001000010000000100000001001000010010000100100001001000010000000100000001001000010010000100000001000000010000000100000001000000010000000100000001000000010000000100000001001000010010000 
4 0 0 2 0 0 0 0  10010000100000001001000010010000100100001001000010010000100100001000000010000000100000001000000010000000100000001000000010000000100000001000000010000000100000001000000010000000100000001000000010000000 
2 2 0 2 2 2 2 1  11111101111111111111111111011111111111101111111011111111111111111111110111111110111111101111111011111101111110111101110111001100111111111111111011011110110111111111110111111110111111111111111011111111 
4 0 0 2 0 0 0 0  10000000100100001000000010000000100100001001000010010000100000001001000010000000100000001000000010000000100000001000000010000000100000001001000010010000100100001001000010000000100000001001000010010000 
2 2 0 2 2 2 2 1  10010101100111011001010010010100100111011001010010010100100100001101010010011100100101001001011011111111111111111111111110111111111111111111111011011110110111111111110111111110011111111111111011111111 
2 2 0 2 2 2 2 1  11111111111111111111110111111111111101011111110111111111111110101111110111111100111111101111111011111101111110111101110111011110111111111111111011011110110111111111110111010111110100110101011110110110 
4 0 0 2 0 0 0 0  10010000100000001001000010010000100100001001000010010000100100001000000010000000100000001001000010010000100100001000000010000000100000001000000010000000100000001000000010000000100000001000000010000000 
4 0 0 2 0 0 0 0  10010000100100001000000010000000100000001000000010000000100000001000000010000000100000001000000010000000100000001000000010000000100000001000000010000000100000001000000010000000100000001000000010000000 
2 0 0 2 0 2 0 0  10010000100101011001010010010000100101001001000010010000100100001001000010010100100101001001000010010100100100001000000010010100100100001001000010010100100100000001000010010101100100001001000010010100 
2 0 0 2 0 2 0 0  10010000100101001001000010010000100101001001000010010000100100001001000010010000100101011001010010010000100100001001010010010100100101001001000010010100100100001001000010010101100100001001010010010100 
2 2 0 2 2 2 2 1  10010101100111001001010010010100100101011001010010010100100100001101010010001100100101001101110010010100111111111111111111111111011111111111111111111111111111101111111111111110111111111111111011110111 
2 0 0 2 0 2 0 0  10010100100100001001010010010000100101001001000010010000100100001001000010010100100101011001010010010100100101001000010010010100100101001001000010010100100100001001000010010000100100001001000010010000 
4 0 0 2 0 0 0 0  10000000100100001001000010000000100000001001000010010000100100001001000010000000100000001000000010000000100000001000000010000000100000001000000010000000100000001000000010000000100000001000000010000000 
2 2 0 2 2 2 2 1  11111101111111011111111111111111111111111111111011111111111111111111111111111110111111111111111011111111111111111111111111111111111111111111111111111111111111111111111111111110111111111111111011111111 
2 2 0 2 2 2 2 1  11110101100111011001010010010100100101001001010010010101100100001101010010001100100101011111111011111101111110111101110111001100111111111111111011011110110111111111110111111110111111111111111011111111 
2 0 0 2 0 2 0 0  10010100100100001001000010010000100100001001000010010000100100001001000010010000100000001001000010010000100100001000000010010100100100001001000010010000100100001001000010000000100100001001000010010000 
4 0 0 2 0 0 0 0  10010000100100001000000010000000100100001001000010010000100100001001000010010000100000001000000010000000100000001000000010000000100000001000000010000000100000001000000010000000100000001000000010000000 
2 2 0 2 2 2 2 1  10010101100111011001010010010100100111111001010010011111111101111101111111111110111111000111110011111111111110111101110111011110111111111111111011011110110111111111110111010111110100110101011110110110 
2 0 0 2 0 0 0 0  10010000100100001001000010000000100000001001000010000000100100001001000010000000100000001001000010010000100100001001000010000000100000001001000010010000100100001001000010000000100000001001000010010000 
2 0 0 2 0 0 0 0  10010000100100001001000010000000100000001001000010010000100100001001000010000000100000001000000010000000100000001000000010000000100000001000000010000000100000001000000010000000100000001000000010000000 
4 0 0 2 0 0 0 0  10000000100000001001000010000000100000001001000010010000100100001000000010010000100000001001000010010000100100001001000010000000100000001000000010000000100000001000000010000000100000001001000010010000 
4 0 0 2 0 0 0 0  10000000100100001001000010000000100000001001000010010000100100001001000010000000100000001001000010000000100100001001000010000000100000001001000010010000100100001001000010000000100000001000000010000000 
2 0 0 2 0 0 0 0  10010000100100001001000010010000100100001001000010010000100000001000000010000000100000001000000010000000100000001000000010000000100000001000000010000000100000001000000010000000100000001000000010000000 
2 2 0 2 2 2 2 1  11111101111111011111111111111111111111111111111011111111111111111111111111111110111011111111111011111111111111111111111111111111111111111111111011011110110111111111110111010101110100110101011110111110 
2 0 0 2 0 2 0 0  10010100100101001001010010010101100101001001010010010000100100001001000010010000100100001001010010010000100100001000000010010100100100001001000010010100100100001001000010010101100100001001010010010100 
4 0 0 2 0 0 0 0  10000000100100001001000010000000100000001000000010000000100000001000000010000000100000001000000010000000100000001000000010000000100000001000000010000000100000001001000010000000100000001001000010010000 
2 0 0 2 0 2 0 0  10010100100101001001000010010100100100001001010010010000100101001001000010010100100101011001010010010100100100001000010010010100100101001001000010010100100100001001010010010101100100001001010010010100 
2 0 0 2 0 2 0 0  10010100100100001001000010010000100100001001000010010000100100001001000010010000100000011001000010010100100100001000000010010100100100001001000010010000100100001001000010000000100100001001000010010000 
2 0 0 2 0 2 0 0  10010000100100001001000010000000100000001001000010010000100100001001000010000000100101001001000010010100100100001001010010010100100101001001000010010100100100001001000010010101100101001001010010010100 
2 0 0 2 0 2 0 0  10010000100100001001010010010000100101001001000010010000100100001001000010010100100101011001010010010100100100001000010010010100100101011001000010010100100100001001000010010000100100001001000010010000 
2 0 0 2 0 0 0 0  10010000100100001001000010000000100000001001000010010000100100001001000010000000100000001000000010000000100000001000000010000000100000001001000010010000100100001001000010010000100000001001000010010000 
2 0 0 2 0 2 0 0  10010000100101001001000010010000100101001001000010010100100101001001000010010000100100001001000010010000100100001000000010010000100100001001000010010100100100001001000010010101100100001001010010010100 
5 0 0 0 0 0 0 0  10000000100000001000000010000000100000001000000010000000100000001000000010000000100000001000000010000000100100001000000010000000100000001000000010000000100000001000000010000000100000001000000010000000 
4 0 0 2 0 0 0 0  10000000100000001001000010000000100000001000000010000000100000001000000010000000100000001000000010000000100000001000000010000000100000001000000010000000100000001000000010000000100000001000000010000000 
2 0 0 2 0 2 0 0  10010100100101001001000010010100100100001001010010010000100101001001000010010100100101011001010010010100100100001000010010010100100101001001000010010100100100001001010010010101100100001001010010010100 
2 0 0 2 0 2 0 0  10010100100100001001000010010000100101001001010010000000100100001001000010010000100100001001000010010000100100001000000010010100100100001001000010010100100100001001000010010101100100001001000010010100 
4 0 0 2 0 0 0 0  10000000100100001000000010000000100100001001000010010000100000001001000010000000100000001000000010000000100000001000000010000000100000001001000010010000100100001001000010000000100000001000000010000000 
4 0 0 2 0 0 0 0  10010000100100001000000010000000100000001000000010000000100000001000000010000000100000001000000010000000100000001000000010000000100000001000000010000000100000001000000010000000100000001001000010010000 
2 2 0 2 2 2 2 1  11110101100111011001010010010100100111111001010010010101100100011101010010001100100101001101110010010100111111111111111111111111011111111111111111111111111111111111111111111110111111111111111011110111 
2 0 0 2 0 0 0 0  10010000100100001001000010010000100100001001000010010000100100001001000010010000100000001001000010010000100100001001000010000000100000001001000010010000100100001001100010000000100000001001000010010000 
2 0 0 2 0 2 0 0  10010000100101001001000010010000100101001001000010010100100101001001000010010000100100001001000010010000100100001000000010010000100100001001000010010100100100001001000010010101100100001001010010010100 
2 2 0 2 2 2 2 1  11111101111111011101010111111111111111111101111011111111111111111111111111111110110111101111011011111111111111111111111111111111111111111111111111111111111111111111111111111110111111111111110011111111 
4 0 0 2 0 0 0 0  10000000100000001001000010010000100100001001000010010000100100001001000010010000100000001000000010000000100000001000000010000000100000001000000010000000100000001000000010000000100000001001000010010000 
2 2 0 2 2 2 2 1  11010101110101001001010010011111111101011111111111111111110110101111110111111110111111101111111011111101111110111101110111001100111111111111111011011110110111111111110111111110111111111111111011111111 
2 2 0 2 2 2 2 1  11111101111111011101010111111111111111111111111011111111111111111111111111111110111111111111111011111111111111111111111111111111111111111111111111111111111111111111111111111110111111111111111011111111 
4 0 0 2 0 0 0 0  10010000100000001001000010000000100000001000000010000000100000001000000010000000100000001001000010010000100100001000000010000000100000001000000010000000100000001000000010000000100000001000000010000000 
4 0 0 2 0 0 0 0  10000000100000001001000010000000100000001000000010000000100000001000000010000000100000001000000010000000100000001000000010000000100000001000000010000000100000001000000010000000100000001000000010000000 
2 0 0 2 0 2 0 0  10010100100101001001110010010101100101001001010010010000100100001001000010010000100100001001010010010000100100001000000010010100100100001001000010010100100100001001000010010101100101001001010010010100 
