4 0 0 0 0 0 0 0  10000000100000001000000010000000100000001000000010000000100000001000000010000000100000001000000010000000100000001000000010000000100000001000000010000000100000001000000010000000100000001000000010000000 
3 1 2 2 2 2 2 0  11111111111111111111111111111111111111111111111011111111111101111101111011111111111111111111111111111110111111111111111111111111111111111111111111111111111111111111111111111110111111111111111111111110 
3 1 2 2 2 2 2 0  11111111111111111111111111111111111111111111111011111111111101111101111011111111111111111111111111111110111111111111111111111111111111111111111111111111111111111111111111111110111111111111111111111110 
4 0 0 0 0 0 0 0  10000000100000001000000010000000100000001000000010000000100000001000000010000000100000001000000010000000100000001000000010000000100000001000000010000000100000001000000010000000100000001000000010000000 
4 0 0 2 0 0 0 0  10000000100000001000000010000000100000001000000010000000100000001000000010000000100100001001000010010000100100001001000010010000100000001001000010010000100100001001000010010000100100001001000010010000 
3 0 0 2 0 0 0 0  10010000100100001001000010000000100000001000000010000000100000001000000010000000100000001000000010000000100000001000000010000000100000001000000010000000100000001000000010000000100000001000000010000000 
4 0 0 2 0 0 0 0  10000000100100001001000010000000100100001001000010010000100100001000000010000000100100001001000010010000100100001001000010000000100000001001000010010000100100001001000010010000100100001001000010010000 
3 0 0 2 0 2 0 0  10010100100100001001010010010000100100001000000010010100100100001001000010010101100100001001010010010000100100001001000010010100100100001001000010010000100100001001000010010000100100001001000010000000 
3 1 2 2 2 2 2 0  11111101111111001111010111101111111111111111111011111111111101111101111011111111111111111111010010010100110100001001000010010100110101011001010010010000100101011001010010011100100101101001000010010110 
3 0 0 2 0 0 0 0  10010000100000001001000010000000100000001000000010000000100000001000000010000000100000001000000010000000100000001000000010000000100000001000000010000000100000001000000010000000100000001000000010000000 
4 0 0 2 0 0 0 0  10000000100000001001000010000000100000001000000010000000100000001000000010000000100000001000000010000000100000001000000010010000100100001000000010000000100000001000000010000000100000001000000010000000 
4 0 0 2 0 0 0 0  10010000100100001001000010010000100100001001000010010000100000001001000010010000100100001001000010010000100000001001000010010000100100001001000010010000100100001001000010010000100100001001000010010000 
4 0 0 2 0 0 0 0  10000000100100001001000010000000100000001000000010000000100000001000000010000000100000001001000010000000100000001001000010010000100100001001000010010000100100001001000010010000100100001001000010010000 
3 1 0 2 0 2 0 0  11011101111111011111110111111111111111011101110010010000100101001101000010010100110100001011000010010000100101001001010010010100100101001001010010010000100101001001010010001100100101001101001111111100 
3 1 2 2 2 2 2 0  10011101100101011001010110010010100101001001010010010101100100001101111011111111111111111111111111111110111111111111111111111111111111111111111111111111111111111111111111111110111111111111111111111110 
3 0 0 2 0 2 0 0  10010000100100001001000010010000100100001001000010010000100000001001000010010000100100001001010010010000100100001001000010010100100100001001000010010000100100001001000010010000100100001001000010010000 
3 1 2 2 2 2 2 0  10011101100101011001111011111111111111111111111111111110111101111101111011111111111111111111111111111110111111111111111111111111111111111111111111111111111111111111111111111110111111111111111111111110 
4 0 0 2 0 0 0 0  10000000100100001000000010000000100000001000000010000000100000001000000010000000100000001000000010000000100000001000000010000000100100001001000010010000100100001001000010010000100100001001000010010000 
4 0 0 2 0 0 0 0  10010000100000001000000010000000100000001000000010000000100000001000000010000000100000001000000010000000100000001000000010000000100000001000000010000000100000001000000010010000100000001001000010010000 
3 1 2 2 2 2 2 0  11011101111111011111110111111111111111011111111111111110111101111101111011111111111011111111111111111110111111100111111011111101111111111111111111111111101111111111111111111110111111111111111111111110 
3 0 0 2 0 0 0 0  10010000100100001000000010000000100000001000000010000000100000001000000010000000100000001001000010000000100000001000000010000000100000001000000010000000100000001000000010000000100000001000000010000000 
4 0 0 2 0 0 0 0  10000000100000001001000010000000100100001000000010000000100000001001000010000000100000001000000010010000100000001001000010010000100100001001000010010000100000001000000010000000100000001000000010000000 
3 1 2 2 2 2 2 0  11111101111111001111010111101111111111111111111011111111111101111101111011111111111111111111111111111110111111111111111111111111111111111111111111111111111111111111111111111110111111111111111111111110 
2 0 0 2 0 2 0 0  10010100100100001001010010010100100101001001010010010000100100001011000010010100100100001001010010010000100000001001000010010000100100001001000010010000100100001001000010010000100100001001000010010000 
3 1 0 2 0 2 0 0  10010101100101011001010110011100111101001001010010010010100101001111000010010100100100001001010010010000100100001001000010010100100101001001010010011100100101001001010010001100100101001001000010010000 
3 1 2 2 2 2 2 0  11111111111111111101010111111111111111111111111011111111111101111101111011111111110111111111111111111110111111111111111111111111111111111111111111111111111111110111111111111110111111111111111111111110 
4 0 0 2 0 0 0 0  10000000100000001001000010000000100100001000000010000000100000001001000010000000100000001001000010010000100000001001000010010000100100001001000010010000100100001001000010010000100100001001000010010000 
3 0 0 2 0 2 0 0  10010100100101001001010010010000100100001001000010010101100100001001000010010100100101001001010010010000100100001001000010010100100100001001000010010000100100001001000010010000100100001001000010010000 
3 0 0 2 0 2 0 0  10010101100101011001010110010000100101001001010010010101100100001001000010010100100101001001010010010000100100001001000010010000100101001001010010011100100101001001010010001100100101001001000010010000 
3 0 0 2 0 2 0 0  10010000100101001001000010010100100100001001010010010000100100001001000011010101100100001001010010010000100100001001000010010000100100001001000010010000100100001001000010010000100101001001000010010000 
3 0 0 2 0 2 0 0  10010000100101001001000010010000100100001001010010010000100100001001000010010101100100001001010010010000100100001001000010010000100100001001000010010000100100001001000010010000100100001001000010010000 
3 0 0 2 0 2 0 0  10010101100101011001010010010000100101001001010010010101100100001001000010010100100101001001010010010000100100001001000010010000100101001001010010011100100101001001010010010000100100001001000010010000 
3 0 0 2 0 0 0 0  10010000100000001000000010000000100000001000000010000000100000001000000010010000100100001001000010010000100000001001000010010000100100001001000010010000100000001000000010000000100000001001000010000000 
3 0 0 2 0 2 0 0  10010000100101001001000010010000100101001001010010010101100100001001000010010100100101001001010010010000100100001001000010010000100101001001010010011100100001001001010010010000100100001001000010010000 
3 0 0 2 0 0 0 0  10010000100100001001000010000000100100001001000010010000100100001000000010000000100100001001000010010000100100001001000010000000100000001001000010010000100100001001000010010000100100001001000010010000 
3 0 0 2 0 2 0 0  10010100100101001001010010010000100100001001010010010101100100001001000010010100100101001001010010010000100100001001000010010100100001001001000010010000100100001001100010011100100101001001000010010000 
4 0 0 2 0 0 0 0  10000000100100001001000010000000100000001000000010000000100000001000000010000000100000001000000010000000100000001000000010000000100000001000000010000000100000001000000010000000100000001000000010000000 
3 0 0 2 0 2 0 0  10010000100101001001000010010000100101001001010010010101100100001001000010010100100101001001010010010000100100001001000010010000100101001001010010011100100101001001010010001100100101001001000010010000 
3 0 0 2 0 2 0 0  10010000100101001001010000010000110100001001000010010101100100001001000010010100100101001001010010010000100100001001000010010000100100001001010010010000100100001001000010010000100100001001000010010000 
3 0 0 2 0 2 0 0  10010100100100001001000010010000100100001001010110010000100100001001000010010101100100001001010010010000100100001001000010010000100100001001000010010000100100001001000010010000100100001001000010010000 
3 1 0 2 2 2 2 0  10011101100101011001010010011101110111001001110010010000100101001101000010010100110100001011000010010000100101001001010010010100100101001001010010010000101111111111111010011110111111111111111111111110 
3 0 0 2 0 2 0 0  10011101100101011001010110010000100101001001010010010101100100001001000010010100100100001001010010010100110100001001000010010100110101011001010010010000100101011001010010011100100101101001000010010110 
3 1 2 2 2 2 2 0  11111101111111111111111111111111111111111111111011111111111110111101111011111111111111110111111111110010111111111111110111111101111111111111011111011111111111111111110011111110111111111111111111111110 
3 1 2 2 2 2 2 0  11111101111111111111111111111111111111111111111011111111111101111101111011111111111111111111111111111110111111111111111111111111111111111111111111111111111111111111111111111110111111111111111111111110 
3 1 0 2 0 2 2 0  11011101111111011111111111111111111111111111111111111110111101111101111011111111111111111111111111111110111111111111111111111111111111111111111111111111111111111111111011111110111111111111111111111110 
3 0 0 2 0 0 0 0  10010000100000001001000010000000100100001000000010000000100000001000000010000000100100001001000010010000100100001001000010000000100000001001000010010000100100001001000010010000100100001001000010010000 
4 0 0 2 0 0 0 0  10000000100000001000000010000000100000001001000010010000100000001001000010010000100000001001000010000000100000001000000010000000100000001000000010000000100000001000000010000000100000001000000010000000 
4 0 0 2 0 0 0 0  10000000100000001001000010000000100100001000000010000000100000001001000010000000100000001001000010010000100000001000000010000000100000001000000010000000100000001000000010000000100000001000000010000000 
2 0 0 2 0 2 0 0  10010100100100001001010010010100100101001001010010010000100100001011000010010100100100001001010010010000100000001001000010010100100101001001000010010000100100001001000010011100100101001001000010010000 
3 0 0 2 0 0 0 0  10010000100100001001000010010000100000001001000010010000100000001001000010010000100000001001000010000000100000001000000010000000100000001000000010000000100000001000000010000000100000001000000010000000 
3 0 0 2 0 2 0 0  10010100100101001001000010010000100100001001010010010000100100001001000010010101100100001001010010010000100100001001000010010000100100001001000010010000100100001001000010010000100100001001000010010000 
3 0 0 2 0 2 0 0  10010100100101001001000010010000100100001001010010010000100100001001000010010101100100001001010010010000100100001001000010010100100101001001000010010000100100001001000010011100100101001001000010010000 
4 0 0 2 0 0 0 0  10000000100000001000000010000000100100001000000010000000100000001000000010000000100000001000000010000000100100001000000010000000100000001000000010000000100000001000000010000000100000001001000010000000 
3 1 2 2 2 2 0 0  10011101100101011011010111101111111111111111111110010100111101111101111111110100100100101001010010011110110100001001000010010100100101011001010010010000100101001001011010001100100101001001000010010000 
3 1 0 2 0 2 0 0  10011101100101011001010010011101111111001001110010010000100101001101000010010100110100001011000010010000100101001001010011010100100101001001010010010000100101001001010010001100100101001001001111111100 
4 0 0 0 0 0 0 0  10000000100000001000000010000000100000001000000010000000100000001000000010000000100000001000000010000000100000001000000010001000100000001000000010000000100000001000000010000000100000001000000010000000 
3 0 0 2 0 2 0 0  10010000100100001001010010010000100100001001000010010101100100001001000010010100100101001001010010010000100100001001000010010100100101001001000010010000100100001001000010011100100101001001000010010000 
4 0 0 2 0 0 0 0  10000000100100001001000010000000100100001000000010000000100000001000000010010000100100001001000010010000100000001001000010010000100100001000000010000000100000001000000010000000100000001000000010000000 
3 1 2 2 2 2 2 0  11111101111111011111111111111111111111111111111111111110111101111101111011111111111111111111111111111110111111111111111111111111111111111111111111111111111111111111111111111110111111111111111111111110 
3 0 0 2 0 2 0 0  10010000100100001001000010010000100100001001000010010101100101001001000010010100100101001001010010010000100100001001000010010100100101001001010010011100100101001001010110000000100100001001000010010000 
3 0 0 2 0 0 0 0  10010000100100001000000010000000100000001000000010000000100000001000000010000000100100001001000010010000100100001001000010010000100000001001000010010000100100001001000010010000100000001000000010000000 
3 0 0 2 0 0 0 0  10010000100000001000000010000000100000001000000010000000100000001000000010010000100100001001000010010000100000001001000010010000100100001001000010010000100000001000000010000000100000001001000010000000 
4 0 0 2 0 0 0 0  10010000100000001000000010000000100000001000000010000000100000001000000010000000100000001000000010000000100000001000000010000000100000001000000010000000100000001000000010000000100000001000000010000000 
4 0 0 2 0 0 0 0  10000000100100001000000010000000100000001000000010000000100000001000000010000000100000001000000010000000100000001000000010000000100000001000000010000000100000001000000010000000100000001000000010000000 
4 0 0 2 0 0 0 0  10000000100100001000000010000000100000001000000010000000100000001001000010000000100000001001000010010000100000001001000010010000100100001001000010010000100100001001000010010000100100001001000010010000 
3 0 0 2 0 2 0 0  10010100100101001001010110010000100101001001010010010101100100001001000010010100100101001001010010010000100100001001000010010100100101001001000010010000100100001001000010011100100101001001000010010000 
3 1 2 2 2 2 0 0  10011101100101011001010111101111111111111111111110010100111101111101111111110100100100101001010010011100110100001001000010010100100101011001010010010000100101001001010010001100100101001001000010010000 
4 0 0 2 0 2 0 0  10010000100100001001000010010000100100001001000010010101100101001001000010010100100101001001010010010000100100001001000010010100100101001001010010011100100101001001010010001100100101001001000010010000 
4 0 0 2 0 0 0 0  10000000100100001000000010000000100000001000000010000000100000001000000010000000100000001000000010010000100000001001000010010000100100001001000010010000100100001001000010010000100100001001000010010000 
3 1 0 2 0 2 0 0  10010101100101011001010110010000100101001001010010010111100101001001000010010100100100001001010010010000110100001001000010010100110101011001010010010000100101011001010010011100100101101001000010010000 
4 0 0 2 0 0 0 0  10000000100000001000000010000000100000001001000010010000100000001001000010010000100000001001000010000000100000001000000010000000100000001000000010000000100000001000000010000000100000001000000010000000 
3 0 0 2 0 2 0 0  10010100100100001001000010010000100100001001010010010100100100001000000010010100100100001001000010010000100100001001000010010100100100001001000010010000100101001001010010011100100101001001000010010000 
3 0 0 2 0 2 0 0  10010100100100001001000010010000100100001001000010010000100000001001000010010000100100001001010010010000100100001001000010010100100100001001000010010000100100001000000010000000100100001001000010010000 
4 0 0 2 0 0 0 0  10000000100000001001000010000000100100001000000010000000100000001001000010000000100000001001000010010000100000001001000010010000100100001000000010010000100000001001000010010000100100001000000010000000 
4 0 0 2 0 0 0 0  10000000100100001001000010000000100000001000000010000000100000001000000010000000100000001000000010000000100000001000000010000000100000001000000010000000100000001000000010010000100100001001000010010000 
3 0 0 2 0 2 0 0  10010000100100001001010010010000100100001001010010010000100100001001000010010101100100001001010010010000100100001001000010010000100100001001000010010000100100001001000010010000100100001001000110010000 
3 0 0 2 0 2 0 0  10010000100100001001000010010000100100001001000010010101100101001001000010010100100101001001010010010000100100001001000010010100100101001001010010011100100101001001010110000100100100001001000010010000 
4 0 0 2 0 0 0 0  10000000100100001000000010000000100000001000000010000000100000001000000010000000100000001000000010000000100000001000000010000000100000001000000010000000100000001000000010010000100000001001000010010000 
3 0 0 2 0 2 0 0  10010000100101001001010010010000100101001001010010010101100100001001000010010100100101001001010010010000100100001001000010010100100100001001000010010000100100001001000010011101100101001001000010010000 
3 1 2 2 2 2 2 0  10011101100101011001010111101111111111111111111111111110111101111101111011111111111111111111111111111110111111111111111111111111111111111111111111111111111111111111111111111110111111111111111111111110 
3 1 0 2 0 2 0 0  10010101100101011001010110011100111101001001010010010000100101001111000010010100100100001001010010010000100110101001010010010100100101001001010010010000100101001001010010001100100101001001001111111100 
3 0 0 2 0 2 0 0  10010000100100001001000010010000100100001001000010010101100101001001000010010100100101001001010010010000100100001001000010010100100100001001000010010000100100001001000010010000100100001001000010010000 
3 0 0 2 0 2 0 0  10010000100101001001010010010000100101001001010010010101100100001001000010010100100101001001010010010000100100001001000010010100100100001001000010010000100100001001000010011100100000001001000010010000 
3 1 2 2 2 2 2 0  10011101100101011001010111101111111111111111111111111110111101111101111011111111111111111111111111111110111111111111111111111111111111111111111111111111111111111111111111111110111111111111111111111110 
3 0 0 2 0 0 0 0  10010000100100001001000010000000100000001000000010000000100000001000000010000000100100001001000010010000100100001001000010000000100000001001000010010000100100001001000010010000100100001001000010010000 
3 0 0 2 0 2 0 0  10010000100100001001010010010000100100001001000010010101100100001001000010010100100101001001010010010000100100001001000010010000100101001001010010010100101101001001010010011100100101001001000010010000 
4 0 0 2 0 0 0 0  10000000100000001001000010000000100000001000000010000000100000001000000010000000100100001001000010010000100100000001000010010000100000001001000010010000100100001001000010010000100100001001000010010000 
4 0 0 2 0 0 0 0  10000000100000001000000010000000100000001000000010000000100000001000000010000000100000001000000010000000100000001000000010010000100100001000000010000000100000001000000010000000100000001000000010000000 
3 1 0 2 0 2 0 0  10011101100101011001010010011101111111001001110010010000100101001101000010010100110100001011000010010000100101001001010010010100100101001001010010010000100101001001010010001100100101001001001111111100 
3 0 0 2 0 0 0 0  10010000100100001000000010000000100000001000000010000000100000001000000010000000100000001001000010000000100000001000000010000000100000001000000010000000100000001000000010000000100100001001000010010000 
3 1 0 2 0 2 0 0  10010101100101011001010110010000100101001001010010010111100100001001000010010100100100001001010010010000110100001001000010010100110101011001010010010000100101011001010010011100100101101001000010010000 
3 0 0 2 0 0 0 0  10010000100000001001000010000000100100001000000010000000100000001000000010000000100000001000000010000000100000000001000010010000100000001000000010010000100000001000000010000000100000001000000010000000 
3 0 0 2 0 2 0 0  10010000100100001001010010010000100100001001010010010000100100001001000010010101100100001001000010010000100000001001000010010000100100001001000010010000100100001001000010010000100100001001000010010000 
3 1 0 2 2 2 2 0  10011101100101011001010010011101110111001101110010010000100101001101000010010100110100001011000010010000100101001001010010010100100101001001010010010100101111111111111010011110111111111111111111111110 
3 0 0 2 0 2 0 0  10010000100101001001010110010100100101001001010010010101100100001001000010010100100101001001010010010000100100001001000010010100100100001001000010010000100100001001000010011101100101001001000010010000 
3 0 0 2 0 2 0 0  10010100100100001001000010010000100100001001010010010100100100001000000010010100100100001001000010010000100100001001000010010100100100001001000010010000100101001001010010011100100101001001000010010000 
3 0 0 2 0 0 0 0  10010000100000001001000010000000100100001000000010000000100000001000000010000000100100001001000010010000100100001001000010000000100000001001000010010000100100001001000010010000100100001001000010010000 
3 0 0 2 0 0 0 0  10010000100100001000000010000000100000001000000010000000100000001000000010000000100100001001000010010000100100001001000010010000100000001000000010010000100000001000000010000000100000001000000010000000 
4 0 0 2 0 0 0 0  10000000100000001001000010000000100000001000000010000000100000001000000010000000100000001000000010000000100000001000000010000000100000001000000010000000100100001000000010000000100100001001000010010000 
3 0 0 2 0 0 0 0  10010000100000001001000010000000100100001000000010000000100000001000000010000000100000001000000010000000100000000001000010000000100000001000000010000000100000001000000010010000100000001001000010010000 
