5 0 0 0 0 0 0 0  10000000100000001000000010000000100000001000000010000000100000001000000010000000100000001000000010000000100000001000000010000000100000001000000010000000100000001000000010000000100000001000000010000000 
1 2 2 2 2 2 2 0  11111111111111111111111111111111111111101111111011111111111111111101111011111111111111101111111011111110111111111111111111111111111111111111111111111111111111111111111111111111111111111111111011111111 
5 0 0 0 0 0 0 0  10000000100000001000000010000000100000001000000010000000100000001000000010000000100000001000000010000000100000001000000010000000100000001000000010000000100000001000000010000000100000001000000010000000 
1 2 2 2 2 2 2 0  11111111111111111111111111111111111111101111111011111111111111111101111011111111111111101111111011111110111111111111111111111111111111111111111111111111111111111111111111111111111111111111111011111111 
3 0 0 2 0 2 0 0  10010100100100001001000010010000100101001001000010010100100100001001010010010000100000001001010110010000100101001001010010010000100101001001000010010000100110001001000010010000100101001001000010010100 
2 0 0 2 0 2 0 0  10010000100101001001010010011100100101001001010010010100100100001001010010010000100100001001010110010000100101001001010010010000100100001001000010011000100100001001010010010100100101001001000010010100 
3 0 0 2 0 0 0 0  10010000100100001000000010000000100000001000000010000000100000001000000010000000100000001000000010000000100000001001000010000000100100001001000010010000100100001001000010000000100000001000000010000000 
3 0 0 2 0 2 0 0  10010000100101001001010010010000100100001001000010010100100100001001010010010000100000001001010010000000100000001001000010000000100100001001000010010000100100001001000010010000100100001001000010010000 
2 0 0 3 0 0 0 0  10010000100100001001000010010000100110001001000010010000100100001001000010000000100100001001000010010000100000001001010010010000100100001001000010010000100100001001000010010000100100001001000010010000 
5 0 0 2 0 0 0 0  10000000100000001000000010000000100000001000000010000000100000001000000010000000100000001001000010010000100000001000000010000000100000001000000010000000100000001000000010000000100000001000000010000000 
4 0 0 2 0 0 0 0  10000000100000001001000010000000100100001000000010010000100000001001000010000000100000001000000010000000100000001000000010000000100000001001000010010000100100001000000010000000100000001000000010000000 
2 0 0 2 0 2 0 0  10010000100100001001000010010000100101001001000010010100100100001001010010010000100100001001010111010000100101001001010010010000100100001001000010010000100100001001000010010000100100001001000010010000 
4 0 0 2 0 0 0 0  10000000100000001000000010000000100000001001000010010000100000001001000010000000100100001000000010000000100000001000000010000000100100001001000010010000100100001001000010010000100100001001000010010000 
3 0 0 2 0 0 0 0  10010000100000001001000010010000100000001000000010000000100000001000000010000000100000001000000010000000100000001000000010000000100000001001000010010000100100001001000010010000100100001001000010010000 
5 0 0 2 0 0 0 0  10000000100000001000000010000000100000001000000010000000100000001000000010000000100000001000000010000000100000001000000010000000100000001000000010010000100100001001000010010000100100001001000010010000 
3 0 0 2 0 2 0 0  10010100100101001001010010010100100101001001000010010100100100001001010010010000100100001001010010010000100100001001000010010000000100001001000010010000100100001001000010010000100100001001000010010000 
2 0 0 2 0 2 0 0  10010000100101001001000010010000100101001001000010010100100100001001010010010000100100001001010110010000100101001001010010010000100100001001000010010000100100001001000010010000100101001001000010010100 
3 0 0 2 0 2 0 0  10010101100101011001010110011100100111001001010010010100100101001011010010010101100101001001010110010010100101001001010010011000100101001001000010010010100101101001000010010000100101011001000010010100 
2 0 0 2 0 2 0 0  10010000100100001001000011010000100101001001000010010100100100001101010010010000100100001001010110010000100101001001010010010000100100001001000010010000100100001001000010010000100101001001000010010100 
1 2 2 2 2 2 2 0  11111101111101001101110111011110111111101111111111110101101111111111111111111111111111101111111011111110111111111111111111111111111111111110111111111111111111111111111111111111111111111111111011111111 
4 0 0 2 0 0 0 0  10000000100100001000000010000000100000001001000010010000100000001001000010000000100100001000000010000000100000001000000010000000100100001001000010010000100100001000000010010000100100001001000010010000 
1 2 2 2 2 2 2 0  11111101111111111111010101011111111111001001010010010100100101001011010010010101100101001001010010010010100101001001010010011111111111111111111111111111111111111111111111111111111111111111111011111111 
3 0 0 2 0 0 0 0  10010000100000001000000010000000100100001001000010010000100000001000000010000000100000001000000010010000100000001000000010000000100000001001000010010000100100001001000010000000100000001000000010000000 
2 0 0 3 0 0 0 0  10010000100100001001000010010000100100001001000010010000100100001001000010000000100100001001000010010000100000001001010010010000100100001001000010010000100100001001000010010000100100001001000010010000 
3 0 0 2 0 2 0 0  10010100100100001001010010010100100101001001000010010100100100001001010010010000100000001001010110010000100101001001010010010000100101001001000010010000100100001001000010010000100101001001000010010100 
3 0 0 2 0 0 0 0  10000000100100001001000010010000100100001000000010010000100000001001000010010000100000001001000010010000100000001000000010000000100000001000000010000000100000001000000010000000100000001000000010000000 
4 0 0 2 0 0 0 0  10000000100000001001000010000000100100001000000010000000100000001001000010000000100000001000000010000000100000001000000010000000100100001001000010010000100100001001000010010000100100001001000010010000 
1 2 2 2 2 2 2 0  11111101111101001101010111011110111111101111111111111101111101110101101111111111111110001111110011101111111101110111111011111110011111101111110101011111111111111101110101110010111101111111110110010100 
4 0 0 2 0 0 0 0  10000000100000001001000010000000100100001000000010000000100000001001000010000000100000001000000010000000100000001000000010000000100000001000000010000000100000001000000010000000100000001000000010000000 
1 2 2 2 2 2 2 2  11010101110101001101010111111111111111111111110111111111011101111111111011111111111111101111111011111111110111111111111111111111111111111111111111111111111111111111111111111111111111111111111011011111 
4 0 0 2 0 0 0 0  10010000100000001000000010000000100000001000000010000000100000001000000010000000100000001000000010000000100000001000000010000000100000001000000010000000100000001000000010000000100000001000000010000000 
3 0 0 2 0 2 0 0  10010000100101001001000010010000100101001001000010010100100100001001010010010000100000001001010010010000100100001001000010010000000100001001000010010000100100001001000010010000100100001001000010010000 
1 2 2 2 2 2 2 0  11111111111111111111010101011110111101111111111111111011111111111101111111111111111110101111010011111111111101110111111011011110011111101111110101111111111111111111110111010010111101111111110011110101 
3 0 0 2 0 2 2 0  10010101100101011001010111111111100111001001010010010100100101001011010010010111100101001001010110010010100101001001010010011111111111111111111111111111111111111111111111111111111111111111111011111111 
3 0 0 2 0 2 0 0  10010000100100001001010010010000100100001001000010010100100100001001010010010000100000001001010010010000100100001001000010010000100101000001000010010000100100001001000010010000100100001001000010010100 
4 0 0 2 0 0 0 0  10000000100100001000000010000000100100001000000010010000100100001001000010000000100100001001000000010000100000001001000010000000100100001001000010010000100100001001000010010000100100001001000010010000 
3 0 0 2 0 2 0 0  10010100100101001001010010010100100101001001000010010100100100001001010010010000100100001001010110010000100101001001010010010000100101001001000010010000100110001001000010010000110101001001000010010100 
3 0 0 2 0 0 0 0  10010000100000001000000010000000100100001001000010010000100100001001000010000000100000001001000010010000100000001000000010000000100100001001000010010000100100001001000010010000100000001000000010000000 
3 0 0 2 0 2 0 0  10010101100101001001010010010100100101001001000010010100100100001001010010010010100100001001010110010000100101001001010010010000100101001001000010010000100100001001000010010000100101001001000010010100 
3 0 0 2 0 2 0 0  10010000100101001001010010010100100100001001000010010100100100001001010010010111100101001001010110010000100101001001010110010000100100001001000010010000100100001001000010010000100101001001000010010100 
3 0 0 2 0 2 0 0  10010000100101001001010010010100100100001001000010010100100100001001010010010000100000001001010010010000100101001001000010010000100100001001000010010000100100001001000010010000100101001001000010010100 
3 0 0 2 0 0 0 0  10000000100100001001000010010000100100001000000010010000100000001001000010010000100000001001000010010000100000001000000010000000100100001001000010010000100100001001000010010000100100001001000010010000 
2 0 0 2 0 0 0 0  10010000100100001001000010010000100100001001000010010000100100001001000010000000100100001000000010000000100000001000000010000000100100001001000010010000100100001000000010000000100000001000000010000000 
3 0 0 2 0 0 0 0  10010000100000001001000010010000100000001000000010000000100000001000000010000000100000001000000010000000100000001000000010000000100000001000000010000000100100001000000010000000100000001000000010000000 
3 0 0 2 0 2 0 0  10010101100101011001010110011100100101001001010010010100100111001011010010010110100101001111010110010000100101011001010010010000100101111001000010111010100101011001000010010010100101001001000010010110 
4 0 0 2 0 0 0 0  10010000100000001000000010000000100000001000000010000000100000001000000010000000100000001000000010010000100000001000000010000000100000001001000010010000100100001001000010000000100000001000000010000000 
3 0 0 2 0 0 0 0  10010000100100001000000010000000100000001001000010010000100100001001000010000000100100001000000010000000100000001000000010000000100100001001000010010000100100001001000010010000100100001001000010010000 
3 0 0 2 0 0 0 0  10000000100100001001000010010000100100001000000010010000100000001001000010000000100000001001000010010000100000001000000010000000100100001001000010010000100100001001000010000000100000001000000010000000 
3 0 0 2 0 2 0 0  10010101100101001001010010010100100101001001000010010100100100001001010010010000100100001001010110010000100101001001010010010000100101001001000010010000100100001001000010010000100101001001000010010100 
1 2 2 2 2 2 2 0  11010101110101001101010111111111111111111111110111111111111101001011010010010111100101001011010110110000100101001001010010011110011111101111110101111111111111111111110111010010111101111111010011111111 
1 2 2 2 2 2 2 0  11111101111111111111111111111111111111101111111011111111111111111111111011111111010111101111111011111111111111111111111011111111111111111111111111111111111111111111111111111111111111111111111011111111 
1 2 2 2 2 2 2 0  11111101111111111111010101011111111101111111111111111011111111111101111111111111111111001111110011111111111101110111111011011110011111101111110101111111111111111111110111010010111101111111010011111111 
4 0 0 2 0 0 0 0  10000000100100001000000010000000100000001001000010010000100000001000000010000000100000001000000010010000100000001000000010000000100000001001000010010000100100001001000010000000100000001000000010000000 
3 0 0 2 0 2 0 0  10010100100101001001000010010000100101001001000010010100100100001001010010010000100000001001010010010000100100001001010010010000100100001001000010010000100101001001000010010000110101001001000010010100 
3 0 0 2 0 0 0 0  10000000100000001000000010000000100100001001000010010000100100001001000010000000100000001001000010010000100000001000000010000000100100001001000010010000100100001001000010010000100100001001000010010000 
4 0 0 2 0 0 0 0  10000000100000001000000010000000100000001000000010000000100000001000000010000000100000001000000010000000100000001001000010000000100100001001000010010000100100001001000010000000100000001000000010000000 
2 0 0 3 0 2 0 0  10010000100101001001000010010000100100001001000010010000100100001001000010000000100100001001000010010000100000001001010010010000100100001001000010010000100100001001000010010000100100001001000010010000 
3 0 0 2 0 0 0 0  10010000100100001001000010010000100000001000000010000000100000001001000010000000100000001000000010000000100000001000000010000000100000001000000010000000100000001000000010000000100000001000000010000000 
3 0 0 2 2 2 2 0  10011101100101011001010110011100100111001001010010010100100101001011010010010111111111101111111011111110111111111111111111111111111111111111111111111111111111111111111111111111111111111111111011111111 
4 0 0 2 0 0 0 0  10000000100100001000000010000000100000001000000010000000100000001000000010000000100000001000000010000000100000001000000010000000100000001000000010000000100000001000000010000000100000001000000010000000 
4 0 0 2 0 0 0 0  10000000100100001001000010010000100100001000000010000000100000001000000010000000100000001000000010000000100000001000000010000000100000001000000010000000100000001000000010000000100000001001000010000000 
3 0 0 2 0 2 2 0  10010101100101011001010111111111100111001001010010010100100101001011010010010111100101001001010110010010100101001001010010011000100101001001000010010010100101111111111111111111111111111111111011111111 
1 2 2 2 2 2 2 0  11110101110101001101010111011110111111101111111111110101101111111011111111011111111110101111110011111111111101110111111011111110011111101111110101011111111111111111110111110010111101111111110011111111 
3 2 2 2 2 2 2 0  10010101100101011001010110011100100111001001010010010100100101001011010010010101100101001001010010010010100101001001010010011111111111111111111111111111111111111111111111111111111111111111111011111111 
3 0 0 2 0 2 0 0  10010101100101011001010110011100100101001001010110010100100111001011010010010110100101001111010110010000100101011001010010010000100101111001000010111010100101011001000010110010100101001001100010010110 
3 0 0 2 0 2 0 0  10010101100101011001010110010100100101001001010010010100100101001001010010010000101100001001010110010000100101001001010010010000100100001001000010011000100110001001000010010100100101001001000010010100 
3 0 0 2 0 2 0 0  10010101100101011001010110010100100101001001010010010100100101001001010010010000100100001001010110010000100101001001010010010000100100001001000010011000100110001001000010010100100101001001000010010100 
3 0 0 2 0 2 0 0  10010100100100001001010010010000100100001001000010010100100100001001010010010000100000001001010010010000100100001001000010010000000100001001000010010000100100001001000010010000100100001001000010010000 
3 0 0 2 0 0 0 0  10000000100000001000000010000000100100001001000010010000100100001001000010000000100000001001000010010000100000001000000010000000100100001001000010010000100100001001000010010000100000001000000010000000 
4 0 0 2 0 0 0 0  10000000100000001001000010010000100100001000000010000000100000001001000010000000100000001001000010010000100000000001000010000000100100001001000010010000100100001001000010010000100100001001000010010000 
4 0 0 2 0 0 0 0  10000000100100001000000010000000100000001000000010000000100000001000000010000000100000001000000010000000100000001000000010000000100000001000000010010000100100001001000010010000100100001001000010010000 
4 0 0 2 0 0 0 0  10000000100100001000000010000000100000001000000010000000100000001000000010000000100000001000000010000000100000001000000010000000100000001000000010000000100000001000000010000000100000001000000010000000 
3 0 0 2 0 0 0 0  10010000100100001001010010010000100100001001000010010100100100001001010010010000100000001001010010010000100100001001000010010000100101001001000010010000100100001001000010010000100100001001000010010000 
3 0 0 2 0 2 0 0  10010000100100001001010010010000100100001001000010010100100100001001010010010000100000001001010010010000100101001001010010010000100101001101000010010000100100001001000010010000100101001001000010010100 
2 0 0 2 0 0 0 0  10010000100100001001000010010000100100001001000010010000100100001001000010000000100100001000000010000000100000001000000010000000100100001001000010010000100100001001000010010000100100001001000010010000 
3 0 0 2 0 0 0 0  10010000100000001001000010010000100000001000000010010000100000001001000010000000100000001001000010010000100000001000000010000000100000001001000010010000100100001001000010010000100100001001000010010000 
3 0 0 2 0 2 0 0  10010100100100001001010010010000100100001001000010010100100100001001010010010000100000001001010010010000100100001001000010010000000100001001000010010000100100001001000010010000100100001001000010010000 
3 0 0 2 0 2 0 0  10010101100101011001010111111111100111001001010010010100100101011011010010010110100101001111010110010000100101011001010010010000100101111001000010111011100101001001000010010010110101001011000010010110 
3 0 0 2 0 2 0 0  10010000100101001001010010010100100100001001000010010100100100001001010010010000100000001001010010010000100101001001000010010000100100001001000010010001100100001001000010010000100101001001000010010100 
3 0 0 2 0 0 0 0  10010000100100001000000010000000100000001001000010010000100100001001000010000000100100001000000010000000100000001000000010000000100100001001000010010000100100001001000010010000100100001001000010010000 
3 0 0 2 0 0 0 0  10010000100000001001000010010000100000001000000010010000100000001001000010000000100000001001000010010000100000001000000010000000100100001001000010010000100100001001000010010000100100001001000010010000 
4 0 0 2 0 0 0 0  10000000100000001001000010010000100000001001000010010000100100001001000010000000100000001001000010010000100000001000000010000000100100001001000010010000100100001001000010010000100000001000000010000000 
4 0 0 2 0 0 0 0  10010000100000001000000010000000100000001000000010000000100000001000000010000000100000001001000010010000100000001000000010000000100000001000000010000000100000001000000010010000100000001000000010000000 
1 2 2 2 2 2 2 0  11111101111111111111111111111111111111101111111011111111111111111101111011111111111111101111111011111110111111111111111111111111111111111111111111111111111111111111111111111111111111111111111011111111 
3 0 0 2 0 2 0 0  10010101100101011001010111111111100111001001010010010100100101011011010010010110100101001111010110010000100101011001010010010000100101111001000010111010100101001001000010010010100101001011000010010110 
3 0 0 2 0 0 0 0  10010000100100001000000010000000100000001000000010000000100000001000000010000000100000001000000010000000100000001000000010000000100000001000000010000000100000001000000010000000100000001000000010000000 
2 0 0 3 0 0 0 0  10010000100100001001000010010000100100001001000010010000100100001001000010000000100100001000000010000000100000001000000010000000100000001000000010000000100000001000000010000000100000001000000010000000 
2 0 0 2 0 2 0 0  10010101100101011001010110011100100111001001010010010100100101001011010010010101100101001001010110010010100101001001010010010000100100001001000010010000100100001001000010010000100101001001000010010100 
3 0 0 2 2 2 2 0  10011101100101011001010110011100100111001001010010010100100101001011010010010111100101001001010010010010100101001001010010011111111111111111111111111111111111111111111111111111111111111111111011111111 
4 0 0 2 0 0 0 0  10000000100100001001000010010000100100001000000010000000100000001000000010000000100000001000000010000000100000001000000010000000100000001000000010000000100000001000000010000000100000001000000010000000 
3 0 0 2 0 0 0 0  10000000100100001001000010010000100100001000000010010000100000001001000010000000100000001001000010010000100000001000000010000000100000001001000010010000100100001001000010010000100100001001000010010000 
3 0 0 2 0 0 0 0  10010000100000001001000010010000100000001000000010000000100000001000000010000000100000001000000010000000100000001000000010000000100000001000000010000000100000001000000010000000100000001000000010000000 
1 2 2 2 2 2 2 0  11110101110101001101010111111111111111101111111011111111111111111101111011111111111111101111111011111110111111111111111111111111111111111111111111111111111111111111111111111111111111111111111011111111 
3 0 0 2 0 0 0 0  10010000100100001001000010010000100000001001000010000000100000001001000010000000100000001000000010000000100000001000000010000000100000001000000010000000100000001000000010000000100000001000000010000000 
3 0 0 2 0 0 0 0  10010000100100001000000010000000100000001000000010000000100000001000000010000000100000001000000010000000100000001000000010000000100000001000000010000000100000001000000010000000100000001000000010000000 
1 2 2 2 2 2 2 0  11010101110101001101010111111111111111111111110111111111111101001011010010010111100101001011010110110000100101001001010010010000100101001001000010111111111111111111011111111111111111111111111011111111 
3 0 0 2 0 2 0 0  10010100100101001001010010010000100100001001000010010000100100001001000010000000100100001001000010010000100000001001010010010000100100001001000010010000100100001001000010010000100101001001000010010100 
3 0 0 2 0 2 0 0  10010100100101001001010010010000100100001001000010010000100100001001000010000000100100001001000010010000100000001001010010010000100100001001000010010000100100001001000010010000100101001001000010010000 
3 0 0 2 0 0 0 0  10010000100100001001000010010000100100001001000010010000100000001001000010000000100000001000000010000000100000001000000010000000100000001000000010000000100000001000000010000000100000001000000010000000 
3 0 0 2 2 2 2 0  10011101100101011001010110011100100111001101010010010100100101001011010010010110100101001001010010010010100101001001010010011111111111111111111111111111111111111111111111111111111111111111111011111111 
