5 0 0 0 0 0 0 0  10000000100000001000000010000000100000001000000010000000100000001000000010000000100000001000000010000000100000001000000010000000100000001000000010000000100000001000000010000000100000001000000010000000 
2 2 2 2 2 2 2 0  11111111111111111111111111111111111111101111111011111111111111111111111111111111111111101111111011111111111111111111111111111111111111111111111111111111111111111111111111111110111111101111111011111110 
5 0 0 0 0 0 0 0  10000000100000001000000010000000100000001000000010000000100000001000000010000000100000001000000010000000100000001000000010000000100000001000000010000000100000001000000010000000100000001000000010000000 
3 0 0 2 0 0 0 0  10000000100100001001000010000000100100001001000010000000100100001001000010010000100100001001000010010000100000001001000010000000100100001001000010010000100100001001000010010000100000001001000010010000 
3 0 0 2 0 0 0 0  10000000100100001001000010000000100100001001000010000000100000000001000010000000100000001000000010000000100000001000000010000000100000001000000010000000100100001001000010010000100000001001000010010000 
2 0 0 2 0 2 0 0  10010100100101001001000010010000100100001001010010010000100100001001000010010000100101011001000010010000100100001001010010010000100100001011010010010100100100001001000010010100100101001001010010010100 
3 0 0 2 0 0 0 0  10010000100100001001000010010000100000001000000010000000100100001001000010010000100100001001000010000000100000001001000010000000100100001001000010010000100100001001000010010000100000001001000010010000 
3 0 0 2 0 0 0 0  10010000100000001000000010010000100000001001000010010000100100001000000010010000100100001000000010000000100000001000000010000000100000001000000010000000100000001000000010000000100000001000000010000000 
2 0 0 2 0 2 0 0  10010100100101001001010010010000100100001001010010010000100100001001000010010000100101011001000010010000100000001001010010010000100100001001010010010000100100001001000010010100100101001001010010010100 
2 0 0 2 0 2 0 0  10010100100101001001010010010000100101001001010010010000100100001001000010010100100101011011000010010000100100001001010010010000100100001011010010010100100100001001000010010100100101001001010010010100 
3 0 0 2 0 0 0 0  10010000100100001000000010000000100100001001000010000000100000001001000010010000100100001000000010000000100000001001000010000000100100001001000010010000100100001001000010010000100000001000000010000000 
3 0 0 2 0 0 0 0  10000000100100001001000010000000100100001001000010000000100100000001000010000000100000001000000010000000100000001000000010000000100000001000000010000000100000001000000010000000100000001000000010000000 
2 0 0 2 0 2 0 0  10010100100101001001000010010000100100001001010010010000100100001001000010010000100101011001000010010000100000001001000010010000100100001001010010010000100100001001000010010000100100001001000010010000 
2 0 0 2 0 2 0 0  10010101100101011001010111011101110101011001010010011010100101001001000010011100100101011001000010010000100000001001000010010000100100001001010010010000100100001001000010010100100101001001010010010100 
5 0 0 2 0 0 0 0  10000000100000001001000010000000100000001000000010000000100000001000000010000000100000001001000010010000100000001000000010000000100100001000000010000000100100001001000010010000100000001001000010010000 
3 0 0 2 0 0 0 0  10010000100100001001000010010000100000001001000010010000100100001001000010010000100100001001000010010000100000001001000010010000100100001001010010010000100100001001000010010000100100001001000010010000 
5 0 0 2 0 0 0 0  10000000100000001001000010000000100000001000000010000000100100001001000010010000100100001001000010010000100000001001000010000000100100001001000010010000100100001001000010010000100100001001000010010000 
3 0 0 2 0 0 0 0  10000000100100001000000010000000100000001000000010000000100000001000000010000000100000001000000010000000100000001000000010000000100000001000000010000000100000001000000010000000100000001000000010000000 
2 2 2 2 2 2 2 0  11011101111111011111111111111111111101101111111011111111111111111111111111111111111111101111111011111111101111111111011111111111111111011111011111111111111111111111111111110100111111101001010010010100 
2 0 0 2 0 2 0 0  10010100100100001001010010010000100100001001010010010000100100001001000010010000100101011001000010010000100000001001000010010000100100001001010010010000100100001001000010010000100100001001000010010000 
3 0 0 2 0 0 0 0  10010000100100001000000010000000100000001000000010000000100000001000000010000000100000001000000010000000100000001000000010000000100000001000000010000000100000001000000010000000100000001000000010000000 
5 0 0 2 0 0 0 0  10000000100000001001000010000000100000001000000010000000100000001000000010000000100000001001000010010000100000001000000010000000100100001001000010000000100000001000000010000000100000001000000010000000 
2 2 2 2 2 2 2 0  11111101111111011111111111111101111111101111111011111111111111111111111111111111111111101111111011111111111111111111111111111111111111111111111111111111111111101011111111111110111111101111111010010100 
3 0 0 2 0 0 0 0  10010000100000001001000010000000100000001001000010010000100000001000000010010000100100001001000010000000100000001000000010000000100100001001000010010000100100001001000010010000100100001001000010010000 
2 2 2 2 2 2 2 0  11010101110101011001010111011101110101011001010010011010100101111001000011011100100101001001011011010000100011011001100101111101111111111111011111111111111111111111111111110100100101011001010010010100 
2 0 0 2 0 2 0 0  10010100100100001001010010010000100100001001010010010000100100001001000010010000100101011001000010010000100100001001010010010000100100001011010010010100100100001001000010010100100101001001010010010100 
5 0 0 2 0 0 0 0  10000000100000001000000010000000100000001000000010000000100000001000000010000000100000001000000010000000100000001000000010000000100100001000000010010000100100001001000010010000100000001001000010010000 
2 2 2 2 2 2 2 0  11111101111101011101010011011101100101011111111011111111111111111111111111111111111111101111111011111101111111111111111111111111111111011111011111111111111111111111111111110100110100001001000010010000 
3 0 0 2 0 0 0 0  10010000100000001000000010000000100000001000000010000000100000001000000010000000100000001000000010000000100000001000000010000000100000001000000010000000100000001000000010000000100000001000000010000000 
2 0 0 2 0 2 0 0  10010000100101001001000010010000100100001001010010010000100100001001000010010000100101011001000010010000100100001001010010010000100100001101010010010000100100001001000010010100100101001001010010010100 
3 0 0 2 0 0 0 0  10010000100000001001000010000000100000001001000010010000100000001000000010010000100000001000000010000000100000001000000010000000100100001001000010010000100100001001000010010000100000001000000010000000 
2 2 2 2 2 2 1 0  11111101111111111111111111111111111111101111111011111110111111111111111111111111111111101111111011111111111111111111111111111111111111111111111111111111111111111111111111111110111111101111111011111110 
2 2 0 2 0 2 0 0  11010101110101011001010010010000100101001001010010110000100110001001110010010000100100011001000010010000100100001001010011010000100100001001010010010100100100001001000011010100100101001001010010010100 
2 0 0 2 0 2 0 0  10010100100101001001010010010000100100001001010010010000100100001001000010010000100101011001000010010000100000001001010010010000100100001001010010010100100100001001000010000000100000001001000010010000 
2 0 0 2 0 2 0 0  10010100100100001001000010010000100101001001000010010000100100001001000010000000100000001001000010010000100000001000000010000000100100001001000010010000100100001001000010010000100100001001000010010000 
3 0 0 2 0 0 0 0  10010000100000001000000010010000100000001001000010010000100100001001000010010000100100001000000010000000100000001000000010000000100100001001000010000000100100001001000010010000100000001001000010010000 
2 2 0 2 2 2 2 0  11010101110101011001010111011101110101011101010010011110100111011111111111111111111111101111111011111101110111111111111111111111111111011111011111111111111111111011111111110100000101011001010010010100 
2 0 0 2 0 2 0 0  10010000100101001001000010010000100101001001010010010000100100001001000010010000100100001001000010010000100000001001000010010000100100001001010010010000100100001001000010010000100100001001000010010000 
3 0 0 2 0 0 0 0  10010000100000001000000010010000100000001001000010010000100100001001000010010000100100001000000010000000100000001000000010000000100100001001000010000000100100001001000010010000100000001000000010000000 
3 0 0 2 0 2 0 0  10010000100101001001010010010000100100001001010010010000100100001001000010010000100101011001000010010000100000001001010010010000100100001001010010010000100100001001000010010100100101001001010010010100 
2 0 0 2 0 2 0 0  10010100100100001001000010010000100101001001000010010000100100001001000010010000100101011001000010010000100000001001000010010000100100001001010010010000100100001001000010010000100100001001000010010000 
2 2 2 2 2 2 2 0  11111101111101011101010011011101100101011111111011111111111111111111111111101111111111101111111011111111111111111011111111111101111111111111111111111111111111111111111111111110111111101111111011111110 
2 2 0 2 0 2 0 0  11010101110101011001010111011101110101011101010010011110100101001001001011011100100100001001000011010100100100001001010010010100100100001001010010010100100100011001000010010100100101001001010010010100 
2 2 0 2 0 2 2 0  11010101110101011001010111011101110101011101010010011110100101001001001011011100100100001001000010010100100100001011010010010100100100001001011111111111111111111111111111110100100101011001010010010100 
2 0 0 2 0 2 0 0  10010000100101001001010010010000100101001001010010010000100100001001000010010000100101011001000010010000100000001001000010010000100100001001010010010000100100001001100010010100100101001001010010010100 
3 0 0 2 0 0 0 0  10000000100000001000000010010000100000001001000010010000100100001001000010010000100100001000000010000000100000001000000010000000100100001001000010010000100100001001000010010000100000001000000010000000 
3 0 0 2 0 0 0 0  10010000100000001001000010000000100000001001000010010000100000001000000010010000100000001000000010000000100000001000000010000000100000001000000010000000100000001000000010000000100000001000000010000000 
3 0 0 2 0 0 0 0  10010000100000001000000010000000100000001000000010000000100000001000000010000000100100001001000010000000100100001000000010000000100000001000000010000000100000001000000010000000100000001000000010000000 
3 0 0 2 0 0 0 0  10000000100100001001000010000000100000001000000010000000100000001000000010000000100000001000000010000000100000001000000010000000100000001000000010000000100000001000000010000000100000001000000010000000 
3 0 0 2 0 0 0 0  10000000100100001000000010000000100000001000000010000000100000001000000010000000100000001000000010000000100000001000000010000000100000001000000010000000100000001000000010000000100000001001000010011000 
2 0 0 2 0 2 0 0  10010000100101001001010010010000100100001001010010010000100100001001000010010000100101011001000010010000100000001001000010010000100100001001010010010000100100001000000010010000100100001001000010010000 
2 0 0 2 2 2 0 0  10010101100101011001010111011101110101011001010010010010100101001001110010010100100100011001000010010000100100001001010010010000100100101001010010010100111100001001001010010100100101001001010010010100 
3 0 0 2 0 0 0 0  10010000100100001000000010000000100100001001000010000000100000001001000010010000100100001000000010000000100000001001000010000000100000001000000010000000100000001000000010000000100000001000000010000000 
2 0 0 2 0 2 0 0  10010000100100001001010010010000100101001001010010010000100100011001000010010000100100001001000010010000100000001001010010010000100100001001010010010000100100001001000010010000100100001001010010010000 
3 0 0 2 0 0 0 0  10010000100100001001000010010000100000001001000010010000100100001001000010010000100100001001000010010000100000001001000010000000100100001001000010010000100100001001000010010000100100001001000010010000 
2 0 0 2 0 2 0 0  10010000100100001001000010010000100101001001010010010000100100001001000010010000100100001001000010010000100000001001000010010000100100001001000010000000100100001000000010010000100100001001000010010000 
2 2 1 2 2 2 1 0  11111101111111011111111111111101111111101111111011111111111111111111111111111111111111101111111011111111111111111111111111111101111111111111111111111111111111111111111111111110111111101111111011111110 
3 0 0 2 0 0 0 0  10000000100100001000000010000000100000001000000010000000100000001000000010000000100000001001000010010000100000001000000010000000100100001001000010010000100100001001000010010000100100001001000010010000 
2 2 0 2 2 2 2 0  11111101111111111111111111111111111111101111111011111110111111011111111111111111111111101111111011111101110111111111111111111111111111011111011111111111111111111011111111110100100101011001010010010100 
2 2 2 2 2 2 2 0  11111111111111111111111111011111111111011111111011111111111111111111111111111111111111101111111011111101110111111111111111111111111111011111011111111111111111111111111111110100100101011001010010010100 
2 0 0 2 0 2 0 0  10010000100100001001010010010000100100001001010010010000100100001001000010010000100101011001000010010000100000001001000010010000100100001001010010010000100100001001000010010000100100001001000010010000 
3 0 0 2 0 0 0 0  10010000100100001001000010010000100000001000000010000000100000001000000010000000100000001000000010000000100000001000000010000000100100001001000010010000100100001001000010010000100000001000000010000000 
2 0 0 2 0 2 0 0  10010101100101011001010010010000100101001001110010110000100110001001110010010000100100011001000010010000100100001001010010010000100100001001010010010100100100001001000010010100100101001001010010010100 
3 0 0 2 0 2 0 0  10010000100100001001000010010000100000001001000010010000100100001001000010010000100000001001000010010000100100001001010010010000100100001001010010010000100101001001000010010100100101001001000010010100 
2 0 0 2 0 2 0 0  10010100100100001001010010010000100100001001010010010000100101001001000010010000100101011001000010010000100000001001000010010000100100001001010010010000100100001001000010010000100100001001010010010000 
5 0 0 2 0 0 0 0  10000000100000001000000010000000100000001000000010000000100100001001000010010000100100001000000010000000100000001000000010000000100100001001000010000000100100001001000010010000100000001001000010010000 
2 0 0 2 0 2 0 0  10010000100101001001000010010000100100001001010010010000100100001001000010010000100100001001000010010000100000001001000010010000100100001001010010000000100100001000000010010000100100001001000010010000 
3 0 0 2 0 0 0 0  10010000100100001000000010000000100100001001000010000000100100000001000010000000100000001000000010000000100000001000000010000000100000001000000010000000100000001000000010000000100000001000000010000000 
5 0 0 2 0 0 0 0  10000000100000001000000010000000100000001000000010000000100000001000000010000000100101001001000010000000100100001000000010000000100000001000000010000000100000001000000010000000100000001000000010000000 
3 0 0 2 0 0 0 0  10000000100000001000000010010000100000001001000010010000100100001001000010010000100100001000000010000000100000001000000010000000100100001001000010000000100000001000000010010000100000001000000010000000 
2 0 0 2 0 2 0 0  10010100100100001001000010010000100101001001000010010000100100001001000010010000100101011001000010010000100000001001000010010000100100001001010010010100100100001001000010010100100101001001010010010100 
2 0 0 2 0 2 0 0  10010000100100001001000010010000100101001001010010010000100100001001000010010000100101011001000010010000100000001001000010010000100100001001010010010000100100001001000010010100100101001001010010010100 
2 2 2 2 2 2 2 0  11010101110101011001010111011101110101011101010011111111111111111111111111111111111111101111111011111111111111111111111111111111111111111111111111111111111111111111111111111110111111101111111011111110 
2 0 0 2 0 2 0 0  10010100100101001001010010010000100101001001010010010000100100001011000010010100110101011011000010010000100100001001010010010000100100001011010010010100100100001001000010010100100101001001010010010100 
3 0 0 2 0 0 0 0  10000000100000001001000010000000100000001000000010000000100000001000000010000000100000001001000010010000100000001000000010000000100100001001000010010000100100001001000010010000100100001001000010010000 
2 2 2 2 2 2 1 0  11010101110111011001010111011101110101101111111011111111111111111111111111111111111111101111111011111111111111111111111111111111111111111111111111111111111111111111111111111110111111101111111011111110 
2 0 0 2 0 2 0 0  10010000100101001001000010010000100101001001010010010000100100001001000010010000100101011001000010010000100000001001000010010000100100001001010010010000100100001001000010010100100101001001010010010100 
2 0 0 2 0 2 0 0  10010101100101011001010111011101110101011001010010010010100101001001110010010000100100011001000010010000100100001001010010010000100100001001010010010100111100001101001010010100100101001001010011111110 
2 2 0 0 0 2 0 0  10010100100101001001010010010000100101001001010010010000100100001001000011010100100101011011000010010000100100001001010010010100100100001011010010010100100100011001000010010100100101001001010010010100 
3 0 0 2 0 0 0 0  10000000100000001001000010000000100000001000000010000000100000001000000010000000100000001001000010010000100000001000000010000000100100001001000010010000100100001001000010010000100100001101000010010000 
2 0 0 2 0 2 0 0  10010100100100001001000010010000100101001001000010010000100100001001000010010000100101011001000010010000100000001001000010010000100100001001010010010100100100001001000010010100100101001001010010010100 
2 0 0 2 0 2 0 0  10010000100100001001010010010000100100001001010010010000100100001001000010010000100101011001000010010000100100001001010010010000100100001101010010010000100100001001000010010100100101001001010010010100 
3 0 0 2 0 0 0 0  10010000100100001001000010010000100000001000000010000000100000001000000010000000100000001000000010000000100000001000000010000000100000001000000010000000100000001000000010000000100000001000000010000000 
3 0 0 2 0 0 0 0  10010000100000001001000010000000100000001001000010010000100000001000000010010000100100001001000010000000100000001000000010000000100000001000000010000000100000001000000010000000100000001000000010000000 
3 0 0 2 0 0 0 0  10000000100000001001000010000000100000001000000010000000100100001000000010000000100000001000000010000000100000001000000010000000100000001000000010000000100000001000000010000000100000001000000010000000 
3 0 0 2 0 0 0 0  10010000100100001001000010010000100000001000000010000000100000001000000010000000100100001000000010000000100000001000000010000000100100001001000010000000100100001001000010010000100000001000000010000000 
2 0 0 2 0 2 0 0  10010000100101001001010010010000100100001001010010010000100100001001000010010000100101011001000010010000100000001001000010010000100100001001010010010000100100001000000010010000100100001001000010010100 
2 0 0 2 0 2 0 0  10010100100101001001010010010000100101001001010010010000100110001011110010010000100100011001000010010000100100001001010010010000100100001001010010010100111100001001001010010100100101001001010010010100 
3 0 0 2 0 0 0 0  10000000100100001001000010000000100000001000000010000000100000001000000010000000100000001000000010000000100000001000000010000000100000001000000010000000100000001000000010000000100000001000000010000000 
2 0 0 2 0 2 0 0  10010000100100001001010010010000100100001001010010010000100100001001000010010000100101011001000010010000100000001001000010010000100100001001010010010000100100001001000010010000100000001000000010000000 
2 0 0 2 0 2 0 0  10010000100100001001000010010000100101001001010010010000100100001001000010011000100100001001000010010000100100001001010010010000100100001001010010010100100100001001000010010100100101001001010010010100 
5 0 0 0 0 0 0 0  10000000100000001000000010000000100000001000000010000000100000001000000010000000100000001000000010000000100000001000000010000000100000001000000010000000100000001000000010000000100000001001000010010000 
2 2 0 2 2 2 2 0  11010101110101011001010111011101110101011101010010011110100101001001001011011100100100001001000011010100100100001001010010010100100100001001010010010100110101111111111111110100111111001001010010010100 
3 0 0 2 0 0 0 0  10000000100100001000000010000000100000001000000010000000100000001000000010010000100100001001000010010000100000001001000110000000100000001001000010000000100000001000000010000000100000001000000010000000 
2 0 0 2 0 2 0 0  10010101100101011001010111011101110101011001010010010010100101001001110010010000100100011001000010010000100100001001010010010000100100001001010010010100111100001001001010010100100101001001010010010100 
2 2 0 0 0 2 0 0  11010101110101011001010111011101110101011101010010011110100101001001001011011100100100001001000011010100100100001001010010010100100100001011010010010100100100011001000010010100100101001001010010010100 
2 0 0 2 0 2 2 0  10010101100101011001010111011101110101011001010010011010100101001001000011011100100100101001001011010000100100001001010010010100100100001001010010010100110101111111111111111111111111101111111011111110 
5 0 0 2 0 0 0 0  10000000100000001001000010000000100000001000000010000000100000001000000010000000100000001000000010000000100000001000000010000000100000001000000010000000100000001000000010000000100000001000000010000000 
3 0 0 2 0 0 0 0  10000000100100001000000010000000100000001000000010000000100000001000000010010000100100001001000010010000100000001001000010000000100100001001000010010000100100001001000010010000100000001000000010000000 
3 0 0 2 0 0 0 0  10010000100100001001000010010000100000001000000010000000100000001000000010000000100000001000000010000000100000001000000010000000100000001000000010000000100000001000000010000000100000001000000010000000 
