4 0 0 0 0 0 0 0  10000000100000001000000010000000100000001000000010000000100000001000000010000000100000001000000010000000100000001000000010000000100000001000000010000000100000001000000010000000100000001000000010000000 
2 2 2 2 2 2 2 2  11111111111111111111111111111111111111101111111011111110111111111101111011111110111111101111111011111110111111111111111111111111111111111111111111111111111111111111111111111111111111101111111011111111 
2 2 2 2 2 2 2 2  11111111111111111111111111111111111111101111111011111110111111111101111011111110111111101111111011111110111111111111111111111111111111111111111111111111111111111111111111111111111111101111111011111111 
4 0 0 0 0 0 0 0  10000000100000001000000010000000100000001000000010000000100000001000000010000000100000001000000010000000100000001000000010000000100000001000000010000000100000001000000010000000100000001000000010000000 
4 0 0 2 0 0 0 0  10000000100000001001000010000000100000001000000010000000100000001000000010000000100000001000000010000000100000001000000010000000100000001000000010000000100000001000000010000000100000001000000010000000 
2 0 0 2 0 2 0 0  10010100100101001001000010010000100100001001010010010000100101001001000010010000100100001001000010010000100101001001010010010000100100001000010010010000100100001001010010010000100100001001000010010000 
4 0 0 2 0 0 0 0  10000000100000001000000010000000100000001001000010010000100100001001000010000000100000001000000010000000100100001001000010000000100000001000000010000000100000001001000010000000100100001001000010010000 
2 0 0 2 0 2 0 0  10010100100100001001010010010100100100001001000010010000100100001001000010010000100101101001010010010100100101011001010010010000100100001000000010010000100100001001000110010000100100001001000010010000 
2 2 2 2 2 2 2 2  11111101111111111111111111111111111110101111111011111110111111111101111011111110111111101111111011111110111111111111111111111111111111111111111111111111111111111111111111111111111111101111111011111111 
2 0 0 2 0 2 0 0  10010000100101001001010010010000100100001001010010010000100100001001000010010000100100001001000010010000100100001001000010000000100100001000000010010000100100001001000010010000100100001001000010010000 
2 0 0 2 0 0 0 0  10010000100100001001000010010000100100001001000010010000100100001000000010000000100000001000000010000000100000001000000010000000100000001000000010000000100000001000000010000000100000001000000010000000 
2 2 2 2 2 2 2 2  10010101100101011001010110010100100101001001111111111111111111111001000010010000100101101001010010010100100101001001010010010111111111111111111111111111111111111100111111111111111111101111111011111111 
2 0 0 2 0 2 0 0  10010101100101011101010110010100100101001001010010010000100100001001011011111111111111001001010010010100100101001001001010010000100111001110010010010000100101001001010010010100100101001001010010010100 
2 0 0 2 0 2 0 0  10010000100101001001010010010000100100001001010110010000100100001001000010010000100100001001010010010100100101001001010010010000100100001000000010010000100100001001000010010100100101001001010010010100 
4 0 0 2 0 0 0 0  10000000100100001000000010000000100100001000000010000000100000001000000010000000100000001000000010000000100000001000000010000000100000001000000010000000100000001000000010000000100000001000000010000000 
4 0 0 2 0 0 0 0  10010000100000001001000010000000100000001000000010000000100000001000000010000000100000001000000010000000100100001001000010000000100100001000000010010000100100001001000010010000100000001000000010000000 
2 0 0 2 0 2 0 0  10010100100101001001010010010000100100001001010010010001100100001001011010010100100101001001010000010000100101001001000010010000100100001000010010010100100100001001000010010100100101001001010010010100 
4 0 0 2 0 0 0 0  10000000100100001001000010000000100000001000000010000000100000001000000010010000100000001000000010000000100000001000000010000000100000001000000010000000100000001000000010010000100100001001000010010000 
4 0 0 2 0 0 0 0  10000000100100001001000010000000100000001000000010000000100000001000000010000000100000001000000010000000100000001000000010000000100000001000000010000000100000001000000010000000100000001000000010000000 
2 2 2 2 0 2 0 0  11110101111101011101010110010100100101011001010010010000100100001001011011111111111111001001010010010100100101001001001010010000100111001110010010010010100101001001010010010100100101001001010010000100 
4 0 0 2 0 0 0 0  10000000100000001001000010000000100000001000000010010000100000001000000010010000100000001000000010000000100000001001000010000000100000001000000010000000100000001000000010000000100000001000000010000000 
4 0 0 2 0 0 0 0  10010000100100001000000010000000100000001001000010010000100000001001000010010000100000001001000010000000100000001000000010000000100000001000000010000000100000001001000010000000100000001000000010000000 
2 2 2 2 2 2 2 2  11110101111101011101111111111101111111111110111111111110111111111101111011111111111110101111111011111110111111111001010011111111111111111111011111111111111111111111111111111111111111101111111011111111 
2 0 0 2 0 2 0 0  10010000100100001001010010010000100100001001000010010000000100001001000010010000100101001001010010010000100101001001000010010000100100001000000010010100101100001001000010010000100100001001000010010000 
2 0 0 2 0 2 0 0  10010000100100001001010010010000100100001001010010010100100100001001000010010000100101001001010010010000100101001001000010010000100100001000000010011100101101001001000010010100100101001001010010010100 
4 0 0 2 0 0 0 0  10010000100000001000000010010000100000001001000010010000100100001001000010000000100000001000000010000000100100001001000010000000100000001000000010000000100000001000000010010000100100001001000010010000 
2 0 0 2 0 2 0 0  10010000100100001001010010010000100100001001010010010100100100001001000010010000100101001001010010010000100101001001000010010000100100001000000010010100100100001001000010010000100101001001010010010100 
2 0 0 2 0 2 0 0  10010101100101011101010110010100100101001001010010010000100100001001000010010000100101101001010010010100100101001001010010010000100100001000000010010100100101001001000010010100100101001001010010010100 
2 2 2 2 2 2 2 2  10010101100101011001010110010100100101001000101111111111111111111101111011111111111111001111111011111110111101111001010011111111111111111011111111111111111111111111111111111111111111101111111010111111 
2 2 2 2 2 2 2 2  11111111111101111111111111111111111111101111111011111110111111111101111011111110111111101111111011111110111111101111111111011111111111111111111111111111111111111111111111101111111100111111010001111111 
2 0 0 2 0 0 0 0  10010000100100001001000010000000100000001000000010000000100000001000000010000000100000001000000010000000100000001000000010000000100000001000000010000000100000001000000010000000100000001000000010000000 
2 2 2 2 2 2 2 2  11110101110101111111111111111101111111101111111111111110111101011101111011111110111111101111111011111110111111111111110111111111111111111111111111111111111111111111111111111111111111101111111011111111 
2 0 0 2 0 2 0 0  10010000100100001001010010010000100000001001000010010000000100001001000010010000100101001001010010010000100101001001000010010000100100001000000010010000100100001001000010010000100100001001000010010000 
4 0 0 2 0 0 0 0  10000000100100001001000010010000100000001000000010000000100000001001000010000000100000001001000010000000100100001001000010000000100000001000000010000000100000001000000010010000100100001001000010000000 
4 0 0 2 0 0 0 0  10000000100000001001000010000000100100001000000010010000100000001001000010010000100000001001000010010000100100001001000010000000100100001000000010010000100100001001000010010000100100001001000010010000 
4 0 0 2 0 0 0 0  10010000100100001000000010000000100100001001000010010000100000001001000010010000100000001001000010000000100000001000000010000000100000001000000010000000100000001001000010000000100000001000000010000000 
4 0 0 0 0 0 0 0  10000000100000001000000010000000100000001000000010000000100000001000000010000000100000001000000010000000100000001000000010000000100000001000000010000000100000001000000010000000100000001000000010010000 
4 0 0 2 0 0 0 0  10010000100000001001000010010000100100001001000010010000100000001001000010010000100000001001000010000000100000001000000010000000100000001000000010000000100000001001000010010000100100001001000010010000 
4 0 0 2 0 0 0 0  10000000100100001000000010000000100100001000000010010000100100001001000010010000100000001000000010010000100000001000000010000000100000001000000010000000100000001001000010000000100000001000000010000000 
2 0 0 2 0 2 0 0  10010100100101001001010110010100100101001001110010010000100100001001000010010000101101101001010010110100100101001001010010010000100100001000000010011100101101001001000010010100100101001001010010010100 
2 0 0 3 0 0 0 0  10010000100100001001000010010000100100001001000010010000100100001001000010010000100101001001000010010000100100001001000010010000100100001000000010010000100100001001000010010000100101001001010010010100 
2 0 0 2 0 2 0 0  10010100100100001001000010010000100100001001000010010000100100001001000010010000100101001001000010010000100100001001000010010000100100001000000010010100100100001001000010010000100101001001000010010000 
2 2 2 2 2 2 2 2  10010101100101011001010111111101111111111110111111111111111111111101111011111110111111101101111011111110100111001001010011111111111111111111111111111111111111111111111111111111111111101111111011111011 
2 0 0 2 0 2 0 0  10010000100101001001000010010000100100001001010110010000100100001001000010010000100101101001010010010100100101001001010010010000100100001000000010010000100100001001000010010100100101001001010010010100 
4 0 0 2 0 0 0 0  10010000100000001001000010010000100100001001000010010000100000001001000010010000100000001001000010000000100000001000000010000000100000001000000010000000100000001001000010000000100000001000000010000000 
4 0 0 2 0 0 0 0  10010000100000001001000010010000100100001001000010010000100000001001000010010000100000001001000010000000100100001001000010000000100100001000000010010000100100001001000010010000100100001001000010010000 
2 2 2 2 2 2 2 2  11110101111101011101010010010100100101001001010011010100101100001001011011111111111111110111110010011100100111001001010011111111111100001011111111111111111111111100111111111111111110111111010011111110 
2 0 0 2 0 0 0 0  10010000100100001001000010010000100100001001000010010000100000001001000010010000100000001001000010000000100100001001000010000000100100001000000010000000100000001001000010000000100000001000000010000000 
4 0 0 2 0 0 0 0  10000000100100001001000010010000100100001001000010010000100100001001000010000000100000001000000010010000100100001001000010000000100100001000000010010000100100001001000010010000100100001001000010010000 
2 0 0 2 0 2 0 0  10010100100101001001010010010000100100001001010010010000100100001001000010010000100100001001000010010000100100001001000010010000100100001000010010010100100101001001000010010100100101001001010010010100 
2 2 2 2 2 2 2 2  11110101111101011101110111111101111111111110111111111110111111111101111011111111111110101111111011111110111111111001010011111111111111111111111111111111111111111111111111111111111111101111111011111111 
4 0 0 2 0 0 0 0  10000000100100001001000010010000100100001001000010010000100100001001000010000000100000001000000010010000100100001000000010000000100000001000000010010000100000001000000010000000100000001000000010010000 
4 0 0 2 0 0 0 0  10000000100000001001000010000000100100001001000010010000100100001001000010000000100000001000000010010000100100001001000010000000100100001000000010000000100000001000000010010000100100001001000010010000 
4 0 0 2 0 0 0 0  10000000100100001000000010000000100100001000000010010000100000001000000010000000100000001001000010000000100000001000000010000000100000001000000010000000100000001001000010000000100000001000000010000000 
2 0 0 3 0 0 0 0  10010000100100001001000010010000100100001001000010010000100100001001000010010000100101001001010010010000100101001001000010010000100100001000000010010100100100001001000010010000100101001001010010010100 
2 2 2 2 2 2 2 2  11111101111111111111110111110101111111111110111111111111111111111101111011111101111111101111111011111110111111111001010011111111111111111011111111111111111111111111111111111111111111101111111011111111 
4 0 0 2 0 0 0 0  10010000100000001000000010000000100000001000000010000000100000001000000010000000100000001000000010000000100000001000000010010000100000001000000010010000100100001001000010010000100100001001000010010000 
4 0 0 2 0 0 0 0  10000000100000001001000010000000100000001000000010000000100000001001000010000000100000001001000010000000100100001001000010000000100000001000000010000000100000001000000010010000100100001001000010000000 
4 0 0 2 0 0 0 0  10010000100000001000000010000000100000001000000010000000100000001000000010000000100000001000000010000000100000001000000010000000100000001000000010000000100000001000000010000000100000001001000010010000 
2 0 0 2 0 2 0 0  10010000100101001001010010010000100100001001010010010100100100001001000010010001100101001001010010010000100101001001010010010000100100001000010010010000100101001001000010010100100101001001010000010100 
2 0 0 2 0 2 0 0  10010000100100001001000010010000100100001001010110010000100100001001000010010000100101101001010010010100100101001001010010010000100100001000000010010000100100001001000010010100100101001001010010010100 
2 0 0 2 0 2 0 0  10010100100101001001010110010100100101001001110010010000100100001001000010010000101101101001010010110100100101001001010010010000100100001000000010010100100100001001000010010000100101001001010010010100 
2 0 0 2 0 0 0 0  10010000100100001001000010000000100000001000000010000000100000001000000010000000100000001000000010000000100000001000000010000000100000001000000010000000100000001000000010000000100000001001000010010000 
4 0 0 2 0 0 0 0  10000000100000001000000010000000100100001000000010000000100000001000000010000000100000001000000010000000100000001000000010000000100000001000000010000000100000001001000010010000100100001001000010010000 
2 0 0 2 0 2 0 0  10010000100101001001000010010000100100001001010110010000100100001001000010010100101101101001010010010100100101001001010010010000100100001000000010010000100100001001000010010100100101001001010010010100 
2 0 0 3 0 0 0 0  10010000100100001001000010010000100100001001000010010000100100001001000010010000100101001001000010010000100100001001000010010000100100001000000010010000100100001001000010010000100100001001000010010000 
2 0 0 2 0 0 0 0  10010000100100001001000010010000100100001001000010010000100000001001000010010000100000001001000010000000100100001001000010000000100100001000000010010000100100001001000010010000100100001001000010010000 
2 0 0 2 0 2 0 0  10010100100100001001000010010100101100001001010010010000100100001001000010010000100101101001010010010100100101001001010010010000100100001000000010010000100100001001000010010100100101001001010010010100 
2 2 2 2 0 2 0 0  11110101111101011101010110010100100101011001010010010000100100001001011011111111111111001001010010010100100101001001001010010000100101001110010010010000100101001001010010010100100101001001010010000100 
4 0 0 2 0 0 0 0  10010000100000001001000010000000100000001000000010000000100000001000000010000000100000001000000010000000100000001000000010000000100000001000000010000000100000001001000010000000100000001000000010000000 
2 0 0 2 0 2 0 0  10010101100101001001010010010100100101001001010010010100100110001001000010010000100110001001010010010000100101001001001010010000100110001000010010010000100101001001010010010100100001001001010010010100 
2 2 2 2 2 2 2 0  10010101100101011101010110010100100101001001010010010100100100001001011011111111111111001001010010010100100101001001001010010000100111001110010010010000100101001001010010010100100101001001010010010100 
2 0 0 2 0 0 0 0  10010000100100001001000010010000100100001001000010010000100100001001000010010000100101001001000010010000100100001001000010010000100100001000000010010000100100001001000010010000100101001001000010010000 
2 0 0 2 0 2 0 0  10010100100101001001010010010000100100001001010010010000100100001001000010010000100100001001000010010000100100001001010010010100100100001000000010010100100111001001000010010000100100001001000010010000 
2 0 0 2 0 2 0 0  10010100100101001001000010010000100100001001010010010000100100001001010111010100100100001001000010010100100101001001010010010000100100001000000010010100100101001001000010010100100101001001010010010100 
4 0 0 2 0 0 0 0  10000000100000001000000010000000100000001000000010000000100000001001000010000000100000001000000010000000100000001000000010000000100100001000000010000000100100001001000010010000100100001001000010010000 
2 2 2 2 2 2 2 2  11110101111101011101010110010100110101001001010010010100101111111101111011111110111111101111111011111110111011111111111111111111111111111111111111111111111111111111111111111111111111101111111011111111 
2 0 0 2 0 2 0 0  10010101100101011001010110010100100101001001010010010000100100001001011011111111111111001001010010010100100101001001001010010000100111001010010010010000100101001001010010010100100001001001010010010100 
4 0 0 2 0 0 0 0  10010000100000001000000010000000100000001000000010000000100000001000000010000000100000001000000010000000100000001000000010000000100000001000000010000000100000001000000010000000100000001000000010000000 
4 0 0 2 0 0 0 0  10000000100000001001000010000000100100001000000010010000100000001001000010010000100000001001000010010000100100001001000010000000100100001000000010000000100000001001000010000000100000001000000010000000 
2 2 2 2 2 2 2 2  11110101111101011101010010010100100101001001010011010100101101111101111011111110111111101101111011111110100111001001010011111111111111111111111111111111111111111111111111111111111111101111111011111011 
2 0 0 2 0 2 0 0  10010100100100001001010010010100100100001001000010010000100100001001000010010000100101101001010010010100100100001001010010010000100100001000000010010000100100001001000010010000100100001001000010010000 
2 0 0 2 0 2 0 0  10010101100101011101010110010100100101001001110010010000100100001001000010010000101101101001010010010100100101001001010010010000100100001000000010011100101101001001000010010100100101001001010010010100 
4 0 0 2 0 0 0 0  10000000100000001000000010000000100000001000000010000000100000001001000010000000100000001000000010000000100000001000000010000000100100001000000010000000100000001000000010000000100100001000000010000000 
4 0 0 2 0 0 0 0  10000000100100001000000010000000100100001001000010010000100100001001000010000000100000001000000010000000100100001001000010000000100000001000000010000000100000001000000010010000100100001001000010010000 
2 0 0 2 0 2 0 0  10010100100100001001000010010100101100001001010010010000100100001001000010010000100100001001000010010000100100001001010010010000100100001000000010010100100101001001000010010100100101001001010010010100 
2 0 0 2 0 2 0 0  10010000100101001001010010010000100100001001010010010100100100001001000010010001100101001001010010010100100101001001000010010000100100001000000010010100100100001001000010010000100101001001010010010100 
4 0 0 2 0 0 0 0  10000000100000001001000010000000100100001000000010010000100100001001000010010000100000001000000010010000100000001000000010000000100000001000000010000000100000001001000010000000100000001000000010000000 
2 2 2 2 2 2 2 2  11110101111111111111111111111111110110101111111011111110111111111101111011111111111111110111110010011100100111001001010011111111111100001011111111111111111111111100111111111111111110111111010011111110 
2 0 0 2 0 2 0 0  10010100100101001001000010010000100100001001010010010000100100001001010111010100100100001001000010010100100101001001010010010000100100001000000010010101100101001001000010010100100101001001010010010100 
4 0 0 2 0 0 0 0  10010000100000001001000010000000100000001000000010000000100000001000000010000000100000001000000010000000100000001000000010000000100000001000000010000000100000001001000010000000100000001000000010000000 
2 0 0 2 0 2 0 0  10010000100101001001000010010000100100001001010110010000100100001001000010010000100101101001010010010100100101001001010010010000100100001000000010000000100100001001000010010000100100001001000010010000 
2 0 0 2 0 2 0 0  10010101100101001001010010010101100101001001010010010100100110011001000010010000100110001001010010010000100101001001001010010000100110001000010010010000100101001001010010010100100101001001010010010100 
2 0 0 2 0 2 0 0  10010101100101011001010110010100100101001001010010010000100100001001011011111110101101101001010010110100100101001001010010010000100100001000000010011100101101001001000010010100100101001001010010010100 
2 2 0 2 0 2 0 0  10010101100101011001010110010100100101001001111111111111111111111001010111010100100100001001000010010100100101001001010010010000100100001000000010010100100101001001000010010100100101001001010010010100 
2 0 0 2 0 0 0 0  10010000100100001001000010010000100100001001000010010000100000001000000010000000100000001000000010000000100100001001000010000000100100001000000010010000100100001001000010010000100100001001000010010000 
2 0 0 2 0 2 0 0  10010000100101001001000010010000100100001001010110010000100100001001000010010000100101101001010010010100100101001001010010010000100100001000000010000000100100001001000010010000100100001001000010010000 
2 0 0 2 0 2 0 0  10010100100100001001000010010000100101001001000010010100100100001001000010010000100101001001010010010000100101001001000010010000100100001000000010010100100100001001000010010000000101001001010010010100 
2 2 2 2 2 2 2 2  10010101100101011101010110010100100101001001010010010100100100001001011011111111111111001001010010010100100101001001001010010000100111001110010010010000100101001001010010110100100101001101011011111111 
2 0 0 2 0 2 0 0  10010100100100001001000010010000100100001001000010010100100100001001000010010000100101001001010010010000100101001001000010010000100100001000000010010100100100001001000010010000100101001001010010010100 
