5 0 0 0 0 0 0 0  10000000100000001000000010000000100000001000000010000000100000001000000010000000100000001000000010000000100000001000000010000000100000001000000010000000100000001000000010000000100000001000000010000000 
2 2 2 2 1 2 2 1  11111111111111111111111111111111111111111111111111111111111101111101111011111111111111111111111011111111111111111111111111111111111111111111111111111111111111111111111111111110111111101111111011111110 
5 0 0 0 0 0 0 0  10000000100000001000000010000000100000001000000010000000100000001000000010000000100000001000000010000000100000001000000010000000100000001000000010000000100000001000000010000000100000001000000010000000 
2 2 2 2 1 2 2 1  11111111111111111111111111111111111111111111111111111111111101111101111011111111111111111111111011111111111111111111111111111111111111111111111111111111111111111111111111111110111111101111111011111110 
2 2 2 2 1 2 2 1  11111101111111011111110110111001111111001001010111110110111101011101110011111100110100101111001010010011111111111111110110111110111110111111111111111111111111111110111111111110111111101111111011111110 
3 0 0 2 0 2 0 0  10010100100101001001010010010000100100001001000010010000100100001001000010010000100100001001000010010000100101001001000010010100100100001001000011010000100111011001000010010100100100001001010010010100 
2 0 0 2 0 2 2 1  10010101100101001001010010010100100101001001010110010100100110001001010110010000100101000001000011010100100101001001000010010100100100001001010010010000100111011001000010010100101100101001011011111110 
3 0 0 2 0 2 0 0  10010101100101011001010110010000100101001001000010010100100100001001000010010000100100001001000010010000100101001001000010010100100100001001000010010000100100001001000010010000100101001001000010010000 
3 0 0 2 0 0 0 0  10010000100000001001000010000000100100001000000010010000100100001001000010000000100100001000000010000000100100001000000010000000100000001000000010000000100000001000000010010000100100001001000010010000 
2 0 0 2 0 2 0 0  10010101100101001001010010010100100101001001010110010100100110001001010110010000100101000001000011010100100101001001000010010100100100001001010010010000100111011001000010010100100100001001010010010100 
3 0 0 2 0 0 0 0  10010000100100001001000010000000100000001000000010010000100100001001000010000000100100001000000010000000100100000001000010010000100100001000000010010000100100001001000010010000100100001001000010010000 
3 0 0 2 0 0 0 0  10010000100000001001000010000000100100001000000010010000100100001001000010000000100100001000000010000000100100001000000010010000100100001000000010010000100100001001000010010000100100001001000010010000 
3 0 0 2 0 0 0 0  10010000100000001001000010000000100100001000000010010000100000001000000010000000100000001000000010000000100000001000000010000000100000001000000010000000100000001000000010000000100000001000000010000000 
3 0 0 2 0 2 0 0  10010000100101001001000010010000100100001001000010010000100100001001000010010000100100001001000010010000100101001001000010010100100100001001000010010000100100001001000010010000100100001001000010010000 
4 0 0 2 0 0 0 0  10000000100100001001000010010000100100001001000010010000100100001001000010000000100100001000000010000000100100001000000010010000100100001000000010010000100100001001000010010000100100001001000010010000 
4 0 0 2 0 0 0 0  10000000100100001001000010000000100000001000000010000000100000001000000010000000100000001000000010000000100000001000000010000000100000001000000010000000100000001000000010000000100000001000000010000000 
3 0 0 2 0 0 0 0  10010000100100001000000010000000100000001000000010000000100000001000000010000000100000001001000010010000100100001000000010010000100100001000000010010000100100001001000010010000100100001001000010010000 
2 2 2 2 1 2 2 0  10010101100101001001010010010100100101001001010110110110111101011111110111111101010100101111001010010011111111111111110110111110111110111111111111111111111111111110111111110110111111101111111011111110 
2 2 2 2 1 2 2 1  10010101100101001001010011111111111111111111111111111111111101111101111011111111111111111111111011111111111111111111101111111111111111111111111111111111111111111111111111111110111111101111111011111110 
2 0 0 2 0 2 0 0  10010100100100001001000010010000100100001001000010010010100100001001000010010000100100001001000010010000100101001001000010010100100100001001010010010000100111011001000010010100100100001001010010010100 
3 0 0 2 0 0 0 0  10010000100100001001000010000000100000001000000010000000100000001000000010000000100000001000000010000000100000001000000010000000100000001000000010000000100000001000000010000000100000001000000010000000 
2 2 2 2 1 2 2 1  10010101100101011001010111111111111111111111111111111111111101111111111011111110111111111111111011111111111111111111111111111111111111111111111111111111111111111111111111111110111111101111111011111110 
4 0 0 2 0 0 0 0  10000000100100001001000010000000100000001000000010010000100100001001000010000000100100001000000010000000100100000001000010010000100100001000000010010000100100001001000010010000100100001001000010010000 
3 0 0 2 0 2 0 0  10010000100100001001010010010000100100001001000010010000100100001001000010010000100100001001000010010000100101001001000010010100100100001001000010010000100100001001000010010000100100001001000010010000 
4 0 0 2 0 0 0 0  10000000100100001000000010000000100100001000000010000000100000001000000010000000100000001000000010000000100000001000000010000000100000001000000010000000100000001000000010000000100000001000000010000000 
2 0 0 2 0 2 0 0  10010000100100001001000010010100100101001001000010010100100100001001000010010000100000001001010010010000100101001001000010010100100100001001010010010000100111011001000010010100100100001001010010010100 
4 0 0 2 0 0 0 0  10000000100000001001000010010000100100001000000010010000100100001001000010000000100000001000000010000000100000001000000010000000100000001000000010000000100000001000000010000000100000001000000010010000 
4 0 0 2 0 0 0 0  10010000100000001001000010000000100000001000000010000000100000001000000010000000100000001000000010000000100000001000000010000000100000001000000010000000100000001000000010000000100000001000000010000000 
2 2 2 2 1 2 0 0  11110101111111011111110110111101111101001001010111110110111101001101110011111101100100001001000010010000100100001001000110010100100100001001000010010000100100001001000010010000100100001001010010010100 
3 0 0 2 0 0 0 0  10010000100100001001000010010000100100001001000010010000100100001001000010010000100100001001000010010000100101001001000010010100100000001001010010010000100100001001000010010000100100001001000010010000 
2 0 0 2 0 2 0 0  10010100100101001001000010010000100100001001000010010000100100001001000010010000100100001001000010010000100101001001000010010100100100001001000010010000100100000001010010010000100100001001000010010000 
3 0 0 2 0 0 0 0  10010000100100001001000010010000100100001001000010010000100100001001000010010000100100001001000010010000100100001000000010010000100100001001000010010000100100001001000010010000100101001001000010010000 
5 0 0 2 0 0 0 0  10000000100000001000000010010000100000001000000010010000100100001001000010010000100100001000000010000000100100001000000010000000100000001000000010000000100000001000000010010000100000001001000010010000 
3 0 0 2 0 0 0 0  10010000100100001000000010000000100000001000000010000000100000001000000010000000100000001001000010010000100000001000000010000000100000001000000010000000100000001000000010000000100000001000000010000000 
4 0 0 2 0 0 0 0  10010000100000001000000010000000100000001000000010000000100000001000000010000000100000001000000010000000100000001000000010000000100000001000000010000000100000001000000010000000100000001000000010000000 
2 2 2 2 1 2 2 1  10010101100101001001010010010100100101001001010110010100100110001001010110010000100111111111111011111111111111111111111111111111111111111111111111111111111111111111111111111110111111101111111011111110 
2 2 2 2 1 2 2 1  11111101111111011111111111111111111111111111111111111111111101111101111011111111111111111111111011111111111111111111011111111111111111111111111111111111111111111111111111111110111111101111111011111110 
3 0 0 2 0 0 0 0  10010000100100001001000010010000100100001001000010010000100100001001000010010000100100001001000010010000100100001000000010010000100100001000000010010000100100001001000010010000100100001001000010010000 
3 0 0 2 0 2 0 0  10010000100100001001010010010100100101001001000010010000100100001001000010010000100100001001000010010000100101001001000010010110100100001001000010010000100100001001000010010000100101001001000010010100 
2 2 0 2 1 2 2 1  10010101100101011001010110111100100101001001010110110110111111111111110111111101110110001001010010010010100100001001000010010100100101001001110111010001100111011001000010010101100110001001110011111110 
2 2 2 2 0 2 0 0  10010101100101011001010110111100100101001001010110010110111111111111110111111101110110001001010010010010100100001001000010010100100100001001110110010000100111111001000010010100100100001001010010010100 
2 2 2 2 1 2 2 1  11111111111111111111111101111011110101001101010110110110111101011111110011111101110100101111001010010011111111111111110110111110111110111001111110110111111111101111110111111010111100101001111001011100 
2 2 2 2 1 2 2 1  11110101111111011111110110111101111111001001010111110110111101011101110011111101110100101111001010010011111111111111111111111111111111111111111111111111111111111111111111111110111111101111111011111110 
2 0 0 2 0 2 0 0  10010100100100001001000010010000100100001001000010010100100100001001000010010000100100001001000010010000100101001001000010010100100100001001000010010000100100001001000010010100100100001001010010010100 
3 0 0 2 0 2 0 0  10010000100101001001000010010000100100001001000010010000100100001001000010010000100100001001000010010000100101001001000010010100100100001001010010010000100111011001000010010100100100001001010010010100 
4 0 0 2 0 0 0 0  10000000100000001000000010000000100100001000000010000000100000001000000010000000100000001000000010000000100000001000000010000000100000001000000010000000100000001000000010000000100000001000000010000000 
2 0 0 2 0 2 0 0  10010000100101001001010010010100100101001001010110011100100110001001010010010000100100001001000010010000100100001001000110010100100100001001000010010000100100001001000010010000100101001001000010010000 
3 0 0 2 0 2 0 0  10010000100100001001010010010100100101001001000010010000100100001001000010010000100100001001000010010000100101001001000010010100100100001001000010010000100100001001000010010000100101001001000010010000 
3 0 0 2 0 0 0 0  10010000100100001001000010010000100100001001000010010000100100001001000010010000100100001001000010010000100100001000000010010000100100001001000010000000100100001000000010000000100000001000000010000000 
3 0 0 2 0 2 0 0  10010000100101001001010010010000100100001001000010010000100100001001000010010000100100001001000010010000100101001001000010010100100100001001000010010000100100001001000010010000100101001001000010010000 
4 0 0 2 0 0 0 0  10000000100100001001000010000000100000001000000010010000100100001001000010000000100000001000000010000000100000001000000010000000100000001000000010000000100000001000000010000000100000001000000010010000 
2 2 2 2 1 2 2 1  11111101111111111111111111111111111111111111111111111111111101111111111011111111111111111111101010010011111111111111110110111111111110111001111110110111111111101111110111111010111100101001111001011100 
5 0 0 2 0 0 0 0  10000000100000001000000010010000100000001000000010010000100100001001000010010000100000001000000010010000100100001000000010000000100000001000000010010000100100001001000010010000100100001001000010010000 
3 0 0 2 0 0 0 0  10010000100100001001000010000000100000001000000010010000100100001001000010000000100100001000000010000000100100001000000010000000100000001000000010000000100000001000000010000000100000001000000010000000 
2 0 0 2 0 2 0 0  10010100100100001001010010010000100100001001000010010000100100001001000010010000100100001001000010010000100101001001000010010100100100001001000010010000100100001001000010010000100100001001000010010000 
2 2 2 2 1 2 2 1  11111101111111111111111111111111111111111111111011111111111101111101111011111111111111111111111011111111111111111111111111111111111111111111111111111111111111111111111111111110111111101111111011111110 
2 0 0 2 0 2 0 0  10010101100101001001010010010100100101001001010110110110111111111111110111111101110110001001010010010010100100001001000010010100100101001001010110010000100111011001000010010100100100001001010010010100 
5 0 0 0 0 0 0 0  10000000100000001000000010000000100000001000000010000000100000001000000010000000100000001000000010000000100000001000000010000000100100001000000010000000100000001000000010000000100000001000000010000000 
4 0 0 2 0 0 0 0  10000000100000001001000010010000100100001000000010010000100100001001000010010000100000001000000010000000100000001000000010000000100000001000000010010000100100001001000010010000100100001001000010010000 
2 0 0 2 0 2 0 0  10010100100101001001000010010000100100001001010110010000100100001001000010010000100100001001000010010000100111001001000010010100100101001001010010010000100111011001000010010100100100001001010010010100 
2 0 0 2 0 2 0 0  10010000100101001001000010010000100101011001000010011100100100001001000010010000100000001001010010010000100101001001000010010100100100001001010010010000100111011001000010010100100110001001010010010100 
3 0 0 2 0 0 0 0  10010000100000001000000010000000100000001000000010000000100000001000000010000000100000001001000010010000100100001000000010010000100100001000000010010000100100001001000010010000100100001001000010010000 
2 2 2 2 1 2 0 0  11110101111111011111010010010100100101001001010010110110111111011111110111111101110100101111011010010000100101001001000010010100110100001001010010010000100111011001000010010100100100001001010010010100 
2 2 0 2 0 2 0 0  10010101100101001001010010010100100101001001010110110110111111011111110111111101110110001001010010010000100100001001000010010100100100001001010010010000100111011001000010010100100100001001010010010100 
3 0 0 2 0 2 0 0  10010000100101001001010010010100100101001001000010010000100100001001000010010000100100001001000010010000100101001001000010010100100100001001000010010000100100001001000010010100100100001001010010010100 
4 0 0 2 0 0 0 0  10000000100100001000000010000000100100001000000010010000100100001001000010000000100000001000000010000000100100001000000010010000100000001000000010000000100000001000000010000000100000001000000010000000 
4 0 0 2 0 0 0 0  10000000100000001001000010010000100100001000000010000000100000001001000010000000100000001000000010000000100000001000000010000000100100001000000010010000100100001001000010010000100100000001000010000000 
4 0 0 2 0 0 0 0  10000000100100001000000010000000100100001000000010000000100000001000000010000000100000001000000010000000100000001000000010000000100000001000000010000000100000001000000010010000100000001000000010000000 
2 0 0 2 0 2 0 0  10010101100101001001010010010100100101001001010110110110111111111111110111111101110110001001010010010000100101001001000010010100100100001011010010010000100111011001000010010100100100001001011010010100 
4 0 0 2 0 0 0 0  10000000100000001001000010010000100100001000000010000000100000001001000010000000100000001000000010000000100000001000000010000000100000001000000010000000100000001000000010000000100000001000000010000000 
4 0 0 2 0 0 0 0  10010000100000001000000010000000100100001000000010010000100000001001000010000000100000001000000010000000100000001000000010000000100000001000000010000000100000001000000010010000100000001000000010000000 
3 0 0 2 0 0 0 0  10010000100100001000000010000000100100001001000010000000100100001001000010000000100000001000000010000000100000001000000010000000100000001000000010000000100000001000000010010000100000001000000010000000 
5 0 0 2 0 0 0 0  10000000100000001000000010000000100000001000000010000000100000001000000010000000100000001000000010000000100000001000000010000000100000001000000010000000100100001001000010010000100100001001000010010000 
2 2 2 2 1 2 2 1  11111101111111011111111111111111111111111111111111111111111101111101111011111111111111111111111011111111111111111111111111111111111111111111111111111111111111111111111111111110111111101111111011111110 
2 2 2 2 1 2 0 0  11111101111111011111110110111101111111001001010111110110111101011101110011110101110110001011010010010000100100000001110010010100100100001001010011010001100111011001000010010101100110001001010010010100 
3 0 0 2 0 0 0 0  10010000100000001000000010000000100000001000000010000000100000001000000010000000100000001001000010010000100100001000000010010000100100001000000010010000100100001001000010010000100100001001000010000000 
5 0 0 2 0 0 0 0  10000000100000001000000010010000100100001000000010010000000100001001000010010000100100001000000010000000100100001000000010000000100000001000000010000000100000001000000010010000100000001001000010010000 
4 0 0 2 0 0 0 0  10000000100100001000000010000000100100001000000010010000100100001001000010000000100000001001000010000000100100001000000010010000100000001000000010000000100000001000000010000000100000001000000010000000 
5 0 0 2 0 0 0 0  10000000100000001000000010000000100000001000000010000000100000001000000010000000100000001000000010000000100000001000000010000000100000001000000010000000100100001001000010010000100100001001000010010000 
2 0 0 2 0 2 0 0  10010100100100001001000010010000100100001001000010010100100100001001000010010000100100001000000010010000100101001001000010010100100100001001000010010000100100001001000010010000100000001000000010000000 
2 2 2 2 1 2 2 1  11110101111111011111010010010100100101001001010000110110111111011100110011111101110100101111001010010011111111110111111111111111111111111111111111111111111111111111111111111110111111100111111011111110 
4 0 0 2 0 0 0 0  10000000100100001000000010000000100100001000000010000000100000001000000010000000100000001000000010010000100100001000000010010000100100001000000010010000100100001001000010010000100100001001000010010000 
3 0 0 2 0 2 0 0  10010100100101001001010010010000100100001001000010010000100100001001000010010000100100001001000010010000100101001001000010010100100101001001000010010000100100001001000010010000100101001001000010010000 
3 0 0 2 0 2 0 0  10010100100101001001010010010000100100001001000010010000100100001001000010010000100100001001000010010000100101001001000010010100100100001001000010010000100100001001000010010000100101001001000010010000 
2 0 0 2 0 2 0 0  10010000100100001001000010010100100101001001000010010100100100001001000010010000100000001001010010010000100101001001000010010100100100001001000010010000100100001001000010010000100101001001000010010000 
2 0 0 2 0 2 0 0  10010100100100001001010010010000100100001001000010010000100100001001000010010000100100001001000010010000100101001001000010010000100100001001010010010000100111011001000010010100100100001001010010010000 
2 0 0 2 0 2 0 0  10010100100100001001000010010000100100001001000010010100100100001001000010010000100100001000000010010000100101001001000010010100100100001001000010010000100100001001000010010000100100000001010010010100 
4 0 0 2 0 0 0 0  10000000100100001001000010000000100000001000000010000000100000001000000010000000100000001000000010000000100000001000000010000000100100001000000010010000100100001001000010010000100100000001000010000000 
2 0 0 2 0 2 0 0  10010101100101011001010110010000100101001001000010010100100100001001000010010000100100001001000010010000100101001001000010010100100100001001000010010000100111011001000010010100100100001001011010010100 
3 0 0 2 0 2 0 0  10010000100101001001010010010100100101001001000010010000100100001001000010010000100100001001000010010000100101001001000010010100100100001001000010010000100100001001000010010000100101001001000010010000 
3 0 0 2 0 2 0 0  10010000100100001001000010010000100100001001000010010000100100001001000010010000100100001001000010010000100101001001000010010100100100001001010010010000100111011000000010010100100100001001010010010100 
4 0 0 2 0 0 0 0  10000000100000001001000010000000100000001000000010000000100000001000000010000000100000001001000010000000100100001000000010000000100100001001000010000000100000001000000010000000100000001000000010000000 
4 0 0 2 0 0 0 0  10000000100100001001000010000000100000001000000010010000100100001001000010000000100000001000000010000000100100001000000010000000100000001000000010000000100100001001000010010000100100001001000010010000 
2 2 2 2 1 2 2 1  11110101111111011111110110111101111111001001010111110110111101011101110011110101010100101111011010010000100101001001000010010100100100011001010010110111111111101111110111111010111111101111111011111110 
4 0 0 2 0 0 0 0  10010000100000001000000010000000100100001000000010010000100000001000000010000000100000001000000010000000100000001000000010000000100000001000000010000000100000001000000010000000100000001000000010000000 
3 0 0 2 0 0 0 0  10010000100100001001000010000000100000001000000010010000100100001001000010000000100100001000000010000000100100001000000010000000100000001000000010000000100000001000000010000000100000001000000010000000 
4 0 0 0 0 0 0 0  10000000100000001001000010000000100000001000000010000000100000001000000010000000100000001000000010000000100000001000000010000000100000001000000010000000100000001000000010000000100000001000000010000000 
3 0 0 2 0 0 0 0  10000000100000001001000010000000100000001000000010000000100000001000000010000000100000001000000010000000100000001000000010010000100000001000000010000000100000001000000010000000100000001000000010000000 
2 0 0 2 0 2 0 0  10010100100100001001010010010000100101001001000010010100100100001001000010010000100100001001000010010000100101001001000010010100100100001001010010010000100111011001000010010100100100001001010010010100 
4 0 0 2 0 0 0 0  10000000100000001001000010010000100100001000000010010000100100001001000010010000100000001000000010000000100000001000000010000000100000001000000010010000100100001001000010010000100100001001000010010000 
