3 0 0 0 0 0 0 0  10000000100000001000000010000000100000001000000010000000100000001000000010000000100000001000000010000000100000001000000010000000100000001000000010000000100000001000000010000000100000001000000010000000 
2 1 1 2 2 2 2 2  11111111111111111111111111111111111111111111111111111110111111111111111011111110111111111111111011111111111111111111111111111111111111111111111111111111111111111111111111111111111111101111111111111110 
2 1 1 2 2 2 2 2  11111111111111111111111111111111111111111111111111111110111111111111111011111110111111111111111011111111111111111111111111111111111111111111111111111111111111111111111111111111111111101111111111111110 
3 0 0 0 0 0 0 0  10000000100000001000000010000000100000001000000010000000100000001000000010000000100000001000000010000000100000001000000010000000100000001000000010000000100000001000000010000000100000001000000010000000 
3 0 0 2 2 2 0 0  10010100100101001001110110101100100011001001010010010101100110001001110010010100100101011001010010011111100100001001001010010000100101001001000010010100100100001001010010010100100111001001000010010100 
2 1 1 2 2 2 2 2  11011101110111011101010010001100100011001001010010010101100111111111111011111110111111111111111011111111111111111111111111111111111111111111111111111111111111111111111111111111111111101111111111111110 
3 0 0 2 0 0 0 0  10000000100100001000000010000000100000001000000010000000100000001001000010010000100100001001000010010000100000001001000010000000100000001000000010000000100000001000000010000000100000001000000010000000 
2 1 1 2 2 2 2 2  11111101111111011101110110001101100011011111111011111110111111111111111011111110111111111111111011111111111111111111111111111111111111111111111111111111111111111111111111111111111111101111111111111111 
3 0 0 2 0 0 0 0  10000000100000001001000010000000100000001000000010000000100000001000000010000000100000001001000010010000100000001001000010010000100100001001000010010000100100001001000010000000100100001001000010000000 
2 0 0 2 2 2 2 2  11011101110111011101010010001100100011001001011010010101100110001001110011010100100101011101010010110100111111111111111111111000100101001001000010010100100111001001010010010100100111001001100010111110 
3 0 0 2 0 0 0 0  10010000100100001000000010000000100000001000000010000000100000001000000010000000100000001000000010000000100000001000000010000000100000001000000010000000100000001000000010000000100000001000000010000000 
3 0 0 2 0 0 0 0  10010000100000001001000010000000100000001000000010010000100000001001000010010000100100001001000010010000100000001001000010010000100100001001000010010000100100001000000010010000100000001000000010000000 
3 0 0 2 0 2 0 0  10010100100100001001010010010000100100001001010010010000100100001001000010010000100100001001100010010000100100001001000010010000100101001001000010010100100111001001010010010100100111001001000010010100 
3 0 0 2 0 0 0 0  10000000100100001001000010010000100000001000000010010000100000001001000010010000100100001001000010010000100000001001000010010000100100001001000010000000100000001000000010000000100000001000000010000000 
2 0 0 2 2 2 0 0  11011101110111011101010010001100100011001001010010010101100110001001110110010100100101011001010010010000100100001001000010010000100111001001000010010100100111001001010010010100100111001001100010010100 
3 0 0 2 0 2 0 0  10010100100101001001010010010000100100001001010010010100100100001001000010010000100100001001000010010000100000001001000010010000100100001001000010010000100100001001000010010100100100000001000010000000 
3 0 0 2 0 0 0 0  10010000100100001001000010010000100100001001000010000000100010001001000010010000100100001001000010010000100000001001000010010000100100001001000010010000100100001001000010000000100100001001000010000000 
3 0 0 2 0 2 0 0  10010100100100001001000010010000100100001001010010010000100100001001000010010000100100001001000010010000100100001001000010010000100101001001000010010000100100001001000010010100100100001001000010000000 
2 1 1 2 2 2 2 2  10011101100101011001010110001101100011001001010010010101100110101001110010010100100101011001010010010111111111111111111111111000100101001001000010010100100111001001010010010100100111001001100010111110 
3 0 0 2 0 2 0 0  10010100100100001001010010010000100100001001010010010000100100001000000010010100100100001001000010010000100100001001000010010000100101001001000010010000100100001001000010010100100111001001000010010100 
3 0 0 2 0 2 0 0  10010100100101001001010110010000100100001001010010010000100100001101010010010100100111011001000010010000100100001001010010010000100101011001000010010100100100001001010010010100100111001001001010010100 
2 1 1 2 2 2 0 0  10011101100101011001010110001101100011001001010011010101100110101001110010010101100101011001010011010111100100001001000010010111100101001001000010010100100111001001010010010100100111001001100010010100 
2 1 1 2 2 2 2 2  11111111111111111111111111111111111111111111111111010101100110001111111011111110111111111111111011111111111111111111111111111111111111111111111111111111111111111111111111111111111101101111111111111110 
3 0 0 2 0 0 0 0  10000000100100001000000010000000100000001000000010000000100000001001000010010000100100001001000010010000100000001001000010000000100000001001000010010000100100001001000010000000100100001001000010000000 
3 0 0 2 0 0 0 0  10000000100100001001000010000000100000001000000010000000100000001000000010000000100100001000000010000000100000001000000010000000100000001000000010000000100000001000000010000000100000001000000010000000 
3 0 0 2 0 2 0 0  10010000100101001001000010010000100000001001010010010000100100001000000010010000100100001001000010010000100100001001000010010000100101001001000010010000100100001001000010010100100111001001000010010100 
3 0 0 2 0 0 0 0  10010000100100001001000010000000100100001000000010000000100000001000000010000000100000001000000010000000100000001000000010000000100000001000000010000000100000001000000010000000100000001001000010000000 
3 0 0 2 0 2 0 0  10010000100100001001010010010000100100001001010010010000100100001101000010010000100110001001000010010000100100001001000010010000100101001001000010010100100111001001010010011100100111001001000010010100 
3 0 0 2 0 2 0 0  10010000100100001001010010010000100100001001010010010000100100001001000010010000100100001001000010010000100100001001000010010000100101001001000010010100100100001001010010010100100111001001000010010100 
2 1 1 2 2 2 2 2  11111101111111111111111111111111111111111111111111111110111111111111111011111110111111111111111011111111111111111111111111111111111111111111111111111111111111111111111111111111111111101111111111111111 
3 0 0 2 0 0 0 0  10010000100000001001000010000000100100001001000010000000100100001000000010010000100000001001000010000000100000001000000010000000100000001000000010000000100000001000000010000000100000001000000010000000 
2 1 1 1 2 2 2 2  11011101111111011101110010001100100011001001010010010101100111111111111011111110111111111111111011111111111111111111111111111111111111111111111111111111111111111111111111111111111111101111111111111110 
3 0 0 2 0 0 0 0  10000000100000001000000010000000100000001000000010000000100000001000000010000000100000001001000010010000100100001001000010010000100000001000000010000000100000001000000010010000100000001000000010000000 
3 0 0 2 0 2 0 0  10010100100100001001000010010000100100001001010010010000100100001001000010010000100100001001000010010000100100001001000010010000100101001001000010010100100100001001010010010100100111001001000010010100 
3 0 0 2 0 0 0 0  10000000100100001001000010010000100000001000000010010000100000001000000010000000100000001001000010010000100000001000000010000000100000001000000010000000100100001001000010000000100000001000000010000000 
3 0 0 2 0 0 0 0  10000000100100001001000010010000100000001000000010010000100000001001000010010000100100001001000010010000100000001001000010010000100100001001000010010000100100001001000010000000100100001001000010000000 
3 0 0 2 2 2 0 0  10010100100101001001010010001100110011001001010010010100100110001001110010010100100101011001010010010000100100001001000010010000100101001001000010010100101100001001010010010100100111001001000010010100 
3 0 0 2 0 2 0 0  10010000100100001001000010010000100100001001010010010000100100001001000010010000100100001001000010010000100100001001000010010000100100001001000010010100100100001001000010010100100111001001000010000000 
4 0 0 2 2 2 0 0  10011101100101011001010110001101100011001001010010010101100110101001110010010100100101011001010010010111100110001001000010010000100101001001100010010100100111001001010010010100100111001001000010010100 
3 0 0 2 0 0 0 0  10000000100000001001000010000000100000001000000010000000100000001001000010010000100100001001000010010000100100001000000010000000100000001000000010000000100100001001000010000000100000001000000010000000 
3 0 0 2 0 0 0 0  10010000100000001000000010000000100000001000000010000000100000001000000010000000100000001000000010000000100000001000000010000000100000001000000010000000100000001000000010000000100000001000000010000000 
3 0 0 2 0 0 0 0  10010000100000001000000010000000100000001000000010000000100000001000000010000000100000001001000010010000100100001001000010010000100100001000000010000000100000001000000010000000100000001001000010000000 
3 0 0 0 0 0 0 0  10000000100000001000000010000000100000001000000010000000100000001000000010000000100000001000000010000000100000001000000010000000100000001000000010000000100100001000000010000000100000001001000010000000 
2 1 1 2 2 2 2 2  10011101100101011001010110001101100011001001010011010101100110101001110010010101100101011001010011010111100100001001000010010111100101001111111111111111111111111111111111111111111111101111111111111110 
2 1 1 2 2 2 2 2  11111101111111011111111111011111111111111111111111111110111111111111111011111110111111111111111011111111111111111111111111111111111111111111111111111111111111111111111111111111111111101111111111111111 
3 0 0 0 0 0 0 0  10000000100000001000000010000000100000001000000010000000100000001000000010000000100000001000000010000000100000001000000010000000100000011000000010000000100000001000000010000000100000001000000010000000 
2 1 1 2 2 2 2 2  11111101111111111111111101111111111111011111111011111111111111111101111011111110111111111111111011111111111111111111111111111111111111111101111111111111111111111111111111111111111111101111111111111110 
3 0 0 2 0 0 0 0  10000000100100001001000010010000100000001000000010010000100000001001000010000000100000001000000010000000100000001000000010000000100000001000000010000000100000001000000010000000100000001000000010000000 
3 0 0 2 0 2 0 0  10010100100100001001010010010000100100001001010010010000100100001001000010010000100000001001000010010000100100001001000010010000100101001001000010010000100100001001000010010000100100001001000010000000 
3 0 0 2 0 2 0 0  10010000100100001001000010010000100100001001010010010100100100001001000010010000100100001001000010010000100100001001000010010000100101001001000010010100100100001001010010010100100111001001000010010100 
3 0 0 2 0 2 0 0  10010000100101001001000010010000100100001001010010010100100111001001010010110100100111011001000010010000100100001001010010010000100101011001000010010100100100001001010010010100100111001001000010010100 
3 0 0 2 0 2 0 0  10010000100101001001000010010000100100001001010010010100100111001001010010010100100111011001000010010000100100001001000010010000100101001001000010010000100100001001000010010100100100001001000010000000 
3 0 0 2 0 0 0 0  10010000100100001001010010010000100100001001010010010000100100001001000010010000100100001001000010010000100100001001000010000000100100001001000010010000100100001001000010010000100100001001000010010100 
3 0 0 2 0 2 0 0  10010100100100001001000010010000100100001001000010000000100000001001000010010000100101001001000010010000100000001001000010010000100100001001000010010000100100001001010010000000100000001001000010010100 
3 0 0 2 0 2 0 0  10010100100101001001000010010000100100001001010010010100100111001001000010010000100100001001000010010000100100001001000010010000100101001001000010010000100100001001000010010100100111001001000010010100 
3 0 0 2 0 0 0 0  10010000100100001001000010000000100100001001000010000000100100001000000010010000100100001001000010010000100000001001000010010000100100001001000010010000100100001001000010000000100100001001000010000000 
3 0 0 2 2 2 0 0  10011101100101011001010110001100100011001001010010010100100110001000110010010100100101011001010010010000100100001001000010010000100101001001000010010100100100001001010010010100100111011001000010010100 
3 0 0 2 0 0 0 0  10010000100100001001000010010000100100001001010010010000100100001001000010010000100100001001000010010000100100001001000010010000100100001001000010010000100100001001000010000000100100001001000010000000 
3 0 0 2 0 0 0 0  10010000100000001000000010000000100000001000000010000000100000001000000010000000100000001000000010000000100000001000000010000000100000001000000010010000100100001001000010000000100100001001000010000000 
3 0 0 2 0 2 0 0  10010100100101001001000010010000100100001001010010010100100111001001000010010000100100001001000010010000100000001000000010010000100101001001000010010000100100001001000010010100100111001001000010010100 
3 0 0 2 0 0 0 0  10000000100000001001000010000000100000001000000010000000100000001000000010000000100000000001000010010000100000001001000010000000100000001000000010000000100000001000000010000000100000001000000010000000 
2 1 1 2 2 2 0 0  11011101110111011101010010001100100011001001010010010101100110001001110011010100100101011101010010110100111111101001000010010000100101001001100010010100100111001001010010010100100111001001000010010100 
3 0 0 2 0 0 0 0  10000000100000001001000010000000100000001000000010000000100000001000000010000000100000001000000010000000100000001000000010000000100000001000000010010000100100001001000010000000100100001001000010000000 
3 0 0 2 0 0 0 0  10010000100100001001000010000000100100001001000010000000100100001000000010010000100100001001000010010000100000001000000010000000100000001000000010000000100100001001000010000000100000001000000010000000 
3 0 0 2 0 2 0 0  10010100100100001001000010010000100101001001010010010000100100001001000010010000100100001001000010010000100100001001000010010000100101001001000010010100100111001001010010010100100111001001000011010000 
3 0 0 2 0 2 0 0  10010000100100001001010010010000100100001001000010000000100000001001000010010000100100001001000010010000100100001001000010010000100101001001000010010000100100001001000010010100100100000001000010000000 
3 0 0 2 0 0 0 0  10010000100000001001000010000000100100001001000010000000100100001000000010010000100000001001000010000000100000001001000010000000100000001000000010010000100000001000000010000000100000001000000010000000 
3 0 0 2 0 2 0 0  10010100100101001001010010010000100100001001010010010000100100001001000010010000100100001001000010010000100000001001000010010000100100001001000010010100100100001001010010010100100111001001000010010100 
3 0 0 2 2 2 0 0  10010000100101001001000010001100100011001001010010010100100110001001110010010100100101011001010010010000100100001001010010010000100101001001000010010100100100001101010010010100100111001001000010000000 
3 0 0 2 0 0 0 0  10000000100000001000000010000000100000001000000010010000100000001001000010010000100100001001000010010000100000001001000010010000100100001001000010000000100000001000000010000000100000001000000010000000 
3 0 0 2 0 0 0 0  10010000100100001000000010000000100000001000000010000000100000001000000010000000100000001000000010000000100000001000000010000000100000001001000010010000100100001001000010000000100100001001000010000000 
3 0 0 2 0 0 0 0  10010000100100001000000010000000100000001000000010000000100000001001000010010000100100001001000010010000100000001001000010010000100100001001000010010000100100001001000010000000100100001001000010000000 
3 0 0 2 0 0 0 0  10000000100000001001000010000000100000001000000010010000100100001001000010010000100100001001000010010000100100001001000010010000100100001001000010010000100100001001000010000000100100001001000010000000 
3 0 0 2 2 2 0 0  10011101100101011001110110001101100011001001010010010101100110001001110010010100100101011001010010010111100100001001001010010000100101001001000010010100100100001001010010010100100111001001000010010100 
3 0 0 2 0 0 0 0  10000000100000001000000010000000100000001000000010000000100000001001000010010000100100011001000010010000100000001001000010010000100100001001000010010000100100001001000010000000100100001001000010000000 
2 1 1 2 2 2 2 2  11111101111111011111111101011111111111011111111011111110111111110111011011111110111111111111111011111111111111111111111111111111111111111111111111111111111111111111111111111111111111101111111111111110 
3 0 0 2 2 2 0 0  10011101100101011001010110001100100011001001010010010100100110001000110010010100100101011001010010010000100100001001000010010000100101001001000010010100100111001001010010010100100111001001100010010100 
3 0 0 2 0 2 0 0  10010000100101001001000010010000100100011001010010010100100111001001010010010100100111011001000010010000100100001001000010010000100101001001000010010000100100001001000010010100100100001001000010000000 
2 1 1 1 2 2 2 2  11011101111111011101110010001101100011011111111011110010100110001001110010010100100101011101010010110110111111111111111111111111111111111111011111111111111111111111111111111111111111101111111111111111 
3 0 0 2 2 2 0 0  10010100100101001001010010001100110011001001010010010100100110001001110010010100100101011001010010010000100100001001000010010000100101001001000010010100101100001001010010010100100111001001000010010100 
3 0 0 2 0 0 0 0  10010000100100001000000010000000100000001000000010000000100000001001000010010000100100001001000010010000100000001001000010000000100000001000000010000000100000001000000010000000100000001000000010000000 
3 0 0 2 0 2 0 0  10010000100101001001010010010000100100001001010010010000100100001101000010010000100110001001000010010000100100001001000010010000100101001001000010010100100111001001010010010100100111001001000010010100 
3 0 0 2 0 0 0 0  10010000100000001001000010000000100000001000000010000000100000001000000010000000100000001000000010000000100000001000000010000000100000001000000010000000100000001000000010000000100000001000000010000000 
3 0 0 2 2 2 0 0  10010000100101001001000010001100100011001001010010010100100110001001110010010100100101011001010010010000100100001001010010010000100101001001000010010100100100001101010010010100100111001001000010010100 
3 0 0 2 0 0 0 0  10000000100000001001000010000000100000001000000010010000100100001001000010010000100100001001000010010000100100001001000010010000100100001001000010010000100100001001000010000000100100001001000010000000 
2 0 0 2 2 2 0 0  11011101110111011101010010001100100011001001010010010101100110001001110011010100100101011101010010110100111111111111111111111000100101001001000010010100100111001001010010010100100111001001100010010100 
3 0 0 2 0 0 0 0  10010000100100001000000010000000100000001000000010000000100000001000000010000000100000001001000010010000100100001001000010010000100100001001000010010000100100001001000010010000100100001001000010000000 
3 0 0 2 0 0 0 0  10010000100000001001000010000000100000001000000010000000100000001000000010000000100000001000000010000000100000001000000010000000100000001000000010000000100000001000000010000000100000001000000010000000 
3 0 0 2 0 0 0 0  10010000100000001000000010000000100000001000000010000000100000001000000010000000100000001001000010010000100100001001000010010000100100001001000010010000100100001001000010010000100100001001000010000000 
3 0 0 2 0 0 0 0  10000000100000001001000010000000100000001000000010000000100000001000000010000000100000001000000010000000100000001000000010000000100000001000000010000000100000001000000010000000100000001000000010000000 
3 0 0 2 0 2 0 0  10010000100101001001000010010000100100001001010010010100100111001001010010010100100111011001000010010000100100001001010010010000100101011001000010010100100100001001010010010100100111001001000010010100 
3 0 0 2 0 2 0 0  10010100100101001001010110010000100100001001010010010000100100001101000010010000100110001001000010010000100100001001000010010000100101001001000010010100100111001001010010010100100111001001000010010100 
3 0 0 2 0 0 0 0  10000000100100001000000010000000100000001000000010000000100000001000000010000000100000001000000010000000100000001000000010000000100000001000000010000000100000001000000010000000100000001000000010000000 
3 0 0 2 0 0 0 0  10000000100100001000000010000000100000001000000010000000100000001000000010000000100000001000000010000000100000001000000010000000100000001000000010000000100000001000000010000000100000001000000010000000 
3 0 0 2 0 0 0 0  10000000100000001000000010000000100000001000000010000000100000001001000010010000100100011001000010010000100000001001000010010000100100001000000010010000100100001001000010000000100100001001000010000000 
2 1 1 2 2 2 2 2  10011101100101011001010110001101100011001001010010010101100110101001110010010101100101011001010011010111100100001001000010010111111111111111111111111111111111111111111111111111111111101111111111111110 
3 0 0 2 0 2 0 0  10010100100101001001010010010000100100001001010010010000100100001101000010010000100110001001000010010000100100001001000010010000100101001001000010010100100111001001010010010100100111001001000010010100 
3 0 0 2 0 0 0 0  10010000100000001000000010000000100000001000000010000000100000001000000010000000100000001001000010010000100100001001000010010000100100001001000010010000100100001001000010010000100100001001000010000000 
3 0 0 2 0 2 0 0  10010100100101001001010010010000100100001001010110010000100100001001000010010000100100001001000010000000100100001001000010010000100101001001000010010100100110001001010010010100100111001001000010010100 
3 0 0 2 0 2 0 0  10010000100100001001010010010000100100001001010010010000100100001001000010010000100100001001000010000000100100001001000010010000100101001001000010010000100000001001000010010100100100000001000010000000 
