18.548488319347598
19.225130386213436
16.480319437454682
13.788766009010715
17.44455715158324
17.947311304246227
17.81857379873975
21.04489695793484
18.27542711963963
20.24466619175132
18.02085871409895
16.936093500803395
15.974566770992624
24.839831033347195
18.159941404001984
16.91512367610767
25.727912941497607
16.67940636007063
19.6344793770854
16.913195389472037
15.872355352975944
22.209705206834656
34.43627309797114
17.990501708924626
19.879199285801974
19.103316130850203
18.53989555507127
25.222397737829283
29.123665178631114
16.720016983086794
