541.9559157580137 408.5051943430178 
687.3697997756287 120.35981713331437 
539.2931978491621 411.6644662236243 
538.7005452995044 525.6064398349472 
649.6759577237168 146.1144666268096 
537.1490534864241 574.513997469073 
681.1467663849896 126.72122226599656 
533.542128134712 585.195078069832 
535.4356412973298 582.7413951160926 
657.6917155264481 139.67004889249867 
685.4584489074109 122.87434614351152 
538.5495086418455 564.7972246405268 
628.3627258805899 167.5646315545143 
630.290704525812 164.71857405725717 
660.3245782917215 138.09959696774033 
669.6267329372241 128.9356137908837 
674.6066636498686 126.73582448766335 
519.2365258385526 752.3588532359904 
518.7486265184517 758.3548277552848 
662.3502474579014 134.42115850210058 
560.4464837311479 346.52374553916866 
528.913928990755 731.3526734703215 
524.6267820518597 737.9576900538818 
515.6449696677956 793.9409868414277 
509.15456613707 813.0842141941982 
625.9637111136628 169.5603836953324 
506.2766221229344 816.406359417614 
593.600409325282 235.47510406011702 
607.6308092918596 190.9974547766253 
520.2817776323218 746.5766773376794 
504.45321881118355 817.9434659901708 
683.5360899663905 125.87580211317737 
594.5484344529559 229.6313383339394 
634.447793871534 160.31185399366947 
632.1804277234138 161.73366402842058 
549.363322379578 375.13417111895313 
664.2988003014211 131.16610454551278 
599.1242963301572 214.03992780333957 
576.4647112253236 300.85517469766336 
550.6028284451027 369.61839327402026 
568.7149459854824 323.77878384178337 
521.8889332663335 737.9944906160783 
581.5635278856104 288.5587366114712 
563.6432628434771 336.3612541811656 
614.6625450532324 184.63173750695782 
593.2395351420001 242.3054543045103 
612.6707844601971 188.41856396742602 
597.6885721206229 219.93381506909438 
544.0353437079018 379.0275428744562 
543.8701672117535 393.90975131083684 
556.572011472817 353.38176742523655 
573.1557887709979 310.36441197779874 
571.5530168570391 316.17977208590753 
655.4773626123663 143.44157224596736 
558.0893081430971 348.4592658734701 
579.1179307785238 289.5782953706521 
565.7700059356566 332.0822599143177 
590.9486755103517 255.6412664014599 
583.3565181077694 279.1356216571782 
592.328481628601 248.4051616042558 
567.2378211950395 326.67171063907307 
595.9116314797267 224.40923710484884 
516.4170443876098 761.5140996358907 
498.9750092397011 820.3971489439102 
616.2514072124146 181.65308574357906 
577.8074497634472 294.7979160119456 
610.3546750285594 189.121882932406 
511.25034465630307 797.7377656442735 
537.4330757447906 565.6943826140472 
571.3016411414903 321.9032119975641 
623.660678663752 172.47739228366572 
582.3967785321255 280.76170350006794 
552.5630463133623 365.26103472370016 
601.1008744843471 202.46120376945544 
588.0601950656071 258.02866896476735 
666.5791499506431 129.1312064531094 
647.1147467119074 146.95311314167978 
672.3547342956253 128.50656753655048 
585.9695843858323 279.08977301260836 
542.5512154276819 397.39998136205634 
599.8864323116131 206.5368930911766 
603.3357181532025 196.80909253412761 
606.0942583170256 193.89038157391505 
514.3117597805578 797.6353035591 
652.6068652791549 145.83510871451196 
642.9238766738122 149.42050111383608 
645.4229994160153 148.20165511335284 
621.8148243917229 174.02357296211562 
526.7918420810843 734.833480715426 
560.9698214610387 339.46529205539537 
509.54317766133204 805.5208334018198 
619.9036382259891 175.7059518750252 
618.3484980988715 180.20083697483997 
640.0646279837878 151.83058924424523 
530.198186681519 721.7314185536305 
535.5260555899911 576.967680422812 
637.9592041848191 155.03225387140552 
635.8564003370512 157.68043797979928 
573.8279440705493 302.5813442202534 
555.1997090935115 361.47884403499546 
