530.782128134712 585.195078069832 
504.6499817186168 814.5842822662395 
534.1162703920248 579.7263400127431 
612.3784770095708 191.3055296357058 
678.4680010614052 125.71461741773122 
502.95278650649607 816.406359417614 
519.3797165888893 764.8822454869389 
675.6762613382882 126.5748079310027 
508.9422267569281 810.5934927399431 
572.6471730232931 323.3457786848825 
539.927520535741 413.07017950396306 
590.7153538275948 250.94540404051244 
686.1865621854139 120.35981713331437 
521.8877098690107 755.3705919766636 
613.2730137698462 185.4778725325988 
614.133081027592 179.44135932422532 
610.0408956346191 191.59724832077617 
509.8676469084228 802.9882473485762 
586.1819612149594 279.7918098589801 
499.5191188287422 820.3971489439102 
683.5941251828042 122.26508600785867 
567.6774108356277 331.48656661356387 
650.9760949757627 137.28514478474855 
595.1368631390504 233.1455640734215 
525.5153375276122 744.3134562562725 
617.7972360661452 172.3900358744347 
596.5617311790526 227.41622599983785 
540.3434926809343 404.86642083556364 
531.2260054786873 582.4505472915704 
551.0259649048686 383.72673310567086 
666.9044152042625 127.89744046687069 
559.4252151923317 352.6958107777214 
652.7315758691509 136.4008881356458 
527.5920682215411 735.1770726023927 
655.3646646286737 135.04911581909758 
536.8723837322638 419.5312568002979 
631.0287716660268 158.46055012837172 
526.8390483753611 740.464930013892 
577.8410598402673 301.8988480015731 
598.8730372282796 223.2652460974385 
608.3179333364803 195.74822822317506 
681.0589955212686 123.66825265668064 
660.1530791312529 131.15225127868658 
552.797626329981 380.4217501185032 
662.0067415173168 130.38245449104429 
530.6782966173993 730.3909099029726 
621.8140169036244 166.31311958677904 
642.4914442203768 149.43512477856052 
639.4574720691053 150.88350883433804 
657.6639576736338 132.53089442227053 
512.7071505265208 802.2947785571195 
543.0775604314555 404.26837270619296 
574.0479325335423 314.3358681475635 
615.4439888898536 173.02143321659923 
580.5799660773843 292.3903476561741 
535.7296834283597 569.9123356239547 
588.1826209240847 270.3381813710726 
584.7505344600569 286.1788251318799 
625.9150831499404 162.6108871535233 
569.4359003481558 324.6354190699615 
637.1129079151111 153.47816437931527 
635.2649911621414 154.00084750209223 
561.6664546984082 344.8939191260618 
643.8324314627326 145.36561200188015 
563.6964443094281 344.22554052040243 
514.348361982087 798.7181895328541 
557.1486764230851 357.4860415100132 
620.0875644865115 170.8760147440875 
633.417087953597 156.6031083973479 
581.8685487402092 286.3991101399711 
554.0721552284293 375.02354065677156 
529.9939517823065 731.1862830760969 
604.8755997750368 196.2013152776703 
549.0094607356357 393.23060178464226 
550.1755645998118 387.7786855934726 
547.3295174213629 398.93546545401097 
624.2174069929412 165.24933513666107 
575.2762699511553 306.218138356492 
579.2914362086086 294.84534075966593 
664.129032897845 129.39001146106278 
601.9114055200668 207.3991892044819 
603.7344347104041 202.52138674790916 
515.4728997997294 765.4802936163094 
646.4355462819015 143.01871871258734 
545.5514768181943 400.1173928037935 
554.5931411351756 365.9322721297086 
535.3235021682252 575.3914218658654 
522.5406034930642 745.532712888687 
649.0055631515002 141.70630589901407 
586.8393520687682 278.50580844150335 
600.2672690794863 218.41663438344392 
672.383754406638 127.35792106359087 
600.8988305013033 215.68834299756367 
591.8782422330711 241.47552827230618 
628.4961991068548 161.1625030977454 
560.5031701802388 347.087050331525 
566.434119118888 337.091858385959 
589.9413376132763 256.03137771473877 
589.0429787882902 266.3473918447771 
564.0417823053 338.0427715824589 
