497.3591188287422 820.3971489439102 
537.7875824836813 478.9221206421181 
505.6922631120272 813.0365196679758 
500.7825043775791 818.0324412605041 
539.7803095541842 423.2848961954836 
502.7364483917147 814.7102960370883 
510.9567544454315 769.6676620352687 
536.1688390783239 577.8344487938984 
514.3715859519244 767.3029543518628 
685.0872881421069 120.35981713331437 
681.0927290614395 123.89810009476862 
527.6276302076927 735.213388689769 
592.6635511392967 250.25608050363493 
679.4661503453407 126.05465206554189 
516.0768949769245 765.6291779827507 
542.8861073896508 412.4528158924119 
517.8903808703627 753.9278441942031 
594.9856506148407 250.1756450362557 
551.4501403204355 378.11206396757984 
534.2352047440869 587.9957255926461 
508.6153293201396 810.6983804081686 
662.3793635296145 129.74806432732655 
574.7861255191581 320.082545065988 
564.0842844751304 343.26364281682834 
660.5297999742802 130.976462050099 
603.2118258283315 209.99267846082637 
587.3918138610143 278.85176383715987 
582.6579122392701 291.16031178496985 
601.3894933444033 212.68012866709165 
599.00740150461 219.43134601290805 
575.2811030252449 310.2341428896774 
647.1537372044656 145.19442767477392 
650.0681210036691 144.10476063040016 
683.5384452724161 123.40931156539784 
652.5010678580571 142.80124100308402 
597.1513751277521 230.52769196202914 
673.159938383695 126.36341136311398 
578.5747153893424 299.6681494799735 
605.8064571851238 207.48926939242267 
530.9968468250897 724.5833510942334 
636.8027772007961 153.7265547227939 
642.5967957670035 147.75479808929265 
560.5730814939146 351.38123212885785 
607.2377066372082 204.24697269437078 
539.1373687948604 428.1926337334779 
656.8486139358546 136.32453571153468 
564.8591442493604 338.52164083887794 
598.5049420971045 225.42907616206725 
596.700466992711 237.7046745979802 
555.4578726802464 368.43468365705047 
585.1989886913886 285.7678170413564 
510.6789907594994 804.732684710925 
591.7925418201974 263.7109376435723 
638.770721080895 151.24772344634883 
581.5410859923883 298.15056181427855 
577.0606758697082 308.547856707819 
612.2546731942504 192.4486283970266 
528.910115465892 729.57539121796 
634.6863907168407 154.8855907937273 
640.8752498383825 151.15459449804808 
609.8446002401727 197.33629504660917 
623.8091188289806 180.28531958087146 
627.323332486164 169.36238439962855 
553.5007938005117 376.75472405936114 
554.5553831683815 372.7558378542391 
551.1434304356023 387.38357970488255 
644.91493892058 146.26588449352067 
559.0505935343103 355.9382761907722 
571.6225712719399 325.37085713553324 
625.649997476076 173.91867501528924 
541.6488841759934 420.9201885120775 
601.208240744454 219.3032160193064 
556.451076741492 363.2351237597776 
620.9724114707622 181.41015621695513 
596.143585009585 244.50058220043724 
561.4269806022223 345.52815225476286 
629.0505254535424 163.80317364016932 
617.1069186635973 184.24477580655912 
631.9244557137831 160.06009588008305 
521.3310097237996 751.2910189109906 
557.9954631048392 360.7198839354324 
567.7355342233045 335.871670074064 
573.316074795917 324.14729212174757 
525.8638228955273 741.8811650971485 
549.4919915626461 394.80247104099686 
569.7964673954938 332.4729911758413 
537.2352998818128 537.2662386840067 
523.118961317036 746.7795756415898 
533.6329065926225 720.8560409549852 
533.7415264562952 717.4560940854867 
544.5815711293048 397.0837817899841 
632.6826662645974 155.82138784468512 
608.7352512000944 199.90896705546672 
614.7719251258228 188.52999825690588 
619.3845108215446 183.25444193429058 
588.3087036384956 266.8313454784502 
669.3324852874458 128.61259224042453 
524.8586051621119 744.5179903803607 
658.7858794965862 133.28712562185828 
655.1324442643332 141.15477132272454 
