686.2618545701492 120.35981713331437 
511.10975363841095 768.8730350132345 
556.0818033852504 474.5667894730825 
497.86706403422164 820.3971489439102 
502.95278650649607 816.406359417614 
516.7236874882669 758.1400161406727 
510.8657053350095 812.1107807100788 
513.205446443662 763.7242981961095 
580.2508360176436 328.91160586554093 
680.1736636499995 126.42466390297562 
682.198210102449 123.56676088063195 
684.3901192801792 122.5911018559629 
520.7421188064341 744.6598384612768 
657.061442310702 139.4095786314874 
596.0804354937659 287.3914999662599 
561.3566123571015 381.9984985854466 
606.7087153356326 255.92496081737505 
518.3029186780242 751.4273918536591 
669.6599721490933 130.35621902831593 
553.5316448188833 577.3826217227839 
661.8773980703083 139.08060807749274 
564.1707233879483 367.10189092784145 
626.1608781674456 174.89480289606433 
674.6775781200045 130.17797300126003 
667.1340745606279 132.3973398118244 
614.0894653783034 216.4213667187477 
563.1361325129343 374.62304306119495 
613.0351927439948 225.51777570657453 
637.0673526196281 160.12144296187032 
586.155189356158 312.23707158258264 
609.0905094615952 241.83250441080133 
598.3244336026692 271.81037393274084 
565.9439044203302 361.3252918541653 
607.6692178791213 248.26986757913636 
639.1339678708916 158.02630682447872 
508.1759153005031 812.2140836341006 
555.7104613988871 525.8585077921092 
532.6409452258976 636.8985268414758 
627.9407384420113 168.93109450423816 
603.8906454625268 265.0446780804037 
633.7310553753487 162.81038322594944 
550.1413954382201 600.5639503346948 
605.583125707792 259.36169141294596 
552.6894858806418 593.2183551942267 
643.9067737553574 148.09620982545815 
501.2904495830585 818.0324412605041 
533.8641984796516 633.3527876573488 
587.2717406872023 309.54109535790883 
592.6229292496614 295.28453397873255 
588.933659020899 302.44798442686357 
615.2768420657264 203.27814487022462 
594.0558011014449 290.48758480834744 
635.2527638948562 161.04189453487714 
553.5180789882148 592.3488094767822 
544.2693326829458 617.7166585873457 
600.6289626418728 268.4951472594516 
591.1619679777623 300.54205030861726 
645.3797666475256 145.87979338039798 
583.575343745135 316.6403475304408 
640.4536340130782 154.87765735263463 
557.8052981541615 414.57335877794054 
617.3086116135472 199.76234017244002 
536.4653861480758 627.590633276287 
646.7608586169777 143.6681222333348 
532.2407412404816 641.5961027629543 
641.9198465674106 151.68672545625287 
630.0513990930953 166.6517954938255 
574.3591462101477 347.46277209500045 
676.2985788643332 127.7449331405251 
677.8843758550686 127.12479248914637 
538.1312581760079 619.5785014303935 
609.6288612187097 227.83583246462402 
625.0187471931067 178.46928188669517 
557.9204299706256 393.88399962034356 
576.2574533918241 336.05947393538503 
574.6462257763719 343.81196174702825 
537.3480727699329 625.0702545672001 
631.6116640383574 164.19462459718733 
568.4645713906583 358.9910796868949 
570.6678783268547 354.92966479752715 
623.2838772736434 183.3688572462406 
572.0102461416652 349.86905382284397 
622.630720314432 191.40545906456387 
524.3086687012772 709.0019723833161 
665.7276850013787 134.24868162008343 
582.2496172106069 325.98331548024 
582.6320637534121 318.26642937333037 
664.2089073088111 137.5889946191055 
615.2709988971056 210.94573344627042 
578.7660512334867 333.51331316537727 
530.9340762619839 700.8189070735065 
596.8986044618935 279.68090839207 
648.426084023983 141.85026026500395 
532.1715756034841 700.7156041494846 
506.21331968474544 816.1669057551122 
651.5183691303583 139.65957351961683 
618.5401845079945 197.22105279440905 
620.3280882072619 195.39622344193702 
547.1628505733355 604.4092933164027 
545.1252630867043 608.8503185685239 
