499.0111736232628 820.3971489439102 
531.2412595386074 587.9957255926461 
509.4287055610861 811.255222898034 
507.3954557676422 815.0096041602817 
663.6674031473018 135.58996814296813 
538.9271169139081 580.7602792501385 
659.8868342271014 136.17723623221335 
674.5628762586823 130.35621902831593 
691.1647586797383 120.35981713331437 
622.34095695832 222.78040230692218 
636.7161656131482 163.4487729019723 
503.4988961227261 817.4232717379051 
576.1527852490663 334.4669301847316 
686.1325671411153 127.42301887608872 
553.3566834305394 397.22955402448605 
680.6471587633242 130.30047238235366 
625.7039980864469 190.25001734539077 
682.5208974337781 127.89090775997067 
621.4273245591306 227.18706080229103 
657.1131657962695 137.44986808555467 
543.8166018243285 422.80508894984933 
566.2578815159824 355.0150238939265 
534.8208421101954 585.0218483866405 
652.7763696719538 143.01686377131472 
536.6554810709802 582.6081808090173 
581.1749385015092 314.1470612428635 
614.0262675757904 260.21382521505564 
611.8586413514793 262.00870774799114 
622.9239045691032 216.07292742556191 
594.6837066007754 277.2631325257001 
523.2379753331176 778.2484079632017 
554.5557197837894 390.4325616978785 
617.2778547921748 258.3190406763096 
571.2879015624195 340.1315795938585 
560.6654730293026 368.52382855855905 
655.0254581581762 140.1522960113904 
516.2691180895969 800.9812904609511 
517.8450457351614 795.8382296462917 
631.5640563579632 171.73787594121046 
568.7025314560439 351.8743421533164 
541.258297486904 425.2187565274726 
565.3575077279847 361.45147793272037 
569.6681233377859 344.0919575696268 
556.1810786474175 382.31562367721386 
549.1845670438508 417.8932165561318 
687.1680260941466 123.9540677816617 
620.5659870772284 234.0339443855715 
583.7138851427082 312.2442391832097 
579.1272254671917 319.55299983746016 
528.6686633013427 775.283340621091 
609.8178331002838 263.61895964122044 
639.4754644241962 162.62560306752152 
530.2574022288949 765.5676246461301 
624.7475805974412 194.65667584075973 
529.6403921537627 768.3970912268136 
504.47704483772463 816.4391003587707 
546.5256388191763 419.8710079242214 
626.9680654289211 177.4529836796547 
593.2261781553383 281.54726533470085 
629.4872792374207 173.72439810197082 
557.5272421916626 375.56257731394146 
577.2886732083473 323.78836490133085 
650.1098238435727 146.0798521480106 
550.6664352744458 413.2731316152903 
551.4088273994113 404.7793449071671 
667.7788665796637 135.54681491976007 
620.3582325348655 248.4761642768808 
518.7504560687333 793.0234821418305 
573.848169064566 338.31602494801604 
672.2242913989274 132.75055712887414 
689.2586195302936 123.26277260090656 
669.8941416323463 134.8345736785786 
633.4284872760181 167.59988802252747 
623.2050937752574 207.27641945842208 
647.2843677102505 149.8428734920756 
521.091742899829 784.8137186888011 
625.8928581091207 183.66311728290452 
599.238733303366 271.82481553058085 
607.895390146299 266.7135893128909 
592.9321938038372 288.45081273351065 
562.5769434915674 362.13967471865186 
512.3795793861854 808.1938757023541 
577.0837448342465 333.7671743626659 
634.6444928006656 165.33010584948167 
596.5850477452336 275.5534011082649 
514.5258547825001 803.955167666956 
584.3058431166656 302.3861546008445 
586.9243596735421 293.3625162055503 
603.4273076770999 269.95391786456054 
623.8003709216175 201.45023136831603 
645.2039677010218 153.38202142058375 
540.6699093626937 475.94824343611276 
588.5280955346813 289.2823948373 
605.659191774417 267.26806527325266 
620.123324997934 257.69278533840816 
524.9905485802326 775.8625369032598 
640.8115687879501 156.6180990008737 
585.373555534748 294.87973117295024 
560.2656722161768 375.47506808307315 
600.9933632794016 271.4145551278283 
