685.9732471169207 120.35981713331437 
523.4418164803859 766.0134590206313 
497.86706403422164 820.3971489439102 
540.4407809553242 405.9532935079103 
538.9295429714232 411.1020303250358 
678.015225941825 122.82512840165977 
530.782128134712 585.195078069832 
573.5326726773623 319.66526357549054 
670.4242469073441 127.13138151916746 
665.7643961686595 129.9465242803735 
561.5011030649188 350.1415994798427 
594.3997408050624 243.7906935410356 
683.3233604399654 122.72329940955758 
585.8514253141207 282.82842696603234 
571.4742312342659 323.3648745056173 
648.720255849876 145.4758100183305 
637.3099094146298 156.64292063846472 
674.5635200339175 123.53713087082019 
624.0430981208957 171.10039128725901 
621.919321232066 172.99642691833472 
662.5448945339757 131.7793713075237 
513.7164875094039 797.3311968021377 
672.874616046141 125.95466977085928 
650.8230688207406 141.03344332005125 
646.4588595032565 149.41123232125415 
590.4645824751369 258.00578276463364 
612.4666854622432 185.9932138974305 
528.7833325716099 749.7277901436488 
521.7337757714502 783.6722789540346 
576.8765775650226 303.67723137650427 
625.9528068992432 168.26088084553052 
526.414831806951 754.3166118437721 
537.5583071759346 465.0100679636268 
615.4827320824868 180.59598848326394 
613.999737591655 184.21305096157784 
584.1566199524111 286.5824720375536 
660.1114044719359 133.43068119512992 
601.1809352951595 206.4801392603733 
617.2907918704148 177.3047574732223 
596.292127644858 228.94467896141538 
598.1600913366509 225.81681262913014 
639.6103919822199 154.85932717004968 
538.147425590036 422.27578757855935 
515.1063699130028 790.924749126459 
506.2418292127718 810.3968847726859 
532.258277399191 578.7647678347016 
519.6295547340254 787.374690853525 
600.4986985882094 213.44275831154673 
591.0602655433478 248.15947002602954 
524.9730418720795 760.1393201609959 
570.1777272475001 327.99878669680174 
610.7203043490914 191.09304665275283 
511.0217070323079 801.3485150234426 
602.8141341057066 201.41823942879105 
606.6644827660384 197.78583679331555 
618.9555345213319 175.59642659457518 
578.6271309523933 291.8488363374953 
588.6414149705106 270.88234100754204 
529.5882387793949 643.5854075841356 
552.2094575824242 363.84316568414386 
543.4087406046519 392.79551789300706 
501.2904495830585 818.0324412605041 
507.55536491866235 809.0346507259171 
543.0303547122157 398.5477063185656 
523.1944145709284 776.7720660165678 
668.4180701375665 129.33568399887972 
516.6737343193377 789.2393226407568 
537.0557943162055 468.13925119236484 
552.9381622353039 359.57407172145514 
627.6661658598922 163.7829637291042 
653.4650846094854 136.7837151278077 
534.4212559854537 573.8325798518395 
546.1204666976818 383.21697521832203 
596.2670861976145 239.39413837955718 
577.9284348150888 300.2566216837987 
551.245412724824 370.33544897646834 
634.4333397683462 159.12062621508267 
548.9676901799825 371.83314017307674 
588.3392272520761 280.8060109453979 
574.9427487897825 307.8627603194488 
573.7471363802107 316.24740953783385 
547.707196405089 375.96371640587614 
529.5856242990147 747.2977469415057 
559.072148887205 354.26637606508456 
530.6724096302083 637.7626992669124 
599.2411294273479 216.46954149780726 
555.289022080557 356.9445301913344 
644.1128419864863 152.80249354798912 
641.749419565254 153.66765023825312 
504.4013375083685 814.929460621717 
562.9673529943952 343.0456210705446 
630.4801479473697 162.42275105438782 
566.8897083986697 332.57146938354856 
566.2713235205993 339.90553023588336 
582.3809732721941 290.65751454699387 
567.9951991576364 329.5601428118899 
655.3915878497457 135.1120901241053 
632.4724299371308 160.08312875448004 
604.4932460973642 199.22766908794912 
609.0414809736658 194.5716151542786 
