497.33117362326277 820.3971489439102 
523.7506960985374 709.0019723833161 
503.8767629052063 817.7038758091176 
686.2247800408472 120.35981713331437 
598.6343768003813 273.58956430388565 
506.4706371098567 813.058693380107 
680.8365570074047 127.76151901297433 
595.8740675374081 281.320933128667 
509.11033332047646 811.8699291404656 
684.2789480296054 122.8655167764308 
527.0166854476585 657.4778584526415 
537.5545056698903 629.8882980268321 
597.4531990658829 277.95147292044993 
524.7571672482206 703.2497839577574 
512.8856198928922 803.202637102187 
553.8559497716643 599.8750029962071 
530.9604622487972 646.4368166311122 
514.4436858646761 798.2445385469526 
551.2528164314401 603.5581561986565 
529.0168996473603 652.5726060290367 
669.6228976197913 130.35621902831593 
675.1760843950609 130.29520138680957 
542.8646685950929 622.4319114543327 
580.1782613032246 325.0706709831999 
562.9414818828149 369.2426099486095 
548.91615430846 605.4645416426262 
517.8722537779403 791.647540023409 
593.6803132095127 285.474806908122 
543.8652585902627 614.7162997393543 
532.7496376856743 643.7105334321384 
555.447040731988 409.5580788079058 
609.4960483980092 234.64007407449256 
633.4340876587928 163.15228360066465 
623.3812415991129 175.5636152172467 
588.0158647608993 299.7494013794478 
560.9538542645497 373.5703606118226 
625.257401023244 170.04855025132494 
592.053834928715 289.6954996715483 
612.6968259453656 216.99160500895167 
546.7088317939385 611.1101327557461 
526.6250131149981 697.8323035441368 
615.4085961552113 201.37210555471177 
677.580918794887 127.89090775997067 
644.6478062376088 148.13754948325158 
622.0784243755754 181.43563685939583 
608.0833402433517 240.6853722994053 
611.4567033792241 223.87504871157645 
559.4894364005189 382.7712946094935 
658.7515383555163 140.48571839447908 
605.4753190195433 250.05630690869762 
515.341454266562 792.7699813964853 
588.8643528180901 295.5758532029873 
606.717024941935 246.0959956732522 
630.5519724689414 164.61717467946502 
620.3852758335897 185.72302846522996 
635.5203915218124 161.13756911550468 
577.098786711576 332.0462318280033 
556.8026801950746 388.688397124501 
555.6010335672935 407.1280356057626 
581.6641102841102 319.7062869348509 
681.6417609695197 124.29665711162336 
648.0906321637215 142.80758596970315 
541.2643109369031 625.8719876864449 
590.5080359792446 292.59323155021417 
637.192528601932 158.12808623481789 
611.1608491820762 228.9421898957003 
603.4941619689527 254.26663531921375 
602.1159150865068 262.8562921955229 
640.4752504398366 151.731800131599 
584.8179511399469 307.2448943334571 
511.2445035574093 808.9055901305878 
578.6571512778337 328.1087972988475 
642.7936205844817 150.3082129644365 
572.0764743575169 340.8220840599493 
573.8337107389497 337.2060271593897 
576.164916691353 335.5790708500325 
651.4592964920317 140.60807318949446 
638.7441556352483 154.87495149324695 
583.7463021368574 314.82740464695485 
646.4695807052308 145.3691890392052 
660.0784045902236 136.2708852786466 
565.7533990776253 364.9271850207119 
627.4632734040706 166.5174357715395 
567.0860905621638 358.49107430521315 
568.8944777250556 355.37174238774634 
535.4866433774823 632.8722319857665 
663.1194760367622 133.1245867514944 
614.0961915695542 210.94940819081705 
534.551842079118 635.4952371825865 
533.7428893036778 641.2474256081449 
617.3851251608487 197.03203824653022 
555.2803451222064 596.9653725111464 
521.317487846206 789.7681428425667 
619.1475815318327 190.7666990374433 
666.0717082970757 130.9434871175613 
522.1653781067017 786.6548776804599 
570.8659408790802 348.61759064762225 
585.40427814556 305.65862719521266 
599.4043787868025 268.06047739650626 
601.7564171241046 264.90291867289426 
