690.1707252463267 120.35981713331437 
538.8955276891606 478.9221206421181 
509.9184661046277 812.2137820782684 
547.0963403118972 418.8939392639571 
507.6408539217837 813.6893349140064 
541.1314098907509 428.1926337334779 
539.0149689964089 476.20509613851067 
566.2351668958713 353.22775445009836 
555.6933445773851 390.4495258791777 
548.160779228409 411.54913836660825 
549.2547116033052 403.43140857553647 
514.4944201621931 805.196296892816 
535.787990987343 581.2042885435359 
515.8252022281363 798.9040948018081 
653.0778780426845 139.21449567962077 
516.9502736279841 794.5722777795261 
520.7856903825093 789.0130837957059 
518.6774502023068 792.1027631566243 
552.0415873003514 398.8905556058451 
630.3263082959845 164.2200682625058 
498.9750092397011 820.3971489439102 
542.0910386251232 419.4904137104226 
562.0358146706043 369.13171784176257 
596.9503582689249 264.7363687145049 
673.6242741767093 126.53212566841216 
560.1234399819397 372.5753086813226 
598.1477833018077 256.61863892343393 
538.3168345070642 577.0773482787602 
506.04175860805856 816.3586648913915 
650.9275696967252 142.35651227353515 
600.0699534148328 252.47804969951534 
504.0607317119755 816.406359417614 
648.4466639683479 143.28302632021152 
531.8900733401914 585.195078069832 
682.2924722968272 125.90703946365204 
643.7258983447596 150.80366082957602 
625.158601216892 169.88718685917326 
563.5569632171215 363.5104588420818 
591.9073002754748 281.7089443945858 
582.2160269189163 315.2972228129573 
584.1665606559775 307.72451280610727 
553.9216878167844 394.94158860432566 
512.0169536957891 807.9476021305558 
615.4246974247478 186.41528632744354 
613.4844093477915 188.20161691211715 
568.5234290543556 347.051588524627 
558.6517678053046 378.6896051867024 
610.1538095369738 199.02579990258752 
627.4473639178693 166.25107810207965 
601.3252398561842 244.06168513580212 
580.7435855095966 319.7504171450853 
524.1745054122362 711.323543993384 
655.9702894975233 136.78378267974156 
667.7683700686282 128.222674471158 
579.5487446656891 325.30645001791584 
593.302687314306 275.6546249344835 
608.9968525907609 204.89887661208445 
620.6757589744449 174.38239668968382 
670.8225611580648 127.42758213713861 
622.9322057297019 171.35755632363174 
658.2900524747071 135.3814507485832 
680.9388421681373 126.41039969224079 
564.6232603833412 356.1773437217717 
551.4925541867977 402.285243625841 
685.3744323992429 125.14069312956241 
687.6579370641589 122.35452783987185 
590.3420392742395 283.7809917233526 
575.0740924662241 332.5593339990444 
612.2580464480315 194.10329835082155 
646.7187757022078 145.5743806950178 
602.382192137233 238.91149755012304 
531.1710784590093 707.332754467088 
618.5524074242911 178.3825719487202 
583.6741305207034 314.5684775744908 
573.2170166358853 337.96661118659745 
645.1420977671114 147.075111713977 
635.0595576495007 160.67922383374795 
637.5520181166863 159.2555639948835 
660.6547338977476 132.62514775668757 
588.2999292432174 296.0404690103519 
586.6563554950085 301.4672830240855 
589.7502036162098 290.8136729079262 
584.8412222874045 303.73372327981184 
523.2449880218591 786.0703053787665 
596.5088667635611 271.5680570603269 
604.2233275222477 223.54136390879876 
595.3632645479106 275.6373758063222 
571.658953906492 346.2806057580817 
639.4448960582189 155.1689961207275 
557.3318129754936 383.0284898232357 
641.1439065624656 151.9612058268506 
602.7939253366271 232.12959725840273 
631.7266704442372 162.71636814023395 
607.0761555329461 210.3280877441259 
577.2249135504073 325.45539241996636 
576.339184641557 329.5959816438846 
664.9817144859871 129.52378559581066 
616.7591970923326 183.46933349734357 
606.1733657708847 219.27223543166014 
662.1283600560628 130.21738517771547 
