503.9077283286105 815.3974471028938 
538.4134529872964 422.27578757855935 
530.782128134712 585.195078069832 
535.1289986613033 580.1953762288159 
497.86706403422164 820.3971489439102 
501.66949919335593 817.0750037204946 
537.3451448042053 470.4777562858197 
506.78548425849584 812.075301879478 
531.9313518269917 581.8729328464165 
586.5677405264763 283.35197352196644 
669.1152474763361 128.87314469663735 
513.3898618777971 800.8781249647982 
666.7007915461564 129.92494625074755 
677.1632353229882 124.53445413405012 
636.093776762888 152.14601858152542 
687.1640675763014 120.35981713331437 
552.4816063158506 372.1849025706234 
522.0138664467888 746.1813273994587 
536.2784225880049 473.7999015092352 
588.5665638634632 257.25010665748295 
615.8094615586368 171.1506755664061 
555.1926838392656 359.6663535312883 
556.8469069117324 356.96062799386743 
674.7394562351694 125.68745777016703 
563.2908584555653 341.0757300019706 
553.8883015460976 365.2798304579674 
628.6940862438365 158.40226634437414 
652.6844805024061 137.06994396241996 
613.4608225623879 174.24007761032522 
535.7678738589758 575.500199758348 
572.7883131471858 315.61761913111184 
661.089550970395 132.19401860259111 
579.4343320253079 300.8887250003984 
610.3040213011784 182.56419031859502 
626.7777469360187 161.47985188417792 
647.6218881352738 141.7924033413966 
594.6455833085338 232.49850139280872 
513.8356380256076 763.3775242539507 
516.8515671896171 759.8448208584888 
545.9739109674778 394.0364610556008 
562.2485156265392 345.37900224240536 
586.7286784970014 266.80275089962214 
611.9717119640977 181.01891691112567 
584.5463590566958 287.3091739687642 
526.0048275459266 739.5644267584481 
519.9833605301519 749.8234425390768 
650.0024431600538 139.74462330416213 
633.851119247721 154.25984628570754 
594.4142717169498 238.55520207987303 
518.5573268670765 753.9281683090311 
631.7602347162521 156.82429707954788 
571.9316365678758 319.9496185072375 
604.9380115325614 190.8972862608344 
590.7080436480604 247.69990434185638 
575.1095519783744 313.80024597628426 
595.2908202565795 218.40571896489297 
581.1510927765825 289.8933011755231 
621.0799208390567 165.24266279903802 
565.6106975010324 334.6740391508667 
641.8166389576925 148.22568740762566 
639.1856381402785 150.85912466183976 
684.445248583996 123.44544649589166 
596.7560352755614 214.4953649059762 
541.4235083652264 408.2206234825815 
598.4562901704804 212.15391858942306 
527.4487189857696 733.6130349758713 
603.2794524680049 203.51973890687415 
566.7294912565062 328.0182291803452 
542.2353270388338 405.171124362356 
569.6286595439933 326.83732469161185 
570.2141966125299 323.60264502556146 
603.6325158301328 197.3971875451521 
609.0914977408593 188.5351879070551 
540.9319470028198 416.208186443539 
658.4372201831401 133.8995044235101 
511.74448275228355 801.9334123710482 
623.7546301312761 161.7898250446344 
529.9659286585842 721.928165121854 
508.40340439697786 809.3407464158292 
544.3872824179927 402.4256684507507 
644.1346493527769 144.5040779078723 
655.2004098201668 136.0047811720922 
509.81484267417295 807.0536254010826 
591.2908338744134 239.59975944476324 
575.2260766003009 301.86556224649905 
548.7066688322195 393.5025631653647 
672.2220984681335 128.77674498608977 
549.7327299288836 386.0307750860451 
538.7593267677727 418.9536423551439 
663.6366089416783 131.13351804716072 
557.7243575536564 351.06293071895664 
523.358816376656 742.2627055460175 
618.696952686034 166.49926852989583 
616.8188933040043 170.43826651214061 
558.7222613490547 347.27669397113334 
587.9248867547238 261.1604607163992 
528.3592747359636 729.5883647780942 
580.5341209852475 293.91797137330013 
602.0358065327837 210.45812809169416 
551.6555652920817 375.3309176871763 
