502.0089006945359 820.2826568649446 
687.2024025153547 120.35981713331437 
679.244381340259 122.82512840165977 
498.9750092397011 820.3971489439102 
506.7596416065034 816.0582586363598 
643.4292012711858 148.12458430691652 
637.1594916525146 157.89477446375827 
550.1837794976763 393.33825274637167 
520.8632087075898 756.6537812528431 
514.613460487659 763.1669660819042 
658.0568222989943 134.87818118870942 
635.1004424879496 158.57369761353246 
641.7796630537971 152.7344137887064 
669.2524695418242 125.96493303446492 
535.9719182372737 527.9648952078277 
536.2784225880049 473.7999015092352 
639.8783938354514 157.48621080774402 
528.1779876176439 738.023252278314 
504.1119083526005 816.4867948849933 
620.5204299199064 172.76852811242537 
591.5557761818609 258.9969967925812 
660.1899229753377 133.45606032679999 
535.2830980082713 585.0805859908663 
645.0763394425495 144.7743300498519 
514.2990694786143 802.9284107164922 
630.4527488643288 160.19929529419545 
649.4335758289444 141.97657796454627 
615.8898161645697 178.14406874324027 
586.0830606902812 280.54682169121673 
530.9182289798945 724.4230285878302 
672.0510096601791 124.21839972197026 
647.2899004342564 142.7690325026053 
558.5053558562782 355.23837626477103 
608.4187211588892 191.21505199986265 
550.5713335304595 384.2398961840083 
685.0183860802842 122.78323021636737 
539.1923865053311 416.5697186472288 
651.4488582641854 140.04120021751532 
664.2130593782296 128.50659654086974 
559.4466675483648 350.51389191370833 
515.8685103395497 757.5058677776317 
653.8065243261611 138.68642784482384 
614.9240161067379 182.05442280215732 
602.4331307915515 209.39314251151262 
553.9516403472437 367.1540962716525 
529.6452004532619 731.4415823124011 
564.1503502460056 342.43144611991227 
539.2147985137319 410.9086203429565 
536.883316000995 422.27578757855935 
509.0526489294764 811.8329115480096 
621.769833176854 167.66564814665287 
570.8143642877745 323.9963810650204 
573.2505630531139 321.4435118567062 
628.3526190295903 162.10007895734526 
579.3889351344395 310.8596502395969 
577.9092481029807 315.20426248423684 
574.7265999470837 316.9389464352819 
551.5721646573468 378.1508300483791 
552.7639381788852 371.4041941938892 
544.1243291258224 407.97453931732844 
545.7151792176757 402.2275390374978 
547.7771601590264 396.56644073322553 
617.5011208926569 174.61082015729866 
626.2605375121607 162.24548082062648 
531.8900733401914 585.195078069832 
588.4628795360892 264.9752714422892 
610.7219435308878 187.37498433067853 
511.19933163863095 808.8988305223817 
580.9124794849533 306.8368348789878 
514.0979450925922 807.5676648796066 
589.1056692069881 261.0649173833731 
582.0797272165876 297.87413500400584 
525.8618552715172 746.182468546281 
526.7409224506569 742.2721144873648 
582.9722214683705 290.4344024969497 
565.111019002454 332.7047237666189 
523.0937208949056 751.7858894285353 
596.1869083323783 240.14857629014384 
656.1350961196902 137.63063795022657 
624.1034551044573 163.77223266852613 
666.8586974951405 126.9142278379658 
676.9177575184489 124.17046516874852 
604.6249841412325 199.92806831833477 
587.3035263293949 273.53950883818874 
612.5005496850598 184.31819819593002 
555.7882483842153 366.13459177624645 
585.2290028925327 286.42752214745013 
592.1062266330232 251.45856711884971 
606.6439901493635 196.017714259418 
596.969570542783 228.81480532892087 
561.997483244386 350.2992543676712 
600.5258421190316 213.9065687492206 
632.7587936817558 159.26427926882417 
602.9662651996662 200.0245946089182 
593.2334361579448 242.99607093109478 
662.5654019275573 130.48135127493086 
542.4982529700794 408.6491259967619 
568.0820605191163 329.10348264242833 
556.6090016051377 356.1716295371832 
598.326399351558 219.7916581676637 
