501.17117362326275 820.3971489439102 
505.60862922849077 817.0044075469848 
691.1597128703454 120.35981713331437 
534.3115574155455 581.8023366729066 
516.1337219483079 805.8537458572872 
590.1009920617036 278.8831371584627 
610.6754422964973 193.93415555328204 
541.2266386463249 408.0371890471604 
556.7954213689201 362.9744900480626 
536.8551704519018 411.6644662236243 
618.5025885329065 173.25601705758862 
530.0519843955054 738.8794101967712 
647.1410747878291 150.18155667645456 
579.0463490640719 312.1182440500828 
674.1470562033338 126.67522174022858 
651.1445734497067 143.86082025060435 
683.2016916952496 122.82512840165977 
531.7051096936468 732.8441077920106 
549.941220663226 383.93021800107175 
588.2635519141791 281.38226846128146 
542.3468829144036 404.2149239597761 
590.7228448202574 270.2725876989497 
524.5302534596129 752.2099480988359 
648.9280516491118 146.08699998126994 
656.9630512186636 139.11322445055617 
592.4065682467467 264.58840128885976 
598.7092506462234 237.60214286099392 
597.5181007175723 238.10753176587824 
600.0443873442698 225.07386725726118 
531.9770870388215 585.195078069832 
595.9659732201008 244.6978436709353 
518.5148227232295 794.2124445737098 
668.0283858632837 129.48926295509622 
559.8783040041027 355.16794059961444 
661.376982703453 133.96781389494805 
520.0232454967809 761.4895040900135 
593.803165965842 261.8442443924091 
535.8750046859732 581.2042885435359 
561.7917198300278 351.4681509287298 
654.8342643654294 140.77731776821844 
582.0755933922217 299.5937134308272 
517.0370048278292 798.9374329678565 
630.4159247209247 157.7412191727358 
580.922955247902 309.4732883907315 
524.1047202898548 754.4812535392431 
559.2274416579975 360.70318460765503 
555.934593489204 369.0279185891915 
653.3544122679549 142.07255241811657 
577.9346336082759 317.8904574814845 
620.1480821656091 170.8093645344701 
609.0289880195821 199.56254283911775 
601.5564513824498 214.3166113922671 
545.4950627337196 395.8845205791265 
513.5793232059002 808.956817153766 
635.5724699389882 155.34723072276276 
681.3613558190444 124.13344869994822 
593.9962612975048 246.50394648715397 
585.268472906395 289.12439093868704 
527.017742411935 750.1192121627321 
600.6740163507831 222.8231692065577 
528.9216268524174 743.4113502149851 
552.212199046957 374.59478554032455 
603.7482894688915 205.822030229978 
612.1426985201585 191.04001988427248 
628.0177494325327 160.5183137023074 
644.639333971158 151.35612203031238 
553.6223583527411 371.3206143556638 
663.8576180621801 131.52997084963647 
550.4905763632813 376.1578590546316 
606.4015835337303 203.36390501050144 
615.1687671333133 174.7889084405989 
567.6887728449208 338.9578266783913 
522.5928846981401 760.7553052221627 
565.5360935879578 343.23895210725595 
602.7598854183036 213.54362554241632 
613.3143723360829 186.0469979416616 
678.4549295262331 125.61169584671119 
622.3653221347424 166.56574709334194 
545.8159466161278 395.1503217112758 
637.9740693044716 154.54906785243872 
669.9455336742064 128.88187881153934 
510.9807810752977 812.2614125118064 
575.3036686528883 321.01043482455026 
658.5463734472888 136.67157093255946 
625.2912712368933 165.55819823056078 
572.3498035781568 333.6288669842508 
641.1237394678734 152.61017277367333 
633.0435396323804 156.46970150606458 
548.7452946513432 385.55629984396177 
677.989415498248 126.21111194779601 
563.5003098954295 346.0810569212765 
573.8296074405094 327.921188996351 
587.6114443107565 284.770981762018 
570.3045450617021 334.3630658521012 
672.2036958750124 127.67723508262243 
506.8507189352078 812.2794191528377 
688.8433071431007 122.63906840192116 
626.1161690589729 164.88709699984435 
666.2540375624825 130.62263228570055 
614.0847086316604 178.74683273546125 
