497.3591188287422 820.3971489439102 
672.1900066934548 127.85154169048006 
500.8508757907302 819.3305930911632 
536.2784225880049 473.7999015092352 
530.7541829292326 585.195078069832 
687.3697997756287 120.35981713331437 
549.6334434093055 386.2993298462172 
550.9826283907671 382.09946891129704 
536.883316000995 422.27578757855935 
506.1562320964022 812.2688092304576 
668.0876527944774 127.89744046687069 
587.3638991276482 273.12377124012653 
682.7867807043013 124.29665711162336 
674.8287595292056 126.76196837996875 
540.3204716347897 421.2092317258123 
579.302519202209 302.6637280812944 
516.9496000363984 787.962879616401 
630.999538824825 161.88576098044888 
663.3982167607634 129.02618084876497 
640.771749296805 155.39378996952047 
516.3715028834897 793.8134196099228 
542.5056710531268 402.7083322817569 
548.8769351759405 392.1615622369338 
552.391650012077 378.3301262103997 
637.5863119007295 156.58754816901597 
666.2577526075524 128.93796767249412 
546.4905393520786 398.31963120559453 
612.0763550259352 182.81694620803438 
619.7131221641039 170.75874035070885 
643.0160337363841 152.1618270412327 
616.0475987205617 177.2373478001741 
607.9470693333301 190.3281992829564 
625.753407304711 164.87762233356167 
528.4491345658689 653.0891573764792 
628.4526137557897 162.79046069394047 
645.2135528029028 150.14718153921714 
577.8493207163507 307.61882627494293 
581.8610113453205 289.44794048292454 
556.5553170005563 362.6403803353849 
602.7452639481878 202.7352205714845 
585.0187890876492 280.7529005678402 
572.5108637057206 322.02125796014985 
541.2567205732463 414.91515830262546 
660.6381095791115 130.11575415927638 
599.1272919663484 221.27358304398814 
509.3781202631677 804.3718820519402 
614.6331412660492 181.2228449153533 
583.4665470569922 285.40945643040664 
618.2215956899132 174.09564480384464 
590.9948480723737 262.91072917941267 
595.7660346494013 236.73857523597349 
602.6084721636648 213.14524333053606 
652.0116345602745 140.8941791348868 
559.8901042531073 349.8870784741962 
510.07891033722734 800.8296936471074 
561.4871201840872 345.8485944216774 
555.3263023182304 371.1712418371025 
604.5226831710602 198.6844865784135 
647.5339212335017 149.31964404647158 
658.4713912295053 132.2349902853616 
635.2399171345912 158.18288977676934 
554.3973533471539 377.21806053413184 
596.7581144069377 228.10917359263556 
518.4152148505408 781.3785118764083 
601.2263993160145 217.72382121908697 
565.1501420364644 331.8994509127467 
565.0342360355792 342.030252729152 
558.4363104920325 356.903352511381 
633.1639303532684 159.7096416246689 
522.9961801447118 773.0705591909065 
574.5949834632751 315.598275273193 
563.4408753812374 343.7040290982645 
685.1906327829339 122.30346268148122 
512.8814402045407 799.9831809757775 
503.5352176198396 814.6213207667549 
513.5808245208593 796.4409925709444 
591.5281239516571 253.0429064232041 
532.0917767946013 579.5082251630105 
527.8343095868297 753.5565781821732 
579.555240541345 293.1658174801889 
656.4562909369797 135.9534463841526 
621.58973608483 167.98248521759845 
521.8143325931397 779.349503309471 
623.9704735409421 167.61092999856317 
566.8690916239922 330.3146498139679 
594.1411904716892 242.25965821073305 
574.8797022511051 311.48106281626076 
536.1688390783239 577.8344487938984 
587.5401643106316 265.4539568013648 
535.7993612814489 577.8821433201209 
524.0978493004694 764.339826394643 
680.4387127922837 126.60825537857401 
597.996728403793 221.86308354497476 
650.1586793189838 144.84292053955753 
610.603211949018 189.12705404512081 
606.515533109589 195.56407874353516 
569.9065553497336 323.10363272429316 
525.956552562403 760.5728522193571 
508.20117597754273 810.7207932923608 
654.5635405992915 138.01288154014748 
