499.5191188287422 820.3971489439102 
504.5320720728916 816.4461741222599 
504.7716865275791 816.3985032266693 
542.5401555383276 413.25897950749817 
539.2132055419623 417.2099543291483 
585.9342113412255 278.073368779642 
508.1216346385896 812.3192338574835 
552.7469972704496 378.48218623329 
686.2618545701492 120.35981713331437 
521.4219213560074 779.1366397892924 
661.9439135939856 129.6688710740538 
573.3814549066366 319.29233263416523 
512.0631620081912 807.0253734967462 
617.4942491378638 170.61401370819158 
653.5159574695458 137.34861221643462 
651.2178405600995 140.3913733435422 
522.9191437506311 773.0469140129619 
623.7930101981062 165.1751720222083 
576.1244839601115 310.98318849154884 
554.8498282759084 365.9044098463297 
525.8125423612853 753.8925601617916 
574.4126284332367 315.3768532586377 
568.4934749059198 329.811577601302 
534.8432329247387 581.2441032481817 
593.9655124868068 244.79305290547552 
625.6778149190573 163.07237058641334 
655.4765416014505 134.2231929507054 
630.1760727087018 160.3345488283107 
595.8240433811162 233.12308078117047 
556.3481270386202 360.4708019645371 
567.0972836124485 334.1857946467633 
674.2429912204208 126.41937905000708 
514.904261852957 803.0743986750958 
528.681212563858 741.606397177258 
632.5009989152112 158.75610063054765 
643.0747467669365 149.553876718437 
594.7589534415786 241.34663661751475 
543.6885227487885 403.1755109340296 
579.3587496399931 302.92189558089956 
587.1885057230829 272.96677484282884 
580.2707852103244 299.3413950713226 
621.339272139562 167.16136036273917 
619.1144420188946 167.9913011699104 
597.9012565051313 221.8097014794231 
596.7563869692826 226.19921128624694 
524.8866098098242 764.1059460264963 
635.0793783427104 157.9532312074435 
550.0319070548793 401.24834385562576 
527.012455390206 748.8881403275678 
552.4718090003438 386.72465077254265 
531.4401007374518 585.195078069832 
530.4037085084054 733.4856774576922 
577.5953198621023 306.58023965031 
588.445621997875 255.53935097375424 
557.1952972118748 351.0751201238346 
627.7736522288493 161.36711104357317 
519.800768324129 789.1678203751219 
551.2010316171062 395.3264746978232 
683.2216849454288 123.0220410681161 
603.6527962610728 194.81111004206073 
554.4751338877426 373.09431941080595 
538.2566745837155 417.3705351549547 
605.809712898212 194.53198345394347 
523.8883037080913 769.1790506473019 
537.2068619043245 577.0773482787602 
587.7895350908889 262.34068261893714 
584.2139861045057 285.44266792570807 
561.5083931702014 339.2998568879887 
648.7110872201426 142.03494015037307 
510.6399460185325 812.1882318478863 
602.7556180818682 201.73800592327558 
570.2958895271036 324.6448899154933 
640.9115650732294 152.84591900800277 
559.7196626566525 350.3419682576749 
598.4733908542106 214.19717548710807 
560.7894570829067 345.3293705634377 
664.9079308398818 129.4579614235358 
581.1580970547647 294.3369752370991 
516.8606488406123 798.9076437056735 
668.5744963606315 128.57485368213509 
660.1461300197803 130.69808173905514 
638.5433256575217 153.5389809196107 
609.6257872664685 180.41201825962207 
583.0515402195916 291.54140271220643 
657.865203548952 133.05948338853852 
520.763416682411 785.0712048035537 
571.1028724884676 320.99532631977195 
601.3791172010424 209.23746891905142 
593.388077932565 253.80768857255404 
680.2434415815379 125.35457137519494 
614.8206492879748 173.79891058515005 
601.1836685513448 211.90028882051737 
612.9427939714333 178.24167413103532 
564.3195557789866 335.93830902216416 
607.2223386341979 189.31670354728666 
667.3245647087958 128.99890664708468 
672.3633481849557 128.43979451434086 
636.844137708872 156.23685863105496 
645.782959154656 145.46004048223557 
518.595437716693 794.3011328260766 
