497.33117362326277 820.3971489439102 
538.4134529872964 422.27578757855935 
530.782128134712 585.195078069832 
501.41164733395954 817.1780129417898 
674.9277942919944 132.28535369441963 
537.0885595743063 473.7999015092352 
536.1724548183864 579.13102076591 
634.3727376208126 165.14757053881524 
653.6694989257888 147.29777465826987 
535.009017883426 581.1565940173133 
538.6547019809758 417.3705351549547 
544.2626903437692 404.21783917408476 
548.7430813355923 394.3669231195865 
688.962429912615 120.35981713331437 
504.56436082900115 816.3407223430447 
636.2390137092666 162.59730481847626 
684.4096458484652 124.29069758789642 
639.9334014557851 159.19248568274105 
657.8119650151896 143.36754016970391 
550.6887465871605 389.6537581233363 
553.0092617657531 383.5228609551395 
677.0129420824064 131.1780467054077 
656.0642466593918 146.2128355846435 
516.2416778094647 801.690608532055 
679.5787204989534 129.47980158409595 
518.3177327594695 796.9719156006789 
521.1791651959473 788.0285849678422 
630.6127883133464 169.15517730801776 
582.2827111105719 309.08713710893124 
651.118335811119 149.3584725059539 
514.7777491840227 806.7209255282996 
681.7829329949187 127.44234497643414 
644.8065425094451 154.83825477692946 
545.667446481945 398.3164510950396 
575.5862011851362 320.77766349990645 
607.2398723257571 251.60131291690425 
686.6489042231073 123.02931684489099 
632.6148067857399 167.58498679999423 
625.3476943432995 178.71420069026018 
509.85730302407967 811.514420857118 
572.2981987188294 332.7565828930016 
506.6846353018602 812.3598546202169 
541.8912046542029 411.4691470759099 
511.84159111733015 806.8698679303504 
563.5067613608129 345.307624398374 
615.6440489568824 210.40650551767158 
559.7797501485732 364.29760166099413 
595.4805131023166 267.7269406678662 
612.7925492069355 228.62930185091588 
628.9631218852087 172.09831547861523 
659.959276329355 141.63150366601982 
604.323684529723 259.4069578923681 
557.9012374507741 367.816170066678 
600.0356365846643 263.091365745471 
556.6965366379617 374.8166175387083 
589.1901084608394 275.92846794120635 
602.2602828559235 261.404125588398 
618.0599519698958 197.94373636555028 
530.2539722579354 764.3068646352671 
586.8526505867799 284.930623475912 
627.387675967503 176.10447863510757 
573.2110893810856 322.189554156576 
555.0128032234094 379.1993260979426 
592.4818564539921 269.024481008592 
520.445174701072 794.4412627359093 
613.5924871431258 213.61889002290414 
577.3158511622382 311.3752131650457 
522.6970856489934 782.0556019455544 
525.3538444332197 775.3065053464106 
527.3913095377673 771.3389563477526 
605.7682595069068 257.1701923882616 
612.539530782205 237.96851010585888 
665.7832760475189 138.02313308798628 
646.5779438759027 151.9490018989168 
560.5260847626826 355.26264745732794 
591.252279925247 274.9974640308798 
587.6918245531898 279.2020534473165 
649.0545014981484 149.89302622970774 
618.6105009213096 192.06766150444457 
585.6269038172828 289.13292796940294 
642.0720876566093 158.04448574951084 
585.240701443972 297.3585756000212 
583.2395444079144 301.6343577950994 
613.1430892356093 222.70981531208662 
562.034225126609 350.515273885931 
621.8766754486771 185.29947398452927 
623.9272266092955 180.51342110299515 
529.3747246523326 768.2172186941831 
672.55506990278 134.93889330837015 
669.5630685341706 137.59658611160893 
568.0439514279587 336.37087291313276 
579.5160413617562 309.43287001411284 
608.767951260003 246.1865190907861 
610.9996666890705 243.36889063010915 
617.4765864412838 205.42248164063034 
620.8392892097904 187.48370457639766 
567.1126231702015 339.5304629005406 
565.2940337397134 343.3483194367927 
662.5693224288104 139.44702267465328 
596.6900482080376 265.8815161440957 
