680.9128470936837 122.82512840165977 
501.17117362326275 820.3971489439102 
688.8708682687794 120.35981713331437 
512.5200443843958 799.4801869069429 
530.782128134712 585.195078069832 
504.536909510882 813.9666252371933 
537.1275038099587 467.3693778025189 
535.1704773825254 473.7999015092352 
667.4421653014545 129.56988818049584 
641.7214031554846 152.06443470662623 
537.6280704334949 466.73761790435015 
532.6097588207807 578.132794464947 
538.4134529872964 422.27578757855935 
584.3494171738012 273.8823093499295 
510.916639976334 804.4174974752854 
616.0195744923874 174.31859989505344 
516.5974262087523 794.4265233469442 
618.1108338451427 171.68486277533458 
605.4750605238661 195.01767621906046 
659.0192905281198 136.15328525894014 
554.8288584512127 364.3129062586343 
509.31216654961713 807.7177344321244 
639.1326163919485 152.77062330213366 
519.369805478391 754.6881692835125 
558.0246979091218 353.65915579409153 
647.1325546094772 148.38351364651044 
645.2575010187716 149.77481077261467 
586.5404616522402 263.228558885388 
539.3255665795394 404.602182618739 
673.6934705246497 127.50782989817893 
643.6886745681059 151.52852565909248 
678.1662858491045 124.14046336059177 
676.3208940800079 127.04635934747915 
636.28905074448 153.76071318560687 
514.8618152098958 797.8310529181149 
568.2703590102068 322.2289997024751 
538.6148444103296 410.9400114482383 
631.4840541902573 156.45648236668913 
606.8525216651066 189.4476706373175 
560.0383218194662 348.7631123215453 
610.7305354065987 178.3192398600375 
594.1899993566373 222.4658471309389 
507.729449307757 812.3326635727266 
672.0185667602718 128.3858618760848 
528.1967380066372 744.250765227296 
661.1366991782031 134.8493835306732 
633.8627356572717 154.5356591996516 
665.4447814894105 130.47073387226723 
530.7012516897041 732.7469511159711 
563.4391389750313 336.53156529488103 
555.5869537563258 355.247176196097 
544.9743697320471 387.12022701019305 
543.9897705240924 395.53666475441247 
622.7560336713265 164.9848508205612 
596.2053783215395 218.0609874714653 
583.068545591794 278.8820111909455 
576.8228267646399 301.2227631015385 
649.4605794729173 145.98278163796294 
518.69021661421 776.6138920229645 
608.4007885525433 185.33351453373757 
580.8464588300412 294.08881107445654 
591.1513462845251 240.80594916885082 
569.8186258976435 318.1148435988959 
571.5001146105841 313.78660359749745 
587.5045570747415 259.27624073187764 
565.0257887491758 331.2365460775537 
524.2923776066581 746.6236839123294 
603.6999114695119 200.0795208104934 
614.279350717981 177.31850331047795 
529.2430572787677 738.1668541446718 
553.520550101561 371.19713316821424 
655.1662048226478 138.33533706087147 
586.5159482074959 271.4358714410436 
625.067966152784 162.76285818658025 
541.2516005982791 396.90908941896487 
548.0005543741783 381.5415632320347 
598.9861702773561 216.42702580699867 
651.6961154175938 142.95119405447144 
573.1740231854643 308.4915843801695 
592.7521244693211 236.5312790344923 
547.2764644162024 387.0578679560205 
548.8560972653859 375.3112892717945 
580.9702508850518 283.1566813253038 
593.5391418200041 231.53157719347615 
551.468678604415 371.55201216274196 
669.9629613861141 129.5290906294209 
627.5912125781966 162.2830844009888 
590.3055231674649 254.33889794503415 
609.4730651738955 181.0052745323387 
600.0636484272254 213.70808222159476 
578.0208706191409 295.89552264033307 
686.3621536109727 122.8066136805365 
653.346405569649 139.73134816857828 
602.8383377185128 210.72958621431906 
629.7525456230356 158.1220477968312 
561.1715320220343 342.29311277817084 
567.135433098907 330.19055439658916 
663.0950407490288 131.89813422608208 
619.7780895215838 166.54287222952368 
574.5461706824442 304.5548576489939 
