688.7261499038609 120.35981713331437 
657.5951213324688 137.17013073362762 
538.8013981927759 422.27578757855935 
672.124267482805 130.35621902831593 
663.2822673040754 133.20101684760849 
498.9750092397011 820.3971489439102 
568.6343006433569 344.1186347933288 
553.2031182302267 385.6162712665596 
647.2830743687388 150.6956167224871 
504.389703813538 816.3586648913915 
669.0627567272583 132.91720221359327 
508.64227712328915 813.5547649140079 
543.8658346590851 404.134121336748 
686.554260303041 122.66735263488435 
650.6815833203898 143.87416428032662 
557.4107018954265 370.7702079783064 
511.3015189773956 808.938867377952 
635.3089640985 166.31586797280235 
598.3713128211481 266.3839434945251 
546.4706345251266 391.97400920982886 
637.3053364174605 163.0264346388129 
655.3302211235831 138.61991429332454 
648.9419457757493 146.7420931727388 
575.2935429812812 321.64872862066676 
509.92697918052056 810.5236684767311 
596.875856591948 271.0707533206315 
630.0278667460293 179.70271035129053 
633.5339121919047 170.99588335735618 
502.801164016663 817.9434659901708 
680.9825050718354 126.56538998242664 
570.6838131427348 339.5994351179223 
536.7276047003566 573.0349659429127 
592.357243812329 282.6343065216803 
574.698109155684 327.2241407775421 
616.3837897322478 224.17256332875834 
678.6802892853681 128.52104651949708 
583.5084564657272 303.19936382149626 
645.4339648874276 152.32390837692333 
677.3492556605306 130.22943137721668 
631.634483742176 174.87660911847655 
576.7748283344592 317.1295289452609 
513.5511327051638 805.2302886396353 
627.7463221870496 191.0656945415789 
554.4461677001485 377.66547900294074 
561.5547985474296 362.63390221294435 
530.4748318777737 773.5888275303843 
603.5975035823019 259.55698797448474 
559.6160676079346 365.0386492495652 
629.2465120208032 187.84912867114605 
608.6498281140276 253.22626431964443 
611.2094860220631 252.24548576190983 
638.721052228453 160.92841367683752 
643.3492823447978 155.41192826807378 
567.1111118401084 345.55009597794856 
585.4560068215447 297.5253942441988 
581.2806586861802 304.7542346048801 
606.870619291778 255.92786224324163 
605.6047969772778 256.55442166398296 
617.8169439517833 219.80791072185565 
524.3767520114699 783.2381001444587 
573.2165260993185 328.9858474404318 
531.1212148406903 581.8729328464165 
616.3175729110778 230.37195027175503 
587.0230890168996 293.01067511829115 
579.4686588573658 309.1186761180223 
590.7658719860715 285.159580605592 
578.0707659058503 314.2603761898229 
535.3461416021894 577.8344487938984 
550.6001192629903 390.01155535461845 
596.2140334325832 275.615672313601 
550.6613790046754 386.4693669497857 
641.2438715358825 159.05977689324243 
594.143090572863 276.1871270883565 
614.458517161982 241.9906998028239 
571.919403345004 335.31474684648424 
622.4800328837367 199.64705478499172 
525.6656412487663 778.4933034466986 
559.1447286139622 368.65007006117486 
528.1885937004125 777.9719360833212 
620.9809996384398 209.0164015692282 
522.1507180454194 784.9556634201282 
563.8097468381591 356.1715422395141 
563.4391517032112 362.0208464193829 
566.0375965572144 354.4977658704017 
684.6653077292282 123.9540677816617 
514.5761645115507 791.0828347017373 
669.6929644229687 132.53813056270874 
602.0663321211321 262.25720585593604 
621.148174834834 204.95631056574118 
652.7729570258062 140.6298418586718 
612.8579346579239 247.69691268911492 
555.4926465247015 372.30361141245936 
540.6861559639472 416.4999594014046 
627.3170396341989 195.49365840328045 
625.0613997692718 199.2851821505942 
619.9317990230584 214.50476257322126 
614.9790366263352 234.2487217839038 
588.9246652941224 289.31950587474375 
600.5060092651689 266.31273420003504 
660.4731898742535 135.36964460627837 
