0.675651743536826
0.6749314296704763
0.687335541298318
0.697337071357437
0.6853878268547493
0.6838278057562727
0.6788223412236122
0.6721390387992331
0.6797813735166827
0.6661570816424686
0.6780153302683511
0.6811545930406868
0.690280263014088
0.6351497175547788
0.6851017649971521
0.6902153059486528
0.6640739504837034
0.6869566874105577
0.6794826628870161
0.6832045320925657
0.6848241420772968
0.6663304824385642
0.6484959270290964
0.6768548052659616
0.67674610169784
0.6783778366011641
0.6831899823616973
0.6328739224540174
0.6584722547208735
0.6844700158938626
