0.5468573252318899
0.5858177911974431
0.5383011467894022
0.5525898693540792
0.6049452783167486
0.5401183273682008
0.5533170833856852
0.5525936898452476
0.4995439475890586
0.5013859206070106
0.6063911963846815
0.5656822886555212
0.5322565323832723
0.5607575711064318
0.5165204477993743
0.5342567267266217
0.5456921194427391
0.5462632118982231
0.48018550410444943
0.5432501272286119
0.5019060421702516
0.5891356101268448
0.561037700046817
0.5680356987435982
0.5330887383977596
0.5204121047061102
0.6399431585549598
0.5352993481222107
0.6514689112441705
0.5186068707605869
