2 0 0 0 0 0 0 0  10000000100000001000000010000000100000001000000010000000100000001000000010000000100000001000000010000000100000001000000010000000100000001000000010000000100000001000000010000000100000001000000010000000 
2 0 0 0 0 0 0 0  10000000100000001001000010000000100000001000000010000000100000001000000010000000100000001000000010000000100000001000000010000000100000001000000010000000100000001000000010000000100000001000000010000000 
2 0 0 0 0 0 0 0  10010000100000001000000010000000100000001000000010000000100000001000000010000000100000001000000010000000100000001000000010000000100000001000000010000000100000001000000010000000100000001000000010000000 
2 2 1 2 2 1 2 2  10011101100101011001010111010110100111011001111111111111111111111111111111111111111111111111111111111111111111111111111111111111111111111111111111111111111111111111111111111111111111111111111110111101 
2 0 0 0 0 0 0 0  10000000100000001000000010000000100000001000000010000000100000001000000010000000100000001000000010000000100000001000000010000000100000001000000010000000100110001000000010000000100000001000000010000000 
2 0 0 0 0 0 0 0  10000000100000001001000010000000100000001000000010000000100000001000000010000000100000001000000010000000100000001000000010000000100000001000000010000000100000001000000010000000100000001000000010011110 
2 0 0 0 0 0 0 0  10000000100000001000000010000000100000001000000010000000100000001000000010000000100000001000000010000000100000001000000010000000100000001000000010000000100110001001110010000000100000001000000010000000 
2 2 2 2 2 1 2 2  11111111111111111111111111111111111111111111111111111111111111111111111111111111111111111111111111111111111111111111111111111111111111111111111111111111111111111111111111111111111111101111111011111111 
2 2 2 2 2 1 2 2  11111101111111111111111111111111111111111111111111111111111111111111111111111111111111111111111111111111111111111111111111111111111111111111111111111111111111111111111111111111111111101111111011111111 
2 0 0 0 0 0 0 0  10010000100000001000000010000000100000001000000010000000100000001000000010000000100000001000000010000000100000001000000010000000100000001000000010000000100000001000000010000000100000001000000010010000 
2 2 2 2 2 1 2 2  11111101111111010101010111010111111111111111111111111111111111111111111111111111111111111111111111111111111111111111111111111111111111111111111111111111111111111111111111111111111111101111111011111111 
2 2 1 2 2 1 2 0  11111101111111010101011111111111111111111111111111111111111111111111111111111111111111111111111111111111111111111111111111111111111111111111111111111111111111111111111111111111111111101111111011111110 
2 0 0 0 0 1 0 0  10000000100000001000000010000000100000001000000010000000100000001000000010000000100000001000000010000000100000001000000010000000100000001000000010000000100000001001110010000000100000001000000010000000 
2 0 0 0 0 1 0 0  10010100100100001001000010010000100100001001000010010000100000001111000010010000100000001000000010000000100000001000000010000000100000001000000010000000100000001000000010000000100000001011000010000000 
2 0 0 0 0 0 0 0  10010000100000001001000010000000100000001000000010000000100000001000000010000000100000001000000010000000100000001000000010000000100000001000000010000000100000001000000010000000100000001000000010000000 
2 0 0 2 2 1 0 0  10000000100000001000000010000000100000001000000010000000100000001000000010000000100000001000000010000000100000001000000010000000100000001000000010000000100110001001100010010000100000001000000010000000 
2 0 0 0 0 0 0 0  10010100100101001001010010010000100100001001000010010000100000001001000010000000100000001000000010000000100000001000000010000000100000001000000010000000100000001000000010000000100000001000000010010000 
2 2 1 2 2 1 2 0  10010101100101001001010111010110100111011001011111111110100011111111111010011000100011111111111111111111111111111101100010010100100110001000110111111111111111001001111110011111111111111111111011111110 
2 2 1 2 2 1 2 2  10010101100101011001010111010110100111011001011111111110100011111111111010011000100011111111111111111111111111101101100010010100100110001000110010110000100110001001111110011110111100001111111011111101 
2 0 1 2 2 0 0 0  10000000100000001001000010000000100000001000000010000000100000001000000010000000100000001000000010000000100000001000000010010000100000001000110010110000100110001001100010010000100000001000000010000000 
2 2 1 2 2 1 2 0  10010100100101001001010010010110100111001101111111111111111111111111111111010000100011111111111111111111111111101101100010010100100111111111111111111111111111001001111110011111111111111111111011111110 
2 2 2 2 2 1 2 2  10011101100101011001010111011111111111111111111111111111111111111111111111111111111111111111111111111111111111111111111111111111111111111111111111111111111111111111111111111111111111101111111011111111 
2 0 0 2 2 1 0 0  10010100100101001001010010010000100100001001000010010000100000001001000010000000100000001000000010000000100000001000000010000000100000001000000010000000100110001001100010010000100000001000000010000000 
2 0 0 2 0 0 0 0  10010000100100001001000010010000100100001001000010010000100000001111000010010000100000001000000010000000100000001000000010000000100000001000000010000000100000001000000010000000100000001000000010010000 
2 2 2 2 2 1 2 2  11111111111111111111111111111111111111111111111111111111111111111111111111111111111111111111111111111111111111111111111111111111111111001000110010110000111111111001111111111110111111001111111110111101 
2 0 0 2 2 1 0 0  10010100100101001001010010010000100100001001000010010000100000001001000010010000100000001000000010000000100000001000000010000000100000001000000010010000100110001001100010010000100000001000000010000000 
2 0 0 0 0 1 0 0  10010100100101001001010010010000100100001001000010010000100000001000000010000000100000001000000010000000100000001000000010000000100000001000000010000000100000001000000010000000100000001000000010000000 
2 0 0 2 2 1 0 0  10010000100101001001010010010000100100001001000010010000100000001001000010000000100000001000000010000000100000001000000010000000100000001000000010000000100110001001100010010000100000001000000010000000 
2 0 0 0 0 0 0 0  10010100100101001001000010010000100100001000000010000000100000001000000010000000100000001000000010000000100000001000000010000000100000001000000010000000100000001001110010000000100000001000000010010000 
2 0 0 2 2 1 0 0  10000000100000001001000010000000100000001000000010000000100000001000000010000000100000001000000010000000100000001000000010010100100110001000110010110000100110001001100010011100111110001000000010000000 
2 0 0 2 2 1 0 0  10010000100100001001010010010000100111001001000010010000100100001111000010010000100000001111000011111111111111101101100010010000100000001000110010000000100110001001100010011100111110001000000010000000 
2 2 1 2 2 1 2 0  10010000100100001001000010010000100100001001000010010000100100001111000010010000100010001111000011111111111111101101100010010100100110001000110010110000100110001001111110011100111111111111111011111110 
2 2 1 2 2 1 2 0  10010100100101001001010010010110100111001101110010011111111100001111000010010000100010001111000011111111111111101101100010010100100110001000110010110000100110001001111110011111111111111111111011111110 
2 2 1 2 0 0 0 0  10010100100100001001000010010000100100001001000010010000100100001111000010010000100000001111000010000000100000001000000010000000100000001000000010000000100000001000000010000000100000001000000010010000 
2 2 1 2 2 1 2 0  10010000100100001001000010010000100100001001000010011111111100001111000010010000100010001111000011111111111111101101100010010100100110001000110010110000100110001001111110011111111111111111111011111110 
2 2 1 2 0 0 0 0  10010000100100001001000010010000100100001001000010010000100100001111000010010000100000001111000010000000100000001000000010000000100000001000000010000000100000001000000010000000100000001000000010010000 
2 2 1 2 2 1 0 0  10010000100101001001010010010000100111001001000010010000100100001111000010010000100000001111000010000000100000001000000010010000100110001000110010110000100110001001100010000000100000001001000010000000 
2 2 0 2 2 1 0 0  10010000100100001001000010010000100100001001000010010000100100001111000010010000100010001111000011111111111111101101100010010100100110001000110010110000100110001001100010011100111110001000000010000000 
2 0 0 2 0 0 0 0  10010000100100001001000010010000100100001001000010010000100100001111000010010000100010001000000010000000100000001000000010000000100000001000000010000000100000001000000010000000100000001000000010010000 
2 2 1 2 2 1 2 2  10010101100101011001010111010110100111011001011111111110100011111111111010011000100011111111111111111111111111101101100010010100100111111111111111111111111111001001111111111111111111101111111011111101 
2 0 0 2 2 1 0 0  10010000100101001001010010010000100100001001000010010000100000001001000010000000100000001000000010000000100000001000000010000000100000001000000010000000100110001001100010011100111110001000000010000000 
2 2 1 2 2 1 2 2  11111101111111010101011111111111111111111111111111111111111111111111111111111111111111111111111111111111111111111111111111111111111111111111111111111110111111111001111111111110111111001111111110111101 
2 0 0 2 2 1 0 0  10010000100101001001010010010000100100001001000010010000100000001001000010000000100000001000000010000000100000001000000010000000100110001000110010110000100110001001100010010000100000001000000010010000 
2 2 1 2 2 1 2 0  10010100100101001001010010010000100111001001000010010000111111111111111111010000100011111111111111111111111111101101100010010100100111001000110010110000111111111001111111111110111111111111111110111110 
2 2 1 2 2 1 2 0  10010100100101001001010011010110100111001101110010011111111100001111000010010000100011111111111111111111111111101101100010010100100111001000110010110000111111111001111111111110111111111111111110111110 
2 0 1 2 2 1 0 0  10010100100100001001000010010000100100001001000010000000100000001000000010000000100000001000000010000000100000001000000010010100100110001000110010110000100110001001100010011100111110001000000010000000 
2 2 2 2 2 1 2 0  10010100100101001001010010010100100111001001000010111111111111111111111111111111100011111111111111111111111111101101100010010100100111001000110010110000111111111001111111111110111111111111111110111110 
2 0 0 2 0 0 0 0  10010000100100001001000010000000100000001000000010000000100000001000000010000000100000001000000010000000100000001000000010000000100000001000000010000000100000001000000010000000100000001000000010010000 
2 0 1 2 2 1 0 0  10000000100000001001000010000000100000001000000010000000100000001000000010000000100000001000000010000000100000001000000010000000100110001000000010010000100110001001100010010000100000001000000010000000 
2 2 2 2 2 1 2 2  10010101100101011001010111010110100111011001011111111110100011111111111010011111111111111111111111111111111111111111111111111111111111111111111111111111111111111111111111111111111111101111111011111111 
2 2 1 2 2 1 0 0  10010100100100001001000010010000100100001001000010010000100100001111000010010000100000001111000010000000100000001000000010010000100110001000110010110000100110001001100010000000100000001001000010000000 
2 2 1 2 2 1 2 2  10011101110101010101010111010110100111001101111111111111111111111111111111111111111111111111111111111111111111111111111111111111111111111111111111111111111111111111111111111111111111101111111110111101 
2 0 1 2 2 1 0 0  10000000100000001001000010000000100000001000000010010000100100001111000010010000100000001111000010000000100000001000000010010000100110001000110010110000100110001001100010000000100000001001000010000000 
2 0 0 2 2 1 0 0  10010100100101001001010010010000100111001001000010010000100000001001000010010000100000001000000010000000100000001000000010000000100000001000000010010000100110001001100010010000100000001000000010000000 
2 0 0 2 2 1 0 0  10010100100101001001010010010100100111001001000010010000100100001111000010010000100010001111000011111100100000001000000010010100100110001000110010110000100110001001100010010000100000001000000010000000 
2 2 1 2 2 1 2 0  10010100100101001001010010010100100111001001000010010000100100001111000010010000100010001111000011111111111111101101100010010100100110001000110010110000100110001001111110011100111111111111111011111110 
2 2 2 2 2 1 2 2  10010101100101011001010111010110100111111111111111111111111111111111111111111111111111111111111111111111111111111111111111111111111111111111111111111111111111111111111111111111111111101111111011111111 
2 0 0 2 2 1 0 0  10010100100101001001010010010100100111001001000010010000100100001111000010010000100000001000000010000000100000001000000010000000100000001000000010010000100110001001100010010000100000001000000010000000 
2 0 0 2 2 1 0 0  10010100100101001001010010010000100100001001000010010000100000001001000010010000100000001000000010000000100000001000000010000100100110001000110010110000100110001001100010011100111110001000000010000000 
2 0 0 2 2 1 0 0  10000000100000001001000010000000100000001000000010000000100000001000000010000000100000001000000010000000100000001000000010010100100110001000110010110000100110001001100010000000100000001001000010000000 
2 0 0 0 0 0 0 0  10010000100000001001000010000000100000001000000010000000100000001000000010000000100000001000000010000000100000001000000010000000100000001000000010000000100000001000000010000000100000001001000010000000 
2 0 0 2 2 1 0 0  10010000100100001001000010010000100100001001000010011000100000001001000010010000100000001000000010000000100000001000000010000000100000001000000010010000100110001001100010010000100000001000000010000000 
2 2 1 2 2 1 0 0  10010100100101001001010010010100100111001001000010010000100100001111000010010000100010001111000011111111111111101101100010010100100110001000110010110000100110001001111110011100111111111111110010000000 
2 0 0 2 2 1 0 0  10010000100100001001010010010000100111001001000010010000100100001111000010010000100000001000000010000000100000001000000010000000100000001000000010010000100110001001100010010000100000001000000010000000 
2 0 0 0 0 1 0 0  10010100100100001001000010010000100100001001000010010000100000001111000010010000100000001000000010000000100000001000000010000000100000001000000010000000100000001000000010010000100000001000000010000000 
2 0 0 2 2 1 0 0  10010000100100001001010010010000100100001001000010010000100000001001000010010000100000001000000010000000100000001000000010000000100000001000000010010000100110001001100010010000100000001000000010000000 
2 0 0 2 0 0 0 0  10000000100000001001000010000000100000001000000010000000100000001111000010010000100000001111000010000000100000001000000010000000100000001000000010000000100000001000000010000000100000001000000010010000 
2 2 0 2 2 1 0 0  10010000100100001001000010010000100100001001000010010000100100001111000010010000100010001111000010000000100000001000000010000000100000001000000010010000100110001001100010010000100000001000000010000000 
2 0 0 2 2 1 0 0  10010000100100001001010010010000100111001001000010010000100100001111000010010000100000001000000010000000100000001000000010000000100000001000000010010000100110001001100010010000100000001100000010000000 
2 0 0 2 2 1 0 0  10010000100100001001010010010000100111001001000010010000100100001111000010010000100000001111000010000000100000001000000010010000100110001000110010110000100110001001100010000000100000001001000010000000 
2 0 0 2 2 1 0 0  10010100100101001001010010010100100111001001000010010000100100001111000010010000100000001000000010000000100000001000000010010100100110001000110010110000100110001001100010011100111110001000000010000000 
2 0 0 2 2 1 0 0  10010000100100001001000010010000100100001001000010011000100000001001000010010000100000001000000010000000100000001000000010000000100000001000000010010000100110001001100010011100111110001000000010000000 
2 0 0 2 2 1 0 0  10010100100101001001010010010100100111001001000010010000100100001111000010010000100010001111000011111110100000001000000010010100100110001000110010110000100110001001100010011100111110001000000010000000 
2 2 1 2 2 1 2 0  10010000100100001001000010010000100100001001000010010000100100001111000010010000100010001111000011111111111111101101100010010100100110001000110010110000100110001001100010011100111111111111100010001110 
2 2 2 2 2 1 2 2  11111101111111111111111111111111111111111111111111111111111111111111111111111111111111111111111111111111111111101101100010010100100111001000110010110000111111111001111111111110111111001111111110111101 
2 2 2 2 2 1 2 2  11111101111111010101010111010111111111001101110010011111111111111111111111111111111111111111111111111111111111111111111111111111111111001000110010110000111111111001111111111110111111001111111110111101 
2 2 1 2 2 1 0 0  10010100100101001001010010010100100111001001000010010000100100001111000010010000100010001111000011111111111111101101100010010100100110001000110010110000100110001001100010010000100000001000000010000000 
2 2 1 2 2 1 0 0  10010100100101001001010010010100100111001001000010010000100100001111000010010000100010001111000011111111111111101101100010010100100110001000110010110000100110001001100010011100111110001000000010000000 
2 2 2 2 2 1 2 2  10010101111111010101010111010111111111001101110010011111111111111111111111111111111111111111111111111111111111111111111111111111111111001000110010110000111111111001111111111110111111001111111110111101 
2 0 0 2 2 1 0 0  10010000100100001001000010010000100100001001000010010000100100001111000010010000100010001111000010000000100000001000000010000000100000001000000010000000100110001001100010011100111110001000000010000000 
2 2 2 2 2 1 2 2  11111101111111010101010111010110100111011001011111111110100011111111111010011000100011111111111111111111111111101101100010010100100111001000110010110001111111111111111111111110111111001111111110111101 
2 0 0 2 2 1 0 0  10010100100101001001010010010100100111001001000010010000100100001111000010010000100000001000000010000000100000001000000010000000100000001000000010010000100110001001100010010000100010001000000010000000 
2 2 1 2 2 1 2 2  11111101100101011001010111010110100111011001011111111110100011111111111010011000100011111111111111111111111111101101100010010100100111001000110010111110111111111001111111111110111111001111111110111101 
2 0 0 2 0 1 0 0  10010100100101001001010010010000100100001001000010000000100000001000000010000000100000001000000010000000100000001000000010000000100000001000000010000000100000001000000010000000100000001000000010000000 
2 2 1 2 2 1 2 2  10010101100101011001010111010110100111011001011111111110100011111111111010011000100011111111111111111111111111101101100010011111111111111111111111111111111111111111111111111111111111101111111011111111 
2 2 1 2 2 1 0 0  10010000100100001001000010010000100100001001000010010000100100001111000010010000100010001111000010000000100000001000000010010000100110001000110010110000100110001001100010000000100000001001000010000000 
2 2 1 2 2 1 2 0  10010100100101001001010010010000100100001001000010010000100100001111000010010000100010001111000011111111111111101101100010010100100110001000110010110000100110001001100010011100111111111111100010001110 
2 2 1 2 2 1 2 2  10010101100101011001010111010111111111001101110010011111111111111111111111111111111111111111111111111111111111111111111111111111111111001000110010110000111111111001111111111110111111001111111110111101 
2 0 0 2 2 1 0 0  10010100100100001001000010010000100100001001000010010000100000001111000010010000100000001000000010000000100000001000000010000000100000001000110010110000100110001001100010011100111110001000000010000000 
2 2 2 2 2 1 2 2  10011101100101011001010111011111111111111111111111111111111111111111111111111111111111111111111111111111111111101101100010010100100111001000110010110001111111111111111111111110111111001111111110111101 
2 0 0 2 0 0 0 0  10010100100101001001010010010000100100001001000010010000100100001111000010010000100010001000000010000000100000001001100010010100100110001000110010110000100110001001100010010000100000001000000010000000 
2 2 2 2 2 1 2 2  11111101111111010101010111010111111111111111111111111111111111111111111111111111111111111111111111111111111111111111111111111111111111001000110010110000111111111001111111111110111111001111111110111101 
2 2 2 2 2 1 2 2  10010101111111010101010111010111111111001101110010011111111111111111111111111111111111111111111111111111111111111111111111111111111111001000110010111111111111111111111111111111111111101111111011111111 
2 2 1 2 2 1 2 0  10010100100101001001010010010100100111001001000010010000100100001111000010010000100010001111000011111111111111101101100010010100100111001000110010110000111111111001111111111111111111101111111011111110 
2 0 0 2 2 1 0 0  10010100100101001001000010010000100100001000000010000000100000001000000010000000100000001000000010000000100000001000000010000000100000001000000010000000100000001001110010000000100000001000000010000000 
2 2 2 2 2 1 2 2  11111101111111111111111111111111111111111111111111111111111111111111111111111111111111111111111111111111111111111111111111111111100111001000110010110001111111111111111111111110111111001111111110111101 
2 2 2 2 2 1 2 2  11111101100101011001010111010111111111001101110011111111111111111111111111111111111111111111111111111111111111111111111111111111111111001000110010110000111111111001111111111110111111001111111110111101 
2 0 0 2 2 1 0 0  10010100100101001001010010010100100111001001000010010000100100001111000010010000100010001111000011111110100000001000000010010100100110001000110010110000100110001001100010010000100000001000000010000000 
2 0 0 2 2 1 0 0  10010100100100001001000010010000100100001001000010010000100000001111000010010000100000001000000010000000100000001000000010000000100000001000000010000000100110001001100010011100111110001000000010000000 
2 0 0 0 0 0 0 0  10000000100000001000000010000000100000001000000010000000100000001000000010000000100000001000000010000000100000001000000010000000100000001000000010000000100000001000000010000000100000001001111110111110 
