2 0 0 0 0 0 0 0  10010000100000001000000010000000100000001000000010000000100000001000000010000000100000001000000010000000100000001000000010000000100000001000000010000000100000001000000010000000100000001000000010000000 
2 2 2 3 2 2 1 0  11111111111111111111111111111111111111111111111111111111111111111111111111111111111111111111111111111111111111111111111111111111111111111111111111111111111111111111111111111111111111111111111111111110 
2 0 0 0 0 0 0 0  10010000100100001000000010000000100000001000000010000000100000001000000010000000100000001000000010000000100000001000000010000000100000001000000010000000100000001000000010000000100000001000000010000000 
2 0 0 0 0 0 0 0  10000000100000001000000010000000100000001000000010000000100000001000000010000000100000001000000010000000100000001000000010000000100000001000000010000000100000001000000010000000100000001000000010000000 
2 2 2 3 2 2 1 0  11111101111111111111111111111111111111111111111111111111111111111111111111111111111111111111111111111111111111111111111111111111111111111111111111111111111111111111111111111111111111111111111111111110 
2 0 0 0 0 0 0 0  10010000100000001000000010000000100000001000000010000000100000001000000010000000100000001000000010000000100000001000000010000000100000001000000010000000100110001000000010000000100100001000000010010100 
2 0 0 0 1 2 0 0  10000000100000001000000010000000100000001000000010000000100000001000000010000000100000001000000010000000100000001000000010000000100111001001110010000000100111001001100010000000100100001000000010010100 
2 0 0 0 0 0 0 0  10000000100000001000000010000000100000001000000010000000100000001000000010000000100000001000000010000000100000001000000010011100100111001000000010000000100000001000000010000000100000001000000010010000 
2 0 0 0 0 0 0 0  10000000100000001000000010000000100000001000000010000000100000001000000010000000100000001000000010000000100000001000000010000000100000001000000010000000100000001000000010000000100000001000110010010100 
2 0 0 3 1 2 0 0  10010100100100001001000010000000100000001000000010000000100000001000000010000000100000001000000010000000100000001000000010011100100111001001110010000000100111001001100010000000100100001000000010010100 
2 0 0 0 0 0 0 0  10000000100000001000000010000000100000001000000010000000100000001000000010000000100000001000000010000000100000001000000010000000100000001000000010000000100000001000000010000000100000001000110010000000 
2 2 2 3 2 2 1 0  11111101111111111111111111111100101111001111010101111111111111111111111111111111111111001100110111111111111111111001111111110000100111001011111111110100010010111111111111110101110111011101010110110100 
2 0 0 3 1 2 0 0  10000000100000001000000010000000100000001000000010000000100000001000000010000000100000001000000010000000100100001001100010000000100111001001110010000000100111001001100010010100110100001000000010010000 
2 0 0 0 0 2 0 0  10000000100000001000000010000000100000001000000010000000100000001000000010000000100000001000000010000000100000001000000010000000100111001001110010000000100111001001100010010100100100001000000010010100 
2 0 0 3 2 2 0 0  10000000100000001000000010000000100000001000000010010000100000001000000010000000100000001000000010000000100100001001100010000000100111001001110010000000100111001001100010010101100100001000000010010100 
2 0 0 3 1 2 0 0  10000000100000001000000010000000100000001000010010010000100000001111000010000000100000001000000010000000100100001001000010000000100111001000000010000000100111001001100010000000100101001000000010010100 
2 1 1 3 0 0 0 0  10000000100000001001000010000000100000001111000010000000100000001000000010000000100000001000000011110000011100001000000010000000100000001000000010000000100000001000000010000000100000001000000010000000 
2 1 1 3 0 0 0 0  10010000100100001001000010000000100000001111000010010000100000001111000010000000100000001000000011110000011100001000000010000000100000001000000010000000100000001000000010000000100000001000000010000000 
2 1 1 3 1 2 0 0  10010000100100001001000010000000100000001111000010010000100000001111000010010000100000001000000010000000100100001000000010000000100111001001110010000000100111001001100010010100110100001001010010010000 
2 2 0 3 1 2 0 0  10010000100100001001010010001100101111001111010010010000100000001111000010011000100000001001010101011001100100001001000011111100100111001001110010000000100111001001100010010101110101011101010010010000 
2 0 0 0 0 0 0 0  10010000100000001000000010000000100000001000000010000000100000001000000010000000100000001000000010000000100000001000000010000000100000001000000010000000100110001000000010000000100100001000000010010000 
2 2 2 3 1 2 1 0  10010100100101001001010011111100101111001111010010010000111111111111111111111111111110001101010101110000011100001001100011111100100111001011111111111100100111001001100011110101110101001011110010110100 
2 0 0 3 1 2 0 0  10010100100101001001010010000000100000001000000010000000100000001000000010000000100000001000000010000000100100001001100010000000100111001000000010000000100000001000000010000000100100001001010010010000 
2 0 0 3 1 2 0 0  10010100100100001001010010000000100000001000000010000000100000001000000010000000100000001000000010000000100000001000000010000000100111001001110010000000100111001001100010010100110100001001010010010000 
2 0 0 3 1 2 0 0  10010100100101001001010010000000100000001000000010000000100000001000000010000000100000001000000010000000100000001000000010011100100111001000000010000000100111001001100010000000100100001001010010010000 
2 2 2 3 2 2 1 2  11110101111111111111111111111111111111111111111111111111111111111111111111111111111111111111111111111111111111111111111111111111111111111111111111111111111111111111111111111101110101011101010110110100 
2 2 2 3 1 2 1 0  10010101100101001001010011111100101111001111010001111111111111111111111111111111111111111111111111111100011100001001100011111100100111001011111111111100100111001001111111110101110101001011110010110100 
2 2 0 3 1 2 0 0  10010100100101001001010010000000100000001000000010000000100000001111000010010000100000001001010101011001100100001001000010000000100111001001110010000000100111001001100010010101110101011101010010010100 
2 0 0 3 1 2 0 0  10010100100100001001000010000000100000001000000010000000100000001000000010000000100000001000000010000000100000001000000010011100100111001001110010000000100111001001100010010100110100001001010010010000 
2 1 1 3 0 0 0 0  10000000100000001001000010000000100000001111000010000000100000001000000010000000100000001000000011110000011100001000000010000000100000001000000010000000100000001000000010000000100100001000000010010100 
2 2 2 3 2 2 1 2  11111101111111001001010111111100101111001111010010011111111111111111111111111111111111111111111111111111111111111111111111111111111111111111111111111111111111111111111111111101110101011101010110110100 
2 1 1 3 0 0 0 0  10010000100100001001000010000000100000001111000010010000100000001111000010000000100000001000000011110000011100001000000010000000100000001000000010000000100000001000000010000000100000001001010010010000 
2 2 2 3 1 2 0 0  10010000100100001001000011111100101111001111010010010000100000001111000010011000011100001101010101110000011100001001100011111100100111001001110010000000100111001001100010010100110100001001010010010000 
2 2 2 3 1 2 1 0  11110101110101001001010011111100101111001111010101111111111111111111111111111111111110001101010101110000011100001001100011111100100111001011111111111100100111001001100010110101110101011101010010010000 
2 2 2 3 1 2 1 0  11110101111111011111111111111111111111111111111111111111111111111111111111111111111111111111111111111111111111111111111111111111111111111111111111111111111111111111111111111111111111111111111111111110 
2 2 0 0 0 0 0 0  10000000100000001000000010000000100000001000000010010000100000001000000010000000100000001000000010000000100000001000000010000000100000001000000010000000100000001000000010010100110100001001010010010000 
2 0 0 3 0 0 0 0  10000000100000001000000010000000100000001000000010010000100000001000000010000000100000001000000010000000100100001000000010000000100000001000000010000000100000001000000010000000110100001001010010010000 
2 0 0 3 1 2 0 0  10010100100101001001010010000000100000001000000010010000100000001000000010000000100000001000000010000000100100001001100010000000100111001001110010000000100111001001100010010100110100001101010010010100 
2 2 2 3 1 2 1 0  10010101100101001001010011111100101111001111010101111111111111111111111111111111111111111111111111111111111111111111111111111100100111001011111111111111111111111111111111111101110101011111110010110100 
2 2 2 3 2 2 1 0  10011101100101001001010011111100101111001111010101111111111111111111111111111111111111111111111111111111111111111001100011111100100111001011111111111100100111001001100010110101110101011101010010111110 
2 2 2 3 2 2 1 0  10011101100101001001010011111100101111001111010101111111111111111111111111111111111111111111111111111111111111111111111111111110100111111111111111111111111111111111111111111101110101011111110010110100 
2 2 2 3 2 2 1 0  11110101110101001001010011111100101111001111010101111111111111111111111111111111111111111111111111110000011100001001100011111100100111001011111111111100100111001001100011110101110101001011110010110100 
2 2 2 3 1 2 1 0  10010101100101001001010011111100101111001111010101111111111111111111111111111111111111111111111111111111111111111111111111111100100111001011111111111100100111001001100011110101110101001011110010110100 
2 2 0 3 1 2 0 0  10010000100100001001000010011100101111001111010010010000100000001111000010010000100000001001010110000000100000001000000010011100100111001001110010000000100111001001100010010100110100001101010010010100 
2 2 2 3 2 2 1 2  10011101100101001001010011111100101111001111010101111111111111111111111111111111111111111111111111111111111111111001100011111100100111001011111111111111111111111111111111111101110101011101010110110100 
2 2 0 3 1 2 0 0  10010000100100001001000010000000100000001111000010010000100000001111000010010000100000001001010110000000100000001000000010011100100111001001110010000000100111001001100010010100110100001101010010010100 
2 1 0 3 1 2 0 0  10010100100101001001010010000000100000001000000010010000100000001111000010010000100000001001010101011001100100001001000011111100100111001001110010000000100111001001100010010101110101011101010010010000 
2 2 2 3 2 2 1 2  11111111111111111111111111111111111111111111111111111111111111111111111111111111111111111111111111111111111111111001100011111100100111001011111111111111111111111111111111111101110101011101010110110100 
2 0 0 3 1 2 0 0  10010100100100001001010010000000100000001000000010000000100000001000000010000000100000001000000010000000100000001000000010000000100111001001110010000000100111001001100010000000100100001001010010010000 
2 2 0 3 1 2 0 0  10010100100101001001010011111100101111001111010010010000100000001111000010010000100000001001010110000000100000001000000010011100100111001001110010000000100111001001100010010100110100001101010010010100 
2 0 0 3 1 2 0 0  10010100100101001001000010000000100000001000000010000000100000001000000010000000100000001000000010000000100000001000000010011100100111001001110010000000100111001001100010000000100100001001010010010100 
2 2 2 3 2 2 1 0  11111101111111001001010111111100101111001111010010011111111111111111111111111111111111111111111111111111111111001001100011111100100111001011111111111100100111001001100011110101110101001011110010110100 
2 2 0 3 1 2 0 0  10010000100100001001010010001100101111001111010010010000100000001111000010011000011100001001010101011001100100001001000011111100100111001001110010001100100111001001100011110101110101001101010010010100 
2 0 0 3 1 2 0 0  10010100100101001001000010000000100000001000000010000000100000001000000010000000100000001000000010000000100000001000000010000000100111001001110010000000100000001001000010000000100100001000000010010000 
2 2 2 3 1 2 1 0  10010101100101001001010011111100101111001111010010011111111111111111111111111111111110001101010101110000011100001001100011111100100111001001110010111111111111111111111111111101110101011111110010110100 
2 2 2 3 2 2 1 0  11110101111111011111111111111111111111111111111111111111111111111111111111111111111111111111111111111111111111111111111111111100100111001011111111111100100111001001101111111101110101001011110010110100 
2 2 2 3 1 2 0 0  10010101100101001001010011111100101111001111010010011111111111111111111111111111111110001101010101110000011100001001100011111100100111001001110010001100100111001001100011110101110101001101010010010100 
2 2 2 3 2 2 1 0  11110101110101001001010011111100101111001111010001111111111111111111111111111111111111111111111111111101100100001001000011111100100111001011111111111111111111111111111111110101110101011101010110110100 
2 2 2 3 2 2 1 0  11110101111111011111111111111111111111111111111111111111111111111111111111111111111111111111111111111111111111111111111111111111111111111111111111111111111111111111111111111111111101011101110010110100 
2 2 2 3 2 2 1 0  10010100100101001001010011111100101111001111010010011111111111111111111111111111111111111111111111111111111111001001100011111100100111001011111111111100100111001001100011110101110101001011110010110100 
2 0 0 0 0 0 0 0  10010000100100001001000010000000100000001000000010000000100000001000000010000000100000001000000010000000100000001000000010000000100000001000000010000000100000001000000010000000100000001000000010000000 
2 2 2 3 2 2 1 0  11110101110101001001010011111100101111001111010001111111111111111111111111111111111111111111111111111111111111111111111111111100100111001011111111111100100111001001101111111101110101001011110010110100 
2 1 1 3 1 2 0 0  10010000100100001001000011111100101111001111010010010000100000001111000010010000100000001001010101011001100100001001000011111100100111001001110010000000100111001001100010000000100100001001010010010100 
2 2 0 3 1 2 0 0  10010100100101001001010010000000100000001001010010010000100000001111000010010000100000001001010101110000011100001001100011111100100111001001110010000000100111001001100010010101110101011101010010010000 
2 2 2 3 1 2 0 0  10010000100100001001000011111100101111001111010010010000100000001111000010011000011100001101010101110000011100001001100011111100100111001001110011111100100111001001100011110101110101001011110010110100 
2 2 1 3 1 2 0 0  10010000100100001001010011111100101111001111010010010000100000001111000010010000100000001001010101011001100100001001000011111100100100001000000010000000100111001001100010010100100100001001010010010000 
2 0 0 0 0 0 0 0  10010000100100001001000010000000100000001000000010000000100000001000000010000000100000001000000010000000100000001000000010000000100000001000000010000000100000001000000010000000100000001001010010010000 
2 2 0 3 1 2 0 0  10010100100100001001000010000000100000001000000010000000100000001000000010000000100000001000000010000000100100001001100010000000100111001001110010000000100111001001100010010101110101011101010010010100 
2 0 0 0 0 0 0 0  10000000100000001000000010000000100000001000000010000000100000001000000010000000100000001000000010000000100000001000000010000000100000001000000010000000100000001000000010000000100000001001010010010000 
2 2 2 3 2 2 1 0  10010100100101001001010011111100101111001111010010011111111111111111111111111111111111111111110101011001100100001001000011111100100111001001110010001100100111001001100011110101110101001101010010011110 
2 2 2 3 2 2 1 2  11111101111111111111111111111100101111001111010010011111111111111111111111111111111111111111111111111111111111111111111111111111111111111111111111111111111111111111111111111101110101011101010110110100 
2 1 0 3 1 2 0 0  10010000100100001001000010000000100000001000000010010000100000001111000010010000100000001001010101011001100100001001000011111100100111001001110010001100100111001001100011110101110100001001010010010000 
2 1 1 3 0 0 0 0  10000000100000001001000010000000100000001111000010000000100000001000000010000000100000001000000011110000011100001000000010000000100000001000000010000000100000001000000010000000100000001001010010010100 
2 0 0 3 1 2 0 0  10010100100101001001000010000000100000001000000010000000100000001000000010000000100000001000000010000000100000001000000010011100100111001001110010000000100111001001100010000000100100001000000010000000 
2 1 0 3 0 0 0 0  10010000100100001001000010000000100000001000000010010000100000001111000010000000100000001000000011110000011100001000000010000000100000001000000010000000100000001000000010000000100000001000000010000000 
2 2 2 3 2 2 0 0  10010101100101001001010011111100101111001111010010010000100000001111000010011000011100001001010101011001100100001001000011111100100111001001110010001100100111001001100011110101110101001101010010010100 
2 1 0 3 1 0 0 0  10010000100100001001000010000000100000001000000010010000100000001111000010010000100000001001010101011001100100001001000011111100100111001001000010000000100000001000000010000000100000001001010010010100 
2 2 1 3 0 2 0 0  10010100100101001001010011111100101111001111010010010000100000001111000010010000100000001000000010000000100000001000000010011100100111001001110010000000100111001001100010010100100100001001010010010000 
2 0 0 3 1 2 0 0  10010100100101001001010010000000100000001000000010010000100000001000000010000000100000001000000010000000100100001001100010000000100111001001110010000000100111001001100010000000100100001001010010010100 
2 0 0 3 1 2 0 0  10010000100100001001000010000000100000001000000010010000100000001000000010000000100000001000000010000000100100001001100010000000100111001001110010000000100111001001100010010100100100001001010010010000 
2 2 0 3 0 0 0 0  10010000100100001001000010000000100000001111000010010000100000001111000010000000100000001000000011110000011100001000000010000000100000001000000010000000100000001000000010000000110100001001010010010000 
2 2 0 3 2 2 0 0  10010000100100001001010010001100101111001111010010010000100000001111000010011000011100001001010101011001100100001001000011111100100111001001110010001100100111001001100011110100100100001001010010010000 
2 0 0 3 1 2 0 0  10010100100101001001010010000000100000001000000010000000100000001000000010010000100000001001010101011001100100001001000010011100100111001001110010000000100111001001100010010100110100001001010010010000 
2 2 2 3 1 2 0 0  10010100100101001001010011111100101111001111010010010000100000001111000010011000011100001001010101011001100100001001000011111100100111001001110010001100100111001001100011110101110101001101010010010100 
2 2 2 3 1 2 0 0  10010100100101001001010011111100101111001111010010010000100000001111000010010000100000001001010101011001100100001001000011111100100111001001110010001100100111001001100011110100110100001001010010010000 
2 1 1 3 1 2 0 0  10010000100100001001000010000000100000001111000010010000100000001111000010010000100000001001010101011001100100001001000011111100100111001001110010001100100111001001100011110101110100001001000010010100 
2 1 0 3 1 2 0 0  10010000100100001001000010000000100000001000000010010000100000001111000010010000100000001001010101011001100100001001000011111100100111001001110010001100100111001001100011110101110101001101010010010100 
2 2 0 3 1 2 0 0  10010100100101001001010011111100101111001111010010010000100000001111000010010000100000001001010101011001100100001001000010011100100111001001110010000000100111001001100010010100110100001001010010010000 
2 2 2 3 2 2 1 2  11110101111111011111010011111100101111001111010101111111111111111111111111111111111111111111111111110000011100001001100011111100100111001011111111111111111111111111111111111101110101011101010110110100 
2 2 2 3 1 2 0 0  10010101100101001001010011111100101111001111010010010000100000001111000010010000100000001001010101011001100100001001000011111100100111001001110010001100100111001001100011110100110100001001010010010000 
2 2 2 3 2 2 1 0  11110101111111011111010011111100101111001111010101111111111111111111111111111111111111111111111111110000011100001001100011111100100111001011111111111100100111001001100010010100110100001011110010110100 
2 2 2 3 1 2 0 0  10010000100100001001000011111100101111001111010010010000100000001111000010010000100000001001010101110000011100001001100011111100100111001001110010001100100111001001100011110101110101001101010010010100 
2 0 0 0 0 0 0 0  10000000100000001000000010000000100000001000000010000000100000001000000010000000100000001000000010000000100100001000000010000000100000001000000010000000100000001000000010000000100000001000000010000000 
2 2 0 3 2 2 1 0  10010000100100001001010010001100101111001111010010010000100000001111000010011000011100001001010101011001100100001001000011111100100111001001110010001100100111001001100011110101110101001101010010011110 
2 2 2 3 2 2 1 0  11111101111111111111111111111111111111111111111111111111111111111111111111111111111111111111111111111111111111111111111111111111111111111111111111111111111111111111111111111111110101001101010010010100 
2 0 0 3 1 2 0 0  10010100100101001001000010000000100000001000000010000000100000001000000010000000100000001000000010000000100000001000000010011100100111001001110010000000100111001001100010010100110100001001010010010100 
2 2 1 3 1 2 0 0  10010000100100001001010011111100101111001111010010010000100000001111000010010000100000001001010101011001100100001001000011111100100100001000000010000000100111001001100010010100100101011101010010010100 
2 2 2 3 2 2 1 0  11110101111111011111010011111100101111001111010101111111111111111111111111111111111111111111111111111111111111111111111111111111111111111111111111111111111111111111111111111111110101001101010010010100 
2 1 1 3 0 0 0 0  10000000100000001001000010000000100000001111000010000000100000001000000010000000100000001000000011110000011100001000000010000000100000001000000010000000100000001000000011110100100100001001010010010000 
2 1 0 3 0 0 0 0  10010000100100001001000010000000100000001000000010010000100000001111000010010000100000001001010101011001100100001001000011111100100000001000000010000000100000001000000010010100110100001001010010010000 
