4 0 0 0 0 0 0 0  10000000100000001000000010000000100000001000000010000000100000001000000010000000100000001000000010000000100000001000000010000000100000001000000010000000100000001000000010000000100000001000000010000000 
3 0 0 0 0 0 0 0  10001000100010001000000010000000100000001000000010000000100000001000000010000000100000001000000010000000100000001000000010000000100000001000000010000000100000001000000010000000100000001000000010000000 
4 0 0 0 0 0 0 0  10000000100000001000000010000000100000001000000010000000100000001000000010000000100000001000000010000000100000001000000010000000100000001000000010000000100000001000000010000000100000001001000010011111 
4 0 0 0 0 0 0 0  10000000100000001000000010000000100000001000000010000000100000001000000010000000100000001000000010000000100000001000000010000000100000001000000010000000100000001000000010000000100000001000000010010000 
2 0 0 0 0 0 0 0  10001000100010001000100010001000100000001000000010000000100000001000000010000000100000001000000010000000100000001000000010000000100000001000000010000000100000001000000010000000100000001000000010000000 
4 0 0 0 0 0 0 0  10000000100000001000000010000000100000001000000010000000100000001000000010000000100000001000000010000000100000001000000010000000100000001000000010000000100000001000000010000000100000001001000010010000 
4 0 0 0 0 0 0 0  10000000100000001000100010000000100000001000000010000000100000001000000010000000100000001000000010000000100000001000000010000000100000001000000010000000100000001000000010000000100000001000000010000000 
4 0 0 0 0 0 0 0  10010000100000001000000010000000100000001000000010000000100000001000000010000000100000001000000010000000100000001000000010000000100000001000000010000000100000001000000010000000100000001001000010011111 
4 0 0 0 0 0 0 0  10000000100000001000100010000000100000001000000010000000100000001000000010000000100000001000000010000000100000001000000010000000100000001000000010000000100000001000000010000000100000001000000010010000 
2 2 2 2 2 2 2 1  11111111111111111111111111111111111111111111111111111111111111111111111111111111111111111111111111111111111111111111111111111111111111111111111111111111111111111111111111111111111111101111111111111110 
2 2 2 2 2 2 2 1  11111111110101111111111111111111111111111111111111111111100100111111111111111111111111111111111111111111111111111111111111111111111111111111111111111111111111111111111111111111111111101111111111111110 
3 0 0 2 2 2 0 0  10000000100000001000100010000000100000001000000010001000100000001000100010011100100011101000000010000000100000001000000010000000100000001000110010000000100010001000100010001100100000001001000010010000 
3 0 0 2 2 2 0 0  10001100100011001000100010001000100100001000110010001000100000001000100010001000100000001000000010000000100000001000000010000000100000001000000010000000100010001000100010001100100101001001000010001100 
2 2 2 2 2 2 2 1  11111111110101111111110111101011111111111111111111111111111111111111111111111111111111111111111111111111111111111111111111111111111111111111111111111111111111111111110010011100100101001001000010011110 
4 0 0 0 0 0 0 0  10000000100000001000100010000000100000001000000010000000100000001000000010000000100000001000000010000000100000001000000010000000100000001000000010000000100000001000000010000000100000001000000010011110 
2 0 0 2 2 0 0 0  10001000100010001000100010001000100100001000100010000000100000001000000010000000100000001000000010000000100000001000000010000000100000001000000010000000100000001000000010000000100000001000000010000000 
4 0 0 2 2 0 0 0  10000000100000001000100010001000100100001000100010000000100000001000000010000000100000001000000010000000100000001000000010000000100000001000000010000000100000001000000010000000100000001000000010000000 
3 0 0 2 2 2 1 0  10001100100011001000100010001000100100001000110010001000100000001000100010001000100000001000000010000000100000001000000010000000100000001000000010000000100010001000100010001100100101001001000010011100 
3 0 0 2 2 2 0 0  10001000100010001000100010001000100100001000110010001000100000001000100010001000100000001000000010000000100000001000000010000000100000001000000010000000100010001000100010001100100101001001000010001100 
3 0 0 2 2 0 0 0  10001000100000001000000010000000100000001000000010000000100000001000000010000000100000001000000010000000100000001000000010000000100000001000000010000000100000001000000010000000100000001000000010000000 
4 0 0 0 0 0 1 0  10000000100000001000000010000000100000001000000010000000100000001000000010000000100000001000000010000000100000001000000010000000100000001000000010000000100000001000000010000000100101001001000010010000 
2 2 2 2 2 2 2 1  11111101110101011001110111111111111111111111111111111111111111111111111111111111111111111111111111111111111111111111111111111111111111111111111111111111111111111111111111111111111111101111111111111110 
3 0 0 2 2 2 1 0  10001000100010001000110010001000100110001000110010001000100100001000111010011100100011111011110000110111100111101000111110001100100000001000110010001100100011101000100010001100100101001001000010011110 
2 0 0 2 2 2 1 0  10001000100010001000110010001000100110001000110010001000100000001000100010001000100000001000000010000000100000001000000010001100100000001000110010001100100011101000100010001100100101001001000010011110 
2 2 2 2 2 2 2 1  11111101110101011001110111111111111111111111111111111111111111111111111111111111111111111111111111111111111111111111111110001100111111111000110010111111111111111111111111111100100101001111111111111110 
3 0 0 2 2 2 0 0  10001100100011001000110010001000100110001000110010001000100100001000100010001000100011111011110010000000100000001000000010000000100000001000110010001100100011101000100010001100100101001001000010001100 
3 0 0 2 2 2 0 0  10001100100010001000110010001000100100001000110010001000100000001000100010001000100000001000000010000000100000001000000010000000100000001000000010000000100000001000000010001100100000001001000010011100 
3 0 0 2 2 2 0 0  10001100100010001000100010001000100100001000110010001000100000001000100010001000100000001000000010000000100000001000000010000000100000001000110010000000100010001000100010001100100000001001000010011100 
3 0 0 2 2 2 0 0  10001100100011001000110010001000100110001000110010001000100100001000100010011100100011101000000010000000100000001000000010000000100000001000110010001100100011101000100010001100100101001001000010001100 
3 0 0 2 2 2 0 0  10001100100011001000110010001000100110001000110010001000100100001000100010001000100011101000000010000000100000001000000010000000100000001000110010000000100010001000100010001100100101001001000010001100 
3 0 0 2 2 2 0 0  10001000100011001000110010001000100110001000110010001000100100001000100010001000100011101000000010000000100000001000000010000000100000001000000010000000100010001000100010001100100101001001000010011100 
2 2 2 2 2 2 2 1  10011101100101011001110110111111111111111111111111111111111111111111111111111111111111111111111111111111111111111111111111111111111111111111111111111111111111111111111111111111111111101111111111111110 
2 2 2 2 2 2 2 1  10011101110101011001110111111111111111111000110010111111100100111111111111111100100011111011110000110111100111111111111110001100111111111000110010111111111111111111111111111100100101001111111111111110 
2 2 2 2 2 2 2 1  11111111111111111111111111111111111111111111111111111111111111111111111111111111111111111111111111111111111111111111111111111111111111111111111111111111100111111100100010001100100101001001000010011110 
2 2 2 2 2 2 2 1  10011101110101011001110110111111111111111001111111111111111111111111111111111111111111111111111111111111111111111111111111111111111111111000110010001100100111111111111111111100100101101111111111111110 
3 0 0 2 2 2 0 0  10001100100011001000110010001000100110001000110010001000100100001000100010001000100011001000000010000000100000001000000010001100100000001000110010001100100010001000000010000000100000001000000010000000 
2 2 2 2 2 2 2 1  11111101110101111111111111111111111111111111111111111111100100111111111111111111111111111111111111111111111111111111111111111111111111111111111111111111111111111111111111111111111111101111111111111110 
3 0 0 2 2 2 0 0  10001000100011001000110010001000100110001000110010001000100100001000100010011100100011101000000010000000100000001000000010000000100000001000110010001100100011101000100010001100100101001001000010001100 
3 0 0 2 2 2 2 0  10001100100011001000110010001000100111111000110010001000100100001000100010001000100011001000000010000000100000001000000010001100100000001000110010001100100111101000100010001100100101001001000010011100 
3 0 0 2 2 2 0 0  10000000100000001000100010000000100000001000000010001000100000001000100010011100100011101000000010000000100000001000000010000000100000001000110010001100100011101000100010001100100101001001000010001100 
2 2 2 2 2 2 2 1  10011101100101011001110110111111111111111000110010001000100100111111111111111100100011111011110000110111100111101000111110001100111111111000110010001100100111111111100010001100100101001001000010011110 
2 2 2 2 2 2 2 1  10011101100101011001110110111111111111111000110010111111100100111111111111111111111111111111111111111111111111111111111111111111111111111111111111111111111111111111111110001100100101001001000010011110 
3 0 0 2 2 2 0 0  10001000100010001000110010001000100100001000110010001000100100001000100010001000100011101000000010000000100000001000000010000000100000001000000010000000100010001000100010001100100101001001000010011100 
3 0 0 2 2 2 2 0  10001100100011001000110010001000100111111000110110001000100100001001111010011100100011001000000010000000100000001000000010001100100000001000110010001100100111101000100010001100100101001001000010011100 
3 0 0 0 0 0 0 0  10001000100010001000100010000000100000001000000010000000100000001000000010000000100000001000000010000000100000001000000010000000100000001000000010000000100000001000000010000000100000001000000010000000 
2 2 2 2 2 2 2 1  11111101110101011001110111111111111111111000110010111111100100111111111111111100100011111011110000110111100111101000111110001100111111111000110010001100100111111111100010001100100101001001000010011110 
3 0 0 2 2 2 1 0  10001000100010001000110010001000100110001000110010001000100100001000100010001000100011001000000010000000100000001000000010001100100000001000110010001100100011101000100010001100100101001001000010011110 
3 0 0 2 2 2 0 0  10001100100011001000110010001000100110001000110010001000100000001000100010011100100011101000000010000000100000001000000010000000100000001000110010000000100010001000100010001100100000001001000010010000 
3 0 0 2 2 2 0 0  10001100100011001000110010001000100110001000110010001000100000001000100010001000100000001000000010000000100000001000000010000000100000001000000010000000100000001000000010001100100000001001000010011100 
3 0 0 2 2 2 0 0  10001000100010001000100010001000100100001000110010001000100100001001111010011100100010001000000010000000100100001000000010000000100000001000000010000000100010001000100010001100100101001001000010001100 
3 0 0 2 2 2 0 0  10001100100010001000100010001000100100001000110010001000100000001000100010001000100000001000000010000000100000001000000010000000100000001000110010000000100111101000100010001100100101001001000010011100 
3 0 0 2 0 0 0 0  10000000100000001000000010000000100000001000000010000000100000001000000010000000100000001000000010000000100000001000000010000000100000001000000010000000100000001000000010011100100101001001000010011100 
3 0 0 2 2 2 0 0  10001100100010001000110010001000100111111000110010001000100100001000100010001000100000001000000010000000100000001000000010000000100000001000000010000000100010001000100010001100100101001001000010001100 
2 2 2 2 2 2 2 1  10011101100101011001110110111111111111111000110010111111100100111111111111111111111111111111111111111111100111101000111110001100111111111000110010001100100111111111100010001100100101001001000010011110 
3 0 0 2 2 2 0 0  10001000100011001000110010001000100110001000110010001000100100001000100010001000100011101000000010000000100000001000000010001100111111111000110010000000100010001000100010001100100101001001000010011100 
3 0 0 2 2 2 0 0  10001000100011001000110010001000100110001000110010001000100100001000100010011100100011101000000010000000100000001000000010000000100000001000110010001100100011101000100010001100100000001000000010010000 
3 0 0 2 2 2 2 0  10001100100011001000110010001000100110001000110010001000100100001000111010011100100011111011110010000000100111101000111110011111100000111000110010001100100111101000100010001100100101001001000010011100 
3 0 0 2 2 2 0 0  10000000100000001000100010000000100000001000000010001000100000001000100010011100100011101000000010000000100000001000000010000000100000001000110010000000100010001000100010001100100101001001000010011100 
3 0 0 2 2 2 2 1  10011101100101011001110110111110100111111000110110001000100100001001111010011100100011111011110000110111100111101000111110001100111111111000110010001100100111101000100010001100100101001001111111111110 
2 2 2 2 2 2 2 0  10011101100101011001110110111111111111111000111111111111111111111111111111111111111111111011110000110111100111101000111110001100111111111000110010001100100111111110100010001100100101001001000010011110 
3 0 0 2 2 2 2 0  10001100100011001000110010001000100110001000110010001000100100001001111010011100100010001000000010000000100111101000111110011111100000111000110010001100100111101000100010001100100101001001000010011100 
3 0 0 2 2 2 2 1  10001101100011001000110010001000100111111000110010001000100100001000100010001000100011111011110000110111100111101000111110001100111111111000110010001100100111101000100010001100100111101111111111111110 
3 0 0 2 2 2 2 0  10011101100101011001110110111110100111111000110110001000100100001001111010011100100010001000000010000000100111101000111110011100100000001000110010001100100011101000100010001100100101001001000010011110 
3 0 0 2 2 2 0 0  10001000100010001000100010001000100100001000110010001000100000001000100010001000100000001000000010000000100000001000000010000000100000001000000010000000100011101000100010001100100101001001000010011100 
2 0 0 2 2 2 0 0  10001000100010001000100010001000100100001000110010001000100000001000100010001000100000001000000010000000100000001000000010000000100000001000110010000000100111101000100010001100100101001001000010011100 
2 0 0 2 2 2 0 0  10001000100010001000100010001000100100001000100010000000100000001000000010000000100000001000000010000000100000001000000010000000100000001000110010000000100010001000100010001100100101001001000010001100 
2 2 2 2 2 2 2 1  10011101100101011001110110111111111111111000110010111111100100111111111111111100111111111111111111111111111111111111111111111111111111111111111111111111111111111111111111111111111111101111111111111110 
2 0 0 2 2 2 0 0  10001000100010001000110010001000100110001000110010001000100000001000100010001000100000001000000010000000100000001000000010000000100000001000000010000000100010001000100010001100100101001001000010001100 
2 0 0 2 2 2 2 0  10001000100010001000110010001000100111111000110110001000100100001001111010011100100010001000000010000000100111101000111110011111100000001000110010001100100111101000100010001100100101001001000010011100 
3 0 0 2 2 2 2 1  10011101100101001000110010001000100111111000110110001000100100001001111010011100100010001000000010000000100111101000111110011111100000111000110010001100100111101011100010001100100101001001000010011110 
3 0 0 2 2 0 0 0  10001000100010001000100010001000100000001000000010000000100000001000000010000000100000001000000010000000100000001000000010000000100000001000000010000000100000001000000010000000100000001000000010010000 
3 0 0 2 2 2 0 0  10001100100011001000110010001000100110001000110010001000100100001000100010001000100011101000000010000000100000001000000010000000100000001000110010000000100010001000100010001100100101001001000010011110 
2 0 0 2 2 2 1 0  10001000100010001000100010001000100100001000100010001000100100001000100010001000100011001000000010000000100000001000000010001100100000001000110010001100100011101000100010001100100101001001000010011110 
3 0 0 2 2 2 2 0  10001101100011001000110010001000100111111000110010001000100100001000100010001000100011111011110000110111100111101000111110001100111111111000110010001100100111101000100010001100100101001001000010011110 
3 0 0 2 2 2 0 0  10001100100011001000110010001000100110001000110010001000100100001000100010001000100011101000000010000000100000001000000010000000100000001000000010000000100000001000000010000000100000001000000010000000 
3 0 0 2 2 2 0 0  10001000100010001000110010001000100110001000110010001000100100001000100010011100100011101000000010000000100000001000000010000000100000001000110010000000100010001000100010001100100101001001000010011100 
3 0 0 2 2 2 2 1  10011101100101011001110110111110100110001000110010001000100100001000111010011100100011111011110000110111100111101000111110001100100000001000110010001100100011101000100010001100100101001001000010011110 
3 0 0 2 2 2 2 0  10001100100011001000110010001000100111111000110110001000100100001001111010011100100011111011110000110111100111101000111110001100111111111000110010001100100111101000100010001100100101001001000010011110 
2 0 0 2 2 2 2 1  10011101100101011001110110111110100111111000110110001000100100001001111010011100100011111011110000110111100111101000111110001100111111111000110010001100100111101000100010000000100101001001000010011110 
4 0 0 0 0 0 0 0  10000000100000001000100010001000100100001000100010000000100000001000000010000000100011101000000010000000100000001000000010000000100000001000000010000000100000001000000010000000100000001000000010000000 
3 0 0 2 2 0 0 0  10001000100010001000100010001000100100001000110010001000100100001000100010001000100011001000000010000000100000001000000010001100100000001000110010001100100111101000100010001100100101001001000010001100 
3 0 0 2 2 2 1 0  10001000100010001000110010001000100111111000110010001000100000001000100010011100100011101000000010000000100000001000111110000000100000001000110010001100100011101000100010001100100101001001000010011110 
3 0 0 2 2 2 2 0  10001000100010001000110010001000100111111000110010001000100000001000100010011100100011101000000010000000100011101000111110001100111111111000110010001100100111101000100010001100100101001001000010011100 
4 0 0 2 2 2 0 0  10000000100000001000100010000000100000001000000010000000100000001000000010000000100011101000000010000000100000001000000010000000100000001000110010000000100010001000100010001100100101001001000010011100 
3 0 0 2 2 2 0 0  10001000100010001000100010001000100100001000110010001000100100001000100010001000100000001000000010000000100000001000000010000000100000001000000010000000100000001000000010000000100000001000000010010000 
2 0 0 2 2 2 1 0  10001000100010001000110010001000100110001000110010001000100000001000100010001000100000001000000010000000100111101000111110011111100000111000110010001100100111101000100010001100100101001001000010011110 
3 0 0 2 2 0 0 0  10001000100000001000100010000000100000001000000010000000100000001000000010000000100000001000000010000000100000001000000010000000100000001000000010000000100000001000000010000000100000001000000010000000 
4 0 0 0 2 2 0 0  10000000100000001000100010000000100000001000000010000000100000001000000010000000100000001000000010000000100000001000000010000000100000001000110010001100100011101000100010001100100000001000000010011100 
4 0 0 2 2 2 1 0  10000000100000001000100010000000100000001000110010001000100100001000111010011100100011001000000010000000100000001000000010000000100000001000000010000000100111101000100010001100100101001001000010011110 
4 0 0 2 2 2 1 0  10000000100000001000100010001000100100001000100010000000100000001000000010000000100011001000000010000000100000001000000010001100100000001000110010001100100011101000100010001100100101001001000010011110 
2 0 0 2 2 0 0 0  10001000100010001000100010001000100100001000100010001000100100001000100010001000100011001000000010000000100000001000000010000000100000001000000010000000100000001000000010000000100000001000000010000000 
3 0 0 2 2 2 2 1  10011101100101011001110110111110100111111000110110001000100100001001111010011100100011111011110000110111100111101000111110001100111111111000110010001100100111101000100010001100100101001001000010011110 
3 0 0 2 2 2 2 0  10001100100011001000110010001000100110001000110010001000100100001000100010001000100011101000000010000000100111101000111110011111100000111000110010001100100111101000100010001100100101001001000010011100 
2 0 0 2 2 2 2 0  10001100100011001000110010001000100111111000110010001000100100001000100010001000100011111011110000110111100111101000111110011111100000111000110010001100100111101000100010001100100101001001000010011100 
2 0 0 2 2 2 1 0  10001101100011001000110010001000100111111000110010001000100100001000100010001000100011111011110000110111100111101000111110001100111110001000110010001100100011101000100010001100100101001001000010011110 
3 0 0 2 2 2 0 0  10001100100010001000110010001000100110001000110010001000100100001000100010001000100000001000000010000000100000001000000010000000100000001000000010000000100010001000100010001100100101001001000010001100 
2 2 2 2 2 2 2 1  11111101110101111001110111111111111111111111111111111111111111111111111111111111111111111111111111111111111111111111111111111111111111111111111111111111111111111111111111111111111111101111111111111110 
4 0 0 2 2 2 0 0  10000000100000001000100010000000100000001000000010000000100000001000000010000000100000001000000010000000100000001000000010000000100000001000110010000000100010001000100010001100100101001001000010011100 
2 2 2 2 2 2 2 1  11111101110101011001110110111111111111111000110010111111100100111111111111111100100011111011110000110111111111111111111111111111111111111111111111111100100111111111111010001100100101001001000010011110 
2 2 2 2 2 2 2 1  10011101110101011001110111111111111111111111111111111111111111111111111111111111111111111111111111111111111111111111111111111111111111111111111111111111111111111111111111111111111111101111111111111110 
