5 0 0 0 0 0 0 0  10000000100000001000000010000000100000001000000010000000100000001000000010000000100000001000000010000000100000001000000010000000100000001000000010000000100000001000000010000000100000001000000010000000 
3 0 0 0 0 0 0 0  10010000100100001001000010000000100000001000000010000000100000001000000010000000100000001000000010000000100000001000000010000000100000001000000010000000100000001000000010000000100000001000000010000000 
3 0 0 0 0 0 0 0  10010000100000001000000010000000100000001000000010000000100000001000000010000000100000001000000010000000100000001000000010000000100000001000000010000000100000001000000010000000100000001000000010000000 
5 0 0 0 0 0 0 0  10000000100000001000000010000000100000001000000010000000100000001000000010000000100000001000000010000000100000001000000010000000100000001000000010000000100000001000000010000000100000001000100010000000 
1 2 2 2 2 1 2 0  11011111111101000111110111101101111111111111111111111111111111111111111111111111111111111111111111111110011101110101110111111100100111111001010011110111111111111101010111111100111111111111111111111100 
3 0 0 0 0 0 0 0  10010000100100001000000010000000100000001000000010000000100000001000000010000000100000001000000010000000100000001000000010000000100000001000000010000000100000001000000010000000100000001000000010000000 
3 0 0 0 0 0 0 0  10010000100000001000000010000000100000001000000010000000100000001000000010000000100000001000000010000000100000001000000010000000100000001000000010000000100000001000000010000000100010001001100010000000 
1 2 2 2 2 1 2 0  01010100010101000111010010011100111111111101001111111111111111111111111111111111111111111111110010001110011101110101110111111100100111001001010011110000100111001101010111111100101111111111111111111110 
1 2 2 2 2 1 2 0  11010100010101010111110111101101111111111111111111111111111111111111111111111111111111111111111111111111111111111111111111111111111111111111111111111111111111111111111111111111111111111111111111111110 
3 0 0 0 0 0 0 0  10010000100000001000000010000000100000001000000010000000100000001000000010000000100000001000000010000000100000001000000010000000100000001000000010000000100000001000000010000000100000001000000010011110 
3 0 0 0 0 0 0 0  10010000100100001001000010010000100000001000000010000000100000001000000010000000100000001000000010000000100000001000000010000000100000001000000010000000100000001000000010000000100000001000000010000000 
3 2 0 2 0 0 0 0  10010000100100001001000010010000100000001001000011110000100111001000000010000000100000001000000010000000100000001000000010000000100000001000000010000000100000001000000010000000100000001000000010000000 
3 2 0 2 0 0 0 0  10010000100100001001000010010000111100001001000011110000100111111111100010000000100000001000000010000000100000001000000010000000100000001000000010000000100000001000000010000000100000001000000010000000 
1 2 2 2 2 1 2 0  11111111111111111111111111111111111111111111111111111111111111111111111111111111111111111111111111111111111111111111111111111111111111111111111111111111111111111111111111111111111111111111111111111110 
5 0 0 0 0 0 0 0  10000000100000001000000010000000100000001000000010000000100000001000000010000000100000001000000010000000100000001000000010000000100000001000000010000000100000001000000010000000100000001000000010111100 
1 2 2 2 2 1 2 0  01010100010101000111010010011100111111111111111111111111111111111111111111111111111111111111111111111111111111110101110011111111111111111111110011110111011111001011111111111111111111011111111011111100 
1 2 2 2 2 1 2 0  11011111111111111111111111111111111111111111111111111111111111111111111111111111111111111111111111111111111111111111111111111111111111111111111111111111111111001101010111111111111111011111111011111110 
1 2 2 2 2 1 2 0  01010100010101010101010111111111111111111111111111111111111111111111111111111111111111111111111111111111111111110101110011111111111111111111111111111111111111111111111111111111111111111111111011111100 
1 2 2 2 2 1 2 0  10111101101101000111010010011100111111111101001111111111111111111111111111111111111111111111110011111111111111111111111111111100100111001001010011110000100011001101010111111100101111111111111011111100 
3 2 0 2 0 0 0 0  10010000100100001001000010010000111100001001000011110000100111111111100010010000111110001000000010000000100000001000000010000000100000001000000010000000100000001000000010000000100000001000000010000000 
3 2 0 2 0 0 0 0  10010000100100001001000010010000111100001001000011110000100111111111100010010000111110001000000010000000100000001000000010000000100000001000000010000000100000001000000010000000010110001001100010000000 
1 2 2 2 2 1 2 0  11011111111101000111110111101101111111111111111111111111111111111111111111111111111111111111111111111111111111110101110011111111111111111111111111111111111111111111111111111111111111111111111011111100 
1 2 2 2 2 1 2 0  10111101101101000111010010011100111111111101111111111111111111111111111111111111111111111111111111111111111110001001110111111100100111001001010011110000100011001101010111111100110110001001111011111100 
5 2 0 2 2 1 0 0  10000000100000001000000010000000100000001000000010000000100000001000000010000000100000001000000010000000100000001000000010000000100000001001000010000000100010001001010111110000100010001001100010000000 
1 2 2 2 2 1 2 0  11111111111101000111010010011100111111111101001111111111111111111111111111111111111111111111111111111111111111111111111111111111111111111111111111111111111111111111111111111111111111111111111111111110 
5 2 0 2 2 1 0 0  10000000100000001000000010000000100000001000000010000000100000001000000010000000100000001000000010000000100000001000000010000000100000001001000010000000100010001001010111110000100110001001110010001100 
5 2 0 2 2 1 0 0  10000000100000001000000010000000100000001000000010000000100110001000000010000000100000001000000010000000100000001001110110001100100111001001000010000000100010001001010111110000100010001001100010000000 
1 2 2 2 2 1 2 0  01010100010101000101010010011100111111111101111111111111111111111111111111111111111111111111111111111111111110001001110111111100100111001001010011110000100011001101010111111100110110001001111011111100 
3 2 0 2 2 1 0 0  10010000100101001001010010011100111111001001000010000000100000001000000010000000100000001000000010000000100000001000000010001100100111001001000010000000100010001001010111110000100010001001100010000000 
1 2 2 2 2 1 2 0  11010100010101010111110111101101111111111111111111111111111111111111111111111111111111111111111111111111111111111111111111111111111111111111111111111111100011001101010111111100110110001001111011111100 
5 0 0 0 0 0 0 0  10000000100000001000000010000000100000001000000010000000100000001000000010000000100000001000000010000000100000001000000010000000100000001000000010000000100000001000000011110000100110001001110010001100 
1 2 2 2 2 1 2 0  11011111111101111111111111111111111111111111111111111111111111111111111111111111111111111111111111111111111111111111111111111111111111111111111111111111111111001101010111111100010110001001111011111100 
1 2 2 2 2 1 2 0  11010100010101010101010011111111111111111111111111111111111111111111111111111111111111111111110010001110011111111101110111111100100111001001010011110000100011001101010111111100110110001001111011111100 
3 2 0 2 0 0 0 0  10010000100100001001000010010000111100001001000011110000100111001000000010000000100000001000000010000000100000001000000010000000100000001000000010000000100000001000000010000000100000001000000010000000 
3 2 0 2 2 1 0 0  10010000100101001001000010010000111100001001000011110000100000001000000010000000100000001000000010000000100000001001100010001100100111001001010011110000100010001001010111110000100110001001110010001100 
3 2 0 2 2 1 0 0  01010100010100000101000010011100111111001001000011110000100111111111100010010000111110001111110010001000100000001001100010001100100111001001010011110000100010001001010111110000100110001001110010001100 
1 2 2 2 2 1 2 0  11111111111111111111111111111111111111111111111111111111111111111111111111111111111111111111111111111111111111111111110111111100100111001001010011110000011111001101010111111111111111011111111011111100 
3 2 2 2 2 1 2 0  01010100010101000101010011111111111111111111111111111111111111111111111110011111111111111111111111111111111110001001110111111100100111001001010011110111111111001101010111111100010110001001111011111110 
3 2 0 2 2 1 0 0  01010100010101000101010011011100111111001001000011110000100111111111100010010000111110001111110010001111111110001001110110001100100111001001010011110000100011001001010111111100010110001001111011111100 
5 0 0 2 2 1 0 0  10000000100000001000000010000000100000001000000010000000100000001000000010000000100000001000000010000000100000001000000010000000100000001000000010000000100000001000000010010000100110001001100010000000 
3 2 0 2 2 1 0 0  10010000100100001001000010011100111111001001000011110000100111111111100010010000111110001111110010001111111110001001110110001100100111001001010011110000100011001001010111110000100110001001110010001100 
5 0 0 0 0 0 0 0  10000000100000001000000010000000100000001000000010000000100000001000000010000000100000001000000010000000100000001000000010000000100000001000000010000000100000001000000010000000100000001001110010001100 
3 2 0 2 0 0 0 0  10010000100100001001000010010000111100001000000010000000100000001000000010000000100000001000000010000000100000001000000010000000100000001000000010000000100000001000000010000000100000001000000010000000 
5 0 0 2 2 1 0 0  10000000100000001000000010000000100000001000000010000000100000001000000010000000100000001000000010000000100000001000000010000000100000001000000010000000100000001000000010010000100110001001110010001100 
3 2 0 2 2 1 0 0  10010000100100001001000010010000111100001001000011110000100110001111100010010000111110001111110010001000100000001001100010001100100111001001010011110000100010001001010111110000100110001001110010001100 
1 2 0 2 2 1 0 0  01010100010101000101000010011100111100001001000011110000100110001111100010010000111110001111110010001000100000001001100010011100100111001001010011110000011111001101010111111100010110001001111011111100 
3 2 0 2 2 1 0 0  10010000100100001001000010010000111100001001000011110000100000001000000010000000100000001000000010000000100000001000100010001000100111001001010011110000100010001001010111110000110110001001110010001100 
3 2 0 2 2 1 0 0  10010000100101001001010010011100111111001001000010010000100111111111100010010000111110001111110010001111111110001001110110001100100111001001010011110000011111001101010111110000100110001001110010001100 
1 2 0 2 2 1 0 0  01010100010101000101000010011100111100001001000011110000100110001111100010010000100000001000000010000000111110001001110110001100100111001001000010000000100010001001010111110000100010001001100010000000 
1 2 2 2 2 1 2 0  01010100010101000101010011011100111111001001000011111111111111111111111111111111111111111111111111111111111110001001110111111100100111001001010011110000100011001101010111111100110110001001111011111100 
1 2 2 2 2 1 2 0  11011101101101000111010010011100111111111101111111111111111111111111111111111111111111111111111111111111111110001001110111111100100111001001010011110100011111001101010111111100101111111101111011111100 
3 2 0 2 2 1 2 0  10010000100101001001010010011100111111011111111111111111111111111111111110011111111111111111111111111111111110001001110111001100100111001001010011110000100010001001010111110000100110001001110011111100 
3 2 0 2 2 1 0 0  10010000100100001001000010010000111100001001000011110000100110001000110010000000100000001000000010000000100000001000000010001100100111001001000010000000100010001001010111110000100010001001100010000000 
3 2 0 2 2 1 2 0  10010000100101001001010010011100111111001001000010010000100111111111100010011111111111111111111111111111111110001001110111111100100111001001010011110000100011001101010111111100110110001001111011111100 
3 2 0 2 0 0 0 0  10010000100100001001000010010000111100001001000011110000100110001111100010010000111110001111110010001000100000001001100010000000100000001000000010000000100000001000000010000000100010001001100010000000 
3 2 0 2 2 1 0 0  10010000100101001001010010011100111111001001000010010000100110001000110010010000111110001111110010000000100000001001100010001100100111001001010011110000100011001001010111110000110110001001100010001100 
3 2 0 2 2 1 2 0  10010000100101001001010010011100111111001001000010010000100110001111111111111111111111111111111111111111111110001001110111111100100111001001010011110111111111001101010111111100010110001001111011111110 
1 2 0 2 2 1 0 0  01010100010101000101010010010000111100001001000011110000100110001111100010010000111110001111110010001000100000001001100010001100100111001001010011110000100010001001010111110000100010001001100010000000 
5 2 0 2 2 1 0 0  10000000100000001000000010000000100000001000000010000000100110001111100010010000111110001111110010001000100000001001100010001100100111001001010011110000100010001001010111110000100110001001110010001100 
3 2 0 2 2 1 0 0  10010000100101001001010010010000111100001001000011110000100110001111100010010000111110001111110010001000100000001001100010001100100111001001010011110000100010001001010111110000100010001001100010000000 
1 2 0 2 2 1 2 0  01010100010101000101010010011100111111001001000010010000100111111111100010011111111111111111111111111111111110001001110111111100100111001001010011110000100011001101010111111100110110001001111011111100 
3 2 0 2 2 1 0 0  10010000100100001001010010011100111111001001000010010000100110001000110010010000111110001111110010000000100000001001100010001100100111001001010011110000100011001001010111110000110110001001100010000000 
3 2 0 2 2 1 0 0  10010000100100001001000010010000111100001001000011110000100100001000000010000000100110001111110010000000100000001000000010000000100000001000000010000000100000001000000010010000100110001001110010011100 
3 2 0 2 2 1 0 0  10010000100101001001010010011100111111001001000010010000100110001111100010010000111110001111110010001111111110001001110110001100100111001001010011110000100011001001010111110000100110001001110010001100 
5 2 0 2 2 1 0 0  10000000100000001000000010000000100000001000000010000000100110001000000010000000100000001000000010000000100000001001110110001100100111001001000010000000100010001000000010010000100000001000000011111100 
1 2 0 2 2 1 0 0  01010100010101000101000010011100111100001001000011110000100110001111100010010000111110001111110010001000100000001001100010011100100111001001010011110000100010001001010111110000100110001001110010001100 
3 2 0 2 2 1 0 0  10010000100100001001010010011100111111001001000010010000100110001111100010010000111110001111110010001111111110001001110110001100100111001001010011110000100011001001010111110000100110001001110010001100 
5 2 0 2 2 1 0 0  10000000100000001000000010000000100000001000000010000000100110001000000010000000100000001000000010000000100000001001110110001100100111001001000010000000100011001001010111110000100110001001110010001100 
5 0 0 2 2 1 0 0  10000000100000001000000010000000100000001000000010000000100110001111100010010000100000001000000010000000111110001001110110001100100111001001000010000000100010001001010111110000100010001001100010001100 
5 2 0 2 2 1 0 0  10000000100000001000000010000000100000001000000010000000100110001111100010010000111110001111110010001000100000001001100010001100100111001000000010000000100010001001010111110000100110001001110010001100 
3 2 0 2 2 1 2 0  10010000100101001001010010011100111111001001001111111111111111111111111111111111111111111111110010001111111110001001110110001100100111001001010011110000100011001001010111110000111111111111111111111100 
1 2 0 2 2 1 0 0  01010100010101000101000010011100111100001001000011110000100110001111100010010000100000001000000010000000100000001000000010000000100000001001010011110000100010001000000011110000100110001001110010001100 
1 2 2 2 2 1 2 0  11011101101101000111010010011111111111111111111111111111111111111111111111111111111111111111111111111111111111111111111111111111111111111111111111111111111111111111111111111111111111111111111111111110 
1 2 2 2 2 1 2 0  11010100010101010101010011111111111111111111111111111111111111111111111111111111111111111111110010001110011111111111111111111111110111001001010011110100011111001101010111111100101111111101111011111100 
3 2 0 2 2 1 0 0  10010000100100001001000010010000111100001001000011110000100110001111100010010000100000001000000010000000100000001001100010011100100111001001010011110000100010001001010111110000110110001001100010001100 
3 2 0 2 2 1 0 0  10010000100101001001010010011100111111001001000010010000100110001111100010010000111110001111110010001111111110001001110110001100100111001001010011110000100010001001010111110000100010001001100010000000 
3 2 0 2 2 1 0 0  10010000100101001001010010011100111111001001000010010000100110001111100010010000111110001111110010001000100000001001100010011100100111001001010011110000100010001000000010010000100110001001110010001100 
1 2 2 2 2 1 2 0  11010100010101010101010111101101111111111111111111111111111111111111111111111111111111111111111111111111111111111111111111111111111111111111111111111100100011001101010111111111111111111111111111111100 
1 2 0 2 2 1 0 0  01010100010101000101010010010000111100001001000011110000100110001111100010010000111110001111110010001000100000001001100010001100100111001001010011110000100011001101010110010000100110001001110010001100 
3 2 0 2 2 1 0 0  10010000100101001001010010011100111111001001000010010000100110001111100010010000111110001111110010001000100000001001100010011000100000001001000010000000100010001001010111110000100010001001100010000000 
1 2 2 2 2 1 2 0  01010100010101010111110111101101111111111111111111111111111111111111111111111111111111111111111111111111111111111111111111111111111111111111111111111100100011001101010111111111111111111111111111111100 
3 2 0 2 2 1 0 0  10010000100101001001010010011100111111001001000010010000100111111111100010000000100000001000000010000000100000001000000010001100100111001001000010000000100010001001010111110000100010001001100010000000 
3 2 0 2 2 1 0 0  10010000100101001001010010011100111111001001000010010000100110001111100010010000111110001000000010000000100000001000000010000000100000001001000010000000100010001001010111110000100010001001100010000000 
1 2 0 2 2 1 0 0  01010100010101000101000010011100111100001001000011110000100110001111100010010000111110001111110010001000100000001001100010011100100111001001010011110000100010001000000010010000100110001001100010000000 
3 2 0 2 2 1 0 0  10010000100100001001000010010000111100001001000010010000100110001000110010010000111110001111110010000000100000001001100010001100100111001001010011110000100011001001010111110000110110001001100010000000 
1 2 0 2 2 1 0 0  01010100010101000101010011011100111111001001000011110000100111111111100010010000111110001111110010001100100000001001100010001100100111001001010011110000100010001001010111110000100110001001110010001100 
1 2 0 2 2 1 0 0  01010100010101000101010011011100111111001001000011110000100111111111100010010000111110001111110010001111111110001001110110001100100111001001010011110000100011001001010111110000100110001001110010001100 
5 2 0 2 2 1 0 0  10000000100000001000000010000000100000001000000010000000100110001111100010010000111110001111110010001000100000001001100010001100100111001001010011110000100010001001010111110000100110001001110010000000 
1 2 2 2 2 1 2 0  11011111110101010101010011111111111111111111111111111111111111111111111111111111111111111111110010001110011111111111111111111111111111111111111111111111111111111111111111111100110110001001111011111100 
1 2 2 2 2 1 2 0  11011111110101010101010011111111111111111111111111111111111111111111111111111111111111111111110010001110011111111111111111111100100111001001010011110000100011001101010111111100110110001001111011111100 
3 2 0 2 2 1 0 0  10010000100100001001000010010000111111001001000010010000100110001111100010010000111110001111110010001111111110001001110110001100100111001001010011110000100011001001010111110000100110001001110010001100 
3 2 0 2 2 1 0 0  10010000100100001001010010011100111111001001000010010000100110001111100010010000111110001111110010001111111110001001110110001100100111001001010011110000100011001101010111111100110110001001111011111100 
1 2 0 2 2 1 0 0  01010100010100000101000010011100111111111101000011110000100110001000110010010000111110001111110010001111111110001001110010001100100111001001010011110000100011001001010111110000110110001001100010001100 
1 2 0 2 2 1 2 0  01010100010100000101000010011100111111111101000011110000100110001000110010010000111110001111110010001111111110001001110111111100100111001001010011110000100011001101010111111100110110001001111011111100 
1 2 0 2 2 1 0 0  01010100010101000101010010010000111100001001000011110000100110001111100010010000111110001111110010001000100000001001000010000000100000001001000010000000100010001001010111110000100110001001110010001100 
1 2 2 2 2 1 0 0  01010100010101000101010011011100111111001001000011110000100110001111100010010000111110001111110010001000100000001001100010001100100111001001010011110000100010001001010111110000100110001001110010001100 
3 2 0 2 2 1 0 0  10010000100100001001000010010000111100001001000011110000100100001111100010010000111110001111110010001111111110001001110110001100100111001001010011110000100011001001010111110000100110001001110010001100 
3 2 0 2 2 1 0 0  10010000100100001001000010010000111100001001000010010000100111111111100010010000111110001111110010001100100000001001100010001100100111001001010011110000100010001001010111110000100110001001110010001100 
1 2 2 2 2 1 2 0  11011101101101000111010010011111111111111111111111111111111111111111111111111111111111111111111111111111111111111111111111111111110111001001010011110100011111001101010111111100101111111101111011111100 
3 2 0 2 2 1 0 0  10010000100101001001010010011100111111001001000010010000100110001111100010010000111110001111110010001111111110001001110110001100100111001001010011110000100011001101010111111100101111111101111010001100 
