2 2 2 2 2 2 2 0  11111111111111111111111111111111111111111111111111111111111111111111111111111111111111111111111111111111111111111111111111111111111111111111111111111111111111111111111111111111111111111111111111111110 
3 0 0 0 0 0 0 0  10000000100000001001000010000000100000001000000010000000100000001000000010000000100000001000000010000000100000001000000010000000100000001000000010000000100000001000000010000000100000001000000010000000 
2 2 0 0 0 0 0 0  10010000010100001000000010000000100000001000000010000000100000001000000010000000100000001000000010000000100000001000000010000000100000001000000010000000100000001000000010000000100000001000000010000000 
3 0 0 0 0 0 0 0  10000000100000001000000010000000100000001000000010000000100000001000000010000000100000001000000010000000100000001000000010000000100000001000000010000000100000001000000010000000100000001000000010000000 
3 0 0 0 0 0 0 0  10000000100000001000000010000000100000001000000010000000100000001000000010000000100000001000000010000000100000001000000010000000100000001000000010000000100000001000000010000000100000001000000010011100 
3 2 0 2 0 0 0 0  10000000100000001001000010010000110100001000000010000000100000001000000010000000100000001000000010000000100000001000000010000000100000001000000010000000100000001000000010000000100000001000000010000000 
3 0 0 0 0 0 0 0  10000000100000001000000010000000100000001000000010000000100000001000000010000000100000001000000010000000100000001000000010000000100000001000000010000000100000001000000010000000100000001111110011011100 
3 0 0 0 0 0 0 0  10000000100000001001000010000000100000001001000010000000100000001000000010000000100000001000000010000000100000001000000010000000100000001000000010000000100000001000000010000000100000001000000010000000 
2 2 2 2 2 2 2 0  01010000010100001111000010010000110101011111111111111101010111001111001011110000010101011111111110011111111011001001100000111100001100001101000011110000111111001111011001001101110111101111110011011100 
2 2 2 2 2 2 2 0  11111111111101011111111111111111111111111111111111111111111111111111111111111111111111111111111111111111111111111111111111111111111111111111000011110000111111001111011001001101110101101111110011011100 
2 2 2 2 2 2 2 0  11111111111101011111111111111111111111111111111111111111111111111111111111111111111111111111111111111111111111111111111111111111111111111111111111111111111111111111111001001101110101101111110011011100 
2 2 2 2 2 2 2 0  11111111111111111111111111111111111111111111111111111111111111111111111111111111111111111111111111111111111111111111111111111111111111111111111011110000111111001111011001001101110101001111110011011100 
3 0 0 0 0 0 0 0  10000000100000001001000010010000110100001001000010010000100000001111000010000000100000001000000010000000100000001000000010000000100000001000000010000000100000001000000010000000100000001000000010000000 
2 2 2 2 2 2 2 0  11010101010101011111111111111111111111111111111111111111111111111111111111111111111111111111111111111111111111111111111111111111111111111111111111111111111111111111111111111111111111111111111111111110 
2 2 2 2 2 2 2 0  01010000010101001111000010010000110100001011001111111101010111001111001111111111111111111111111111111111111111111111110010010000111110001101000011110000111111001111011001001101110101101111110011011100 
2 2 2 2 0 0 0 0  01010000010100001111000010010000110100001001000010010000100000001111000010000000010101011111000010000000100000001000000010010000101100001101000011110000110000001000000010000000100000001000000010000000 
2 2 2 2 0 2 2 0  01010100010100001111000010010000110100001001001111111101010111001111001011110000010101011111000010000000100000001000000010010000101100001101000011110000111111001111000011001101110101001111110011011100 
3 0 0 2 0 0 0 0  10000000100000001001000010000000100000001001000010010000100000001111001010010000100000001000000010000000100000001000000010000000100000001000000010000000100000001000000010000000100000001000000010000000 
2 2 2 2 2 2 2 0  11010101111111111111111111111111111111111111111111111111111111111111111111111111111111111111111111111111111111111111111111111111111111111111111111111111111111111111111111111111111111111111111111111110 
2 2 0 0 0 0 0 0  11010000100000001000000010000000100000001000000010000000100000001000000010000000100000001000000010000000100000001000000010000000100000001000000010000000100000001000000010000000100000001000000010000000 
2 2 2 2 2 2 2 0  11010101010101111111111111111111111111111111111111111111111111111111111111111111111111111111111111111111111111111111111111111111111111111111111111111111111111001111011001001101110101001111110011011100 
2 2 2 2 0 0 0 0  01010000010100001111000010010000110100001001000010010000100000001111000010000000010101011111000010000000100000001000000010010000101100001101000011110000111111001111000011000000110101001111000010000000 
2 2 2 2 2 2 2 0  01010100010101001111010011111111110100001011001111111100010111001111001011110000010101011111111111011111111011111111100000111100001100001101000011110000111111001111000011001101110101001111110011011100 
2 2 2 2 2 2 2 0  11111111110101011111110010011111111111111111111111001111111111111111111111111111111111111111111111111111111111111111111111111111111111111111111111110000111111001111000011001101110101001111110011011100 
2 2 2 2 2 2 2 0  11010101111111111111111111111111111111111111111111111111111111111111111111111111111111111111111111111111111111111111111111111111111111111111111011010000111111111111011001001101110101101111110011011100 
2 2 2 2 0 2 0 0  01010100010101001111000010010000110100001011000010011101010111001111001011110000010101011111000010000000100000001000000010010000001100001101000011110000111111001111000011001101110101001111110011011100 
2 2 2 2 0 0 0 0  01010000010100001111000010010000110100001001000010010000100000001111000010000000010101011111000010000000100000001000000010010000101100001101000011110000111111001111000011000000100000001000000010000000 
2 2 2 2 2 2 0 0  01010100010101001111000010011000110101011111100010010000100000001111000010000000010101011111000010000000100000001000000010010000101100001101000011110000111111001111000011000000110101001111110011011100 
2 2 2 2 2 2 2 0  01010100010101001111110011111111111111111111111111111111111111111111111111111111111111111111111111111111111111111111111111111111111111111111111111111111111111111111111111111111111111101111110011011100 
2 2 2 2 2 2 2 0  01010000010100001111010010010000110100001011001111011101010111001111001011110000010101011111111111011111111011111111000010010000101100001101000011110000111111001111000011001101110101001111100010011100 
2 2 2 2 2 2 0 0  01010100010100001111110010010000110100001011100010010000010111010011000010000000010101011111000010000000100000001000000010010000101100001101000011110000111111001111000011001101110101001111100010011100 
2 2 2 2 0 2 0 0  01010100010100001111000010010000110100001001000010010000100000001111000010000000010101011111000010000000100000001000000010010000101100001101000011110000111111001111000011000000110101001111110011011100 
2 2 2 2 0 0 0 0  01010000010100001111000010010000110100001001000010010101010000001111000010000000010101011111000010000000100000001000000010010000101100001101000011110000111111001111000011000000110101001111000011011100 
2 2 2 2 2 2 2 0  01010100010100001111000010010000110100001001000010010000010111001111001011110000010101000111111111111111111111111111000010010000111110001101000011110000111111001111000011001101110101001111110011011100 
2 2 2 2 2 2 2 0  01010101010101011111110010011111111111111111111111111111111111111111111111111111111111111111111111111111111111111111111111111111111100001101000011110000111111001111000011001101110101001111110011011100 
3 0 0 0 0 0 0 0  10000000100000001000000010000000100000001000000010000000100000001000000010000000100000001000000010000000100000001000000010000000100000001000000010000000100000001000000010000000100000001001110011011100 
2 2 0 0 0 0 0 0  11010000100000001001000010000000100000001000000010000000100000001000000010000000100000001000000010000000100000001000000010000000100000001000000010000000100000001000000010000000100000001000000010000000 
3 2 0 0 0 0 0 0  10000000100100001001000010010000110100001001000010010000100000001000000010000000100000001000000010000000100000001000000010000000100000001000000010000000100000001000000010000000100000001000000010000000 
2 2 2 2 2 2 2 0  01010100010101001111010011111111111111111111110011111101010111001111001011110000010101000111111111111111111111111111110010010000111110001101000011010111111111001111011001001101110101001111110011011100 
2 2 2 2 2 2 0 0  01010100010100001111000010010000110100001001000010010000010111010011000010000000010101011111000010000000100000001000000010010000101100001101000011110000111111001111011001001101110100001001110011011100 
2 2 2 2 2 2 2 0  01010100010101001111010011111111110100111111111111111111111111111111111111111111111111111111111111111111111111111111111111111111111111111111111111010000111111001111011001001101110101101111110011011100 
3 2 0 0 0 0 0 0  10000000100100001001000010010000110100001001000010010000100000001001000010000000010101011111000010000000100000001000000010010000101100001101000011110000111111001111000011000000100000001111110011011100 
2 2 2 2 2 2 2 0  01010000010101001111010011111111111111111111110011111101010111001111001011110000010101000111111111111111111111111111110010010000111110001101000011010111111111001111011001001101110101001111110011011100 
3 2 0 2 2 2 0 0  10000000100100001001000010010000110100001001000010010000100000001001000010000000010101011111000010000000100000001000000010010000101100001101000011110000111111001111000011001101110101001111100010011100 
2 2 2 2 2 2 2 0  11010101110101001111010011111111111111111111110011111101010111001111001011110000010101000111111111111111111111111111110010010000111110001101000011010111111111001111011001001101110101001111110011011100 
3 0 0 0 0 0 0 0  10000000100000001000000010000000100000001000000010000000100000001000000010000000100000001000000010000000100000001000000010000000100000001000000010000000100000001000000010000000100000001000000010010000 
3 2 0 0 0 0 0 0  10000000100100001001000010010000110100001001000010010000100000001001000010000000010000001000000010000000100000001000000010000000100000001000000010000000100000001000000010000000100000001000000010000000 
2 2 2 2 2 2 2 0  01010000010100001111010010010000110100001011001111011101010111001111001011110000010101011111111111011111111011111111000010010000101101111111000011110000111111001111000011001101110101001111110011011100 
2 2 2 2 2 2 2 0  01010000010101001111000010010000110100001011001111111101010111001111001111100000010101011111000011111111111111111111000010010000101100001101000011110000111111001111000011001101110101001111110011011100 
2 2 2 2 2 2 0 0  01010000010101001111000010010000110100001001000010010000111111001111000010000000010101011111000011011111111011111111000010010000101100001101000011110000111111001111000011001101110101001111100010011100 
2 2 2 2 0 2 0 0  01010100010101001111010011110000110100001001000010010000100000001111000010000000010101011111000010000000100000001000000010010000101100001101000011110000111111001111000011001101110101001111100010011100 
2 2 2 2 2 2 2 0  01010000010101001111000010010000110100001011001111111101010111001111001011110000010101000111111111111111111111111111110010010000111110001101000011010000111111001111000011001101110101001111110011111110 
2 2 2 2 2 2 2 0  01010100010101001111010011111111111111111111110011111101010111111111111111111111111111111111111111111111111111111111111111111111111111111111111111111111111111111111111111111111111111111111111111011100 
3 2 2 2 0 0 0 0  10000000100100001001000010010000110100001001000010010000100000001111001010000000010101011111000010000000100000001001000010010000101100001101000011110000111111001111000011000000110101001111010011011100 
3 2 0 2 0 2 0 0  10000000100100001001000010010000110100001001000010010000100000001111001010010000100000001000000010000000100000001000000010000000100000001000000010000000100000001000000010000000110101001111100010011100 
2 2 0 2 0 2 0 0  01010100010100001111000010010000110100001001000010010000100000001111000010000000010101011111000010000000100000001000000010010000101100001101000011110000111111001111000011001101110101001111100011011100 
2 2 2 2 2 2 2 0  01010000010101001111000010010000110100001001000010010000111111001111000010000000010101011111000011011111111011111111000010010000101100001101000011110000111111001111011001001101110101001111110011011100 
2 2 2 2 2 2 2 0  11010101110101001111010011111111111111111111110011111101010111001111001011110000010101000111111111111111111111111111111111111111111111111101000011110000111111001111011001001101110101101111110011011100 
2 2 2 2 0 2 0 0  01010000010101001111000010010000110100001001000010010000100000001111000010000000010101011111000010000000100000001000000010010000101100001101000011110000111111001111000011001101110101001111100010011100 
2 2 2 2 2 2 2 0  01010101010101011111110010011111111111111111111111111111111111001111001011111111111111111111111111111111111111111111111111111111111111111111111111110000111111001111000011001101110101001111110011011100 
2 2 0 2 0 0 0 0  01010000010100001001000010010000110100001000000010000000100000001000000010000000100000001000000010000000100000001000000010000000100000001000000010000000100000001000000010000000100000001000000010000000 
2 2 2 2 0 2 0 0  01010100010101001111010011110000110100001001000010010000010111010011000010000000010101011111000010000000100000001000000010010000101100001101000011110000111111001111011001001101110100001001110011011100 
3 2 0 0 0 0 0 0  10000000100100001001000010010000110100001001000010010000100000001001000010000000010101011111000010000000100000001000000010000000100000001000000010000000100000001000000010000000100000001000000010000000 
2 2 2 2 2 2 2 0  11010101110101001111010011111111111111111111110011111101010111001111001011110111111111111111111111111111111111111111111111111111111111111111111011110000111111001111000011001101110101001111110011111110 
3 2 0 0 0 0 0 0  10000000100100001001000010010000110100001001000010000000100000001000000010000000100000001000000010000000100000001000000010000000100000001000000010000000100000001000000010000000100000001000000010000000 
2 2 2 2 2 2 2 0  11010101110101001111010011111111111111111111110011111101010111001111001011110000010101011111000011011111111011111111000010010000101100001101000011110000111111001111011001001101110101001111110011011100 
2 2 2 2 2 2 2 0  01010100010101001111010011111111111111111111110011111101010111111111111111111111111111111111111111111111111111111111110010010000111110001101000011010111111111001111011001001101110101001111110011011100 
2 2 2 2 0 2 0 0  01010000010100001111000010010000110100001001000010010000100000001111000010010000010101000111111111111111111111001000000010010000101100001101000011110000111111001111000011001101110101001111100010011100 
2 2 2 2 2 2 2 0  11111111110101011111110010011111111111111111111111001111111111111111111111111111111111111111111111111111111111111111111111111111111111111111111111111111111111111111011001001101110101001111110011011100 
2 2 2 2 2 2 2 0  11111111110101011111110010011111111111111111111111001111111111111111111111111111111111111111111111111111111111111111111111111111111111111111111111111111111111111111111111111111111111111111111111111110 
2 2 0 2 0 0 0 0  10000000100100001001000010010000110100001001000010010000100000001001000010000000010101011111000010000000100000001000000010010000101100001101000010000000100000001000000010000000100000001000000010000000 
2 2 2 2 0 2 0 0  01010100010101001111000010010000110100001001000010010000100000001111000010000000010101011111000010000000100000001000000010010000101100001101000011110000111111001111000011001101110101001111100010010000 
2 2 2 2 2 2 2 0  01010100010101001111010011111111111111111111000010010000010111001111001011110000010101000111111111111111111111111111000010010000111110001101000011110000111111001111000011001101110101001111110011010000 
2 2 0 0 0 0 0 0  11010000100100001001000010010000110100001001000010010000100000001000000010000000100000001000000010000000100000001000000010000000100000001000000010000000100000001000000010000000100000001000000010000000 
2 2 2 2 0 2 0 0  01010000010100001111010011110000110100001001000010010000100000001111000010000000010101011111000010000000100000001000000010010000101100001101000011110000111111001111000011001101110101001111100010011100 
2 2 2 2 0 2 0 0  01010000010100001111000010010000110100001001000011111101010111001111001011110000010101011111000010000000101111111111000010010000111110001101000011110000111111001111000011001101110101001111110011010000 
3 0 0 0 0 0 0 0  10000000100100001001000010010000110100001001000010010000100000001001000010000000010101011111000010000000100000001000000010010000100000001000000010000000100000001000000010000000100000001000000010000000 
2 2 2 2 2 2 2 0  01010100010101001111010011111111111111111111110011111101010111001111001011111111111111111111111111111111111111111111111111111111111111111111111111110000111111001111000011001101110101001111110011111110 
2 2 2 2 0 2 0 0  01010000010100001111000010010000110100001001000010010000100000001111000010000000010101011111000010000000100000001000000010010000101100001101000011110000111111001111000011001101110101001111100010011100 
2 2 2 2 0 2 0 0  01010000010100001111000010010000110100001001000010010000110111001111001011110000010101011111000010000000100000001000000010010000001100001101000011110000111111001111000011001101110101001111110010000000 
2 2 2 2 2 2 2 0  01010100010101001111010011110000110100001001000010010000100111001111001011110000010101011111000011011111111011111111000010010000101100001101000011110000111111001111011001001101110101001111110011011100 
2 2 2 2 0 2 0 0  01010000010100001111000010010000110100001001000011111101010111001111001011110000010101011111000010000000100000001000000010010000101100001101000011110000111111001111000011001101110101001111100010011100 
2 2 2 2 2 2 0 0  01010100010101001111010011110000110111111111110011111101010111001111000010000000010101011111000010000000100000001000000010010000101100001101000011110000111111001111011001001101110100001001110011011100 
3 2 0 0 0 0 0 0  10000000100100001000000010000000100000001000000010000000100000001000000010000000100000001000000010000000100000001000000010000000100000001000000010000000100000001000000010000000100000001000000010000000 
2 2 2 2 2 2 2 0  11010101111111111111111111111111111111111111111111111101010111001111001111111111111111111111111111111111111111111111111111111111111111111111111011110000111111001111000011001101110101001111110011111110 
2 2 2 2 0 2 0 0  11010000010100001111010011110000110100001001000010010000100000001111000010000000010101011111000010000000100000001000000010010000101100001101000011110000111111001111000011001101110101001111100010011100 
2 2 2 2 0 2 0 0  01010000010101001111000010010000110100001001000010010000100000001111000010000000010101011111000010000000100000001000000010010000101100001101000011110000111111001111000011001101110101001111100010010000 
2 2 2 2 2 2 2 0  11010101111111111111111111111111111111111111111111111111111111111111111111111000010101000111111111111111111111111111110010010000111110001101001111111111111111001111000011001101110101001111110011011100 
2 2 0 2 0 2 0 0  01010100010101001111010011110000110100001001000010010000100000001111000010000000010101011111000010000000100000001000000010010000101100001101000011110000111111001111000010000000100000001111110011011100 
2 2 2 2 2 2 2 0  01010000010100001111000010010000110100001001000011111101010111001111001011110000010101000111111111111111111111111111110010010000111110001101000011111111111111001111011001001101110101001111110011011100 
3 2 0 0 0 0 0 0  10000000100100001000000010000000100000001000000010000000100000001000000010000000100000001000000010000000100000001000000010000000100000001000000010000000100000001000000010000000100000001001110011011100 
2 2 2 2 0 2 0 0  01010100010100001111000010010000110100001001000010010000100000001111000010000000010101011111000010000000100000001000000010010000101100001101000011110000111111001111000011000000110101001110000010000000 
2 2 2 2 2 2 2 0  11010101110101001111010011111111111111111111110011011101011111111111111111111111111111111111111111111111111111111111111111111111111111111111111111111111111111001111000011001101110101001111110011111110 
3 2 0 0 0 0 0 0  10000000100100001000000010000000100000001000000010000000100000001000000010000000100000001000000010000000100000001000000010000000100000001000000010000000100000001000000010000000100000001111110011011100 
3 0 0 0 0 0 0 0  10000000100000001000000010000000100000001000000010000000100000001000000010000000100000001000000010000000100000001000000010000000100000001000000010000000100000001000000010000000100000001111110010000000 
2 2 2 2 2 2 2 0  11010101110101001111010011111111111111111111111111111111111111111111111111111111111111111111111111111111111111111111111111111111111111111111111111111111111111111111111111111111111111111111111111111110 
2 2 2 2 0 2 0 0  01010100010101001111010011110000110100001001000010010000100000001111000010000000010101011111000010000000101111111111000010010000111110001101000011110000111111001111000011001101110101001111110011010000 
2 2 2 2 0 2 0 0  01010100010101001111010011110000110100001011001111111101010111001111000010000000010101011111000010000000100000001000000010010000101100001101000011110000111111001111000011001101110101001111100010011100 
3 2 0 2 0 0 0 0  10000000100100001001000010010000110100001001000010010000100000001111001010000000010101011111000010000000100000001001000010010000101100001101000011110000111111001111000011000000110000001000000010000000 
3 2 0 0 0 0 0 0  10000000100100001001000010010000110100001001000010010000100000001001000010000000010101011111000010000000100000001000000010010000101100001101000011110000111111001111000011000000100000001000000010000000 
