4 1 0 0 0 0 0 0  10000000100000001000000010000000100000001000000010000000100000001000000010000000100000001000000010000000100000001000000010000000100000001000000010000000100000001000000010000000100000001000000010000000 
4 0 0 0 0 0 0 0  10001000100000001000000010000000100000001000000010000000100000001000000010000000100000001000000010000000100000001000000010000000100000001000000010000000100000001000000010000000100000001000000010000000 
4 0 0 0 0 0 1 0  10000000100000001000000010000000100000001000011110000000100000001000000010000000100000001000000010000000100000001000000010000000100000001000000010000000100000001000000010000000100000001000000010001111 
4 1 0 0 0 0 1 0  10000000100000001000000010000000100000001000000010000000100000001000000010000000100000001000000010000000100000001000000010000000100000001000000010000000100000001000000010001000100010001000000010000000 
2 1 2 1 1 2 1 0  11010101111101001111111111111111111111111111111111111111111111111111111111111111111111111111111111111111111111111111111111111111111111111111111111111111111111111111111111111111111111111111111111111110 
4 0 0 0 0 0 0 0  10001000100000001000000010000000100000001000000010000000100000001000000010000000100000001000000010000000100000001000000010000000100000001000000010000000100000001000000010000000100000001000100011010100 
2 1 2 1 1 2 1 0  11010101111101001111110111111111111111111111111111111111111111111111111111111111111111111111111111111111111111111111111111111111111111111111111111111111111111111111111111111111111111111111111111111110 
2 1 2 1 1 2 1 0  11010101111111111111111111111111111111111111111111111111111111111111111111111111111111111111111111111111111111111111111111111111111111111111111111111111111111111111111111111111111111111111111111111110 
2 1 2 1 1 2 1 0  11111111111111111111111111111111111111111111111111111111111111111111111111111111111111111111111111111111111111111111111111111111111111111111111111111111111111111111111111111111111111111111111111111110 
2 3 2 1 1 2 0 0  01010100010101001111100010011100100000001000100010011000110110001000111111110000100000001111000001111101100000001000000010011000110100001000110010001000011111001111000010001000100010001111000011010100 
2 3 2 1 1 2 1 0  01010100010101001111110111111111011111111111111111111111111111111111111111111111111111100011110001111101111111111111111111111000110101110111110011010000011111001111111111111100100011111111000011010100 
4 1 0 0 0 0 0 0  10000000100000001000000010000000100000001000000010000000100000001000000010000000100000001000000010000000100000001000000010000000100000001000000010000000100000001000100010000000100000001000000010000000 
2 1 0 1 1 2 0 0  10001000100011001000110010011100100111001000100010000000100000001000000010000000100000001000000010000000100000001000000010000000100000001000000010000000100000001000000010001000100010001100000010010100 
2 1 2 1 1 2 1 0  11111111111111111101110111111111111111111111111111111111111111111111111111111111111111111111111111111111111111111111111111111000110101110111110011010000011111001111000011001100100011001111000011010100 
2 1 0 1 1 2 0 0  10001000100010001000100010011100100111001000100010000000100000001000000010000000100000001000000010000000100000001000000010000000100000001000000010000000100000001000000010001000100010001100000010010100 
2 1 2 1 1 2 1 0  11010111111111111111111111111111111111111111111111111111111111111111111111111111111111111111111111111111111111111111110000111000110101110111110011010011111111111111111110011111111011001101110011010100 
2 3 2 1 1 2 0 0  01010100010101001111110010011100100011011100100011111100110110001000111111110000100000001111000001111101100000001000000010011000110100001000110010001000011111001111000010001000100010001111000011010100 
2 1 2 1 1 2 1 0  11010111111111111111111111111111111111111111111111111111111111111111111111111111111111111111111111111111111111111111111111111111111111111111111111111111111111111111111111111111111111111111111111111110 
2 3 2 1 1 2 0 0  01010100010101001111100010011100100000001000100010011000111100001000110010000000100000001000000010000000100011001000000010011000110101001001110011010000011111001111000010001000100010001111000011010100 
2 1 2 1 1 2 1 0  11010101111101001111110110011100101111111111111111111111111111111111111111111111111111111111111111111111111111111111111111111111111111111111111111111111111111111111110010001100100011001101110011010100 
2 1 0 0 0 0 1 0  10001000100010001000100010000000100000001000000010000000100000001000000010000000100000001000000010000000100000001000000010000000100000001000000010000000100000001000000010001000100010001000000010000000 
2 1 0 1 1 2 0 0  10001000100010001000100010011100100111111000100010011000110110001000000010000000100000001000000010001000100011001000000010011000110111001001110010001000100011001100110010001100100011001101110011010100 
2 1 0 0 0 0 0 0  10001000100000001000000010000000100000001000000010000000100000001000000010000000100000001000000010000000100000001000000010000000100000001000000010000000100000001000100010000000100000001000000010000000 
2 1 2 1 1 2 1 0  11010101111101001111110110011100101111111111111111111110111100001000110011111111111111111111110001111111111111111111111111111000110101001000110010001000011111001000110010001100100011001101110011010100 
4 1 0 0 0 0 1 0  10001000100000001000000010000000100000001000000010000000100000001000000010000000100000001000000010000000100000001000000010000000100000001000000010000000100000001000000010001000100010001000000010000000 
2 1 0 1 1 2 0 0  10001000100011001000100010011100100111111000100010011000110110001000000010000000100000001000000010001000100011001000000010011000110111001001110010001000100011001100110010001100100011001101110011010100 
2 1 0 1 1 2 1 0  10001000100011001000110010011100100111111111111111111111111111111111111111111111111111111111111111111111111111111111111111111111111111111111111111111100100011001000110010001100100011001101110011010100 
2 1 2 1 1 2 1 0  10001000100011001000110010011100100111111000111111111110111100111111111111111111111111111111111111111111111111111111111111111111111111111111111110001000100011001100110010001100100011001101110011010100 
2 3 2 1 1 2 0 0  01010100010101001111100010011100100000001000100010011000110110001000111111110000100000001111000001111101101011101111000000111000110100001001110011010000011111001111000011001000100010001111000011010100 
2 1 0 1 1 2 0 0  10001000100011001000110010011100101111001000100010011000111100001000110011111000100111111111110001111000100011001000000010011000110111001001110010001000100011001100110010001100100011001101110011010100 
4 1 0 1 1 2 0 0  10000000100000001000000010000000100000001000000010000000100000001000110010000000100000001000000010000000100011001000000010011000100000001001110010001000100011001000110010001100100011001101110011010100 
2 1 0 1 1 2 0 0  10001000100010001000100010011100100111001000100010000000100000001000000010000000100000001000000010000000100000001000000010000000100000001000000010000000100000001000000010001100100011001101110011010100 
2 1 0 1 1 2 1 0  10001000100011001000110111111111111111111111111111111111111111111111111111111111111111111111111111111111111111111111111111111111111111111111111111111110100011001100110010001100100011001101110011010100 
2 1 0 1 1 2 0 0  10001000100010001000100010011100100111001000100010011000111100001000110011111000100111111111110001111000100011001000000010011000110111001001110010001000100011001100110010001100100011001101110011010100 
2 1 0 1 1 2 0 0  10001000100010001000100010011100100111001000100010000000100000001000000010000000100000001000000010000000100000001000000010001000110101001001110011010000100011001000110010001100100011001101110011010100 
2 1 2 1 1 2 1 0  11010101111101001111110110011100101111111111111111111111111111111111111111111111111111111111111111111111111111111111111111111111110101001001110010001000100011001100110010001100100011001101110011010100 
4 1 0 1 1 2 0 0  10000000100000001000000010000000100000001000000010000000100000001000000010000000100000001000000010000000100000001000000010000000100000001000000010000000100000001000100010001100100011001101110011010100 
4 1 0 1 1 2 0 0  10000000100000001000000010000000100000001000000010000000100000001000000010000000100000001000000010000000100000001000000010000000100000001000000010000000100011001100110010001100100011001101110011010100 
2 3 2 1 1 2 1 0  01010100010101001111110010011100100011011100100011111100111100001000110011111000100111111111110001111000111111111111111111111111110101001001110010001000100011001100110010001100100011001101110011010100 
2 1 0 1 1 2 1 0  10001000100010001000100010011100100111111000100010011000110110001000110010000000100111111111110010000000100000001000000010000000100111001001110010001000100011001100110010001100111011001101110011010100 
2 1 0 0 0 0 0 0  10001000100010001000100010000000100000001000000010000000100000001000000010000000100000001000000010000000100000001000000010000000100000001000000010000000100000001000100010000000100000001000000010000000 
2 1 0 1 1 2 0 0  10001000100010001000100010011100100111001000100010000000100000001000000010000000100000001000000010000000100011001111111010011000110101001001110010001000100011001000110010001100100011001101110011010100 
2 1 0 1 1 2 0 0  10001000100010001000100010011100100111001000100010011000111100001000110011111000100111111111110001111000100011001000000010011000110111001001110010001000100011001100100010001000100010001101110011010100 
2 1 0 1 1 2 0 0  10001000100010001000100010011100100111001000100010000000100000001000000010000000100000001000000010000000100000001000000010000000100000001000000010000000100011001100110010001100100011001101110011010100 
2 0 0 0 1 2 0 0  10001000100010001000100010101000100000001000000010000000100000001000000010000000100000001000000010000000101010001000000010000000100000001000000010000000100000001000000010000000100000001000000010000100 
2 3 2 1 1 2 1 0  11011111111111111111111111111111111111111111111111111111111111111111111111111111111111111111111111111111111111111111111111111111111111111111111111111111111111111111111111111111111111111111111111111110 
2 3 2 1 1 2 0 0  01010100010101001111100010011100100000001000100010011000110110001000000010000000100000001000000010000000100000001000000010011000110100001111110011010000011111001111000011001100100011001111000011010100 
2 1 0 1 1 2 0 0  10001000100011001000110010011100100111001000100010011000111100001000000010000000100000001000000010000000100000001000000010000000100000001000000010000000100011001100110010001100100011001101110011010100 
2 1 0 1 1 2 0 0  10001000100011001000110010011100100111001000100010000000100000001000000010000000100000001000000010000000100000001000000010000000100000001000000010000000100011001100110010001100100011001101110011010100 
4 1 0 1 1 2 0 0  10000000100000001000000010000000100000001000000010000000100000001000000010000000100000001111110001111000100011001000000010011000110111001001110010001000100011001100100010001000100010001101110011010100 
2 1 2 1 1 2 1 0  10001000100011001000110010011100101111111111111111111111111111111111111111111111111111111111110001111000100011001111111010011111110101001001110011111000100011001100110010001100100011001101110011010100 
2 3 2 1 1 2 1 0  01010100010101001111110111111111111111111111111111111111111111111111111111111111111111111111111111111111111111111111111111111111111111111111110010001000100011001100110010001100100011001111000011010100 
4 1 0 1 1 2 0 0  10000000100000001000000010000000100000001000000010011000110110001000110010000000100111111111110010000000100000001000000010000000100111001001110010001000100011001100110010001100100011001101110011010100 
2 3 2 1 1 2 0 0  01010100010101001111110010011100100011011100100011111100111100001000110010000000100000001000000010000000100011001000000010011000110101001001110011010000011111001111000010001000100010001111000011010100 
4 1 0 1 1 2 0 0  10000000100000001000000010000000100000001000000010000000100000001000110010000000100000001000010001111000100011001000000010011000110101001001110011010000100011001000110010001100100011001101110011010100 
4 1 0 0 0 0 0 0  10000000100000001000000010000000100000001000000010000000100000001000000010000000100000001000000010000000100000001000000010000000100000001000000010000000100000001000000010000000100000001000000010001110 
2 1 0 0 1 2 0 0  10001000100010001000100010000000100000001000000010000000100000001000000010000000100000001000000010000000100000001000000010000000100000001000000010000000100000001000000010001000100010001000000010000100 
2 3 2 1 1 2 0 0  01010100010101001111110010011100100011011100100011111101111110001000110011111000100111111111110001111000100011001000000010011000110111001001110010001000100011001100110010001100100011001101110011010100 
2 1 0 1 1 2 0 0  10001000100011001000110010011100101111001000100010011000111100001000110011111000100111111100000010001000100011001000000010011000110111001001110010001000100011001100110010001100100011001101110011010100 
2 3 0 1 1 2 0 0  01010100010101001111110010011100100011011100100011111100111100001000110011111000100111111111110001111000100011001111111010011000110111001001110010001000100011001100110010001100100011001101110011010100 
2 1 0 1 1 2 0 0  10001000100010001000100010011100100111001000100010000000100000001000000010000000100000001000000010000000100000001000000010000000100000001001110010001000100011001100110010001100100011001101110011010100 
2 1 0 1 1 2 0 0  10001000100011001000100010011100100111111000100010000000100000001000110010000000100000001000000010000000100011001000000010011000100000001001110010001000100011001000110010001100100011001101110011010100 
2 1 2 1 1 2 1 0  11010101111101001111110010011100100011011111111010011000111100001000110011111111111111111111110001111111111111111111111111111000110101001001110011010000011111001100110010001100100011001101110011010100 
2 1 0 1 1 2 0 0  10001000100010001000100010000000100000001000000010000000100000001000000010000000100000001000000010000000100000001000000010000000100000001000000010000000100000001000000010001000100011001101110011010100 
2 1 0 1 1 2 0 0  10001000100010001000100010000000100000001000000010000000100000001000000010000000100000001000000010000000100000001000000010000000100000001000000010001000100011001100100010001000100010001101110011010100 
2 1 2 1 1 2 1 0  11010101111101111111111111111111111111111111111111111111111111111111111111111111111111111111111111111111111111001111111010011111110101001001110011010000011111001100110010001100100011001101110011010100 
2 3 0 1 1 2 0 0  01010100010101001111100010011100100000001000100010011000100000001000000010000000100000001000000010000000100000001000000010000000100000001000000010001000100011001100100010001000100010001101110011010100 
4 1 0 1 1 2 0 0  10000000100000001000000010000000100000001000000010000000100000001000000010000000100000001000000010000000100000001000000010000000100000001000000010001000100011001100110010001100100011001101110011010100 
2 1 2 1 1 2 0 0  10001000100010001000100010011100100011011100100011111101111110001000110011111000100111111111110001111000100011001000000010011000110111001001110010001000100011001100110010001100100011001101110011010100 
2 1 2 1 1 2 1 0  11010101111111111111111111111111111111111111111111111111111111111111111111111111111111111111111111111111111111111111111111111111110101001001110011111000100011001100110111111111111111111111111111111110 
2 1 2 1 1 2 1 0  11111111111111111111111111111111111111111111111111111111111111111111111111111111111111111111111111111111111111111111111111111111111111111111111011010000100011001000110010001100100011001101110011010100 
2 1 2 1 1 2 1 0  11010101111111111111111111111111111111111111111111111111111111111111111111111111111111111111111111111111111111111111111111111000110101001001110011010000011111001100110010001100100011001101110011010100 
2 3 2 1 1 2 0 0  01010100010101001111110010011100100011011111111111111111111111111111110011111000100111111111110001111000100011001111111010011111110101001001110011010000011111001100110010001100100011001101110011010100 
2 3 2 1 1 2 0 0  01010100010101001111100010011100100000001000100010011000111100001000110011111000100111111111110001111000100011001111000010011000110111001001110010001000100011001100110010001100100011001101110011010100 
2 1 2 1 1 2 1 0  11010101111101001111110110011100100111001000100010011000111100001000110011111000100111111111110001111000100011001111111010011111110101001001110011010000011111001111110010001100100011001101110011010100 
4 1 0 1 1 2 0 0  10000000100000001000000010000000100000001000000010000000100000001000000010000000100000001000000010000000100000001000000010000000100111001001110010001000100011001100110010001100100011001101110011010100 
2 3 2 1 1 2 0 0  01010100010101001111110010011100100011011100100011111101111110001000110011111000100111111111110001000000100000001000000010001000110101001001110011010000100011001000110010001100100011001101110011010100 
2 1 0 1 1 2 0 0  10001000100011001000110010011100100011011100100011111100111100001000110011111000100111111111110001111000100011001111111010011000110111001001110010001000100011001100110010001100100011001101110011010100 
2 1 0 1 1 2 0 0  10001000100011001000110010011100100111111000111111111110111100001000110011111111111111111111111111111111111111101111000010011000110111001001110011010000100011001000110010001100100011001101110011010100 
2 1 0 1 1 2 0 0  10001000100011001000110010011100100111001000100010011000111100001000110011111000100111111111110001111000100011001111111010000000100000001000000010001000100011001100100010001000100010001101110011010100 
2 1 0 1 1 2 0 0  10001000100010001000100010011100100111001000100010000000100000001000000010000000100000001000000011111000100011001000000010011000110111001001110010001000100011001100110010001100100011001101110011010100 
4 1 0 0 0 0 0 0  10000000100000001000000010000000100000001000000010000000100000001000000010000000100000001000000010000000100000001000000010000000100000001000000010000000100000001000000010000000100011001101110011010100 
2 1 0 1 1 2 0 0  10001000100011001000110010011100100000001000000010000000100000001000000010000000100000001000000010000000100000001000000010000000100000001000000010000000100011001000110010001100100011001101110011010100 
2 3 2 1 1 2 1 0  01010100010101001111110010011100101111111111111111111111111111111111111111111111111111111111110001111000100011001111111010011111110101001001110011010000011111001111110010001100100011001101110011010100 
2 1 0 1 1 2 0 0  10001000100011001000110010011100100011011100100011111101111110001000110011111000100111111111110001111000100011001000000010011000110111001001110010001000100011001100110010001100100011001101110011010100 
4 1 0 1 1 2 0 0  10000000100000001000000010000000100000001000000010000000100000001000000010000000100000001000000010000000100000001000000010000000100000001000000010000000100000001000000010001100100011001101110011010100 
2 1 0 1 1 2 0 0  10001000100011001000110010011100100111001000100010000000100000001000000010000000100000001000000010000000100011001000000010011000110111001001110010001000100011001100110010001100100011001101110011010100 
2 1 0 1 1 2 0 0  10001000100011001000110010011100100110001000100010011000111100001000110010000000100000001000000010000000100011001000000010011000110101001001110010001000100011001000110010001100100011001101110011010100 
2 1 0 1 1 2 1 0  10001000100011001000110010011100100111001000100010011000111100001111111111111111111111111111110001111000100011001111111010011111110101001001110011111000100011001100110010001100100011001101110011010100 
2 3 2 1 1 2 0 0  01010100010101001111110010011100100011011100100011111100111100001000000010000000100000001000000010000000100000001000000010011000110100001111110011010000011111001111000011001100100011001111000011010100 
2 1 2 1 1 2 0 0  11010101111111001111110010011100100011011100100011111101111110001000110011111000100111111111110001111000100011001000000010011000110111001001110010001000100011001100110010001100100011001101110011010100 
2 1 0 0 0 0 0 0  10001000100010001000000010000000100000001000000010000000100000001000000010000000100000001000000010000000100000001000000010000000100000001000000010000000100000001000100010000000100000001000000010000000 
2 1 0 1 1 2 0 0  10001000100011001000110010011100100111001000100010011000110110001000110010000000100111111111110010000000100000001000000010000000100111001001110010001000100011001100110010001100100011001101110011010100 
2 1 2 1 1 2 1 0  10001000100011001000110010011100100111111000111111111110111100001000110011111000100111111111110001111000100011001111111010011111110101001001110011010000011111001111110010001100100011001101110011010100 
2 1 2 1 1 2 0 0  10001000100011001000110110011100101111111111111111111111111111111111111111111111111111111111111111111111111111111111111111111111111111111111111111111111111111111111111111111100100011001101110011010100 
4 1 0 1 1 2 0 0  10000000100000001000000010000000100000001000000010000000100000001000000010000000100000001000000010001000100011001000000010011000110111001001110010001000100011001100110010001100100011001101110011010100 
2 1 2 1 1 2 0 0  11010101110101001111110010011100100011011100100011111101111110001000110011111000100111111111110001111000100011001000000010011000110111001001110010001000100011001100110010001100100011001101110011010100 
2 1 0 1 1 2 0 0  10001000100011001000110010011100100111001000100010010000100000001000000010000000100000001000000010001000100011001000000010011000110111001001110010001000100011001100110010001100100011001101110011010100 
2 1 0 1 1 2 1 0  10001000100010001000100010011100100111001000100010000000100000001000000010000000100000001000000010000000100000001000000010000000100000001001110010001000100011001100110010001100100011001101110011011110 
2 1 0 1 1 2 0 0  10001000100011001000110010011100100011011100100011111101111110001000110011111000100111111111110001111000100011001001111111111000110101001001110011010000011111001100110010001100100011001101110011010100 
