5 0 0 0 0 0 0 0  10000000100000001000000010000000100000001000000010000000100000001000000010000000100000001000000010000000100000001000000010000000100000001000000010000000100000001000000010000000100000001000000010000000 
5 2 0 2 0 0 0 0  10000000100100001000000010000000100000001000000010000000100000001000000010000000100000001000000010000000100000001000000010000000100000001000000010000000100000001000000010000000100000001000000010000000 
5 0 0 0 0 0 0 0  10000000100000001000000010000000100000001000000010000000100000001000000010000000100000001000000010000000100000001000000010000000100000001000000010000000010100001000000010000000100000001000000010000000 
2 2 2 2 2 2 2 0  11111111111111111111111111111111111111111111111111111111111111111111111111111111111111111111111111111111111111111111111111111111111111111111111111111111111111111111111111111111111111111111111011111110 
2 2 2 2 1 2 2 0  01010000010101000101010011110000101100001111111111111111010110111001111111111100111111111111111111000000100100001101011001011100100101100111000011111010010100001011010001111111111100001011000011010000 
5 0 0 0 0 0 0 0  10000000100000001000000010000000100000001000000010000000100000001000000010000000100000001000000010000000100000001000000010000000100000001000000010000000100000001000000010000000100000001001000011010100 
2 2 2 2 2 2 2 0  11111111111111111111010011111100111101111111111111111111011111111111111111111111111111111110111111111100111101100111001001011101001101110101010011111110010100000011010001111111111111111001000011010100 
2 2 2 2 0 2 2 0  01010000010101000101010011110000111100001111000010011111010110111001111111111100111111101000000010000000100100001101011001011100100101100111000011111010010100001011010001111111111100001011000011010000 
5 0 0 0 0 0 0 0  10000000100000001000000010000000100000001000000010000000100000001000000010000000100000001000000010000000100000001000000010000000100000001000000010000000100000001000000010000000111100001011000011010000 
2 2 2 2 2 2 2 0  11111111111111111111010011111100111111111111111111111111111111111111111111111111111111111111111111111111111111111111111111111111111111111111111111111111111111111111111111111111111111111111111011111110 
5 0 0 0 0 0 0 0  10000000100100001001000010000000100000001000000010000000100000001000000010000000100000001000000010000000100000001000000010000000100000001000000010000000100000001000000010000000100000001000000010000000 
5 2 0 2 0 0 0 0  10000000100100001001000010010000111100001111000010000000100000001000000010000000100000001000000010000000100100001101011010000000100100001000000010000000010100001000000010000000100000001000000010000000 
2 2 2 2 0 2 2 0  01010000010101000101010011110000111100001111111111111111010000001011111111111111111111111110000010000000100100001101011001011100100101100111000011111010010100000011010001111111111101111111000011010100 
5 2 0 2 0 0 0 0  10000000100100001000000010000000100000001000000010000000100000001000000010000000100000001000000010000000100000001000000010000000100000001000000010000000100000001000000010000000100000001001000011010000 
5 2 1 2 0 0 0 0  10000000100000001000000010000000100000001000000010000000100000001000000010000000100000001000000010000000100000001000000010000000100000000111000011110000010100001000000010000000111100001011000011010000 
5 2 1 2 0 0 0 0  10000000100100001001000010010000111100001111000011111111010110111001000010000000100000001000000010000000100100001101000010000000100000000111000010000000010100001011010001111111111100001011000011010000 
5 2 0 2 0 0 0 0  10000000100100001001000010010000110000001000000010000000100000001000000010000000100000001000000010000000100000001000000010000000100000001000000010000000100000001000000010000000100000001001000011010000 
5 2 1 2 0 0 0 0  10000000100000001000000011000000111100001111000010000000100000001000000010000000100000001000000010000000100100001101000010000000100100001000000010000000010100001000000010000000100000001000000010000000 
5 2 0 2 0 0 2 0  10000000100100001001000010010000111100001111000010000000100000001000000010000000100000001000000010000000100100001101011010000000100101100111000011111010010100001011000001111111111100001001000011010110 
5 2 0 2 0 0 0 0  10000000100100001001000010010000100000001000000010000000100000001000000010000000100000001000000010000000100000001000000010000000100000001000000010000000100000001000000010000000100000001000000010000000 
2 2 2 2 2 2 2 0  11010101111111111111111111111111111111111111111111111111111111111111111111111111111111111111111111111111111111111111111111111111111111111111111111111111111111111111111111111111111111111111111011111110 
2 2 2 2 2 2 2 0  11111111111101000101010111111111111111111111111111111111111111111111111111111111111111111111111111111111111111111111111111111111111111111111111111111111111111111111010001111111111101111111000011010100 
5 2 0 2 0 0 0 0  10000000100100001001000010010000111100001111000010000000100000001000000010000000100000001000000010000000100100001101011010000000100101001000000010000000100000001000000010000000111100001011000011010000 
2 2 2 2 0 2 2 0  01010000010100000101010011110000111100001111111111111111010000001011111111111111111111111110000010000000100100001101011001011100100101100111000011111010010100000011010001110000111100001001000011010000 
2 2 1 2 0 0 0 0  01010000010100000101000011110000111100001111000011111111010110111001000010000000100000001000000010000000100100001101000010000000100000000111000011110000010100000011010001000000111100001001000011010000 
5 2 0 2 0 0 0 0  10000000100100001001000010010000111100001111000011111111010110111001000010000000100000001000000010000000100100001101000010000000100000000111000011110000010100001000000010000000111100001011000011010000 
5 2 1 2 0 0 0 0  10000000100000001000000010000000100000001111000010000000100000001000000010000000100000001000000010000000100100001101000010000000100100001000000010000000010100001000000001111110111100001001000011010000 
2 2 2 2 2 2 2 0  01010000010101000101000011110000111101111111111111111111010111001111111111111111111111111111111111111100111101100101011001011100100101100101010011111110010100000011010001111111111100001001000011010100 
5 2 1 2 0 0 0 0  10000000100100001001000010010000111100001111000010000000100000001000000010000000100000001000000010000000100100001101000010000000100000000111000011110000010100000011010001000000111100001001000011010000 
5 2 0 2 0 0 0 0  10000000100100001001000010000000101100001000000010000000100000001000000010000000100000001000000010000000100000001001000010000000100100001000000010000000010100001000000010000000100000001000000010000000 
2 2 0 2 0 0 0 0  11010000100100001001000010010000100000001000000010000000100000001000000010000000100000001000000010000000100000001000000010000000100000001000000010000000100000001000000010000000100000001000000010000000 
2 2 2 2 0 2 2 0  01010100010100000101010011110000111100001111111111111111010000001011111111111111111111111110000010000000100100001101011001011100100101100111000011111010010100000011010001110000111100001001000011010000 
2 2 2 2 2 2 2 0  01010100010101000101010011111100111101111111111111111111111111111111111111111111111111111111111111111111111111111111111111111111111111111111111111111111111111111111111111111111111111111111111011111110 
2 2 2 2 2 2 2 0  01010100010101000101010011110000111100001111111111111111010111001111111111111111111111111111111111111100111101100101011001011100100101100101010011111110010100000011010001111111111100001001000011010100 
2 2 1 2 2 2 2 0  01010000010101000101000011110000111100001111000011111111010110111001000010011111111111111111111111111000100100001101011001011100100101100111000011111010010100000011010001110000111100001001000011010000 
2 2 1 2 0 0 0 0  01010000010100000101000011110000111100001111000011111111010110111001000010000000100000001000000010000000100100001101000010000000100000000111000011110000010100001000000010000000111100001001000011010000 
2 2 2 2 2 2 2 0  01010100010101000101010011111100111101111111111111111111010111001111111111111111111111111111111111111100111101100101011001011100100101100101010011111110010100000011010001111111111100001001000011010100 
2 2 1 2 0 2 2 0  01010000010101000101000011110000111100001111000011111111010110111001000010011111111111111111111111111100111101100101011001011100100101100101010011111111111111111111010001111111111101111111000011010100 
2 2 2 2 0 2 2 0  01010100010101000101000011110000111100001111000010011111010110111001111111111100111100001000000010000000100100001101000011011100100101100111000011111010010100000011010001110000111100001001000011010000 
5 2 0 2 0 0 0 0  10000000100100001001000010010000111100001111000010000000100000001000000010000000100000001000000010000000100100001101011010000000100100000111000011110000010100000011010001000000111100001001000011010000 
5 2 0 2 0 0 0 0  10000000100100001000000010000000100000001000000010000000100000001000000010000000100000001000000010000000100000001000000010000000100000001000000010000000010100001000000010000000111100001001000011010000 
2 2 2 2 0 2 0 0  01010100010101000101010011110000111100001111000011111111010110111001111111111100111111101000000010000000100100000101011001000000100100000111000011110000010100000011010001000000111100001001000011010000 
2 2 2 2 2 2 2 0  11010111111111111111111111111111111111111111111111111111111111111111111111111111111111111111111111111111111111111111111111111111111111111111111111111111111111111111111111111111111111111111111011111110 
2 2 2 2 2 2 2 0  11110100111101000101010011111100111101111111111111111111111111001111111111111111111111111111111111111100111101100101011001011100100101100101010011111110010100000011010001111111111101111111000011010100 
2 2 2 2 2 2 2 0  01010100010101000101010011111100111100001111000011111111010110111001111111111110111111111111111111111100111101100101011001011100100101100111000011111110010100000011010001000000111100001001000011010100 
2 2 2 2 2 2 2 0  01010100010100000101000011010000111100001111111111111111010111001111111111111111111111111111111111111100111101100101011001011100100101100101010011111110010100000011010001111111111100001001000011010100 
2 2 1 2 0 2 2 0  01010100010101000101000011110000111100001111000011111111010110111001000010000000100000001000000010000000100100001101011001011100100101100111000011111010010100000011010001110000111100001001000011010000 
2 2 2 2 0 0 0 0  01010000010100000101000011110000111100001111000010000000100000001000000010000000100000001000000010000000100100001101000010000000100000000111000011110000010100000011010001000000111100001001000011010000 
2 2 2 2 2 2 2 0  11010101111111111111110111111100111101111111111111111111111111001111111111111110111111111111111111111100111101100101011001011100100101100111000011111010010100000011010001111111111100001001000011010000 
2 2 1 2 0 2 2 0  01010100010100000101000011010000111100001111111111111111010111001111111111111111111111111111111111000000100100001101011001011100100101100111000011111010010100000011010001110000111100001001000011010000 
5 2 0 2 0 0 0 0  10000000100000001000000010000000100000001111000010000000100000001000000010000000100000001000000010000000100100001101000010000000100000000111000011110000010100001000000010000000111100001001000011010000 
2 2 1 2 0 2 2 0  01010000010101000101000011110000111100001111000011111111010110111001000010011111111111111111111111111100111101100101011001011100100101100101010011111111110100001011000001111100111100001001000011010000 
2 2 2 2 2 2 2 0  01010100010100000101000011010000111100001111000011111111010110111001111111111110111111111111111111111100111101100101011001011100100101100111000011111010010100000011010001111111111100001001000011010000 
2 2 2 2 2 2 2 0  01010100010101000101010011111100111101111111111111111111111111001111111111111111111111111111111111111100111101100101011001011100100101101111111111111111111111111111111111111111111111111111111011111110 
2 2 2 2 2 2 2 0  01010100010101000101010011111100111100001111000011111111010110111001111111111110111111111111111111111100111101100101011001011100100100000111000011110000010100000011010001000000111100001001000011010000 
2 2 2 2 2 2 2 0  11010100010101000101010011111100111101111111111111111111111111001111111111111111111111111111111111111100111101100101011001011100100101100101010011111010010100001011010001111111111100001011000011010000 
2 2 1 2 0 2 2 0  01010000010100000101000011110000111100001111000011111111010110111001000010011111111111111111111111111100111101100101011001011100100101100101010011111111111111111111010001111111111101111111000011010100 
2 2 1 2 0 0 0 0  01010000010100000101000011110000111100001111000011100000100000001000000010000000100000001000000010000000100000001000000010000000100000000111000011110000010100001000000001110000111100001001000011010000 
2 2 0 2 0 0 0 0  11010000100100001001000010010000100000001000000010000000100000001000000010000000100000001000000010000000100000001000000010000000100000001000000010000000100000001000000010000000100000001000000011010000 
2 2 2 2 0 2 2 0  01010000010100000101010011110000111100001111111111111111010000001011111111111111111111111110000011111111111101001101011001011100100101100111000011111010010100000011010001110000111100001001000011010000 
2 2 2 2 2 2 2 0  11110111111111111111111111111111111111111111111111111111111111111111111111111111111111111111111111111111111111111111111111111111111111111111111111111111111111111111111111111111111111111111111011111110 
2 2 2 2 2 2 2 0  11010101111101000101010011111100111101111111111111111111111111001111111111111111111111111111111111111100111101100101011001011100100101100101010011111110010111111111111111111111111111111111111011111110 
5 2 0 2 0 0 0 0  10000000100100001001000010010000111100001111000010000000100000001000000010000000100000001000000010000000100100001101011010000000100100001000000010000000010100001000000010000000100000001000000011010100 
2 2 1 2 2 2 2 0  01010000010101000101000011110000111100001111000011111111010110111001000010011111111111111111111111111100111101100101011001011100100101100111000011111010010100001011010001111111111101111111000011010100 
2 2 1 2 2 2 2 0  11010100110101000101010010001100111101111111111111111111111111001111111111111110111111111111111111111100111101100101011001011100100101100111000011111010010100000011010001110000111100001001000011010100 
2 2 2 2 2 2 2 0  01010100010100000101010011110000111100001111111111111111010000001011111111111111111111111111111111111100111101100101011001011100100101100111000011110000010100000011010001000000111100001001000011010000 
2 2 2 2 0 2 2 0  01010100010100000101000011010000111100001111000010011111010110111001000010011100111111111110000010000000100100001101011001011100100101100111000011111010010100000011010001110011111101111111000011010100 
2 2 1 2 0 2 2 0  01010100010100000101000011010000111100001111000011111111010110111001111111000000100000001000000010000000100100001101011001011100100101100111000011111010010100001011010001111111111100001001000011010000 
2 2 2 2 2 2 2 0  11010100111101000101010011111100111101111111111111111111111111001111111111111111111111111111111111111100111101100101011001011100100101100101010011111110010100000011010001111111111101111111000011010100 
2 2 2 2 0 2 2 0  01010000010101000101000011110000111100001111000011111111010110111001001111111100111100001000000010000000100100001101000011011100100101100111000011111010010100000011010001110000111100001001000011010000 
5 2 1 2 0 0 0 0  10000000100000001000000010000000100000001000000010000000100000001000000010000000100000001000000010000000100000001000000010000000100000000111000010000000100000001000000001000000111100001001000011010000 
2 2 2 2 0 2 2 0  01010000010100000101000011110100111101111111111111111111111111001111111111111110111111111111111111111100111101100101011001011100100101100111000011111010010100000011010001110000111100001001000011010100 
2 2 2 2 2 2 2 0  11010100110101000101010010001100111101111111111111111111111111001111111111111110111111111111111111111100111101100101011001011100100101100111111111111111111111111111111111111111111111111111111011111110 
2 2 1 2 0 2 2 0  01010000010100000101000011110000111100001111000011111111010110111001000010011111111111111111111111111100111101100101011001011100100101100101000011110000010100001011010001110000111100001001000011010000 
2 2 1 2 0 2 2 0  01010000010100000101000011110000111100001111000011111111010110111001000010011111111111111111111111111100111101100101011001011100100101100101000011110000010100001011000001111111111101111111000011010100 
2 2 2 2 2 2 2 0  01010000010100000101000011110000111100001111000011111111010000001011111111111111111111111110111111111100111101100101011001011100100101100101010011111110010100000011010001111111111101111111000011010100 
2 2 2 2 2 2 2 0  11010101111101000101010011111100111101111111111111111111111111111111111111111111111111111111111111111111111111111111111111111111111111111111111111111111111111111111111111111111111111111111111011111110 
2 2 2 2 2 2 2 0  11010100110101000101010010001100111101111111111111111111111111001111111111111111111111111111111111111100111101100101011001011100100101100111000011111010010100001011010001111111111101111111000011010100 
2 2 2 2 0 2 2 0  01010000010100000101010011110000111100001111111111111111010000001011111111111111111111111110000011111111111101001101011001011100100101100111000011111010010100001111010001111111111101111111000011010100 
2 2 2 2 2 2 2 0  11010101111101000101010011111100111101111111111111111111111111111111111111111111111111111111111111111111111111100101011001011100100101100101010011111110010100000011010001111111111101111111000011010100 
2 2 2 2 2 2 2 0  11010101111111111111110111111100111101111111111111111111111111001111111111111111111111111111111111111100111101100101011001011100100101100101010011111110010100000011010001111111111101111111000011010100 
2 2 1 2 0 0 0 0  01010000010100000101000011110000111100001111000011111111010110111001000010000000100000001000000010000000100100001101000010000000100000000111000011110000010100000011010001111110111100001001000011010000 
2 2 2 2 2 2 2 0  01010100010101000101010011111100111101111111111111111111111111001111111111111111111111111111111111111100111101100101011001011100100101100101010011111110011111111111010001111111111101111111000011010100 
2 2 2 2 0 2 0 0  01010000010100000101000011110000111100001111000011111111010110111001000010011110111111101000000010000000100100000101011001000000100100000111000011110000010100000011010001000000111100001001000011010000 
2 2 2 2 0 2 2 0  01010000010100000101000011110000111100001111000011111111010110111001000010011110111111101000000010000000100100000101011001000000100100000111000011110000010100000011010001000000111101111111000011010100 
2 2 0 2 0 0 0 0  10000000100100001001000010010000111100001111000010000000100000001000000010000000100000001000000010000000100000001000000010000000100000001000000010000000100000001000000010000000100100001001000011010000 
2 2 2 2 2 2 2 0  11010101111111111111110111111100111101111111111111111111111111001111111111111110111111111111111111111100111101100111111111111111111111111111111111111111111111111111010001111111111101111111000011010100 
2 2 2 2 0 2 2 0  01010100010101000101000011110000111100001111000010011111010110111001000010011100111111111111111111111100111101100101011001011100100101100111000011110000010100000011010001000000111100001001000011010000 
5 2 0 2 0 0 0 0  10000000100100001001000010010000111100001111000010000000100000001000000010000000100000001000000010000000100000001000000010000000100000001000000010000000100000001000000010000000100000001001000011010000 
5 2 0 2 0 0 0 0  10000000100100001001000010010000111100001111000010000000100000001000000010000000100000001000000010000000100000001000000010000000100000001000000010000000100000001000000010000000100000001000000010000000 
2 2 2 2 0 2 2 0  01010100010101000101010011110000111100001111000011111111010110111001111111111100111111101000000010000000100100000101011001000000100100000111000011110000010100000011010001110000111100001001000011011110 
5 2 1 2 0 0 2 0  10000000100100001001000010010000111100001111000011111111010110111001000010000000100000001000000010000000100100001101000010000000100000000111000010010000010100000011010001110000111100001001000011011110 
5 2 1 2 0 0 2 0  10000000100000001000000011000000111100001111000010000000100000001000000010000000100000001000000010000000100100001101000010000000100100001000000010000000010100001000000010000000111100001001000011010000 
2 2 2 2 0 2 2 0  01010100010101000101010011110000111100001111000011111111010110111001111111111100111111101000000010000000100100000101011001011100100101100111000011111010010100001011010001111111111100001001000011010000 
2 2 2 2 2 2 2 0  11010101111111111111110111111111111111111111111111111111111111111111111111111111111111111111111111111111111111111111111111111111111111111111111111111111111111111111111111111111111111111111111011111110 
5 2 0 2 0 0 0 0  10000000100000001000000010000000100000001111000010000000100000001000000010000000100000001000000010000000100100001101000010000000100000000111000011110000010100001000000001111111111100001001000011010110 
2 2 2 2 0 2 2 0  01010000010100000101000011110000111100001111000011111111111111001111111111111111111111001000000010000000100100001101000011011100100101100111000011111010010100000011010001110000111100001001000011010000 
2 2 2 2 0 2 2 0  01010000010101000101000011110000111100001111000011111111010110111001001111111100111100001000000010000000100100001101000011011100100101100111000011111010010100000011010001110000111100001001000011010100 
2 2 2 2 0 2 2 0  01010100010100000101000011110000111100001111000011111111010110111001000010011110111111101000000010000000100100000101011001000000100100000111000011110000010100000011010001000000111100001001000011010000 
2 2 2 2 2 2 2 0  01010000010101000101010010001100111101111111111111111111111111001111111111111110111111111111111111111100111101100101011001011100100101100111000011111010010100000011010001110000111100001001000011010000 
