2 1 2 1 2 2 1 0  11111111111111111111111111111111111111111111111111111111111111111111111111111111111111111111111111111111111111111111111111111111111111111111111111111111111111111111111111111111111111111111111011111110 
2 0 0 0 0 0 0 0  10001000100010001000000010000000100000001000000010000000100000001000000010000000100000001000000010000000100000001000000010000000100000001000000010000000100000001000000010000000100000001000000010000000 
2 0 0 0 0 0 0 0  10000000100000001000000010000000100000001000000010000000100000001000000010000000100000001000000010000000100000001000000010000000100000001000000010000000100000001000000010000000100000001001110010111100 
2 1 0 1 2 2 0 0  10001000100010001000100010000000100000001000000010000000100000001000000010000000100000001000000010000000100000001000000010000000100000001000000010000000100010001000000010000000100010001000000010001100 
2 0 0 0 0 0 0 0  10000000100000001000000010000000100000001000000010000000100000001000000010000000100000001000000010000000100000001000000010000000100000001000000010000000100010001000000010000000100000001000000010011100 
2 1 0 1 2 0 0 0  10001000100010001000100010000000100000001000000010000000100000001000000010000000100000001000000010000000100000001000000010000000100000001000000010000000100000001000000010000000100000001000000010000000 
2 0 0 0 0 0 0 0  10001000100010001000000010000000100000001000000010000000100000001000000010000000100000001000000010000000100000001000000010000000100000001000000010000000100010001000000010000000100000001000000010000000 
2 1 0 1 2 2 0 0  10001000100010001000100010010000100111001101110111110000100111001000100010001100100000001000000011001000100011000101110010000000100010001000000010010100010010001001000010010000111111001001110010011100 
2 1 0 1 2 2 0 0  10001000100010001000110010000000100000001000000010000000100111001000100010000000100000001000000010000000100000001000000010000000100000001000000010000000100010001000000010000000100010001000000010001100 
2 0 0 0 0 0 0 0  10001000100010001000100010000000100110001000000010000000100111001000100010001100100000001000000010000000100000001000000010000000100000001000000010000000100000001000000010000000100000001000000010000000 
2 0 0 1 2 2 0 0  10001000100010001000100010000000100110001000000010000000100111001000100010001100100000001000000010000000100000001000000010000000100000001000000010000000100000001000000010000000100000001001110010011100 
2 0 0 0 0 2 0 0  10000000100000001000000010000000100000001000000010000000100111001000100010001100100000001000000010000000100000001000000010000000100000001000000010000000100010001000000010000000100000001000010010000000 
2 0 0 0 0 0 0 0  10010000100000001000000010000000100000001000000010000000100000001000000010000000100000001000000010000000100000001000000010000000100000001000000010000000100000001000000010000000100000001000000010011100 
2 0 0 1 2 2 0 0  10000000100000001000000010000000100000001000000010000000100111001000100010001100100000001000000010000000100000001000000010000000100000001000000010000000100010001000000010000000100000001001110010011100 
2 1 2 1 2 2 1 0  11010101111111001101110111111111111111001101110111111111111111111111111111111111111111111111111111111101111111000101110011011110101111000011111111110100010111001101000010010100100111001001110010011100 
2 0 0 1 2 2 0 0  10000000100000001000000010000000100000001000000010000000100111001000100010001100100000001000000010000000100000001000000010000000100000001000000010000000100010001000000010010100100000001001110010011100 
2 0 0 1 2 2 0 0  10000000100000001000000010000000100000001000000010000000100111001000100010001100100000001000000010000000100000001000000010000000100000001000000010000000100010001101000010010000100111001001110010011100 
2 0 0 1 2 2 0 0  10000000100000001000000010000000100000001000000010000000100111001000100010001100100000001000000010000000100000001000000010000000100000001000000010000000100010001000000010010000100111001001110010011100 
2 1 0 1 2 2 0 0  10001000100010001000100010000000100110001000000010000000100111001000100010001100100000001000000011001000100011000101110010000000100010001000000010000000100000001000000010000000100000001000000010000000 
2 1 2 1 2 2 1 0  10010100100111001001110011010000100111001101110111111111111111001001111111111111111111111111111111111101111111000101110011111111111111000011110001110100010111001101000010010100110111001001110010011100 
2 0 0 0 0 0 0 0  10000000100000001000000010000000100000001000000010000000100000001000000010000000100000001000000010000000100000001000000010000000100000001000000010000000100000001000000010000000100000001000000010000000 
2 0 0 0 0 0 0 0  10001000100010001000100010000000100110001000000010000000100000001000000010000000100000001000000010000000100000001000000010000000100000001000000010000000100010001000000010000000100000001000000010000000 
2 1 0 1 2 2 0 0  10001000100010001000110010000000100011001000000010000000100111001000100010001100100000001000000010000000100000001000000010000000100000001000000010000000100010001000000010010000100111001001110010011100 
2 0 0 1 2 2 0 0  10010100100111001001110010000000100000001000000010000000100000001000000010000000100000001000000010000000100000001000000010000000100000001000000010000000100000001000000010000000100000001000000010000000 
2 1 2 1 2 2 1 0  11111101111111001111111111111111111111111111111111111111111111111111111111111111111111111111111111111111111111111111111111111111111111111111111111111111111111111111111111111111111111111111111011111110 
2 1 0 1 2 2 0 0  10001000100010001000100010000000100110001000000010000000100111001000100010001100100000001000000011001000100011000101110010000000100010001000000010010100010010001101000010010100110111001001110010011100 
2 0 0 1 2 2 0 0  10010100100111001001110010000000100000001000000010000000100000001000000010000000100000001000000010000000100000001000000010000000100000001000000010000000100000001000000010000000100000001001110010011100 
2 0 0 0 0 0 0 0  10010000100000001000000010000000100000001000000010000000100000001000000010000000100000001000000010000000100000001000000010000000100000001000000010000000100000001000000010000000100000001001110010011100 
2 1 0 0 0 0 0 0  10000000100000001000000010000000100000001000000010000000100000001000000010000000100000001000000010000000100000001000000010000000100000001000000010000000100000001000000010000000100000001000000010011110 
2 1 2 1 2 2 1 0  11010101111111001101110111111111111111001101110111111111111111111111111111111111111111111111111111111101111111000101110010010000100010001111110001110100010111001101000010010100100111001001110010011100 
2 0 0 1 2 2 0 0  10010100100111001001110010000000100000001000000010000000100000001000000010000000100000001000000010000000100000001000000010000000100000001000000010000000100000001000000010000000110111001001110010011100 
2 0 0 0 0 0 0 0  10000000100000001000000010000000100000001000000010000000100000001000000010000000100000001000000010000000100000001000000010000000100000001000000010000000100000001000000010000000100000001000000010011100 
2 1 2 1 2 2 1 0  11010101110111001101110011010000100111001101110111111111111111111111111111111111111111111111111111111101111111000101110011111111111111000011110001110100010111001101111111110100110111001001110010011100 
2 0 0 0 0 0 0 0  10010000100000001000000010000000100000001000000010000000100000001000000010000000100000001000000010000000100000001000000010000000100000001000000010000000100000001000000010000000100000001000000010000000 
2 1 2 1 2 2 1 0  11111111111111001101110111111111111111111111111111111111111111111111111111111111111111111111111111111101111111000101110011011111111111111111111111111111111111111111111111111111111111111111111011111100 
2 1 2 1 2 2 0 0  11010101110111001101110011010000100111001101110111110000100111001000100010001100100111111111111111111101111111000101110011111111111111000011110001110100010111001101000010010000100111001001110010011100 
2 1 0 1 2 2 1 0  10010100100111001001110011010000100111001101110111110000100111001000100010001100100111111111111111111101111111000101110010010000100010001111110001110100010111001101111111110100110111001001110010011100 
2 1 0 1 2 2 0 0  10001000100010001000110010000000100011001101110010000000100111001000100010001100100000001000000010000000100000001000000010000000100000001000000010000000100010001000000010010100100000001001110010011100 
2 1 0 1 2 2 0 0  10001100100010001000100010000000100110001000000010000000100111001000100010001100100000001000000011001000100011000101110010010000100010001000000010010100010111001101000010010100110111001001110010011100 
2 1 0 1 2 2 0 0  10001100100010001000100010000000100110001000000010000000100111001000100010001100100000001000000010000000100011001000000010000000100000001000000010000000100000001000000010000000100000001000010010011100 
2 1 0 1 2 2 0 0  10001100100010001000100010000000100110001000000010000000100111001000100010001100100000001000000011001000100011000101110010000000100000001000000010000000100010001000000010000000100000001001110010000000 
2 0 0 1 2 2 0 0  10001000100010001000100010000000100110001000000010000000100111001000100010001100100000001000000010000000100000001000000010000000100000001000000010000000100000001000000010010100111111001001110010011100 
2 1 0 0 0 0 0 0  10000000100000001000000010000000100000001000000010000000100000001000000010000000100000001000000010000000100000001000000010000000100000001000000010000000100000001000000010010100100000001001110010011100 
2 1 0 1 2 2 0 0  10010100100111001001110011010000100111001101110111111000100111001000100010001100100000001000000011001000100011000101110010000000100010001000000001010100010111001101000010010100111111001001110010011100 
2 1 0 1 2 2 0 0  10010100100111001001110010010000100111001101110111110000100111001000100010001100100000001000000011001000100011000101110010000000100010001000000010010100010010001001000010010100110111001001110010011100 
2 1 0 1 2 2 0 0  10001000100010001000110011010000100111001000000010000000100111001000100010001100100000001000000011001000100011000101110010010000100010001000000010000000100010001000000010010100110111001001110010011100 
2 1 0 1 2 2 0 0  10001000100010001000100010000000100110001000000010000000100111001000100010001100100000001000000010000000100000001000000010010000100010001000000010010100010111001101000010010100110111001001110010011100 
2 1 0 1 2 2 0 0  10010100100111001001110011010000100111001101110010000000100111001000100010001100100000001000000010000000100000001000000010010000100010001000000010010100010111001101000010010100110111001001110010011100 
2 1 0 1 2 2 1 0  10010100100111001001110011010000100111001101110111111110100111001000100010001100100111111111111111111101111111000101110011011111111111001111110001110100010111001101000011110100110111001001110010011100 
2 1 0 1 2 2 0 0  10010100100111001001110010000000100000001000000010000000100000001000000010000000100000001000000010000000100000001000000010000000100010001000000010000000100000001101000010010000100111001001110010011100 
2 1 0 1 2 2 0 0  10001000100010001000110011010000100111001101110111111000100111001000100010001100100000001001111111111101111111000101110010010000100010001000000010010100010111001101000010010100110111001001110010011100 
2 1 0 0 0 0 0 0  10000000100010001000000010000000100000001000000010000000100000001000000010000000100000001000000010000000100000001000000010000000100000001000000010000000100000001000000010000000100000001000000010000000 
2 1 2 1 2 2 1 0  11010101111111001101110111111111111111001101110111111111111111111111111111111111111111111111111111111111111111000101110011111111111111000011111111111111111111111111111111110100110111001001110010011100 
2 1 2 1 2 2 1 0  11111101111111001101110111111111100111001101110111111111111111111111111111111111111111111111111111111111111111111111111111111111111111111111111111111111111111111111111111111111111111111111111011111110 
2 1 0 1 2 2 1 0  10001000100010001000110011010000100111001101110111110000100111001000100010001100100111111000000011001000100011000101110010000000100010001000000001010100010111001101000011110100110111001001110010011100 
2 1 0 1 2 2 0 0  10001100100010001000100010010000100111001101110010000000100111001000100010001100100000001000000010000000100000001000000010010000100010001000000010010100010111001101000010010100110111001001110010011100 
2 1 0 1 2 2 0 0  10010100100111001001110011010000100111001000000010000000100111001000100010001100100000001000000011001000100000001000010010000000100010001000000010010100010011001101000010010100100111001001110010011100 
2 1 0 1 2 2 0 0  10010100100111001001110011010000100111001001110111110000100111001000100010001100100000001001111111111101111111000101110010010000100010001111110001110100010111001101000010010100110111001001110010011100 
2 1 2 1 2 2 1 0  11111101111111001111111111111111111111111111111111111111111111111111111111111111111111111111111111111111111111111111111111111111111111111111111111111110010111001101111111110100110111001001110010011100 
2 1 0 1 2 2 0 0  10010100100111001001110011010000100111001101110111110000100111001000100010001100100111111111111111111101111111000101110010010000100010001111110001110100010111001101000010010100111111001001110010011100 
2 1 2 1 2 2 1 0  11111101111111001101110011010000100111001101110111111111111111111111111111111111111111111111111111111101111111000101110011111111111111000011110001110100010111001101000011110100110111001001110010011100 
2 1 2 1 2 2 1 0  11111111111111001101110111111111111111111111111111111111111111111111111111111111111111111111111111111101111111000101110011011111111111111111111111111111111111111111111110010100110111001001110010011100 
2 1 0 1 2 2 0 0  10001000100010001000100010010000100111001101110111110000100111001000100010001100100000001000000011001000100011000101110010010000100010001000000010000000100010001000000010010100100111001001110010011100 
2 1 0 1 2 2 0 0  10001000100010001000100010000000100110001000000010000000100111001000100010001100100000001000000010000000100011001000000010000000100000001000000010000000100000001000000010000000100000001000010010011100 
2 1 2 1 2 2 1 0  11111111111111001101111111111111111111111111111111111111111111111111111111111111111111111111111111111111111111111111111111111111111111111111111111111111111111111101111111110100110111001001110010011100 
2 1 2 1 2 2 1 0  11111111111111111111111111111111111111111111111111111111111111111111111111111111111111111111111111111101111111000101110011011111111111001111110001110100010111001111111111110100110111001001110010011100 
2 1 0 1 2 2 0 0  10001100100010001000100010000000100110001001110010000000100111001000100010001100100000001000000010000000100000001000000010010000100010001000000010010100010111001101000010010100110111001001110010011100 
2 1 0 1 2 2 0 0  10001000100010001000110011010000100111001101110111110000100111001000100010001100100111111000000011001000100000001000000010000000100010001000000010010100010111001101000010010100110111001001110010011100 
2 1 0 1 2 2 0 0  10010100100111001001110011010000100111001101110111110000100111001000100010001100100000001000000010000000100000001000000010010000100010001000000010010100010111001101000010010100110111001001110010011100 
2 1 0 1 2 2 1 0  11010101110111001101110011010000100111001101110111110111111111001000100010001100100111111111111111111101111111000101110011011111111111001111110001110100010111001111111111110100110111001001110010011100 
2 1 0 1 2 2 0 0  10010100100111001001110010000000100000001000000010000000100111001000100010001100100000001000000010000000100000001000000010000000100000001000000010000000100010001000000010010100100000001001110010011100 
2 1 0 1 2 2 0 0  10000000100010001000000010000000100000001000000010000000100000001000000010000000100000001000000010000000100000001000000010000000100000001000000010000000100000001000000010000000100000001000000010011100 
2 1 0 1 2 2 0 0  10010100100111001001110011010000100111001101110111110000100111001000100010001100100000001001111111111101111111000101110010010000100010001000000010010100010111001101000010010100110111001001110010011100 
2 0 0 1 2 2 0 0  10001100100010001000100010000000100110001000000010000000100111001000100010001100100000001000000011001000100011000101110010000000100000001000000010000000100000001000000010000000100000001000000010000000 
2 1 0 1 2 2 0 0  10001000100010001000110011010000100111001101110111110000100111001000100010001100100111111000000011001000100011000101110010000000100010001000000010000000100010001000000010010100100000001001110010011100 
2 1 2 1 2 2 1 0  11010101110111001101110011010000100111001101110111110111111111001000100010001100100111111111111111111101111111000101110011011111111111001111110001110100010111001101000010010100111111001001110010011100 
2 1 0 1 2 2 1 0  10010100100111001001110111111111111111001101110111111111111111001000100010001100100111111111111111111101111111000101110011011111111111001111110001110100010111001111111111110100110111001001110010011100 
2 1 0 1 2 2 0 0  11010101110111001101110011010000100111001101110111110000100111001000100010001100100000001001111111111101111111000101110010010000100010001000000010010100010111001101000010010100110111001001110010011100 
2 1 2 1 2 2 1 0  11111101111111001101110111111111100111001101110111110111111111001000100010001100100111111111111111111101111111000101110011011111111111001111110001110100010111001111111111110100110111001001110010011100 
2 1 0 1 2 2 0 0  10001100100010001000100010000000100110001000000010000000100111001000100010000000100000001000000010000000100000001001110010010000100010001111110000010000100010001000000010010100100011001001110010011100 
2 1 0 1 2 2 0 0  10001100100010001000100010000000100110001000000010000000100111001000100010000000100000001000000010000000100011001000000010000000100000001000000010000000100111001101000010010100110111001001110010011100 
2 1 0 1 2 2 0 0  10001100100010001000100010000000100110001000000010000000100111001000100010001100100000001000000011001000100011000101110010000000100000001000000010000000100111001101000010010100110111001001110010011100 
2 1 0 1 2 2 0 0  10001100100010001000100010000000100110001000000010000000100111001000100010001100100000001000000011001000100011000101110010000000100000001000000010000000100010001000000010000000100000001001110010011100 
2 1 0 1 2 2 0 0  10000000100000001000000010000000100000001000000010000000100111001000100010001100100000001000000010000000100000001000000010000000100000001000000010000000100011001101000010010100111111001001110010011100 
2 1 0 1 2 2 0 0  10001100100010001000100010010000100111001101110010000000100111001000100010001100100000001000000010000000100000001000000010010000100010001111110001110100010111001101000010010100100111001001110010011100 
2 1 0 1 2 2 0 0  10010100100111001001110010010000100110001000000010000000100111001000100010000000100000001000000010000000100000001000000010000000100000001000000010000000100111001101000010010100110111001001110010011100 
2 1 0 1 2 2 0 0  10001100100010001000100010000000100111001101110111110000100111001000100010001100100000001000000010000000100000001000000010010000100010001000000010010100010111001101000010010100110111001001110010011100 
2 1 0 1 2 2 0 0  10001000100010001000110011010000100111001101110111110000100111001000100010001100100111111000000011001000100000001000000010000000100010001000000010000000100000001101000010010000100000001001110010011100 
2 1 0 1 2 2 0 0  11010101110111001101110011010000100111001101110111110000100111001000100010001100100000001001111111111101111111000101110010010000100010001111110001110100010111001101000010010100100111001001110010011100 
2 1 0 1 2 2 0 0  10001000100010001000100010000000100110001000000010000000100111001000100010000000100000001000000010000000100000001001110010010000100010001111110000010000100010001000000010010100100011001001110010011100 
2 1 0 1 2 2 0 0  11010101110111001101110011010000100111001101110111110000100111001000100010001100100000001001111111111101111111000101110011011111111111001111110010010100010111001101000010010100110111001001110010011100 
2 1 0 1 2 2 0 0  10010100100111001001110010010000100110001000000010000000100111001000100010000000100000001000000010000000100000001000000010000000100000001000000010000000100010001000000010010100100000001001110010011100 
2 1 2 1 2 2 1 0  10010100100111001001110011010000100111001101110111111110100111111111111111111110100111111111111111111101111111000101110011011111111111001111110001110100010111001111111111110100110111001001110010011100 
2 1 0 1 2 2 0 0  10010100100111001001110010010000100110001000000010000000100111001000100010001100100000001000000010000000100000001000000010010000100010001000000010010100010111001101000010010100110111001001110010011100 
2 1 0 1 2 2 0 0  10001000100010001000110011010000100111001101110111110000100111001000100010001100100111111000000011001000100011000101110010000000100010001000000001010100010111001101000010010100110111001001110010011100 
2 1 0 1 2 2 0 0  10001000100010001000110011010000100111001101110111110000100111001000100010001100100111111000000011001000100011000101110010000000100010001000000001010100010111001101000010010100100000001001110010011100 
2 1 2 1 2 2 1 0  11111101111111001101110111111111100111001101110111111111111111111111111111111111111111111111111111111111111111111111110011111111111111000011110001110100010111001101111111110100110111111111111011111110 
2 1 0 1 2 2 0 0  10010100100111001001110011010000100011001101110010000000100111001000100010001100100000001001111111111101111111000101110010010000100010001000000010010100010111001101000010010100110111001001110010011100 
2 1 0 1 2 2 0 0  10010100100111001001110011010000100110001000000010000000100111001000100010001100100000001000000010000000100000001000000010000000100000001000000010000000100111001101000010010100110111001001110010011100 
2 1 2 1 2 2 1 0  11111101111111001101110111111111100111001101110111111111111111111111111111111111111111111111111111111101111111000101110011011111111111001111110001110100010111001111111111110100110111001001110010011100 
