2 1 1 2 0 0 0 0  10010000100100001001000010010000100100001000000010000000100000001000000010000000100000001111000010000000100000001000000010000000100000001000000010000000100000001000000010000000100000001000000010000000 
2 1 2 2 2 2 2 0  11111111111111111111111111111111111111111111111111111111111111111111111111111111111111111111111111111111111111111111111111111111111111111111111111111111111111111111111111111111111111111111111111111110 
2 0 0 0 0 0 0 0  10010000100100001001000010010000100100001000000010000000100000001000000010000000100000001000000010000000100000001000000010000000100000001000000010000000100000001000000010000000100000001000000010000000 
2 1 1 2 0 0 0 0  10010000100000001001000010010000100000001000000010000000100000001000000010000000100000001111000010000000100000001000000010000000100000001000000010000000100000001000000010000000100000001000000010000000 
2 1 2 2 2 2 2 0  10011101100111001001110111111111111111111111111111111111111111111111111111111111111111111111111111111111111111111111111111111111111111111111111111111111111111111111111111111111111111111111111111111110 
2 1 1 2 0 0 0 0  10010000100000001000000010010000100000001000000010000000100000001000000010000000100000001000000010000000100000001000000010000000100000001000000010000000100000001000000010000000100000001001000010011000 
2 1 2 2 2 2 2 0  11111111111111001001110111111111111111111111111111111111111111111111111111111111111111111111111111111111111111111111111111111111111111111111111111111111111111111111111111111010101111111111111111111100 
2 1 0 0 0 0 0 0  10010000100000001000000010000000100000001000000010000000100000001000000010000000100000001000000010000000100000001000000010000000100000001000000010000000100000001000000010000000100000001000000010000000 
2 1 0 0 0 0 0 0  10010000100000001000000010000000100000001000000010000000100000001000000010000000100000001000000010000000100000001000000010000000100000001000000010000000100000001000000010000000100000001000000010011000 
2 1 2 2 2 2 2 0  11011101100111001001110111111111111111111111111111111111111111111111111111111100100111001111001111111111111111111111111111111101111101011111111111111111111111111001001111111111111111111111000011111100 
2 1 2 2 2 2 2 0  11111111111111111111111111111111111111111111111111111111111111111111111111111111111111111111011010011010101101111111111111111100001101011111111111110000100101101001001011111010101111111111111111111100 
2 1 1 2 0 0 0 0  10010000100000001000000010000000100000001000000010000000100000001000000010000000100000001111000010000000100000001000000010000000100000001000000010010000100000001001000010010000100100001011000010011000 
2 1 2 2 2 2 2 0  10010100100101001001010010010000111111111001111111110000100100001001111111111100100111001111011111111110101101111111111111111100001101011111111111111111111111111001001111111111111111111111000010011100 
2 1 2 2 2 2 2 0  10010100100101001001010010010000101111001001111111110011111100001001111111111100100111111111011010011010101101111111111111111101111101011111111111111111111111111001001111111010101111111111111111111100 
2 1 2 2 2 2 2 0  11111101100111001001110111111111111111001001111111110011111100001001111111111100100111111111011010011010101101111111111111111101111101011111111111111111111111111001001111111111111111111111000011111100 
2 1 2 2 2 2 2 0  11111101111111001001111111111111111111111111111111111111111111111111111111111100100111001111111111111110111111111111111111111111111111111111111111111111111111111111001011111010101111111111111111111100 
2 1 2 2 2 2 2 0  11011101111111111111111111111111111111111111111111111111111111111111111111111100100111001111111111111110101101111111111111111111111111111111111111111111111111111111111111111111111111111111111111111110 
4 1 0 2 0 0 0 0  10000000100000001001000010010000100000001000000010000000100000001000000010000000100000001111000010000000100000001000000010000000100000001000000010000000100000001000000010000000100100001011000010011000 
4 1 0 0 0 0 0 0  10000000100000001001000010010000100000001000000010000000100000001000000010000000100000001111000010000000100000001000000010000000100000001000000010000000100000001000000010000000100000001000000010011000 
2 1 2 2 2 2 2 0  11111101111111001001110111111111111111111111111111111111111111111001111111111100100111111111011010011010101101111111111111111101111101011111111111111111111111111001001010010000100100001011000010011100 
2 1 1 2 0 2 0 0  10010000100100001001000010010000100100001001000011110000100100001001111111111100100111001111000010010000100000001111010100110000001101001111000010010000100100001001000010010000100100001011000010011100 
4 1 1 2 0 2 0 0  10000000100000001001000010010000100000001000000010000000100000001000000010000000100111001111000010000000100100001000000010000000100000001011000010010000100100001001000010010000100100001011000010011100 
2 1 1 2 0 0 0 0  10000000100000001001000010010000100000001000000010000000100000001000000010000000100000001111000010000000100000001000000010000000100000001011000010010000100100001001000010010000100100001011000010011000 
4 1 0 2 0 2 0 0  10000000100000001000000010010000100000001000000010000000100000001000000010000000100000001000000010000000100000001000000010000000100000001000000010010000100100001001000010010000100100001011000010011100 
0 0 0 0 0 0 0 0  10000000100000001000000010000000100000001000000010000000100000001000000010000000100000001000000010000000100000001000000010000000100000001000000010000000100000001000000010000000100000001001000010011100 
2 1 1 2 2 2 2 0  10010100100101001001010010010000111111101001111111110000100100001001111111111100100111111111011010011010101101111111111111111101111101011111000010010000100101101001001111111111111111111011001111111100 
0 0 0 0 0 0 0 0  10000000100000001000000010000000100000001000000010000000100000001000000010000000100000001000000010000000100000001000000010000000100000001000000010000000100000001000000010000000100000001000000010011100 
2 0 1 2 0 2 0 0  10010100100101001001010010010000100100001000000010000000100100001000000010000000100000001000000010000000100000001000000010000000100000001000000010000000100100001001000010010000100100001011000010011100 
2 1 1 2 0 2 0 0  10010100100101001001010010010000100100001001000011110000100100001001111111111100100111001111000010010000100000001111010100110000001101001111000010010000100100001001000010010000100100001011000010011100 
4 1 0 2 0 0 0 0  10000000100000001001000010010000100000001000000010000000100000001000000010000000100000001111000010000000100000001000000010000000100000001000000010000000100000001001000010010000100100001011000010011000 
2 1 0 0 0 0 0 0  10000000100000001000000010000000100000001000000010000000100000001000000010000000100000001000000010000000100000001000000010000000100000001000000010000000100000001000000010000000100000001000000010011000 
2 1 2 2 2 2 2 0  11111111111111111111111111111111111111001001111111110011111100001001111111111100100111111111011010011111111111111111111111111111111101011111000010010000100101101001001111111111111111111011001111111100 
2 0 1 2 0 2 0 0  10010100100101001001010010010000100100001000000010000000100100001000000010000000100000001000000010000000100000001000000010000000100000001011000010010000100100001001000010010000100100001011000010011100 
2 1 2 2 2 2 2 0  10010100100101001001010011111111111111001001111111111111111111111111111111111111111111111111111111111110101101111111111111111101111101011111111111111111111111111001001111111111111111111011001111111100 
2 1 2 2 2 2 2 0  10010100100101001001010011111111111111001001111111110011111111111001111111111100100111111111011010011010101101111111111111111101111101011111111111111111111111111001001111111111111111111111000010011100 
2 1 1 2 0 0 0 0  10010000100100001001000010010000100100001001000011110000100100001001111111110000100000001000000010000000100000001000000010000000100000001000000010010000100100001001000010010000100100001000000010011000 
2 1 2 2 2 2 2 0  11111101111111001001110111111111111111111111111111110011111100001001111111111100100111111111011111111111111111111111111111111101111101011111111111111111111111111001001111111111111111111011001111111100 
2 1 1 2 0 2 0 0  10010100100101001001010010010000100100001001000011110000100100001000000010000000100000001011000010000000100100001000000010000000100000001111000010010000100100001001000010010000100100001011000010011100 
2 1 1 2 0 2 0 0  10010000100101001001010010010000100100001001000011110000100100001001100010000000100000001111000010000000100100001000000010000000100000001011000010010000100100001001000010010000100100001011000010011100 
2 1 1 0 0 0 0 0  10010000100100001001000010010000100100001001000011110000100100001000000010000000100000001011000010000000100100001000000010000000100000001011000010010000100100001001000010010000100100001011000010011100 
2 1 1 2 0 2 0 0  10010000100100001001010010010000100100001001000011110000100100001001111111111100100111001111000010010000100000001111010100110000001101001111000010010000100100001001000010010000100100001011000010011100 
4 1 0 2 0 0 0 0  10000000100000001001000010010000100000001000000010000000100000001000000010000000100000001111000010000000100000001000000010000000100000001111000010010000100100001001000010010000100100001011000010010000 
2 1 1 2 0 2 0 0  10010000100101001001010010010000100100001001000011110000100100001001111111111100100111001111000010010000100000001111010100110000100000001000000010010000100100001001000010010000100100001011000010011100 
2 1 1 2 0 2 0 0  10010000100100001001010010010000100100001001000011110000100100001001111111111100100111001111000010000000100100001000000010000000100000001011000010010000100100001001000010010000100100001011000010010000 
2 1 1 2 0 2 0 0  10010100100101001001010010010000100100001001111111110000100100001001111111111100100111001111000010011010101100001111010100110000001101001011000010010000100100001001000010010000100100001011000010011100 
2 1 0 2 0 2 0 0  10010100100101001001010010010000100000001000000010000000100000001000000010000000100000001111000010000000100000001000000010000000100101001000000010010000100100001001000010000000100000001001000010000000 
2 1 1 2 0 2 2 0  10010100100101001001010010010000100100001001000011110000100100001011000010011100100111111111011010011010100000001111111111111101111101011011000010010000100100001001000010010000100100001011000010011100 
2 1 1 2 0 2 0 0  10010100100101001001010010010000100100001001000011110000100100001011000010000000100000001011000010000000100100001000000010000000100000001011000010010000100100001001000010000000100000001001000010000000 
2 1 1 2 0 0 0 0  10010000100100001001000010010000100100001001000011110000100100001000000010000000100000001011000010000000100100001000000010000000100000001011000010010000100100001001000010000000100000001001000010000000 
2 1 1 2 0 0 0 0  10010000100100001001000010010000100100001000000010000000100000001000000010000000100000001111000010000000100000001000000010000000100000001000000010010000100100001001000010000000100000001001000010011000 
2 1 1 2 0 2 0 0  10010000100100001001010010010000100100001001000010000000100100001000000010000000100000001111000010000000100100001000000010000000100000001011000010010000100100001001000010010000100100001011000010010000 
2 1 1 2 0 2 0 0  10010000100101001001010010010000100100001001000011110000100100001011000010000000100000001011000010000000100100001000000010000000100000001011000010010000100100001001000010000000100000001001000010000000 
2 1 1 2 0 2 0 0  10010000100101001001010010010000100100001000000010000000100100001000000010000000100000001111000010000000100100001000000010000000100000001011000010010000100100001001000010010000100100001011000010010000 
2 1 2 2 2 2 2 0  10011101111111001001110111111111111111111111111111111111100100001001111111111100100111001111001111111111111111111111111111111101111101011111111111111111111111111001001111111111111111111111000011111100 
2 1 1 2 0 2 0 0  10010000100100001001010010010000100100001001000011110000100100001000000010000000100000001111000010000000100100001000000010000000100000001011000010010000100100001001000010010000100100001011000010010000 
2 0 1 2 0 2 0 0  10010100100100001001000010010000100100001001000010000000100100001000000010000000100000001000000010000000100000001000000010000000100000001011000010010000100100001001000010010000100100001011000010011100 
2 1 1 2 0 2 0 0  10010000100100001001010010010000100100001001000011110000100100001001111111111100100111001111000010010000100000001111010110000000100000001011000010010000100100001001000010010000100100001011000010011000 
2 1 0 2 0 2 0 0  10010100100101001001000010010000100000001000000010000000100000001000000010000000100000001111000010000000100000001000000010000000100101001000000010010000100100001001000010010000100100001011000010011100 
2 1 1 2 0 2 0 0  10010100100100001001000010010000100100001001000011110000100100001000000010000000100000001011000010000000100100001000000010000000100000001111000010010000100100001001000010010000100100001011000010011100 
2 1 1 2 0 2 0 0  10010100100101001001000010010000100100001000000010000000100100001000000010000000100000001111000010000000100100001000000010000000100000001011000010010000100100001001000010010000100100001011000010011000 
2 1 1 2 0 2 0 0  10010000100100001001010010010000100100001001000011110000100100001001111111111100100111001111000010010000100000001111010100110000100101001000000010010000100100001001000010010000100100001011000010011100 
2 1 0 2 0 2 0 0  10010100100101001001010010010000100100001001000011110000100100001000000010000000100000001111000010000000100000001000000010000000100101001000000010010000100100001001000010000000100000001001000010000000 
4 1 0 0 0 0 0 0  10000000100000001001000010010000100000001000000010000000100000001000000010000000100000001000000010000000100000001000000010000000100000001000000010000000100000001000000010000000100000001000000010011000 
2 0 0 0 0 0 0 0  10000000100000001000000010000000100000001000000010000000100000001000000010000000100000001000000010000000100000001000000010000000100000001000000010000000100000001000000010000000100000001000000010000000 
2 1 1 2 0 2 2 0  10010100100101001001010010010000100100001001111111110000100100001011000010011100100111111111011010011010101101111111111111111101111101011011000010010000100100001001000010010000100100001011000010011100 
2 1 1 2 0 2 0 0  10010000100101001001010010010000100100001001000011110000100100001000000010000000100111001111000010010000100000001111010100110000001101001111000010010000100100001001000010010000100100001011000010000000 
2 1 2 2 0 2 0 0  10010100100101001001010010010000100100001001000011110000100100001001111111111100100111001111000010011010101100001111010100110000001101001011000010010000100100001001000010010000100100001011000010010000 
2 0 0 0 0 0 0 0  10000000100000001000000010000000100000001000000010000000100000001000000010000000100000001000000010000000100000001000000010000000100000001001000010010000100100001001000010010000100100001011000010010000 
4 1 0 2 2 0 0 0  10010000100000001000000010010000100000001000000010000000100000001000000010000000100000001000000010000000100000001000000010000000100000001000000010010000100100001001000010000000100000001001000010011000 
2 1 1 2 0 2 0 0  10010000100100001001010010010000100100001001000011110000100100001001111111111100100111001111000010011010101100001111010100110000001101001011000010010000100100001001000010010000100100001011000010010000 
2 1 1 2 0 2 2 0  10010100100101001001010010010000111111101001111111110000100100001001111111111100100111111111011010011010101101111111111111111101111101011111111111111110100101001001000010010000100100001011000010011100 
2 1 1 2 0 2 0 0  10010100100100001001000010010000100100001001000011110000100100001000000010000000100000001011000010000000100100001000000010000000100000001111000010010000100100001001000010010000100100001011000010010000 
2 1 1 2 0 2 0 0  10010000100100001001000010010000100100001001000011110000100100001000000010000000100000001011000010000000100100001000000010000000101101001111000010010000100100001001000010010000100100001011000010011100 
2 1 1 2 0 2 0 0  10010100100101001001010010010000100100001001000011110000100100001011000010000000100000001011000010010000100000001111010100110000100101001000000010010000100100001001000010010000100100001011000010011100 
2 1 1 2 0 2 0 0  10010100100100001001010010010000100100001001000011110000100100001000000010000000100000001111000010000000100100001000000010000000100000001011000010010000100100001001000010010000100100001011000010010000 
2 1 2 2 2 2 2 0  11111101111111001001110111111111111111111111111111111111111111111111111111111111111111111111111111111111111111111111111111111111111111111111111111111111111111111111111111111111111111111111111111111100 
2 1 2 2 2 2 2 0  10011101100111001001110111111111111111111111111111111111111111111111111111111100100111111111011010011010101101111111111111111101111101011111111111111111111111111001001111111111111111101011001111111110 
2 1 2 2 2 2 2 0  11011101111111111111111111111111111111111111111111111111111111111111111111111100100111111111011010011010101101111111111111111101111101011111111111111110100101101001001111111111111111111111000010011100 
2 0 1 2 0 2 0 0  10010100100100001001000010010000100100001001000010000000100100001000000010000000100000001000000010000000100000001111010100110000001101001111000010010000100100001001000010010000100100001011000010011100 
2 1 1 2 0 0 0 0  10010000100100001001000010010000100100001000000010000000100000001000000010000000100000001111000010000000100000001000000010000000100000001000000010000000100000001000000010010000100100001011000010010000 
2 1 1 2 0 2 0 0  10010100100101001001010010010000100100001001000011110000100100001011000010000000100000001011000010000000100100001000000010110000100101001000000010010000100100001001000010010000100100001011000010011100 
2 1 1 2 0 2 0 0  10010100100101001001010010010000100100001001000011110000100100001011000010000000100111001111000010010000100000001111010100110000001101001111000010010000100100001001000010010000100100001011000010011100 
2 1 1 2 0 2 0 0  10010100100101001001010010010000100100001001000011110000100100001001111111111100100111001111000010010000100000001111010100110000100101001000000010010000100100001001000010010000100100001011000010011100 
2 1 0 0 0 0 0 0  10000000100000001000000010000000100000001000000010000000100000001000000010000000100000001000000010000000100000001000000010000000100000001011000010010000100100001001000010010000100100001011000010010000 
2 1 2 2 2 2 2 0  10010101111111001001110111111111111111111111111111111111111111111111111111111111111111111111111111111111111111111111111111111101111101011111111111111111111101101001001111111111111111111111000010011100 
2 1 2 2 2 2 2 0  10011101100101001001010111111111111111001001111111111111111111111001111111111100100111111111011010011010101101111111111111111101111101011111111111111111111111111111001011111010101111111111111111111100 
2 1 2 2 2 2 2 0  10011101100111001001110111111111111111111111111111111111111111111111111111111100100111111111011010011010101101111111111111111101111101011111111111111110100101101001001111111111111111111111000010011100 
2 1 1 2 0 2 2 0  10010100100101001001010010010000100100001001111111110000100100001001111111111100100111111111011010011010101101111111111111111101111101011011000010010000100101101001001111111111111111111111000010011100 
2 1 1 2 0 0 0 0  10000000100000001001000010010000100000001000000010000000100000001000000010000000100000001111000010010000100000001110000010000000100000001011000010010000100100001001000010010000100100001011000010010000 
2 1 1 2 0 2 0 0  10010000100100001001010010010000100100001001000011110000100100001001000010000000100000001111000010010000100000001111010100110000100000001000000010010000100100001001000010010000100100001011000010011100 
2 1 1 2 0 0 0 0  10000000100000001000000010000000100000001000000010000000100000001000000010000000100000001000000010000000100000001000000010000000100000001001000010010000100100001001000010000000100000001001000010000000 
2 1 1 2 0 2 2 0  10010100100101001001010010010000100100001001111111110000100100001001111111111100100111111111011010011010101101111111111111111101111101011011000010010000100101101001001111111100100100001011000010011100 
2 1 1 2 0 2 2 0  10010100100101001001010010010000100100001001111111110000100100001001111111111100100111001111000010011010101100001111010101111111111101011111111111111100100100001001000010010000100100001011000010011100 
2 1 2 2 2 2 2 0  10010101100111001001010111111111111111001001111111111111111111111001111111111100100111111111011010011010101101111111111111111101111101011111111111111111111111111111001011111010101111111111111111111100 
4 1 1 2 0 0 0 0  10000000100000001001000010010000100100001001000011110000100100001001111111110000100000001000000010000000100000001000000010000000100000001000000010010000100100001001000010010000100100001000000010011000 
2 1 1 2 0 0 0 0  10010000100000001000000010010000100000001000000010000000100000001000000010000000100000001000000010000000100000001000000010000000100000001000000010000000100000001000000010000000100000001001000010000000 
2 1 2 2 2 2 2 0  10011101100101001001010111111111111111001001111111111111111111111001111111111100100111111111011010011010101101111111111111111101111101011011000010010000100101101001001111111100100100001011000010011100 
2 1 2 2 2 2 2 0  10010101100111001001010111111111111111001001111111110000100100001001111111111100100111111111011010011010101101111111111111111101111101011011000011111111111101101001001111111111111111111111000010011100 
2 1 1 2 0 2 0 0  10010000100101001001010010010000100100001001000011110000100100001011000010000000100000001011000010000000100100001000000010000000100000001011000010010000100100001001000010010000100100001011000010010000 
2 1 2 2 0 2 0 0  10010000100100001001000010010000100100001001000011110000100100001000000010000000100000001011000010000000100000001111010100110000001101001111000010010000100100001001000010010000100100001011000010011100 
