2 2 2 2 2 2 2 0  11111111111111111111111111111111111111111111111111111111111111111111111111111111111111111111111111111111111111111111111111111111111111111111111111111111111111111111111111111111111111111111111111111110 
2 0 0 0 0 0 0 0  10010000100000001000000010000000100000001000000010000000100000001000000010000000100000001000000010000000100000001000000010000000100000001000000010000000100000001111000010000000100000001000000010000000 
2 0 0 0 0 0 0 0  10010000100000001000000010000000100000001000000010000000100000001000000010000000100000001000000010000000100000001000000010000000100000001000000010000000100000001000000010000000100000001000000010000000 
2 2 2 2 2 2 2 0  11110101111111111111010111011010111111111111111111111111111111111111111111111111111111111111111111111111111111111111111111111111111111111111111111111111111111111111111111111111111111111111111111111110 
2 0 0 0 0 0 0 0  10010000100100001001000010000000100000001000000010000000100000001000000010000000100000001000000010000000100000001000000010000000100000001000000010000000100000001000000010000000100000001000000010000000 
2 0 0 0 0 0 0 0  10000000100000001000000010000000100000001000000010000000100000001000000010000000100000001000000010000000100000001000000010000000100000001000000010000000100000001000000010000000100000001000000010000000 
2 0 0 0 0 0 0 0  10010000100000001000000010000000100000001000000010000000100000001000000010000000100000001000000010000000100000001000000010000000100000001001000010010000100000001111000010000000100000001000000010000000 
2 2 0 0 0 0 0 0  10010000100100001001000011010000100000001000000010000000100000001000000010000000100000001000000010000000100000001000000010000000100000001000000010000000100100001001000010011000100000001000000010000000 
2 0 0 2 0 0 0 0  10010000100100001000000010000000100000001000000010000000100000001000000010000000100000001000000010000000100000001000000010000000100000001000000010000000100000001000000010000000100000001000000010000000 
2 2 0 2 0 2 0 0  10010100100101001001010011010000100011001111000010010100100000001000000010000000100000001000000010000000100000001000000010000000100000001000000010010000111100001001000010011000100000001001100010010100 
2 0 0 0 0 0 0 0  10010000100100001001000010000000100000001000000010000000100000001000000010000000100000001000000010000000100000001000000010010000100000001001000010010000111100001001000010011000100000001001100010010100 
2 0 0 0 0 0 0 0  10000000100000001000000010000000100000001000000010000000100000001000000010000000100000001000000010000000100000001000000010000000100000001001000010010000111100001001000010011000100000001000000010000000 
2 0 0 2 0 2 0 0  10010100100100001001010010000000100000001000000010000000100000001000000010000000100000001000000010000000100000001000000010000000100000001000000010000000100000001000000010000000100000001000000010010100 
2 0 0 2 0 2 0 0  10010100100101001001010010000000100000001000000010000000100000001000000010000000100000001000000010000000100000001000000010000000100000001000000010000000100000001000000010000000100000001000000010010100 
2 0 0 2 0 2 0 0  10010100100101001001010010000000100000001000000010000000100000001000000010000000100000001000000010000000100000001000000010000000100000001000000010000000100000001000000010011000100000001001100010010100 
2 2 2 2 2 2 2 0  10010100100111001001010111111111111111111111111111111111111111111111111111111111111111111111111111111111111111111111110010011100111011001111111010010010111100111111111111111111111111111111111111110100 
2 0 0 2 0 2 0 0  10010100100101001001010010000000100000001000000010000000100000001000000010000000100000001101000011110000100000001000000010010000100000001001000010010000111100001001000010011000100000001001100010010100 
2 0 0 2 0 2 0 0  10010100100101001001010010000000100000001000000010000000100000001000000010000000100000001000000010000000100000001000000010000000100000001000000010000000100100001111000010010000100000001001100010010100 
2 0 0 2 0 2 0 0  10010100100100001001010010000000100000001000000010000000100000001000000010000000100000001000000010000000100000001000000010010000100000001001000010010000111100001001000010011000100000001001100010010100 
2 0 0 0 0 0 0 0  10000000100000001000000010000000100000001000000010000000100000001000000010000000100000001000000010000000100000001000000010000000100000001000000010000000100000001000000010000000100000001000000011111110 
2 2 2 2 2 2 2 0  11010100100101001001010011111010110111001111010001110101111111111111111111111111111111111111110011111111111111001111010010011100111011001111111010010010111111101001000011111111111111111111100010010100 
2 0 0 2 0 2 0 0  10010100100100001001010010000000100000001000000010000000100000001000000010000000100000001000000010000000100000001000000010000000100000001000000010000000100000001001000010011000100000001001100010010100 
2 0 0 2 0 2 0 0  10010000100100001001000010010000100011001000000010000000100000001000000010000000100000001000000010000000100000001000000010000000100000001000000010000000100000001000000010000000100000001000000010010100 
2 0 0 2 0 2 0 0  10010100100101001001010011010000100000001000000010000000100000001000000010000000100000001101000011110000100000001000000010010000100000001001000010010000111100001001000010011000100000001001100010010100 
2 2 2 2 2 2 0 0  10010000100100001001010011010000100011001111010010010101100001101011000011111100011110001101000011110000101010001000000010011100100011000111000010010000101100001001000010011000100011001001100010010100 
2 2 0 2 0 2 0 0  10010100100101001001010011010000100011001111010010010100100000001000000010000000100000001000000010000000100000001000000010010000100000001001000010010000111100001001000010011000100000001001100010010100 
2 0 0 2 2 2 0 0  10010000100100001001000010010000100011001000000010000000100000001000000010000000100000001000000010000000100000001000000010000000100000001001000010010000101100001001000010011000100011001001100010010100 
2 0 0 2 0 2 0 0  10010000100100001001000010010000100011001000000010000000100000001000000010000000100000001000000010000000100000001000000010000000100000001000000010000000100000001001000010011000100100001001100010010100 
2 2 0 2 0 2 0 0  10010000100100001001010011010000100011001111010010010101100001101111000010000000100000001101000010000000100000001000000010010000100000001001000010010000111100001001000010011000100000001001100010010100 
2 2 2 2 2 2 2 0  11110111111111111111010111011010111111111111111111111111111111111111111111111111111111111111111111111111111111111111111111111111111111111111111111111111111111111111111111111111111111111111111110010100 
2 2 2 2 2 2 2 0  11110101110101001001010111011110110111001111010001110101111111111111111111111111111111111111110011111111111111001111010010011100111011001111111010011111111111111111111111111111111111111111111111111110 
2 2 0 2 2 2 0 0  10010000100100001001010011010000100011001111000010010101110100001000000010000000100000001001000011110000101010001111010010010000100000001001000010010000101100001001000010011000100011001001100010010100 
2 2 1 2 2 2 0 0  10010000100100001001010011010000100011001111010010010101100001101111000010000000100000001101000010000000100000001000000010011100100011000111000010010000111100001001000010011000100011001001100010010100 
2 0 0 2 2 2 0 0  10010000100100001001000010010000100011001000000010000000100000001000000010000000100000001000000010000000100000001000000010000000100000001001000010010000111100001001000010011000100011001001100010010100 
2 2 2 2 2 2 2 0  11111111111111111111111111111010110111001111010001110101111111111111111111111111111111111111110011111111111111001111010010011100100011011111111111111111111111111111111111111111111111111111111110010100 
2 2 1 2 2 2 0 0  10010100100101001001010011010000100011001111010010010101110100001000000010111100011110001101000011110000101010001111010010011100100011001001000010010000111100001001000010011000100011001001100010010100 
2 2 2 2 2 2 2 0  11011111111111111111111111111111111111111111111111111111111111111111111111111111111111111111111111111111111111111111111111111111111111111111111111111111111111111111111111111111111111111111111111111110 
2 2 1 2 2 2 0 0  10010000100100001001000011010000100011001111000010010101110100001000000010111100011110001101000011110000101010001111010010010000100000001001000010010000101100001001000010011000100011001001100010010100 
2 2 1 2 2 2 0 0  10010000100100001001000011010000100011001111000010010101110100001000000010111100011110001101000011110000101010001111010010011100100011001001000010010000111100001001000010011000100011001001100010010100 
2 2 2 2 2 2 2 0  11110111111111111111010111011010110111001111010001110101111111111111111111111111111111111111110011111111111111001111010010011100111011001111111010011111111111111111111111111111111111111111111110010100 
2 2 0 2 0 0 0 0  10010000100100001001000011010000100011001111000010010101110100001000000010000000100000001101000011110000100000001000000010010000100000001001000010010000111100001001000010011000100100001000000010000000 
2 2 2 2 2 2 2 0  10010100100101001001010111011111111111001111010010010101110100001011111111111100111111111111111111111111111111001111010010011100111111111111111111111111111111111111111111111111111111111111111011110100 
2 2 2 2 2 2 2 0  10010100100101001001010011010111110111001111010111111111111111111111111111111111111111111111110011111111111111001111010010011100100011000111111010010010111111101111111111111111111111001001100010010110 
2 2 1 2 2 2 0 0  10010100100101001001010011010000100011001111000010010100100000001000000011111100011110001101000011110000101010001111010010011100100011001001000010010000111100001001000010011000100011001001100010010100 
2 0 0 0 0 0 0 0  10000000100000001000000010000000100000001000000010000000100000001000000010000000100000001000000010000000100000001000000010000000100000001000000010000000100000001000000010000000100000001001100010010110 
2 2 1 2 2 2 0 0  10010000100101001001010011010000100011001111010010010101110100001011000010000000100000001101000011110000100000001000000010010000100000001001000010010000111100001001000010011000100011001001100010010100 
2 0 0 0 0 0 0 0  10010000100100001001000010000000100000001000000010000000100100001000000010000000100000001101000011110000100000001000000010010000100000001001000010010000111100001001000010011000100100001001100010010100 
2 2 2 2 2 2 2 0  10010100100101001001010011010000100011001111010010010101111111111111111111111111111111111111110011111111111111001111010010011100100011000111000010010000111111101001000010011000100011001001100010010110 
2 0 0 2 2 2 0 0  10010000100100001001000010010000100011001000000010000000100000001000000010000000100000001000000010000000100000001000000010011100100011001001000010010000111100001001000010011000100011001001100010010100 
2 2 2 2 2 2 2 0  10010100100101001001010111111111111111111111111111111111111111111111111111111100111111111111111111111111111111001111010010011100100011011111111111111111111111111111111111111111111111111111111110010100 
2 2 0 2 0 2 0 0  10000000100000001001010010000000100000001000000010000000100000001000000010000000100000001000000010000000100000001000000010001100100000001000000010000000100000001000000010000000100000001001100010010100 
2 0 0 2 0 0 0 0  10000000100000001000000010000000100000001000000010000000100000001000000010000000100000001101000011110000100000001000000010010000100000001001000010010000111100001001000010011000100000001001100010010100 
2 2 0 2 0 2 0 0  10010000100100001001010011011100100011001111010010010101110100001011000010000000100000001101000011110000100000001000000010010000100000001001000010010000111100001001000010011000100000001001100010010100 
2 0 0 2 0 2 0 0  10010100100101001001010010000000100000001000000010000000100000001000000010000000100000001000000010000000100000001000000010000000100000001001000010010000111100001001000010011000100000001001100010010100 
2 2 2 2 2 2 2 0  11110101110101001001010111011111110111001111010111111111111111111111111111111111111111111111110011111111111111001111010010011100100011000111000010010000101100001001000010011000100011001001100010010100 
2 2 2 2 2 2 2 0  11110101110101001001010111011111110111001111010111111111111111111111111111111111111111111111110011111111111111001111010111111111111111111111111111111111111111111111111111111111111111111111111111111110 
2 0 0 0 0 0 0 0  10000000100000001000000010000000100000001000000010000000100000001000000010000000100000001000000010000000100000001000000010000000100000001000000010000000100000001000000010000000100000001001100010000000 
2 1 0 2 0 2 0 0  10000000100000001001010010000000100000001000000010000000100000001000000010000000100000001000000010000000100000001000000010010000100000001001000010010000111100001001000010011000100000001001100010010100 
2 2 1 2 2 2 0 0  10010100100101001001010011010000100011001111010010010101111111111111111111111100011110001101000011110000101010001111010010011100100011001001000010010000111100001001000010011000100011001001100010010100 
2 2 2 2 2 2 0 0  10010000100101001001010011010000100011001111010010010101110100001011000010000000100000001101000011110000100000001111010010011100100011001001000010010000111100001001000010011000100011001001100010010100 
2 2 2 2 2 2 0 0  10010100100101001001010011111111111111001111010010010101110100001011111111111100011110001101000011110000101010001111010010011100100011001001000010010000111100001001000010011000100011001001100010010100 
2 2 2 2 2 2 2 0  11110101110101001001010011011100100011001111010001110101111111111111111111111111111111111111110011111111111111001111010010011100111011001111111010011111111111111111111111111111111111111111111110010100 
2 2 1 2 0 2 0 0  10000000100000001000000010000000100000001000000010000000100000001011000010000000100000001101000011110000100000001000000010011100100011001001000010010000111100001001000010011000100000001001100010010100 
2 2 2 2 2 2 2 0  11110101111111011101010111011111111111111111111111111111111111111111111111111111111111111111111111111111111111111111111111111111111111111111111111111111111111111111111111111111111111111111111111111110 
2 2 2 2 2 2 2 0  11110101111111011101010111011111111111001111010111111111111111111111111111111100111111111111111111111111111111111111111111111111111111111111111111111111111111111111111111111111111111111111111011110100 
2 2 0 2 2 2 0 0  10010000100100001001000010010000100011001111010010010101110100001000000010000000100000001000000010000000100000001000000010011100100011001001000010010000111100001001000010011000100011001001100010010100 
2 2 0 2 0 2 0 0  10010100100101001001010011010000100011001111010010010100100000001000000010000000100000001000000010000000100000001000000010010000100000001001000010010000111100001001000010011000100001001001100010010100 
2 2 0 2 0 0 0 0  10010000100100001001000011010000100011001111000010010101110100001000000010000000100000001101000010000000100000001000000010011100100011001001000010010000111100001001000010011000100011001001100010010100 
2 2 1 2 2 2 0 0  10010000100100001001000011010000100011001111000010010101110100001000000010111100011110001101000011110000101010001111010010010000100000001001000010010000111100001001000010011000100000001001100010010100 
2 0 0 2 0 2 0 0  10010100100101001001010010000000100000001000000010010101110100001000000010000000100000001101000011110000100000001000000010010000100000001001000010010000111100001001000010011000100100001001100010010100 
2 0 0 2 2 2 0 0  10010100100101001001000010010000100011001000000010000000100000001000000010000000100000001000000010000000100000001000000010011100100011001001000010010000111100001001000010011000100011001001100010010100 
2 2 2 2 2 2 2 0  11110101110101001001010011011100100011001111010001110101111111111111111111111111111111111111110011111111111111001111010010011100100011000111000010010010111111101111111111111111111111001001100010010110 
2 2 1 2 2 2 0 0  10010100100101001001010011010000100011001111000010010101110100001000000010000000100000001101000011110000100000001000000010010000100000001001000010010000111100001001000010011000100100001001100010010100 
2 0 0 0 0 0 0 0  10000000100000001000000010000000100000001000000010000000100000001000000010000000100000001000000010000000100000001000000010000000100000001000000010000000100000001000000010011000100000001001100010010100 
2 0 0 0 0 0 0 0  10000000100000001000000010000000100000001000000010000000100000001000000010000000100000001000000010000000100000001000000010010000100000001001000010010000111100001001000010011000100000001001100010010100 
2 0 0 2 0 0 0 0  10000000100000001000000010000000100000001000000010000000100000001000000010000000100000001101000011110000100000001000000010010000100000001001000010010000111100001001000010011000100011001001100010010100 
2 0 0 0 0 0 0 0  10010000100100001001000010010000100000001000000010000000100000001000000010000000100000001000000010000000100000001000000010000000100000001000000010000000100000001111000010000000100000001000000010000000 
2 2 0 2 2 2 0 0  10010100100101001001010011010000100011001111010010010101110100001111111111111100111111111111111111111111111111001111010010011100100011011111000010010000101100001001000010011000100011001001100010010100 
2 2 1 2 2 2 0 0  10010100100101001001010011010000100011001111010010010101110100001011000010000000100000001101000011110000100000001000000010010000100000001001000010010000111100001001000010011000100011001001100010010100 
2 2 1 2 2 2 0 0  10010000100100001001010011011100100011001111000010010101110100001000000010111100011110001101000011110000101010001111010010010000100000001001000010010000111100001001000010011000100011001001100010010100 
2 2 2 2 2 2 2 0  10010100100101001001010011010000100011001111010010010101110100001111111111111100111111111111111111111111111111001111010010011100100011011111111010010111111111111111111111111111111111111111111110010100 
2 2 1 2 2 2 2 0  10010100100101001001010011011100100011001111010001110101111111111111111111111111111111111111110011111111111111001111010010011100111011001111111010011010111100001001000010011000100011001001100010010100 
2 0 0 0 0 0 0 0  10000000100000001000000010000000100000001000000010000000100000001000000010000000100000001000000010000000100000001000000010000000100000001000000010000000100100001111000010010000100000001001100010010100 
2 2 2 2 2 2 2 0  11110101111111111111010111011010111111111111111111111111111111111111111111111111111111111111111111111111111111001111010010011100100011011111111111111111111111111111111111111111111111111111111110010100 
2 2 2 2 2 2 2 0  10010101110101001001010111011111110111001111010111111111111111111111111111111111111111111111110011111111111111001111010010011100100011011111111111111111111111111111111111111111111111111111111110010100 
2 2 1 2 2 2 2 0  10010101110101001001010011011100100011001111010001110101111111111111111111111111111111111111110011111111111111001111010010011100111011001111111010011111111111111111111111111111111111111111111110010100 
2 2 2 2 2 2 0 0  10010100100101001001010011010000100011001111010010010101110100001011111111111100011110001101000011110000101010001111010010011100100011001001000010010000111100001001000010011000100000001001100010010100 
2 2 0 2 0 2 0 0  10000000100000001001010010000000100000001000000010000000100000001000000010000000100000001000000010000000100000001000000010001100100000001000000010000000100000001000000010011000100000001001100010010100 
2 2 0 2 2 2 0 0  10010100100101001001010011010000100011001111010010010100100000001000000010000000100000001101000011110000101010001111010010011100100011001001000010010000111100001001000010011000100011001001100010010100 
2 2 1 2 2 2 2 0  10010000100100001001010011010000100011001111010010010101100001101111000010000000100000001101000011110000111111001111010010011100100011011111111010010010111100001001000010011000100011001001100010010110 
2 2 0 2 0 0 0 0  10010000100100001001000011010000100011001111000010010101110100001000000010000000100000001101000011110000100000001000000010010000100000001001000010010000111100001001000010010000100000001001100010010100 
2 0 0 2 0 0 0 0  10000000100000001000000010000000100000001000000010000000110100001000000010000000100000001101000011110000100000001000000010010000100000001001000010010000111100001001000010010000100000001001100010010100 
2 2 2 2 2 2 2 0  11110101111111011101010111011111111111001111010111111101111111111111111111111111111111111111110011111111111111001111010010011100111011001111111010011111111111111111111111111111111111111111111110010100 
2 2 0 2 2 2 0 0  10010000100100001001010011010000100011001111010010010101100100001000000010111100011110001101000011110000101010001111010010010000100011001001000010010000111100001001000010011000100011001001100011110100 
2 2 1 2 2 2 2 0  11110101111111011101010111011111111111001111010111111111111111111111111111111100111111111111111111111111111111111111111111011100100011011111111010010010111100001001000010011000100011001001111110010100 
2 1 0 2 0 0 0 0  10000000100000001001010010000000100000001000000010000000100000001000000010000000100000001000000010000000100000001000000010001100100000001000000010000000100000001000000010000000100000001000000010000000 
2 2 1 2 2 2 0 0  10010000100100001001000011010000100011001111000010010101110100001000000010000000100000001101000011110000100000001000000010010000100000001001000010010000111100001001000010011000100100001001100010010100 
2 0 0 2 2 2 0 0  10000000100000001000000010000000100000001000000010000000100000001000000010000000100000001000000010000000100000001001010010011100100011001001000010010000111100001001000010011000100011001001100010010100 
2 2 2 2 2 2 0 0  10010000100101001001010011010000100011001111010010010101110100001011000010000000100000001101000011110000100000001111010010011100100011001001000010010000111100001001000010011000100000001001100010010100 
2 0 0 0 0 0 0 0  10000000100000001000000010000000100000001000000010000000100000001000000010000000100000001000000010000000100000001000000010000000100000001000000010000000100100001111000010011000100100001001100010010100 
