3 0 0 0 0 0 0 0  10000000100000001000000010000000100000001000000010000000100000001000000010000000100000001000000010000000100000001000000010000000100000001000000010000000100000001000000010000000100000001000000010000000 
3 0 0 1 0 0 0 0  10000000100000001000000010000000100000001000000010000000100000001000000010000000100000001000000010000000100000001000000010000000100000001000000010000000100000001000000010000000100000011001000010000000 
3 0 0 1 0 0 0 0  10010000100000001000000010000000100000001000000010000000100000001000000010000000100000001000000010000000100000001000000010000000100000001000000010000000100000001000000010000000100000011001000010000000 
3 0 0 1 0 0 0 0  10000000100000001000000010000000100000001000000010000000100000001000000010000000100000001000000010000000100000001000000010000000100000001000000010000000100000001000000010000000100100001000000010000000 
3 0 0 1 0 0 0 0  10010000100000001000000010000000100000001000000010000000100000001000000010000000100000001000000010000000100000001000000010000000100000001000000010000000100000001000000010000000100100001000000010000000 
3 0 0 1 0 0 0 0  10010000100100001000000010000000100000001000000010000000100000001000000010000000100000001000000010000000100000001000000010000000100000001000000010000000100000001000000010000000100000001000000010000000 
3 0 0 1 0 0 0 1  10000000100000001000000010000000100000001000000010000000100000001000000010000000100000001000000010000000100000001000000010000000100000001000000010000000100000001001000010011100100100001001100010010100 
3 0 0 0 0 2 2 0  10000000100000001000000010000000100000001000000010000000100000001000000010000000100000001000000010000000100000001000000010000000100000001000000010010100100000001001000010011100100101001001101010011110 
3 0 2 1 2 2 2 1  11111111111111111111111111111111111111111111111111111110111111111111111111111111111111111111111111111111111111111111111111111111111111111111111111111111111111111111111111111111111111111111111111111110 
3 0 0 1 1 2 0 0  10000000100000001001010010001111100100001000000010000000100000001000000010000000100000001000000010000000100000001000000010000000100000001000000010000000100000001000000010000000100000001000000010000000 
3 0 0 1 0 0 0 0  10010000100100001000000010000000100000001000000010000000100000001000000010000000100000001000000010000000100000001000000010000000100000001000000010000000100000001000000010000000100100001000000010000000 
3 0 0 1 1 2 0 0  10000000100000001000000010000000100011001000000010011110100100001001110010000000100000001000000010000000100000001000000010000000100000001000000010000000100000001000000010000000100000001000000010000000 
3 0 0 1 0 0 0 0  10000000100000001000000010000000100000001000000010000000100000001000000010000000100000001000000010000000100000001000000010000000100000001000000010000000100000001001000010011100100101001001101010011110 
3 0 0 0 0 0 0 0  10000000100000001000000010000000100000001000000010000000100000001000000010000000100000001000000010000000100000001000000010000000100000001000000010000000100000001000000010000000100101001001100010000000 
3 0 0 1 1 2 0 0  10000000100000001000000010000000100011001000000010000000100000001001110010000000100000001000000010000000100000001000000010000000100000001000000010000000100000001000000010000000100000001000000010000000 
3 0 0 1 2 2 2 0  10000000100000001000000010000000100011001000000010011110100100001001110010000000100000001000000010000000100000001000000010011000100000001000100010010100100010001001000010011100100101001001101010011110 
3 0 0 1 0 0 0 0  10010000100100001001000010000000100100001000000010000000100000001000000010000000100000001000000010000000100000001000000010000000100000001000000010000000100000001000000010000000100000001000000010000000 
3 0 0 1 1 2 0 0  10000000100000001000000010000000100011001000000010000000100000001001110010000000100000001000000010000000100000001000000010000000100000001000000010010100100011001001000010011100100100001001101010000000 
3 0 0 1 0 0 0 0  10010100100101001001000010000000100100001000000010000000100000001000000010000000100000001000000010000000100000001000000010000000100000001000000010000000100000001000000010000000100000001000000010000000 
3 0 0 1 1 2 0 0  10010100100101001001010010000000100011001000000010000000100000001001110010000000100000001000000010000000100000001000000010000000100000001000000010000000100000001000000010000000100000001000000010000000 
3 0 0 0 0 0 0 0  10010000100000001000000010000000100000001000000010000000100000001000000010000000100000001000000010000000100000001000000010000000100000001000000010000000100000001000000010000000100101001001100010000000 
3 0 0 1 2 2 2 0  10010100100101001001010010001111100111001000111110011110100000001001110010000000100000001001000010001110100000001001011110011111111111001000100010010100100011001001000010011100100101001001101010011110 
3 0 2 1 2 2 2 1  11010101111111011111010010001111111111111111111111111110111111111111110111111111111111111111111111111111111111111111111111111111111111111111111111111111111111111111111111111111111111111111111111110100 
3 0 0 1 0 0 0 0  10010000100100001001000010000000100100001000000010011000100000001000000010000000100000001000000010000000100000001000000010000000100000001000000010000000100000001000000010000000100000001000000010000000 
3 0 0 1 2 2 2 0  10010000100101001001010010001111100111001000110110011110100100001001110010000000100000001001000010001100100000001000000010000000100000001000000010010100100000001001000010011100100101001001101010011110 
3 0 0 1 2 2 2 0  10010100100101001001010010001111100111001000110110011110100100001001110010011111111100001001000010001110100000001001000010011111100000001000100010010100100011101001111110011100100101001001101010011100 
3 0 0 1 2 2 2 0  10000000100000001000000010000000100111001000110110011110100100001001110010000000100000001001000010001100100000001000000010000000100000001000000010010100100000001001000010011100100101001001101010011110 
3 0 0 1 0 0 0 0  10010100100100001001010010000000100000001000000010000000100000001000000010000000100000001000000010000000100000001000000010000000100000001000000010000000100000001000000010000000100100001000000010000000 
3 0 0 1 2 2 2 0  10010000100100001001010010001111100111001000111110011110100000001001110010000000100000001001000010001110100000001001000010011111100000001000100010010100100011101001000010011100100101001001101010000000 
3 0 0 1 1 2 0 0  10010100100100001001000010000000100100001000000010011110100000001001110010000000100000001001000010001110100000001001000010011000100000001000000010000000100000001000000010000000100000001000000010000000 
3 0 0 1 2 2 2 0  10010000100101001001010010001111100111001000110110011110100100001001110010000000100000001001000010001100100000001000000010011111100000001000100010010100100011101001000010011100100101001001101010011110 
3 0 0 1 0 0 0 0  10010100100101001001000010000000100100001000000010000000100000001001110010000000100000001001000010000000100000001000000010000000100000001000000010000000100000001000000010000000100100001000000010000000 
3 0 0 1 2 2 2 0  10010100100101001001010010000000100011001000000010011110100100001001110010000000100000001000000010000000100000001000000010011000100001001000110010010100100011001001000010011100100101001001101010011110 
3 0 0 1 0 0 0 0  10010000100100001001000010000000100100001000000010000000100000001000000010000000100000001000000010000000100000001000000010000000100000001000000010000000100000001001000010011100100101001001101010011110 
3 0 2 1 2 2 2 1  11010101111101011001110111111111111111111111111010011110111101111111110010011111111100001001011111111111111111001001011110011111111111001000111111111111111111111111110010011100100101011001101010010100 
3 0 2 1 2 2 2 1  11010101111111011111010010001111111111111111111111011110111111111111111111111111111111111111111111111111111111001001011110011111111111001000111111111111111111111111110010011100100101011001101010010100 
3 0 0 1 2 2 2 0  10010000100101001001000010000000100111001000111110011110100000001001110010000000100000001001000010001110100000001001000010011111100000001000100010010100100011101001111110011100100101001001101010011110 
3 0 0 1 1 2 0 0  10000000100000001000000010000000100011001000000010000000100000001001110010000000100000001000000010000000100000001000000010000000100000001000000010010100100011001001000010011100100101001001101010011100 
3 0 0 1 2 2 2 0  10010100100101001001010010001111100111001000110110011110100100001001110010001111111100001001000010001110100000001001011110011111111111001000100010010100100011001001000010011100100101001001101010011110 
3 0 2 1 2 2 2 1  11010101110101011001110111111111111111111111111010011110111101111111110010011111111100001001011111111111111111001001011110011111111111001000111111111111111111111111110010011100100101011001101010010100 
3 0 0 1 2 2 2 0  10010100100100001001000010000000100100001000000010011110100000001001110010000000100000001001000010001110100000001001011110011000100001001000110010010100100011001001000010011100100101001001101010011110 
3 0 0 1 2 2 0 0  10010100100100001001000010000000100100001000000010011110100000001001110010000000100000001001000010001110100000001001011110011000100001001000110010010100100011001001000010011100100101001001101010010000 
3 0 0 1 2 2 2 0  10010100100101001001010010000000100011001000000010011110100100001001110010000000100000001000000010000000100000001000000010011000100000001000100010010100100010001001000010011100100101001001101010011100 
3 0 0 1 2 2 2 0  10010000100100001001010010001111100111001000110110011110100100001001110010011111111100001001000010001110100000001001000010011111100000001000100010010100100011101001111110011100100101001001101010011100 
3 0 0 1 2 2 2 0  10010100100101001001010010001111100111001000110110011110100100001001110010000000100000001001000010001110100000001001000010011111100000001000100010010100100011101001000010011100100101001001101010000000 
3 0 0 1 0 0 0 0  10010100100101001001010010000000100100001000000010000000100000001000000010000000100000001000000010000000100000001000000010000000100000001000000010000000100000001000000010000000100100001000000010000000 
3 0 0 1 2 2 2 0  10010100100101001001010010001111100111001000110110011110100100001001110010001111111100001001011111111111111111001001011010011000100001001000110010010100100011001001000010011100100101001001101010011110 
3 0 0 1 2 2 2 1  10010100100101001001010010001111100111001000111111011110100111101001110010011111111111111111111111111111111111001001011110011111111111001000111111111111111111111111110010011100100101011001101010010100 
3 0 0 1 0 0 0 0  10010000100100001001000010000000100100001000000010011110100000001000000010000000100000001000000010000000100000001000000010000000100000001000000010000000100000001000000010000000100100001000000010000000 
3 0 0 1 1 2 0 0  10010100100101001001010010000000100011001000000010011110100100001001110010000000100000001000000010000000100000001000000010000000100000001000000010000000100000001000000010000000100000001000000010000000 
3 0 0 1 1 2 2 0  10010000100100001001000010000000100100001000111110000000100000001001110010000000100000001000000010000000100000001000000010000000100000001000000010010100100011001001000010011100100100001001101010011110 
3 0 0 1 0 0 0 0  10010000100100001001000010000000100000001000000010000000100000001000000010000000100000001000000010000000100000001000000010000000100000001000000010000000100000001000000010000000100000001000000010000000 
3 0 0 1 1 2 0 0  10010100100101001001010010001100100011001000000010000000100000001001110010000000100000001000000010000000100000001000000010000000100000001000000010010100100011001001000010011100100100001001101010000000 
3 0 0 1 0 0 0 0  10010000100100001001000010000000100100001000000010011110100100001001110010000000100000001001000010000000100000001000000010000000100000001000000010000000100000001000000010000000100000001000000010000000 
3 0 0 1 2 2 0 0  10010100100101001001010010000000100111001000000010011000100000001000000010000000100000001000000010000000100000001000000010011000100111001000100010010100100011001001000010011100100101001001101010011110 
3 0 0 1 0 0 0 0  10010000100100001001010010000000100100001000000010000000100000001000000010000000100000001000000010000000100000001000000010000000100000001000000010000000100000001000000010000000100100001000000010000000 
3 0 0 1 2 2 2 0  10010100100101001001010010001111100111001000110110011110100100001001110010011111111100001001011111111111111111001001011110011111111111001000100010010100100011101001111110011100100101001001101010011100 
3 0 0 1 2 2 2 1  11111101111101011111010010001111111111111111111111011110111111111111111111111111111111111111111111111111111111111111111111111111111111111111111111111111111111111111111111111111111111111111111111111110 
3 0 0 1 1 2 0 0  10010000100100001001000010000000100100001000110110011110100100001001110010000000100000001001000010001110100000001000000010000000100000001000000010000000100000001000000010000000100000001000000010000000 
3 0 0 1 0 0 0 0  10010000100100001001000010000000100100001000110110000000100000001000000010000000100000001000000010000000100000001000000010000000100000001000000010000000100000001000000010000000100100001000000010000000 
3 0 0 1 2 2 2 0  10010000100100001001000010000000100100001000110110011110100100001001110010000000100000001001000010001110100000001001011110011111111111001000110010010100100011001001000010011100100101001001101010011110 
3 0 0 1 2 2 2 0  10010100100101001001010010001111100111111111111010011110111101111111110010011111111100001001011111111111111111001001011110011111111111001000110010010100100011001001000010011100100101001001101010011110 
3 0 0 1 2 2 2 0  10010000100100001001010010001111100111001000110110011110100100001001110010000000100000001000000010000000100000001000000010011000100000001000100010010100100010001001000010011100100101001001101010011100 
3 0 0 1 1 2 0 0  10010100100101001001000010000000100100001000111110000000100000001001110010000000100000001000000010000000100000001000000010000000100000001000000010010100100011001001000010011100100100001001101010000000 
3 0 0 1 2 2 2 0  10010000100100001001000010000000100100001000000010011000100000001000110010000000100000001001000010001110100000001001000010011111100000001000100010010100100011101001000010011100100101001001101010011100 
3 0 0 1 2 2 2 0  10010000100100001001010010001111100111001000110110011110100100001001110010000000100000001001000010001110100000001001011110011000100001001000110010010100100011001001000010011100100101001001101010011110 
3 0 0 1 2 2 2 0  10010100100101001001000010000000100100001000000010011000100000001000110010000000100000001001000010001110100000001001000010011111100000001000100010010100100011101001000010011100100101001001101010011100 
3 0 0 1 1 2 0 0  10010000100100001001000010000000100100001000110110011110100100001001110010000000100000001000000010000000100000001000000010000000100000001000000010000000100000001000000010011100100101001001101010011100 
3 0 0 1 2 2 2 1  10010101110101001001010010001111100111001000111111011110100111111111110010011111111100001001011111111111111111001001011110011111111111001000110010010100100011001001000010011100100101011001101010010100 
3 0 0 1 2 2 2 1  10010101110101001001010010001111100111001000111111011110100111101001110010011111111100001001011111111111111111001001011110011111111111001000111111111111111111111111110010011100100101011001101010010100 
3 0 0 1 0 0 0 0  10000000100000001000000010000000100000001000000010011110100100001000000010000000100000001000000010000000100000001000000010000000100000001000000010000000100000001000000010000000100100001000000010000000 
3 0 0 1 2 2 2 0  10010000100100001001010010001111100111001000111110011110100100001001110010011111111100001001011111111111111111001001011110011111111111001000110010010100100011101001111110011100100101001001101010011100 
3 0 0 1 2 2 2 0  10010000100100001001000010000000100100001000110110011110100100001001110010000000100000001001000010001110100000001001011110011000100001001000110010010100100011001001000010011100100101001001101010011110 
3 0 0 1 1 2 0 0  10000000100000001000000010000000100011001000000010000000100000001001110010000000100000001000000010000000100000001000000010000000100000001000000010010100100011101001111110011100100101001001101010011100 
3 0 0 1 2 2 2 1  11111101111101011111010010001111111111111100111111011110100111111111110010011111111100001001011111111111111111001001011110011111111111001000110010010100100011001001000010011100100101011001101010010100 
3 0 0 1 2 2 2 0  10010100100101001001010010001111111111111111111111011110111111111111110010011111111100001001011111111111111111001001011110011111111111001000111111111111111111111111110010011100100101011001101010011110 
3 0 0 1 2 2 2 1  11010101110101001001010010001111100111001000111111011110100111111111110010011111111100001001011111111111111111001001011110011111111111001000110010010100100011001111110010011100100101011001101010010100 
3 0 0 1 2 2 2 1  11111101111111111111111111111111111111001000111111011110100111111111110010011111111100001001011111111111111111001001011110011111111111001000110010010100100011001111110010011100100101011001101010010100 
3 0 0 1 2 2 0 0  10010100100101001001010010001111100111001000110110011110100100001001110010000000100000001001000010001110100000001001011110011000100001001000110010010100100011001001000010011100100101001001101010010000 
3 0 0 1 2 2 2 1  11111101111111111111111111111111111111111111111111111110111111111111111111111111111111111111111111111111111111111111111111111111111111111111111111111111111111111111111111111111111111111111111111111110 
3 0 2 1 2 2 2 0  10010100100101011001110111111111111111111111111010011110111101111111110010011111111100001001011111111111111111001001011110011111111111001000100010010100100011001001000010011100100101001001101010011110 
3 0 0 1 2 2 2 1  11010101110101001001010111111111111111111111111010011110111101111111110010011111111100001001011111111111111111001001011110011111111111001000111111111100100011101001111110011100100101001001111111111110 
3 0 2 1 2 2 2 1  10010100100101011001110111111111111111111111111010011110111101111111110010011111111100001001011111111111111111001001011110011111111111001000110010011111111111111111110010011100100101011001101010010100 
3 0 0 1 2 2 2 0  10010100100100001001010010001111100111001000110110011110100100001001110010000000100000001000000010000000100000001000000010011000100000001000100010010100100010001001000010011100100101001001101010011110 
3 0 2 1 2 2 2 0  11111101111111111111111111111111111111111111111111111110111111111111111111111111111111111001011111111111111111001001011110011111111111001000111111111111111111111111110010011100100101011001101010011110 
3 0 0 1 2 2 2 1  11111101111101011111010010001111111111111111111111011110111111111111111111111111111111111111111111111111111111111111111111111111111111111111111111111111110011001111110010011100100101011001101010010100 
3 0 0 1 1 2 0 0  10010000100100001001000010000000100100001000110110011110100100001001110010000000100000001000000010000000100000001000000010000000100000001000100010010100100000001001000010011100100101001001101010011110 
3 0 0 1 2 2 2 1  11010101110101001001010010001111100111001000111111011110100111111111110010011111111100001001011111111111111111111111111111111111111111111111111111010100100011101001111110011100100101011001101010010100 
3 0 0 1 2 2 2 0  10010100100101001001010010001111100111001000110110011110100100001001110010000000100000001001000010001100100000001000000010000000100000001000000010010100100000001001000010011100100101001001101010011110 
3 0 0 1 2 2 0 0  10010000100100001001010010000000100100001000000010011110100100001001110010000000100000001001000010001110100000001001011110011000100001001000110010010100100011001001000010011100100101001001101010010000 
3 0 0 1 2 2 2 0  10010000100100001001010010001111100111001000110110011110100100001001110010000000100000001001000010001110100000001001000010011111100000001000100010010100100011101001111110011100100101001001101010000000 
3 0 2 1 2 2 2 1  11111111111111111111111111111111111111111111111111111110111111111111111010011111111100001001011111111111111111111111111111111111111111111111111111010100100011101001111110011100100101001001111111111110 
3 0 0 1 0 0 0 0  10000000100000001000000010000000100000001000000010011110100100001000000010000000100000001000000010000000100000001000000010000000100000001000000010000000100011101001000010011100100101001001101010000000 
3 0 0 1 2 2 2 1  10010101110101001001010010001111100111001000111111011110100111111111110111111111111111111111111111111111111111111111011110011111111111001000111111111100100011101001111110011100100101001001111111111110 
3 0 0 1 2 2 2 0  10010000100100001001000010000000100100001000000010011110100100001001110010000000100000001001000010001110100000001001011110011000100001001000110010010100100011001001000010011100100101001001101010011110 
3 0 2 1 2 2 2 1  11111101111101011001110111111111111111111111111010011110111101111111110010011111111100001001111111111111111111111111111111111111111111111111111111111111110011001111110010011100100101011001101010010100 
3 0 0 1 2 2 2 0  10010100100101001001010010001111100111001000110110011110100100001001110010001111111100001001011111111111111111001001011110011111111111001000111111111100100011101001111110011100100101001001111110011110 
3 0 0 1 2 2 0 0  10010100100101001001010010001111100111001000110110011000100000001000000010000000100000001000000010000000100000001000000010000000100000001000000010000000100000001000000010000000100000001000000010000000 
3 0 0 1 2 2 2 0  10010100100101001001010010000000100100001000110110011110100100001001110010000000100000001001000010001110100000001001000010011111100000001000100010010100100011101001000010011100100101001001101010011110 
3 0 0 0 2 2 0 0  10000000100000001000000010000000100000001000000010000000100000001000000010000000100000001001000010001110100000001001011110011000100001001000110010010100100011001001000010011100100101001001101010010000 
