4 0 0 0 0 0 0 0  10000000100000001000000010000000100000001000000010000000100000001000000010000000100000001000000010000000100000001000000010000000100000001000000010000000100000001000000010000000100000001000000010000000 
2 1 2 2 2 2 2 0  11110101111111111111111111111111111111111111111111111111111111111111111111111111111111111111110001110100010111010111001101010100111111111111111111111111111111111111110011011111111111101101111111111100 
4 0 0 0 0 0 0 0  10000000100000001000000010000000100000001000000010000000100000001000000010000000100000001000000010000000100000001000000010000000100000001000000010000000100000001000000010000000100000011000000010000000 
2 0 0 2 0 0 0 0  10010000100100001000000010000000100000001000000010000000100000001000000010000000100000001000000010000000100000001000000010000000100000001000000010000000100000001000000010000000100000001000000010000000 
4 0 0 0 0 0 0 0  10010000100000001000000010000000100000001000000010000000100000001000000010000000100000001000000010000000100000001000000010000000100000001000000010000000100000001000000010000000100000001000000010000000 
2 1 2 2 2 2 2 0  11111111111111111111111111111111111111111111111111111111111111111111111111111111111111111111111111111111111111111111111111111111111111111111111111111111111111111111111111111111111111111111111111111110 
2 0 0 2 2 1 0 0  10010000100100001001000010001101100110001001000010011000100000001001000010000000100000001000000010000000100000001001000010010000100011001000000010000000100000001000000010000000100000001000000010000000 
2 0 0 2 2 2 0 0  10010000100100001001000010001101100110001001000010011000100000001001000010000000100000001000000010000000100000001000000010010000100011001000000010011100100110001000000010000000100000001000000010000000 
2 0 0 2 0 0 0 0  10010000100100001001000010000000100000001000000010000000100000001000000010000000100000001000000010000000100000001000000010000000100000001000000010000000100000001000000010000000100000001000000010000000 
4 0 0 0 0 0 0 0  10000000100000001000000010000000100000001000000010000000100000001000000010000000100000001000000010000000100000001000000010000000100000001000000010000000100000001000000010000000100000001001011110011110 
2 1 2 2 2 2 2 0  11110101111111011111111111111111111111111111111111111111111111111111111111111111111111111111111111111111111111111111111111111111111111111111111111111111111111111111111111111111111111111111111111111110 
2 0 0 2 2 2 0 0  10010100100100001001010010001101100110001001000010011000100000001001000010000000100000001000000010000000100000001001000010010000100011001000000010000000100000001000000010000000100000001000000010000000 
2 1 2 2 2 2 2 0  11110111111111111111111111111111111111111111111111111111111111111111111111111111111111111111111111111111111111111111111111111111111111111111111111111111111111111111111111111111111111111111111111111110 
2 1 2 2 2 2 2 0  11110101111111111111111111111111111111111111111111111111111111111111111111111111111111111111111111111111111111111111111111111111111111111111111111111111111111111111111111111111111111111111111111111110 
2 0 0 2 0 0 0 0  10010000100100001001000010000000100000001000000010000000100000001000000010000000100000001000000010000000100000001000000010000000100000001000000010000000100000001000000010000000100000011000000010000000 
2 0 0 2 2 2 0 0  10010000100101001001010010001101100110001001000010011000100000001001000010000000100111001000000010000000100000001001001010010000100101001001111010011100100100001000000010000000100000001001011110000000 
4 0 0 2 2 1 0 0  10000000100000001000000010001101100110001001000010011000100000001000000010000000100000001000000010000000100000001001000010010000100011001000000010000000100000001000000010000000100000001000000010000000 
2 1 2 2 2 2 2 0  10010100100101001001010010001101100111111111111111111111111111111111111111111111110111001011011111110101111111111111111111111111111111111001111010011100100111101001110110011100101111111001011110011110 
2 1 2 2 2 2 2 0  11110101111111011111010101111111111111111111111111111111111111111111111111111111111111111111111111111111111111111111111111111111111111111111111111111111111111111111111111111111111111111111111111111110 
2 1 2 2 2 2 2 0  10010100100111011001010101111111111111111111111111111111111111111111111111111111111111111111110001110100010111001001111111111111111111111111111111111100100111101001111111111111111111111111111111111110 
4 0 0 2 2 2 0 0  10000000100000001000000010001101100110001001000010011000100000001001000010000000100000001000000010000000100000001000000010000000100000001000000010000000100000001000000010000000100000001000000010000000 
2 0 0 2 2 0 0 0  10010000100100001001000010000000100110001001000010011000100000001001000010000000100000001000000010000000100000001000000010000000100000001000000010000000100000001000000010000000100000001000000010000000 
2 0 0 2 0 0 0 0  10010000100100001001000010000000100110001001000010011000100000001001000010000000100000001000000010000000100000001001011010010000100000001000000010000000100000001000000010000000100000011001000010000000 
2 0 0 2 2 2 0 0  10010000100100001001000010001101100110001001000010011000100000001001000010000000100000001000000010000000100000001001000010010000100101001001111010011100100000001000000010000000100000001000000010000000 
2 1 2 2 2 2 2 0  10010100100111011001010101111111111111111111111111111111111111111111111111111111111111111111110001110100010111010111001010010100100101001001111010011100100111101001110110011100101111111111111111111110 
2 1 2 2 2 2 2 0  11110101111111011111111111111111111111111111111111111111111111111111111111111111111111111111111111111111111111111111111111111111111111111111111111111100100111101001110110011100101111111001011110011110 
2 0 0 2 0 0 0 0  10010000100100001001000010000000100110001001000010011000100000001001000010000000100000001000000010000000100000001000000010000000100000001000000010000000100000001000000010000000100000011001000010000000 
2 1 0 2 2 2 2 0  10010100100101001001010010001101100111111001000010011100100000001111000010000000100111001000000010010100010111001001001010010000100101001001111010011100100111101001110110011100100011001001000010011111 
2 1 0 2 2 2 2 0  10010100100101001001010010001101100111111001000010011100100001111111111111110000100111001011011111110100010111001001001010010100100101001001111010011100100111101001110110011100100011001001000010011111 
2 1 2 2 2 2 2 0  10010101111101001001010011111111111111111111111111111111100011111111111111111111110111001011011111110100010111001111101010010100100101001001111010011100100111101001110110011100100011001001000010011110 
2 1 0 2 2 2 2 0  10010100100101001001010010001101100111111001000010011100100000001111000010000000100111001111110001110100010111001001001010010100100101001001111010011100100111101001110110011100100011001001000010011110 
2 0 0 2 2 2 0 0  10010100100101001001010010001101100111111001000010011100100000001001000010000000100111001000000010000000100000001001001010010000100101001001111010011100100111101001110110011100100011001001000010011110 
2 1 2 2 2 2 2 0  10010100100101001001010010001101100111111001111111111111111111111111111111111100100111001111110001110100010111001001001010010000100101001001111010011100100111101001110110011100101111111001011110011110 
4 0 0 2 0 0 0 0  10000000100100001001000010000000100000001000000010000000100000001000000010000000100000001000000010000000100000001000000010000000100000001000000010000000100000001000000010000000100000011001000010000000 
2 1 0 2 2 2 2 0  10010100100101001001010010001101100111111001111111111111111111111111111111111111111111111111111111111111111111111111111110010100100101001001111010011100100111101001110110011100100011001001001111111100 
2 1 2 2 2 2 2 0  10010101111101001001010011111111111111111111111111111111111111111111111111111111111111111111111111111111111111111111111110010100100101001001111010011100100111101001110110011100100011001001001111111100 
2 0 0 2 2 2 0 0  10010000100101001001010010001101100110001001000010011100100000001001000010000000100000001000000010000000100000001001000010010000100011001001111010011100100111101000000010000000100000001000000010000000 
2 0 0 2 2 2 0 0  10010000100101001001010010001101100110001001000010011000100000001001000010000000100111001000000010000000100000001001001010010000100101001001111010011100100111101001110110011100100011001001000010000000 
2 0 0 2 2 2 0 0  10010000100100001001000010001101100110001001000010011000100000001001000010000000100000001000000010000000100000001001000010010000100101001001111010011100100000001000000010011100100011001001000010011110 
2 0 0 2 2 2 0 0  10010100100101001001010010001101100110001001000010011000100000001001000010000000100000001000000010000000100000001001000010010000100011001001111010011100100111101001110110011100100011001001000010000000 
2 0 0 2 2 2 2 0  10010000100101001001010010001101100110001001000010011000100000001001000010000000100111001000000010000000100111001001001010010100100101001001111010011100100111101001110110011100100011001001000010011110 
2 0 0 2 2 2 2 0  10010000100100001001010010001101100110001001000010011000100000001001000010000000100011001000000010010100010111001001001010010000100101001001111010011100100111101001110110011100100011001001000010011000 
2 0 0 2 0 0 0 0  10010000100100001001000010000000100000001000000010000000100000001000000010000000100000001000000010000000100000001000000010000000100000001000000010000000100000001000000010000000100000001001000010011110 
2 1 2 2 2 2 2 0  11110101111111011111010101111111111111111111111111111111111111111111111111111111111111111111110001110100010111010111001101010100111111111111111111111111111111111111110011011111111111101101111111111100 
2 0 0 2 2 2 0 0  10010100100101001001010010001101100110001001000010011100100000001001000010000000100000001000000010000000100000001001000010010000100101001001111010011100100000001000000010000000100000001000000010000000 
4 0 0 2 0 0 0 0  10000000100000001000000010000000100110001001000010011000100000001000000010000000100000001000000010000000100000001000000010000000100000001000000010000000100000001000000010000000100000001000000010000000 
2 0 0 2 2 2 2 0  10010100100101001001010010001101100111111001000010011111100011001111000011110000100111001011011110000000100000001001000010010000100101001001111010011100100111101001110110011100100011001001000010011110 
2 0 0 2 2 2 0 0  10010000100101001001010010001101100110001001000010011000100000001001000010000000100111001000000010000000100000001001001010010000100101001001111010011100100111101001110110011100100011001001000010011110 
2 1 0 2 2 2 2 0  10010100100101001001010010001101100111111001000010011100100001111111111111110000100111111111111111111100100000001001001010010100100101001001111010011100100111101001110110011100100011001001000010011110 
2 0 0 2 2 2 0 0  10010100100101001001000010001101100110001001000010011000100000001001000010000000100000001000000010000000100000001000000010000000100000001000000010000000100000001000000010000000100000001000000010000000 
2 0 0 2 2 2 0 0  10010100100101001001000010001101100110001001000010011000100000001001000010000000100000001000000010000000100000001001000010010000100011001000000010011100100111101001110110011100100000001000000010000000 
2 0 0 2 2 2 0 0  10010100100101001001010010001101100110001001000010011100100000001001000010000000100000001000000010000000100000001001000010010000100101001001111010011100100000001000000010000000100000001001011110011110 
2 1 2 2 2 2 2 0  11110101111101001001010010001101111111111111111111111111111111111111111111111111111111111111110001110100010111001001001010010100100101001001111010011100100111101001110110011100100011001001000010011110 
2 0 0 2 2 2 0 0  10010000100100001001000010001101100110001001000010011000100000001001000010000000100111001000000010000000100111001001001010010100100101001001111010011100100111101001110110011100100011001001000010000000 
4 0 0 2 0 0 0 0  10000000100000001000000010000000100110001001000010011000100000001001000010000000100000001000000010000000100000001000000010000000100000001000000010000000100000001000000010000000100000001000000010000000 
2 0 0 2 2 2 0 0  10010000100100001001000010001101100110001001000010011000100000001001000010000000100111001000000010000000100111001001001010010100100101001001111010011100100111101001110110011100100011001001000010011110 
2 0 0 2 2 2 0 0  10010000100100001001000010000000100000001001000010011000100000001001000010000000100000001000000010000000100000001001000010010000100011001000000010011100100111101001110110011100100011001001000010011111 
2 0 0 2 2 2 0 0  10010100100101001001010010001101100110001001000010011000100000001001000010000000100000001000000010000000100000001001000010010000100101001001111010011100100111101001110110011100100011001001000010011110 
2 1 2 2 2 2 2 0  10010101111101001001010011111111111111111111111111111111111111111111111111111111111111111111111111111111111111111111111111111111110101001001111010011100100111101001110110011100101111111111111111111110 
2 1 2 2 2 2 2 0  11110101111111011111010101111111111111111111111111111111111111111111111111111111111111111111110001110100010111010111001101010100111111111111111010011100100111101001110110011100100011001001000010011110 
2 1 0 2 2 2 2 0  10010100100111011001010101111111111111111111111111111111111111111111111111111111111111111111111010010100010111001001001010010100100101001001111010011100100111101001110110011100100011001001000010011110 
2 0 0 2 2 2 0 0  10010000100100001001000010000000100110001001000010011000100000001001000010000000100000001000000010000000100000001001000010010000100101001001111010011100100000001000000010000000100000001001011110011110 
2 0 0 2 2 2 0 0  10010100100101001001010010001100100110001001000010011000100000001001000010000000100000001000000010000000100000001001000010010000100101001001000010000000100000001000000010000000100000001000000010000000 
4 0 0 2 2 2 0 0  10000000100000001000000010000000100110001001000010011000100000001001000010000000100000001000000010000000100000001001000010010000100101001001000010000000100000001000000010000000100011001001000010000000 
2 0 0 2 2 2 0 0  10010100100101001001000010001101100110001001000010011000100000001001000010000000100111001000000010000000100000001001001010010000100101001001111010011100100111101001110110011100100011001001000010011110 
2 0 0 2 2 2 0 0  10010000100100001001010010001101100110001001000010011000100000001001000010000000100000001000000010000000100000001001000010010100100101001001111010011100100111101001110110011100100011001001000010011000 
2 1 0 2 2 2 0 0  10010000100100001001000010001101100110001001000010011000100000001001000010000000100011001000000010010100010111001001001010010100100101001001111010011100100111101001110110011100100011001001000010011111 
2 0 0 2 2 2 0 0  10010000100100001001000010000000100110001001000010011000100000001001000010000000100111001000000010000000100111001001001010010100100101001001111010011100100111101001110110011100100011001001000010000000 
2 1 0 2 2 2 2 0  10010100100101011001010101111111111111111111111111111111111111111111111111111111111111111111111010010100010111001001001010010100100101001001111010011100100111101001110110011100100011001001000010011110 
4 0 0 2 2 2 0 0  10000000100000001000000010001101100110001001000010011000100000001001000010000000100000001000000010000000100000001001000010010000100011001000000010000000100000001000000010000000100011001001000010011111 
2 1 0 2 2 2 2 0  10010000100100001001010010001101100111111001000010011100100000001111000010000000100111001000000010010100010111001001001010010000100101001001111010011100100111101001110110011100100011001001000010011110 
2 1 0 2 2 2 0 0  10010000100100001001000010001101100110001001000010011000100000001001000010000000100011001000000010010100010111001001001010010100100101001001111010011100100111101001110110011100100011001001000010010000 
2 1 2 2 2 2 2 0  11111111111111111111111111111111111111111111111111111111111111111111111111111111111111111111110001110100010111010111001010010100100101001001111010011100100111111111111111111111111111111111111111111110 
4 0 0 2 2 0 0 0  10000000100000001000000010000000100110001001000010011000100000001000000010000000100000001000000010000000100000001000000010000000100000001000000010000000100000001000000010000000100000011001000010000000 
4 0 0 0 0 0 0 0  10000000100000001000000010000000100000001000000010000000100000001000000010000000100000001000000010000000100000001000000010000000100000001000000010000000100000001000000010000000100000001001000010011000 
4 0 0 2 2 0 0 0  10000000100000001000000010000000100110001001000010011000100000001001000010000000100000001000000010000000100000001000000010000000100000001000000010000000100000001000000010000000100000011001000010000000 
2 0 0 2 2 2 0 0  10010100100100001001010010001101100110001001000010011000100000001001000010000000100000001000000010000000100000001001000010010000100011001000000010000000100111101001110110011100100011001001000010000000 
4 0 0 0 0 0 0 0  10010000100000001000000010000000100000001000000010000000100000001000000010000000100000001000000010000000100000001000000010000000100000001000000010000000100000001000000010000000100000001001000010010000 
4 0 0 2 2 2 0 0  10000000100000001000000010001101100110001001000010011000100000001001000010000000100000001000000010000000100000001001000010010000100011001001000010011100100111101001110110011100100011001001000010011111 
2 0 0 2 2 2 0 0  10010000100101001001010010001101100110001001000010011000100000001001000010000000100000001000000010000000100000001001000010010000100011001001111010011100100111101001110110011100100011001001000010000000 
2 1 2 2 2 2 2 0  11110101111111011111010101111111111111111111111111111111111111111111111111111111111111111111110001110100010111001001001010010000100101001001111010011100100111101001110110011100100011001001000010010000 
2 1 0 2 2 2 2 0  10010100100101001001010010001101100111111001000010011111100011111111111111111111111111111111111010010100010111001001001010010100100101001001111010011100100111101001110110011100100011001001000010011110 
4 0 0 2 2 2 0 0  10000000100000001000000010000000100000001000000010000000100000001000000010000000100000001000000010000000100000001001000010010100100101001001111010011100100111101001110110011100100011001001000010011000 
2 1 2 2 2 2 2 0  10010100100101001001010010001101100111111001000010011100111111111111111111111111111111111111110001110100010111001001001010010100100101001001111010011100100111101001110110011100100011001001000010011110 
2 0 0 2 2 2 0 0  10010000100100001001010010001101100110001001000010011000100000001001000010000000100000001000000010000000100000001001000010010100100101001001111010011100100111101001110110011100100011001001000010011110 
2 0 0 2 2 2 0 0  10010100100100001001010010001101100110001001000010011000100000001001000010000000100000001000000010000000100000001001000010010000100011001001000010011100100111101001110110011100100011001001000010011111 
2 0 0 2 2 2 0 0  10010000100101001001010010001101100110001001000010011000100000001001000010000000100000001000000010000000100000001001000010010000100011001001111010000000100000001000000010000000100000001001000010011000 
4 0 0 0 0 0 0 0  10010000100000001000000010000000100000001000000010000000100000001000000010000000100000001000000010000000100000001000000010000000100000001000000010000000100000001000000010000000100000001001000010011111 
2 0 0 2 2 2 0 0  10010100100100001001000010001101100110001001000010011000100000001001000010000000100000001000000010000000100000001001000010010000100101001001111010011100100111101001110110011100100011001001000010010000 
4 0 0 0 0 0 0 0  10010000100000001000000010000000100000001000000010000000100000001000000010000000100000001000000010000000100000001000000010000000100000001000000010000000100000001000000010000000100000001001000010011100 
4 0 0 2 2 2 0 0  10000000100000001000000010001101100110001001000010011000100000001001000010000000100000001000000010000000100000001001000010010000100011001000000010000000100111101001110110011100100011001001000010000000 
2 1 2 2 2 2 2 0  11110111111111111111111111111111111111111111111111111111111111111111111111111111111111111111110001110100010111010111001101010100111111111111111111111111111111111111110011011100100011001001000010011111 
2 0 0 2 2 2 0 0  10010100100101001001000010001101100110001001000010011000100000001001000010000000100000001000000010000000100000001001000010010100100101001001111010011100100111101001110110011100100011001001000010011000 
2 1 2 2 2 2 2 0  11110101111101001001010010001101100111111001000010011111100011001111111111111111111111111111110001110100010111001001001010010100100101001001111010011100100111101001110110011100111111101101000010011110 
2 1 0 2 2 2 2 0  10010100100101001001010010001101100110001001000010011000100000001001000010000000100000001000000010010100010111001001001010010100100101001001111010011100100111101001110110011100100011001001000010011110 
2 0 0 2 2 2 0 0  10010100100101001001010010001101100111111001000010011000100000001001000010000000100000001000000010000000100000001001000010010000100101001001111010011100100111101001110110011100100011001001000010011110 
2 0 0 2 2 2 2 0  10010000100100001001010010001101100110001001000010011000100000001001000010000000100111001000000010000000100111001001001010010100100101001001111010011100100111101001110110011100100011001001000010011110 
4 0 0 2 2 2 0 0  10000000100000001000000010000000100110001001000010011000100000001001000010000000100000001000000010000000100000001001000010010000100011001001000010011100100111101001110110011100100011001001000010011111 
4 0 0 0 0 0 0 0  10000000100000001000000010000000100000001000000010000000100000001000000010000000100000001000000010000000100000001000000010000000100000001000000010000000100000001000000010000000100011001001000010010000 
2 1 2 2 2 2 2 0  11110101111101001001010101111111111111111111111111111111111111111111111111111111111111111111110001110100010111010111001101010100111111111111111110011100100111101001110110011100100011001001000010011110 
