3 0 0 0 0 0 0 0  10000000100000001000000010000000100000001000000010000000100000001001110010000000100000001000000010000000100000001000000010000000100000001000000010000000100000001000000010000000100000001000000010000000 
3 0 0 0 0 0 0 0  10010000100100001001000010000000100000001000000010000000100000001000000010000000100000001000000010000000100000001000000010000000100000001000000010000000100000001000000010000000100000001000000010000000 
3 0 0 0 0 0 0 0  10010000100000001000000010000000100000001000000010000000100000001000000010000000100000001000000010000000100000001000000010000000100000001000000010000000100000001000000010000000100000001000000010000000 
3 0 0 0 0 0 0 0  10010000100000001000000010000000100000001000000010000000100000001001110010000000100000001000000010000000100000001000000010000000100000001000000010000000100000001000000010000000100000001000000010000000 
3 0 0 0 0 0 0 0  10000000100000001000000010000000100000001000000010000000100000001000000010000000100000001000000010000000100000001000000010000000100000001000000010000000100000001000000010000000100000001000000010000000 
3 0 0 0 0 0 0 0  10000000100000001000000010000000100000001000000010000000100000001000000010000000100000001000000010000000100000001000000010000000100000001000000010000000100000001000000010000000100000001001000010000000 
3 0 0 0 0 0 0 0  10010000100100001000000010000000100000001000000010000000100000001000000010000000100000001000000010000000100000001000000010000000100000001000000010000000100000001000000010000000100000001001000010000000 
3 0 0 0 0 0 0 0  10000000100000001000000010000000100000001000000010000000100000001001110010000000100000001000000010000000100000001000000010000000100000001000000010000000100000001000000010000000100000001001000010000000 
3 0 0 0 0 0 0 0  10010000100000001000000010000000100000001000000010000000100000001000000010000000100000001000000010000000100000001000000010000000100000001000000010000000100000001000000010000000100000001001000010000000 
2 2 1 2 2 2 0 0  10010000100101001001010010001100110101011011010010010000100110001001110010011100100110001001000010000000100010001001010110011100110111000111000011111000100000001000000010010000010100001001000010000000 
2 2 1 2 2 2 2 0  11110101111111011011111111111111111111111111111111111111111111111111111111111111111111111111111111111111111111111111111111111111111111111111111111111111111111111111111111111111111111111111111111111110 
3 0 0 2 0 2 0 0  10000000100000001000000010000000100000001000000010000000100000001001110010000000100000001000000010000000100000001001010110011100100000001000000010000000100000001000000010000000100000001001000010001100 
2 2 1 2 2 2 2 0  11110101111111011011111111111111111111111111111111111111111111111111111111111111111111111111111111111111111111111111010110011100110111000111011101111100111011011111110111111111111111111111111111111110 
2 2 1 2 2 2 2 0  11111101110111111111111111111111111111111111111111111111111111111111111111111111111111111111111111111111111111111111111111111111111111111111111111111111111111111111111111111111111111111111111111111110 
2 2 1 2 2 2 2 0  10010101100101011001010111111111111111111111110010011111111111111101110010011100100011111111111111111100100011001111010110011100110111000111011101111100111011011111110111111111111111111111111110001100 
2 2 1 2 2 2 2 0  11111111111111111111111111111111111111111111111111111111111111111101111111111111111111111111111111111111111111111111111111111111111111111111111111111111111111111111111111111111111111111111111111111110 
2 0 0 2 2 2 0 0  10010000100100001001000010010000100101001000000010010000100110001001110010011100100011111001000010000000100000001001010110011100100000001000000010000000100000001000000010000000100000001001000010001100 
3 0 0 2 0 2 0 0  10000000100000001001000010000000100000001000000010000000100000001000010010011100100000001001000010000000100000001001010110000000100000001000000010000000100000001000000010000000100100001001000010000100 
2 0 0 2 0 0 0 0  10010000100100001000000010000000100000001000000010000000100000001000000010000000100000001000000010000000100000001000000010000000100000001000000010000000100000001000000010000000100000001000000010000000 
2 0 0 2 2 2 0 0  10010100100100001001010010010000100101011000000010010000100110001001110010011100100110001001000010000000100010001001010110011100100000001000000010000000100000001000000010000000100000001001000010001100 
2 2 1 2 2 2 0 0  10010100100101001001010010001100100101011011010010010000100110001001110010011100100110001001000010001100100011001111010110011100110111000111011101111100111011011111110111111100100110001001000010001100 
3 0 0 2 0 2 0 0  10010000100100001001010010010000100101011000000010010000100110001001110010011100100000001001000010000000100000001001010110000000100000001000000010000000100000001000000010000000100000001001000010000000 
2 0 0 2 2 2 0 0  10010000100100001001000010010000100101011011010010010000100110001001110010011100100110001001000010000000100010001001010110011100100000001001000010000000100000001000000010000000100110001001000010001100 
2 2 1 2 2 2 2 0  11111101110111111111111111111111111111111111111111111111111111111111111111111111111111111111111111111111111111111111010110011100110111000111011101111100111011011111110111111110100111111111111111111110 
2 0 0 2 2 2 0 0  10010000100100001001010010010000100101011000000010010000100110001001110010011100100110001001000010001100100011001101010110011100100000001001000010000000100000001000000010000000100110001001000010000000 
3 0 0 2 0 2 0 0  10010000100100001001000010010000100101011011010010010000100110001001110010011100100111111001000010000000100000001001010110011100100000001001000010000000100000001000000010000000100000001001000010000000 
3 2 1 2 2 2 0 0  10010101100101011001010010001100110101011011010010011111111111111101110010011100100011111111000010001100100011001111010110011100110111000111011101111100111011011111110111111100100110001001000010001100 
2 2 1 2 2 2 2 0  11110101110101011111010010001100110101011011010010011111111111111101110010011100100011111111111111111100100011001001010110011100110111000111011101111100111011011111110111111111111111111111111111111110 
2 2 1 2 2 2 0 0  10010100100101001001010010001100100101011011010010010000100110001001110010011100100110001001000010001100100011001111010110011100110111000111000011111100111011011100110111111000100110001001000010001100 
3 0 0 0 0 0 0 0  10010000100000001000000010000000100000001000000010000000100000001001100010000000100000001000000010000000100000001000000010000000100000001000000010000000100000001000000010000000100110001001000010000000 
2 2 1 2 2 2 0 0  10010000100100001001010010010000100101011011010010010000100110001001110010011100100110001001000010001100100011001111010110011100110111001000000010011000100000001001110111111100100110001001000010001100 
2 2 1 2 2 2 2 0  11110101110101011111111111111111111111111111111111111111111111111111110011111111111111111111111111111110101111111111010110011100110111000111011101111100111111111111110111111111111111111111111111111110 
2 0 1 2 2 2 0 0  10010000100101001001010010001100100101011011010010010000100110001001110010011100100000001001000010000000100000001001010110011100100000001001000010000000100000001000000010000000100000001001000010000000 
2 2 1 2 2 2 0 0  10010100100101001001010010001100100101011011010010010000100110001001110010011100100110001001000010001100100011001111010110011100110111001000000010011000100000001000110111111000100100001001000010001100 
3 2 1 2 2 2 0 0  10010101100101011001010010001100110101011011010010011111111111111001110010011100100011111101000011111100100011001001010110011100110111000111000011111100111011011100110111111000100110000111000010001100 
2 2 1 2 2 2 0 0  11110101110101011111010010001100110101011011010010011111111111111101110010011100100110001001000010001100100011001111010110011100110111000111011101111100111011011111110111111100100110001001000010001100 
3 0 0 2 0 2 0 0  10010100100101001001000010010000100101011011010010010000100110001001110010011100100111111001000010000000100000001001010110011100100000001001000010000000100000001000000010000000100000001001000010000000 
2 0 0 2 0 0 0 0  10000000100000001001000010000000100000001000000010000000100110001000000010000000100000001000000010000000100000001000000010000000100000001000000010000000100000001000000010000000100000001001000010000000 
3 0 0 2 2 0 0 0  10000000100000001001000010000000100100001000000010000000100000001000000010000000100000001000000010000000100000001000000010000000100000001000000010000000100000001000000010000000100000001001000010000000 
3 0 0 2 0 2 0 0  10010000100100001001000010010000100000001000000010000000100000001000000010011100100111111001000010000000100000001001010110011100100000001001000010000000100000001000000010000000100000001001000010000000 
3 0 0 2 0 2 0 0  10010000100100001001010010010000100101011011010010010000100110001001110010011100100011001001000010000000100000001001010110011100100000001000000010000000100000001000000010000000100000001001000010000000 
3 0 0 2 0 2 0 0  10010100100101001001000010000000100000001000000010000000100000001000010010011100100000001001000010000000100000001001010110000000100000001000000010000000100000001000000010000000100100001001000010000100 
2 2 1 2 2 2 0 0  10010100100101001001010010001100100101011011010010010000100110001001110010011100100110001001000010001100100011001101010110011100110000001001000010000000111011011111110111111100100110001001000010001100 
3 0 0 2 0 2 0 0  10010100100100001001000010000000100101011011010010010000100110001001110010000000100000001001000010000000100000001001010010000000100000001000000010011000100000001000000010000000100110001001000010000000 
3 0 0 2 0 2 0 0  10000000100000001001000010000000100000001000000010000000100000001001110010011100100110001001000010000000100000001001010110011100110111001000000010000000100000001000000010000000100000001001000010000000 
3 0 0 2 0 2 0 0  10000000100000001001000010000000100100001000000010000000100000001000000010000000100000001000000010000000100000001001010110011100100000001001000010000000100000001000000010000000100000001001000010000000 
2 2 1 2 2 2 0 0  11110101110101011111010010001100110101011011010010011111111111111101110010011100100011111111111111111100100011001001010110011100110111000111011101111100111011011111110111111100100110001001000010001100 
3 2 1 2 2 2 2 0  10010101100101011001010010001100110101011011010010011111111111111101110010011100100111111111111111111100100011001001010110011100110111000111011101111100111011011111110111111111111111111111111111111110 
3 0 0 2 0 2 0 0  10010100100101001001000010010000100101011011010010010000100110001001110010011100100111111001000010000000100000001001010110011100100000001000000010000000100000001000000010000000100000001000000010000000 
3 0 0 2 0 0 0 0  10000000100000001001000010000000110100001000000010000000100000001000000010000000100000001000000010000000100000001000000010000000100000001000000010011000100000001000000010000000100110001001000010000000 
2 2 1 2 2 2 2 0  10010101100101011001010010001100110101011011010010011111111111111101110010011100100011111111000010001100100011001111010110011100110111000111011101111100111011011111110111111111111111111101000010001100 
2 2 1 2 2 2 0 0  10010000100100001001010010010000100101011011010010010000100110001001110010011100100110001001000010001100100011001111010110011100110111001000000010011000100000001000000011111100100110001001000010001100 
3 0 0 2 2 2 0 0  10010100100101001001010010001100100101011011010010010000100110001001110010011100100110001001000010001100100010001001010110011100100000001000000010011000100000001000000010011100100110001001000010001100 
2 0 0 2 0 2 0 0  10010100100101001001010010000000100100001000000010000000100000001000000010000000100000001000000010000000100000001001010110011100100000001001000010000000100000001000000010000000100000001001000010000000 
3 2 1 2 2 2 0 0  10010000100100001001010010001100100101011011010010010000100110001001110010011100100110001001000010001100100011001101010110011100110000001001000010000000111011011111110111111100100110001001000010001100 
3 0 0 2 0 2 0 0  10010100100101001001010010010000100101011000000010010000100110001001110010011100100110001001000010000000100000001001010110011100100000001001000010000000100000001000000010000000100000001001000010000000 
2 0 1 2 2 2 0 0  10010000100101001001010010001100100101011011010010010000100110001001110010011100100000001001000010000000100000001001010110011100100000001001000010000000100000001000000010011100100110001001000010001100 
3 2 1 2 2 2 0 0  10010101100101011001010010010000100101011011010010010000100110001001110010011100100011111101000011111100100011001001010110011100110111000111000011111100111011011111110111111100100110001001000010001100 
3 0 0 2 2 2 0 0  10010000100100001001010010001100100101011011010010010000100110001001110010011100100110001001000010001100100010001001010110011100100000001000000010011000100000001000000010000000100000001001000010000000 
2 2 1 2 2 2 0 0  11110101110101011111010010010000100101011011010010010000100110001001110010011100100011111101000011111100100011001001010110011100110111000111000011111100111011011100110011111100100110001001000010001100 
2 2 1 2 2 2 2 0  10010101100101011001010111111111111111111111110010011111111111111101110010011100100011111111111111111100100011001111111111111111111111111111111111111111111111111111111111111111111111111111111111111110 
2 2 1 2 2 2 2 0  11111111111111111111111111111111110101011011010010011111111111111101110010011100100011111111111111111100100011001111010110011100110111000111011101111100111011011111110111111100100110111111111111111110 
3 0 0 2 0 2 0 0  10010100100101001001010010010000100101011000000010010000100110001001110010011100100110001001000010000000100000001001010110011100100000001001000010000000100000001000000010000000100000001001000010001100 
2 0 0 0 0 0 0 0  10010000100100001001000010010000110100001000000010000000100000001000000010000000100000001000000010000000100000001000000010000000100000001000000010000000100000001000000010000000100000001001000010000000 
3 0 0 2 2 2 0 0  10010100100101001001010010010000100101011000000010010000100110001001110010011100100110001001000010000000100010001001010110011100100000001000000010000000100000001000000010000000100110001001000010001100 
3 0 0 2 2 2 0 0  10000000100000001001000010000000100100001000000010000000100000001000000010000000100000001001000010001100100010001001010110011100100000001000000010011000100000001000000010000000100110001001000010001100 
3 0 0 2 2 2 0 0  10010100100101001001010010010000100101011000000010010000100110001001110010011100100110001001000010000000100010001001010110011100100000001000000010000000100000001100110011111100100110001001000010001100 
2 0 0 2 2 2 0 0  10010000100100001001010010001100100101011011010010010000100110001001110010011100100110001001000010001100100010001001010110011100100000001000000010011000100000001000000010000000100110001001000010001100 
3 0 0 0 0 0 0 0  10010000100100001001000010010000110100001000000010000000100000001000000010000000100000001000000010000000100000001000000010000000100000001000000010011000100000001000000010000000100000001001000010000000 
3 0 0 2 2 2 0 0  10010000100100001001010010001100100101011011010010010000100110001001110010011100100110001001000010001100100011001101010110011100100000001000000010011000100000001000000010000000100110001001000010001100 
3 0 0 2 2 2 0 0  10010000100100001001010010010000100101011000000010010000100110001001110010011100100110001001000010001100100011001111010110011100110111001000000010011000100000001001110111111100100110001001000010001100 
2 0 1 2 2 2 0 0  10010100100101001001010010001100100101011011010010010000100110001001110010011100100110001001000010000000100000001001010110011100100000001001000010000000100000001000000010011100100110001001000010001100 
2 2 1 2 2 2 0 0  10010100100101001001010010001100100101011011010010010000100110001001110010011100100110001001000010001100100011001001010110011100100000001000000010000000100000001100110011111100100110001001000010001100 
3 0 0 0 0 0 0 0  10010000100100001001000010000000100000001000000010000000100000001000000010000000100000001000000010000000100000001000000010000000100000001000000010000000100000001000000010000000100110001001000010000000 
2 2 1 2 2 2 2 0  11110101110101011111011111111111111111111111111111111111111111111101110010011100100011111111111111111100100011001111010110011100110111000111011101111100111011011111110111111100100110111111111111111110 
3 0 0 2 0 2 0 0  10000000100000001000000010000000100000001000000010000000100000001000000010000000100110001001000010000000100000001001010110011100100000001001000010000000100000001000000010000000100000001001000010000000 
2 2 1 2 2 2 0 0  10010101100101011001010010001100110101011011010010010000100110001001110010011100100011111101000011111100100011001001010110011100110111000111011101111100111011011111110111111100100100001001000010001100 
3 0 0 2 2 2 0 0  10000000100000001001000010000000100101011000000010010000100110001001110010011100100110001001000010000000100010001001010110011100100000001000000010000000100000001000000010000000100000001001000010001100 
3 0 0 0 0 0 0 0  10000000100000001000000010000000100000001000000010000000100000001001110010000000100000001000000010000000100000001000000010000000100000001001000010000000100000001000000010000000100000001001000010000000 
2 0 0 2 2 0 0 0  10010000100100001001000010010000110100001000000010000000100000001000000010000000100000001000000010000000100000001000000010000000100000001000000010011000100000001000000010000000100110001001000010000000 
2 2 1 2 2 2 0 0  11110101110101011111010010001100110101011011010010010000100110001001110010011100100011111101000011111100100011001001010110011100110111000111011101111100111011011111110111111100100100001001000010001100 
2 2 1 2 2 2 2 0  11110101110101011111010010001100110101011011010010011111111111111101110010011100100011111111111111111100100011001111111111111111111111111111111111111111111111111111111111111111100111111111111111111110 
3 0 0 2 0 2 0 0  10000000100000001000000010000000100000001000000010000000100000001000000010000000100000001000000010000000100000001001010110011100100000001001000010000000100000001000000010000000100000001001000010000000 
3 0 0 2 0 2 0 0  10010100100101001001010010010000100101011000000010000000100000001000000010000000100000001000000010000000100000001001010110011100100000001001000010000000100000001000000010000000100000001001000010000000 
3 0 0 2 2 2 0 0  10010000100101001001010010010000100101011000000010010000100110001001110010011100100110001001000010000000100000001001010110011100100000001000000010011000100000001000000010000000100110001001000010001100 
2 0 0 2 0 2 0 0  10010000100100001001000010010000110100001000000010000000100000001000000010000000100000001001000010000000100000001001010110011100110111001000000010000000100000001000000010000000100000001001000010000000 
2 2 1 2 2 2 2 0  11111101110111111111111111111111111111111111111111111111111111111111111111111100100110001001000010001100100011001111010110011100110111000111011101111100111011011111110111111100100111111111111111111110 
3 0 0 2 0 2 0 0  10010000100100001001000010010000100101011011000010000000100000001000010010011100100000001001000010000000100000001001010110000000100000001000000010000000100000001000000010000000100000001001000010000000 
3 0 0 0 0 0 0 0  10010000100100001001000010000000100000001000000010000000100000001000000010000000100000001000000010000000100000001000000010000000100000001000000010000000100000001000000010000000100000001001000010000000 
2 2 1 2 2 2 2 0  11110101110101011111111111111111111111111111111111111111111111111101111111111111111111111111111111111111111111111111111111111111111111111111111111111111111111111111111111111111111111111111111111111110 
2 0 0 2 0 2 0 0  10010000100100001001010010010000100101011000000010010000100110001001110010011100100110001001000010000000100000001001010010000000100000001000000010000000100000001000000010010000000100001001000010001100 
3 0 0 2 0 2 0 0  10000000100000001001000010000000100000001000000010000000100000001001110010011100100110001001000010000000100000001001010110010000100000001000000010000000100000001000000010011000100000001001000010000000 
2 2 1 2 2 2 0 0  10010101100101001001010010001100100101011011010010010000100110001001110010011100100110001001000010001100100011001111010110011100110111000111000011111100111011011111110111111100100110001001000010001100 
3 2 1 2 2 2 0 0  10010100100101001001010010001100110101011011010010010000100110001001110010011100100011111101000011111100100011001001010110011100110111000111011101111100111011011111110111111100100100001001000010001100 
3 0 0 2 0 2 0 0  10010000100100001001010010010000100101011000000010010000100110001001110010011100100110001001000010000000100000001001010110011100100000001001000010000000100000001000000010000000100000001001000010001100 
2 0 0 2 2 2 0 0  10010100100100001001010010010000100101011000000010010000100110001001110010011100100110001001000010000000100010001001010110011100100000001000000010000000100000001000000010000000100000001001000010000000 
3 0 0 2 2 2 0 0  10000000100000001001000010000000100100001000000010000000100000001000000010000000100000001001000010001100100010001001010110011100100000001001000010000000100000001000000010011100100110001001000010001100 
2 0 1 2 2 2 0 0  10010000100101001001010010001100100101011011010010010000100110001001110010011100100000001001000010000000100000001001010110011100100000001000000010011000100000001000000010000000100110001001000010001100 
2 0 1 2 2 2 0 0  10010100100101001001010010001100100101011011010010010000100110001001110010011100100000001001000010000000100000001001010110011100100000001001000010000000100000001000000010000000100000001001000010000000 
3 0 0 2 2 2 0 0  10010000100100001001000010000000100101011000000010010000100110001001110010011100100110001001000010000000100010001001010110011100100000001000000010000000100000001000000010000000100000001001000010001100 
