3 0 0 0 0 0 0 0  10010000100000001000000010000000100000001000000010000000100000001000000010000000100000001000000010000000100000001000000010000000100000001000000010000000100000001000000010000000100000001000000010000000 
2 0 0 0 0 0 0 0  10000000100000001000000010000000100000001000000010000000100000001000000010000000100000001000000010000000100000001000000010000000100000001000000010000000100100001001000010000000100000001000000010000000 
3 0 0 0 0 0 0 0  10010000100000001000000010000000100000001000000010000000100000001000000010000000100000001000000010000000100000001000000010000000100000001000000010000000100000001000000010010000111100001000000010000000 
2 2 2 1 2 2 0 0  10010100100101001001010010011000101111000011010111111100100100001001110111111100100111001001110011111100100111001001000010000000100000001001000010000000100100001001000010010000111100001000000010011100 
2 2 2 1 2 2 2 1  11111111111111011111010010001011111101111111010111111111111111111111111111111100100111001001110011111100100111001001111111111111111111111111111111111111111111111111111111010111111111111111111111111101 
3 0 0 0 0 0 0 0  10000000100000001000000010000000100000001000000010000000100000001000000010000000100000001000000010000000100000001000000010000000100000001000000010000000100000001000000010000000100000001000000010011100 
3 1 0 0 0 2 0 0  10000000100000001001000010000000100000001000000010000000100000001000000010000000100000001000000010000000100000001000000010000000100000001000000010000000100000001000000010000000100000001000000010011100 
2 2 2 1 2 2 2 1  11111111110101011111010111111111111101111101011111111011111111011001110111111100100111111111111111111111111111111111111111111111111111111111111111111111111111111111111111010111111111111111111111111101 
2 0 0 0 0 0 0 0  10000000100000001000000010000000100000001000000010000000100000001000000010000000100000001000000010000000100000001000000010000000100000001000000010000000100100001001000010000000100000001000000010011100 
3 0 0 3 2 2 0 0  10010000100101001001010010011000100000001000000010001100100100001000000010000000100111001000000010000000100000001000000010010100100110001001000010000000100100001001000010010000100000001000000010000000 
3 0 0 0 0 0 0 0  10010000100100001001000010000000100000001000000010000000100000001000000010000000100000001000000010000000100000001000000010000000100000001000000010000000100100001001000010000000100000001001100010000000 
3 0 0 1 0 2 0 0  10010100100101001001010010010000100000001000000010000000100000001000000010000000100000001000000010000000100001001001000010000000100000001000000010000000100100001001000010000000100000001000000010000000 
2 2 2 1 2 2 2 1  11111111111111111111111111111111111111111111111111111111111111111111111111111111111111111111111111111111111111111111111111111111111111111111111111111111111111111111111111111111111111111111111111111111 
3 1 0 0 0 2 0 0  10000000100000001001000010000000100000001000000010000000100000001000000010000000100000001000000010000000100000001000000010010100100000001000000010000000100101001001000010010000100000001000000010000000 
3 1 2 1 2 2 0 0  10010100100101001001010010011000101111000011010111111100100111011001110111111100100111001001110011111100100111001001110010010100100110001001000010000000100100001001000010010000100000001000000010011100 
3 1 2 1 2 2 0 0  10010100100101001001010010011000101111000011010111111100100111011001110111111100100111001001110011111100100111001001110010010100100110001001000010000000100100001001000010010000111100001001100010001100 
3 0 0 3 2 2 0 0  10010100100101001001010010011000100000001000000010001100100100001001110111111100100111001001110011111100100111001001110010010100100110001001000010011100100100001001000010011100111100001001111110011100 
3 0 0 0 0 0 0 0  10000000100000001000000010000000100000001000000010000000100000001000000010000000100000001000000010000000100000001000000010000000100000001001000010000000100100001001000010010000111100001001100010000000 
3 0 0 3 0 2 0 0  10010100100100001001010010010000100000001000000010000000100000001000000010000000100000001000000010000000100000001000000010010100100110001001000010000000100100001001000010010000111100001000000010011100 
3 1 0 0 0 0 0 0  10000000100000001000000010000000100000001000000010000000100000001000000010000000100000001000000010000000100000001000000010000000100000001000000010000000100000001000000010000000100000001000000010000000 
2 2 2 1 2 2 2 1  11111111111111011111111111111111111101111101011111111011111111011001110111111100100111111111111111111111111111111111111111111111111111111111111111111111111111111111111111010111111111111111111111111101 
3 0 0 3 2 2 0 0  10010000100100001001010010010000100000001000000010001100100100001001110111111100100111001001110011111100100111001001110010010100100110001001000010011100100100001001000010011100100000001000000010011100 
2 2 2 1 2 2 2 1  11010101111111011101010111111111101111000011010111111100100111011001110111111100100111001001110011111100100111001001110011010100100111111111111111111000100101001111110111010111111111111111111111111101 
3 0 0 1 0 2 0 0  10010100100101001001010010010000100000001000000010000000100000001000000010000000100000001000000010000000100001001001000010000000100110001001000010011100100100001001000010011100100000001000000010011100 
3 1 0 0 0 2 0 0  10000000100000001001000010000000100000001000000010000000100000001000000010000000100000001000000010000000100000001000000010010100100000001001000010011100100100001001000010011100100000001000000010011100 
3 1 2 1 2 2 0 0  10010100100101001001010010011000101111000011010111111100100111011001110111111100100111001001110011111100100111001001110011010100100110001001000011111000100101000111000010011100111100001111110010011100 
3 0 0 1 0 2 0 0  10010100100101001001010010010000100000001000000010000000100000001000000010000000100000001000000010000000100111001001110010010100100110001001000010011100100100001001000010011100100000001000000010011100 
3 0 0 3 0 0 0 0  10010000100100001001000010000000100000001000000010000000100000001000000010000000100000001000000010000000100000001000000010000000100110001001000010000000100100001001000010010000100000001001100010000000 
3 0 0 3 0 0 0 0  10010000100000001000000010000000100000001000000010000000100000001000000010000000100000001000000010000000100000001000000010000000100000001000000010000000100000001000000010010000100000001000000010000000 
3 0 0 3 0 2 0 0  10010000100100001001010010010000100000001000000010000000100000001000000010000000100000001000000010000000100001001001000010000000100000001000000010000000100100001001000010000000100000001000000010000000 
2 2 2 1 2 2 2 1  11110101111111011111111111111111111111111111111111111111111111111111111111111111111111111111111111111111111111111111111111111111111111111111111111111111111111111111111111111111111111111111111111111111 
3 0 0 3 2 2 0 0  10010000100100001001010010011000100000001000000010001100100100001001110110000000100111001000000010000000100000001000000010010100100110001001000010011100100100001001000010010000100000001000000010011100 
2 2 2 1 2 2 2 1  11010101111111011111010010111111111111000011010111111100100111011001110111111100100111001001110011111101111111001001110011010100100111111111111111111111111111111111110111010111111111111111111111111101 
3 0 0 1 0 2 0 0  10000000100000001001000010000000100000001000000010001100100100001001110110000000100111001000000010000000100000001000000010010100100110001001000010000000100100001001000010010000100000001000000010000000 
2 2 2 1 2 2 2 1  11010101111111011111010010111111111111000011010111111101111111111111111111111111111111111111111111111111111111111111111111110100100111111111111111111111111111111111110111010111111111111111111111111101 
3 0 0 3 0 0 0 0  10010000100100001001000010000000100000001000000010000000100000001000000010000000100000001000000010000000100000001000000010000000100000001000000010000000100000001000000010010000100000001000000010000000 
2 2 2 1 2 2 2 1  10010101100101001001010010011000101111000011010111111100100111011001110111111100100111001001110011111100100111001001110010010100100111111111111111111111111111111111110111010111111111111111111111111101 
3 1 0 1 0 2 0 0  10000000100000001001000010000000100000001000000010000000100000001000000010000000100111001000000010000000100000001000000010010100100110001001000010011100100100001001000010010000100000001000000010011100 
3 0 0 3 2 2 0 0  10010000100101001001010010011000100000001000000010001100100100001001110110000000100111001000000010000000100000001000000010010100100110001001000010011100100100001001000010011100111100001001110010011100 
3 0 0 1 0 2 0 0  10010100100101001001010010010000100000001000000010000000100000001000000010000000100000001000000010000000100111001001110010010100100110001001000010011100100100001001000010011100100000001001111110011100 
3 0 0 3 2 2 0 0  10010100100101001001010010011000100000001000000010001100100100001001110111111100100111001001110011111100100111001001110010010100100110001001000010011100100100001001000010011100111100001000000010011100 
2 2 2 1 2 2 2 1  11111111111111011111111111111111111111000011010111111101111111111111110111111100100111001001110011111100100111001001110011010100100111111111111111111111111111111111110111010111111111111111111111111101 
2 2 2 1 2 2 2 1  11110101111111011111010010111111111101111101011111111011111111011001110111111100100111111111111111111111111111111111111111111111111111111111111111111111111111111111111111010111111111111111111111111101 
3 0 0 3 2 2 0 0  10010000100100001001000010000000100000001000000010000000100000001001110110000000100111001000000010000000100000001000000010010100100110001001000010011100100100001001000010011100111100001001110010011100 
2 2 2 1 2 2 2 1  11110101111111011111010010111111111111111111111111111111111111111111111111111111111111111111111111111111111111111111111111111111111111111111111111111111111111111111111111111111111111111111111111111111 
3 0 0 1 0 2 0 0  10000000100000001001000010000000100000001000000010000000100000001000000010000000100000001000000011111100100111001001110010010100100110001001000010011100100100001001000010011100100000001000000010011100 
2 2 2 1 2 2 0 0  10010101100101001001010010011000101111000011010111111100100111011001110111111100100111001001110011111100100111001001110011010100100110001001000011111000100101000111000010011100111100001111110010011100 
2 2 2 1 2 2 0 0  11010101110101001001010111111111101111000011010111111100100111011001110111111100100111001001110011111100100111001001110011010100100111101001000011111000100101000111000010011100111100001001111110011100 
2 2 2 1 2 2 0 1  11010101110101001001010111111111101111000011010111111100100111011001110111111100100111001001110011111100100111001001110011010100100110001001000011111000100101000111000010011100111100001111110010111101 
2 2 2 1 2 2 2 1  11110101111111011111010010111111111101111101011111111011111111011001110111111100100111111001110011111100100111001001110010010100100111111111111111111111111111111111110111010111111111111111111111111101 
2 0 0 0 0 0 0 0  10000000100000001000000010000000100000001000000010000000100000001000000010000000100000001000000010000000100111001001000010000000100000001000000010000000100100001001000010010000100000001001100010000000 
3 0 0 3 0 0 0 0  10010000100100001001000010000000100000001000000010000000100000001000000010000000100000001000000010000000100000001000000010000000100110001001000010000000100100001001000010010000100000001000000010011100 
3 0 0 3 2 2 0 0  10010000100101001001010010011000100000001000000010001100100100001001110110000000100111001000000010000000100000001000000010010100100110001001000010011100100100001001000010010000100000001000000010000000 
3 1 2 3 2 2 0 0  10010100100101001001010010011000101111000011010111111100100111011001110111111100100111001001110011111100100111001001110010010100100110001001000010011100100100001001000010011100111100001001110010011100 
3 0 0 3 2 2 0 0  10010000100101001001010010011000100000001000000010001100100100001000000010000000100111001001110011111100100111001001000010010100100110001001000010011100100100001001000010011100111100001001110010011100 
3 0 0 3 0 0 0 0  10010000100000001000000010000000100000001000000010000000100000001000000010000000100000001000000010000000100000001000000010000000100000001001000010000000100100001001000010010000100000001000000010011100 
2 0 0 1 0 2 0 0  10010100100101001001000010000000100000001000000010000000100000001000000010000000100000001000000010000100100111001000000010010100100000001000000010000000100101001001000010010000100000001000000010000000 
3 0 0 3 2 2 0 0  10010000100101001001010010011000100000001000000010001100100100001001110111111100100111001001110011111100100111001001110010010100100110001001000010011100100100001001000010011100111100001000000010011100 
2 2 2 1 2 2 0 1  10010101100101001001010111111111101111000011010111111100100111011001110111111100100111001001110011111100100111001001110011010100100110001001000011111000100101000111000010011100111100001111110010111101 
3 0 0 3 2 2 0 0  10010000100100001001010010010000100000001000000010001100100100001001110111111100100111001001110011111100100111001001110010010100100110001001000010011100100100001001000010011100111100001001110010011100 
2 2 2 1 2 2 2 1  10010101100101001001010111111111101111000011010111111100100111011001110111111100100111001001111111111111111111111111111111111111111111111111111111111111111111111111111111111111111111111111111111111111 
2 2 2 1 2 2 2 1  10010101100101001001010111111111101111000011010111111100100111011001110111111100100111001001110011111111111111111111111111110100100111111111111111111111111111111111110111010111111111111111111111111101 
3 0 0 3 2 2 0 0  10010000100100001001010010010000100000001000000010001100100100001001110010000000100000001000000010000100100111001000110010010100100110001001000010011100100100001001000010011100100000001000000010011100 
2 2 2 3 2 2 0 0  11010101111111011111010010111100101111000011010111111100100111011001110111111100100111001001110011111100100111001001110010010100100110001001000010011100100100001001000010011100111100001001110010011100 
3 0 0 3 2 2 0 0  10010000100100001001010010011000100000001000000010001100100100001001110110000000100111001000000010000000100000001000000010010100100110001001000010011100100100001001000010011100111100001001111110011100 
3 0 0 0 0 0 0 0  10000000100000001000000010000000100000001000000010000000100000001000000010000000100000001000000010000000100000001000000010010100100110001001000010000000100100001001000010010000100000001000000010011100 
3 0 0 3 2 2 0 0  10010000100100001001000010011000100000001000000010001100100100001000000010000000100111001001110011111100100111001001000010010100100110001001000010011100100100001001000010011100111100001001110010011100 
3 2 2 1 2 2 0 0  10010100100101001001010010011000101111000011010111111100100111011001110111111100100111001001110011111100100111001001110011010100100111101001000011111000100101000111000010011100111100001001111110011100 
2 2 2 1 2 2 2 1  10010101100101001001010111111111101111000011010111111100100111011001110111111100100111001001110011111100100111001001110011010100100110001001001111111111111111111111111111111111111111111111111111111111 
3 0 0 3 2 2 0 0  10010000100101001001010010011000100000001000000010001100100100001001110110000000100111001001110011111100100111001001110010010100100110001001000010011100100100001001000010011100111100001001110010011100 
3 0 0 3 0 2 0 0  10010000100100001001010010010000100000001000000010000000100000001000000010000000100000001000000010000000100000001000000010000000100000001001000010000000100100001001000010011100111100001000000010011100 
3 0 0 3 2 2 0 0  10000000100000001001000010000000100000001000000010001100100100001001110110000000100111001000000010000000100000001000000010010100100110001001000010000000100100001001000010010000100000001000000010011100 
3 0 0 1 2 2 0 0  10010100100101001001010010010000100000001000000010001100100100001001110110000000100111001001110011111100100111001001110010010100100110001001000010011100100100001001000010011100111100001001110010011100 
3 0 0 3 2 2 0 0  10010000100100001001000010000000100000001000000010000000100000001001110110000000100111001000000010000000100000001001110010010100100110001001000010000000100100001001000010010000100000001000000010000000 
3 0 0 3 2 2 0 0  10010000100100001001000010000000100000001000000010000000100000001001110110000000100111001000000010000000100000001000000010010100100110001001000010011100100100001000000010010000100000001001110010011100 
2 0 0 0 0 0 0 0  10010000100100001001000010000000100000001000000010000000100000001001110110000000100111001000000010000000100000001000000010010100100000001000000010000000100100001001000010010000100000001001100010000000 
2 2 2 1 2 2 0 0  10010101100101001001010010011000101111000011010111111100100111011001110111111100100111001001110011111100100111001001110011010100100111101001000010011100100100001001000010011100111100001001111110011100 
3 0 0 3 2 2 0 0  10010000100101001001010010011000100000001000000010001100100100001001110110000000100111001000000010000000100000001000000010010100100110001001000010011100100100001001000010010000100000001001110010011100 
3 0 0 3 2 2 0 0  10010000100101001001010010011000100000001000000010001100100100001001110110000000100111001001110011111100100111001001110010010100100110001001000010011100100100001001000010010000100000001000000010011100 
2 2 2 1 2 2 2 1  11110101111111011111111111111111111111111111111111111100100111011001110111111100100111001001110011111100100111001001111111111111111111111111111111111111111111111111111111111111111111111111111111111111 
3 0 0 1 2 2 0 0  10010100100101001001010010010000100000001000000010001100100100001001110110000000100111001001110010000000100000001000000010010100100110001001000010011100100100001001000010011100111100001001110010011100 
3 0 0 1 2 2 0 0  10010100100101001001010010010000100000001000000010001100100100001001110110000000100111001001110011111100100111001001110010010100100110001001000010011100100100001001000010010000111100001001100010000000 
3 1 0 0 0 0 0 0  10000000100000001001000010000000100000001000000010000000100000001000000010000000100000001000000010000000100000001000000010000000100000001000000010000000100000001000000010000000100000001001100010000000 
2 2 2 1 2 2 2 1  11010101110101001001010111111111101111000011010111111100100111011001110111111100100111001001110011111100100111001001110011010100100111111111111111111111111111111111110111010111111111111111111111111101 
3 0 0 3 0 0 0 0  10010000100100001001000010000000100000001000000010000000100000001000000010000000100000001000000010000000100000001000000010000000100110001001000010000000100100001001000010010000100000001001111110011100 
3 0 0 3 2 2 0 0  10010000100100001001000010011000100000001000000010001100100100001000000010000000100111001001110011111100100111001001000010010100100110001001000010011100100100001001000010010000100000001000000010011100 
3 0 0 3 0 0 0 0  10010000100000001000000010000000100000001000000010000000100000001000000010000000100000001000000010000000100000001000000010000000100000001000000010000000100100001001000010000000100000001000000010011100 
3 0 0 1 0 0 0 0  10000000100000001001000010000000100000001000000010000000100000001001110110000000100111001000000010000000100000001000000010010100100000001000000010000000100100001001000010010000100000001001100010000000 
2 2 2 1 2 2 2 1  11010101110101001001010111111111101111000011010111111100100111011001110111111100100111001111110011111101111111111111111111111111111111111111111111111111111111111111111111111111111111111111111111111111 
3 0 0 3 2 2 0 0  10010100100100001001010010010000100000001000000010000000100000001000000010000000100000001000000010000000100000001000000010010100100110001001000010011100100100001001000010010000100000001000000010011100 
3 0 0 1 0 2 0 0  10010100100101001001010010010000100000001000000010000000100000001000000010000000100000001000000010000100100111001001110010010100100110001001000010011100100100001001000010011100111100001001110010011100 
2 2 2 1 2 2 2 1  11110101111111111111111111111111111111111111111111111111111111111111111111111111111111001001110011111111111111111101110010110100101111111111111111111111111111111111111111111111111111111111111111111111 
3 0 0 1 2 2 0 0  10010100100101001001010010010000100000001000000010000000100000001001110110000000100111001001110010000000100000001000000010010100100110001001000010011100100100001001000010011100111100001001110010011100 
3 0 0 1 0 2 0 0  10010100100101001001010010010000100000001000000010000000100000001000000010000000100000001000000010000000100001001001000010000000100000001001000010000000100100001001000010010000100000001000000010011100 
2 2 2 1 2 2 2 1  10010101100101001001010111111111101111000011010111111100100111011001110111111100100111001001110011111100100111001001110011010100100111101001000011111000100101000111000010011100111100001001111110011101 
3 0 0 3 2 2 0 0  10010000100100001001010010010000100000001000000010001100100100001001110010000000100000001000000010000100100111001000110010010100100110001001000010011100100100001001000010010000100000001001100010000000 
3 0 0 3 2 2 0 0  10010000100100001001010010010000100000001000000010001100100100001001110111111100100111001001110011111100100111001001110010010100100110001001000010000000100100001001000010010000100000001000000010011100 
3 0 0 1 0 2 0 0  10010100100101001001010010010000100000001000000010000000100000001000000010000000100000001000000010000000100000001000000010000000100000001000000010000000100100001001000010000000100000001000000010000000 
2 0 0 1 0 2 0 0  10010100100101001001000010000000100000001000000010000000100000001000000010000000100000001000000010000100100111001000000010010100100000001000000010000000100101001001000010010000100000001000000010011100 
3 0 0 3 2 2 0 0  10010000100100001001010010010000100000001000000010001100100100001001110010000000100000001000000010000100100111001000110010010100100110001001000010011100100100001001000010011100111100001001110010011100 
