3 0 0 0 0 0 0 0  10001000100000001000000010000000100000001000000010000000100000001000000010000000100000001000000010000000100000001000000010000000100000001000000010000000100000001000000010000000100000001000000010000000 
3 0 0 0 0 0 0 0  10001000100010001000100010000000100000001000000010000000100000001000000010000000100000001000000010000000100000001000000010000000100000001000000010000000100000001000000010000000100000001000000010000000 
3 0 0 0 0 0 0 0  10000000100000001000000010000000100000001000000010000000100000001000000010000000100000001000000010000000100000001000000010000000100000001000000010000000100000001000000010000000100000001000000010000000 
2 0 0 0 0 0 0 0  10001000100010001000000010000000100000001000000010000000100000001000000010000000100000001000000010000000100000001000000010000000100000001000000010000000100000001000000010000000100000001000000010001000 
3 0 0 0 0 0 0 0  10000000100000001000000010000000100000001000000010000000100000001000000010000000100000001000000010000000100000001000000010000000100000001000000010000000100000001000000010000000100000001000000010001000 
2 2 2 2 2 2 2 0  11010101011111000111111111111111111111111111111111111111111111111111111111111111111111111111111111111111111111111111111111111100111111001001111111111111111111001001111111111100111111111111111111111100 
3 0 0 0 0 0 0 0  10001000100010001000100010000000100000001000000010000000100000001000000010000000100000001000000010000000100000001000000010000000100000001000000010000000100000001000000010000000100010001000100010001000 
3 0 0 0 0 0 0 0  10000000100000001000000010000000100000001000000010000000100000001000000010000000100000001000000010000000100000001000000010000000100000001000000010000000100000001000000010000000100010001000100010001000 
3 0 0 0 0 0 0 0  10000000100000001000000010000000100000001000000010000000100000001000000010000000100000001000000010000000100000001000000010000000100000001000000010000000100000001000000010000000100000001000100010001000 
3 0 0 0 0 0 0 0  10001000100010001000100010000000100000001000000010000000100000001000000010000000100000001000000010000000100000001000000010000000100000001000000010001100100000001000000010000000100010001000100010001000 
3 0 0 0 2 2 0 0  10001000100010001000100010000000100000001000000010000000100000001000000010000000100000001000000010001101110111001000000010001000100000001000000010001100100000001000000010000000100010001000100010001000 
2 2 2 2 2 2 2 0  11010101011111000111010111111111111111111111111111111111111111111111111111111111111111111111111111111101110111111111111111111111111111111111111111111111111111111111111111111111111111111111111111111110 
2 2 2 2 2 2 2 0  11111111111111111111111111111111111111111111111111111111111111111111111111111111111111111111111111111111111111111111111111111111111111111111111111111111111111111111111111111111111111111111111111111110 
3 0 0 0 0 0 0 0  10001000100000001000000010000000100000001000000010000000100000001000000010000000100000001000000010000000100000001000000010000000100000001000000010000000100000001000000010000000100000001000100010001000 
3 0 0 0 2 2 0 0  10001000100000001000000010000000100000001000000010000000100000001000000010000000100000001000000010000000100000001000000010001000100011001000000010000000100000001000100010000000100010001000100010001000 
2 2 2 2 2 2 2 0  11010101011111001111010111111111111111111111111111111111111111111111111111111111111111111111111111101101110111111111111111111111111111111111110010011100111111001001111111111100111111111111111111111100 
2 0 0 2 2 2 0 0  10001000100010001000100010011100100000001000100010000000100000001000000010000000100101001000110110001100100111001000000010001000100011001000000010000000100000001000100010000000100010001000100010001100 
2 0 0 2 2 2 0 0  10001000100010001000100010011100100000001000100010000000100000001000000010000000100101001000110110001100100111001000000010001000100011001001110010011100100001001000000010000000100010001000100010001000 
3 0 0 0 0 0 0 0  10001000100000001000000010000000100000001000000010000000100000001000000010000000100000001000000010000000100000001000000010000000100000001000000010000000100000001000100010000000100010001000100010001000 
2 2 0 2 2 2 0 0  10011101100111001001010110011100100111011100100001001000100110000111000010110101111101001001110110001101110111001001110010001000100011001001110010011100111111001001000010000100100010001000100010001100 
2 2 2 2 2 2 2 0  10011101100111001001010110011100100111011111111111111111111111111111011111110101111101001001110110001101110111011111111111111100111111111111110010011100111111001001111111111100111111111111111111111100 
2 2 2 2 2 2 2 0  10011101100111001001010110011100100111011111111111111111111111111111111111110101111101001001110110001101110111001001111111111100111111001001110010011100111111001001111111111100111111101000100010001100 
2 2 0 2 2 2 0 0  10001000100010001000100010011100100111011100100001001000100110000111000010000000100101001000110110001100100111001000000010001000100011001000110010011100100001001000100010000000100010001000100010001000 
3 0 0 0 2 2 0 0  10000000100000001000000010000000100000001000000010000000100000001000000010000000100000001000000010000000100000001000000010000000100000001000000010000000100000001000000010000100100010001000100010001100 
3 0 0 0 0 0 0 0  10001000100010001000000010000000100000001000000010000000100000001000000010000000100000001000000010000000100000001000000010000000100000001000000010000000100000001000000010000000100000001000000010000000 
3 0 0 0 2 2 0 0  10001100100011001000100010001100100111011000000010000000100000001000000010000000100000001000000010000000100000001000000010001000100011001000000010000000100000001000100010000000100000001000000010000000 
2 2 0 2 2 2 0 0  10011101100111001001010110011100100111011100100001001000100110000111000010110101111101001001110110001101110111001001111111111100111111001001110010011100100111001001000010000100100010001000100010001100 
2 0 0 0 2 2 0 0  10001000100010001000100010011100100000001000100010000000100000001000000010000000100101001000110110001100100000001000000010001000100011001000000010000000100000001000100010000000100010001000100010001100 
2 2 2 2 2 2 2 0  11011101111111111111010110011100101111011111111111111111111111111111111111110101111101001001110110001101110111001001111111111100111111001001110010011100111111001001111111111100111111111111111111111100 
3 0 0 0 2 2 0 0  10000000100000001000100010000000100000001000000010000000100000001000000010000000100000001000000010001000100000001000000010000000100000001000000010000000100000001000000010000000100010001000100010001000 
2 2 0 2 2 2 0 0  10001000100011001000110010011000100111011100100001001000100000001000000010000000100101001001110110001101110111001001110010001000100011001000110010011100100001001000100010000000100010001000100010001000 
2 0 0 1 2 2 0 0  10001100100011001000100010011100100000001000100010000000100000001000000010000000100000001000110110001100100000001000000010001000100011001000110010011100100001001000100010000000100010001000100010001000 
2 2 0 2 2 2 0 0  10001000100011001000110010011000100111011100100001001000100000001000000010000000100101001001110110001101110111001001110010001000100011001000110010011100100001001000100010000100100010001000100010001100 
3 2 0 2 2 2 0 0  10001100100011001000110010011100100111001000100001001000100110000111000010000000100101001000110110001100100111001001110010001000100011001000110010011100100001001000100010000000100010001000100010001100 
2 0 0 1 2 2 0 0  10001100100011001000100010011100100000001000100010000000100000001000000010000000100101001000110110001100100111001000000010001000100011001000110010011100100001001000100010000000100010001000100010001000 
3 0 0 0 2 2 0 0  10001000100010001000100010000000100000001000000010000000100000001000000010000000100000001000000010000000100000001000000010001000100011001000110010011100100001001000100010000000100010001000100010001000 
3 0 0 0 2 2 0 0  10001000100010001000100010000000100000001000000010000000100000001000000010000000100000001000000010000000100000001000000010001000100011001000000010000000100000001000100010000000100010001000100010001000 
3 2 0 2 2 2 0 0  10001100100011001000110010011100100111011100100001001000100000001000000010000000100101001001110110001101110111001001110010001000100011001000110010011100100001001000100010000000100010001000100010001000 
3 0 0 2 2 2 0 0  10001100100011001000100010001100100111011000000010001000100000001000000010000000100101001001110110001101110111001001110010001000100011001000110010011100100001001000100010000000100010001000100010001000 
2 2 0 2 2 2 0 0  10011101100111001001010110011100100111001000100001111111111111111111111111110101111101001001110110001101110111001001111111111100111111001001110010011100111111001001111111111100111111001000100010001100 
2 2 0 2 2 2 0 0  10001000100010001000100010011100100111011100100001001000100110000111000010110100100101001001110110001101110111001001110010001000100011001000110010011100100011001001000010000000100010001000100010001000 
3 0 0 2 2 2 0 0  10001100100011001000110010011100100111001000100010000000100000001000000010000000100101001000110110001100100000001000000010001000100011001000110010011100100011001001000010000000100010001000100010001000 
2 2 0 2 2 2 0 0  10011101100111001001010110011100100111001000100001001000100110000111000010110101111101001001110010001100100111001000000010001000100011001000110010011100100011001001000010000100100010001000100010001100 
3 0 0 0 0 0 0 0  10000000100000001000000010000000100000001000000010000000100000001000000010000000100000001000000010000000100000001000000010000000100000001000000010000000100000001000000010000000100010001000100010001100 
2 2 2 2 2 2 2 0  11011101111111111111010110011100101111011111111111111111111111111111111111110101111101001001110110001101110111001001111111111100111111001001110010011100111111001001100010000100100010001000100010001100 
2 2 0 2 2 2 0 0  10011101100111001001010110011100100111011100100001001000100110000111000010000000100101001000110110001100100111001001110010001000100011001000110010011100100001001001000010000100100010001000100010001100 
3 0 0 0 2 2 0 0  10000000100000001000000010000000100111001000000010000000100000001000000010000000100000001000000010000000100000001000000010000000100000001000000010000000100001001000100010000100100010001000100010001100 
2 0 0 2 2 2 0 0  10001000100010001000100010011100100000001000100010000000100000001000000010000000100101001000110110001100100111001001110010001000100011001000110010011100100001001001000010000000100010001000100010001000 
3 0 0 2 2 2 0 0  10001000100010001000100010011100100111001000000010000000100000001000000010000000100101001000110110001100100111001000100010001000100011001000110010011100100001001001000010000100100010001000100010001100 
2 2 0 2 2 2 0 0  10001100100011001000110010011100100111001000100001001000100110000111000010110101111101001001110110001101110111001001111010001000100011001000110010011100100001001000100010000100100010001000100010001100 
2 2 0 2 2 2 0 0  10001100100011001000110010011100100111001000100001001000100110000111000010110101111101001001110110001101110111001001111111111100111111001001110010011100111011001001000010000100100010001000100010001100 
2 2 0 2 2 2 0 0  10001100100011001000110010011100100111001000100001001000100110000111000010110101111101001001110110001101110111001001110010001000100011001000110010011100100000001000100010000100100010001000100010001100 
2 2 0 2 2 2 0 0  10001000100010001000110010011000100111011100100001001000100000001000000010000000100101001001110110001101110111001001110010001000100011001000110010011100100001001000100010000000100010001000100010001100 
2 2 0 2 2 2 0 0  10001100100011001000110010011100100111001000100001001000100110000111000010110101111101001001110110001101110111001001111111111100111111001001110010011100111111001001111111111100111111001000100010001000 
3 0 0 0 2 2 0 0  10001100100011001000110010011100100111001000100010000000100000001000000010000000100101001000110110001100100000001000000010001000100011001000000010000000100000001000100010000100100010001000100010001100 
2 0 0 1 2 2 0 0  10001000100010001000100010011100100000001000100010000000100000001000000010000000100000001000110110001100100000001000000010000000100000001000000010000000100000001000100010000100100010001000100010001100 
3 0 0 0 2 2 0 0  10000000100000001000100010000000100000001000000010000000100000001000000010000000100000001000010110001100100000001000000010001000100011001000000010000000100000001000100010000100100010001000100010001100 
3 0 0 0 2 2 0 0  10000000100000001000100010011100100111011000000010000000100000001000000010000000100000001000000010000000100000001000000010001000100011001000000010000000100000001000100010000000100010001000100010001000 
2 0 0 0 2 2 0 0  10001100100011001000100010000000100000001000000010001000100110001000000010000000100000001000110110001100100111001000000010001000100011001000110010000000100000001000100010000100100010001000100010001100 
3 0 0 2 2 2 0 0  10001100100011001000110010011100100111001000100010000000100000001000000010000000100101001000100010001000100000001001110010001000100011001001110010011100100011001001000010000100100010001000100010001100 
2 0 0 1 2 2 0 0  10001100100011001000100010011100100000001000100010000000100000001000000010000000100000001000110110001100100000001000000010000000100000001000000010000000100000001000100010000100100010001000100010001100 
3 0 0 0 2 2 0 0  10000000100000001000100010000000100000001000000010000000100110001000000010000000100000001000000010000000100000001000000010001000100011001000000010000000100000001000000010000000100010001000100010001100 
3 2 0 2 2 2 0 0  10001000100010001000110010011100100111001000100001001000100110000111000010000000100101001000110110001101110111001001110010001000100011001001110010011100111111001001000010000100100010001000100010001100 
3 0 0 0 2 2 0 0  10000000100000001000100010000000100000001000000010000000100000001000000010000000100000001000000010001000100000001000000010000000100000001000000010000000100000001000000010000100100010001000100010001100 
3 0 0 2 2 2 0 0  10001000100010001000100010011100100111011100100001001000100110000111000010000000100101001000100010001000100000001001110010001000100011001001110010011100100011001001000010000100100010001000100010001100 
2 2 0 2 2 2 0 0  10001000100011001000100010011100100111011100100001001000100110000111000010110100100101001001110110001101110111001001110010001000100011001000110010011000100011001001000010000100100010001000100010001100 
2 2 2 2 2 2 2 0  11010101011111000111010111111111110111011111111111111111111111111111111111110101111101001001110110001101110111001001111111111100111111001001110010011100111111001001111111111100111111111111111111001100 
3 2 0 2 2 2 0 0  10011101100111001001010110011100100111011100100001001000100110001000000010000000100101001000110110001100100111001000000010001000100011001001110010011100100001001000000010000000100010001000100010001100 
2 2 0 2 2 2 0 0  10001000100010001000110010011100100111001000100001001000100110000111000010000000100101001000110110001101110111001001110010001000100011001001110010011100111111001001000010000000100010001000100010001000 
3 0 0 0 2 2 0 0  10001100100011001000110010011100100111001000100010000000100000001000000010000000100000001000000010000000100000001000000010001000100011001000000010000000100000001000100010000000100010001000100010001000 
2 2 2 2 2 2 2 0  11111111111111111111111111111111111111111111111111111111111111111111111111110101111101001001110110001101110111001001111111111100111111001001110010011100111111001001111111111100111111001000111111111100 
3 0 0 0 2 2 0 0  10000000100000001000100010000000100000001000000010000000100000001000000010000000100101001000110110001100100111001000000010001000100011001000110010011100100001001000100010000000100010001000100010001100 
3 0 0 2 2 2 0 0  10000000100000001000100010000000100000001000000010000000100000001000000010000000100101001000110110001100100111001000000010001000100011001001110010011100100011001001000010000100100010001000100010001100 
2 2 2 2 2 2 2 0  11011101111111111111010110011100101111011111111111111111111111111111111111111111111111111111111111111111111111111111111111111100111111001001111111111111111111001001111111111100111111111111111111111100 
2 0 0 0 2 2 0 0  10001100100011001000110010011100100111001000100010000000100000001000000010000000100101001000110110001100100111001001110010001000100011001001110010011100100011001001000010000100100010001000100010000000 
3 0 0 0 2 2 0 0  10000000100000001000000010000000100111001000000010000000100000001000000010000000100000001000000010000000100000001000000010000000100011001001110010011100100001001000000010000000100010001000100010001100 
2 2 0 2 2 2 0 0  10001100100011001000110010011100100111001000100001001000100110000111000010110101110101001000110110001100100111001000000010001000100011001000110010011100100001001000100010000000100010001000100010001100 
2 2 0 2 2 2 0 0  10001000100011001000100010011100100111011100100001001000100110001000000010000000100101001000110110001100100111001000000010001000100011001000110010011100100001001000100010000000100010001000100010001000 
2 2 0 2 2 2 0 0  10011101100111001001010010011100100111011100100001001000100110000111000010000000100101001000110110001100100111001000000010001000100011001000110010011100100001001001000010000100100010001000100010001100 
2 2 2 2 2 2 2 0  11111101111111111111111111111111111111011111111111111111111111111111111111111111111111111111111111111111111111111111111111111100111111001001111111111111111111111111111111111111111111111111111111111110 
2 2 0 2 2 2 0 0  10011101100111001001010110011100100111011100100001001000100110000111000010110101111101001001110110001101110111001001111111111100111111001001110010011100111111001001111111111100100010001000100010001100 
2 2 0 1 2 2 0 0  10001000100011001000100010011100100111011100100001001000100110001000000010000000100101001000110110001100100111001000000010001000100011001000110010011100100001001000100010000000100010001000100010001100 
3 0 0 2 2 2 0 0  10001000100011001000100010011100100000001000000010000000100000001000000010000000100000001000000010001000100000001000000010001000100011001001110010011100100011001001000010000100100010001000100010001100 
3 0 0 0 2 2 0 0  10001100100011001000100010001100100111011000000010000000100000001000000010000000100000001000000010000000100000001000000010001000100011001000000010000000100000001000100010000000100010001000100010001000 
2 2 0 2 2 2 0 0  10001000100011001000100010011100100111011100100001001000100110000111000010110100100101001001110110001101110111001001110010001000100011001000110010000000100000001000100010000000100010001000100010001000 
2 2 0 2 2 2 0 0  10001000100011001000100010011100100111011100100001001000100110000111000010110100100101001001110110001101110111001001110010001000100011001000110010011100100011001001000010000000100010001000100010001000 
2 2 2 2 2 2 2 0  11011101111111111111010111111111111111111111111111111111111111111111111111111111111111111111111111111111111111111111111111111111111111111111111111111111111111111111111111111111111111111111111111111110 
3 0 0 0 2 2 0 0  10000000100000001000000010000000100000001000000010000000100000001000000010000000100000001000000010000000100000001000000010001000100011001000110010000000100000001000100010000000100010001000100010001100 
3 2 0 2 2 2 2 0  10011101100111001111010110011100101111011111111111111111111111111111111111110101111101001001110110001101110111001001111111111100111111001001110010011100111111001001111111111100111111001000111111111100 
3 0 0 0 2 2 0 0  10001000100010001000100010000000100000001000000010000000100000001000000010000000100000001000000010000000100000001000000010001000100011001000000010000000100000001000000010000100100010001000100010001100 
3 0 0 2 2 2 0 0  10001000100010001000100010011100100111001000100010000000100000001000000010000000100101001001110110001101110111001001110010001000100011001000110010011100100001001000100010000100100010001000100010001100 
3 0 0 0 2 2 0 0  10000000100000001000100010000000100000001000000010000000100000001000000010000000100000001000000010001100100111001000000010001000100011001000110010011100100001001000100010000000100010001000100010001100 
2 2 2 2 2 2 2 0  11111101111111111111111111111111111111111111111111111111111111111111111111110101111101001001110110001101110111001001111111111100111111001001110010011100111111001001111111111100111111001000111111111100 
2 0 0 0 2 0 0 0  10001000100000001000000010000000100000001000000010000000100000001000000010000000100000001000000010000000100000001000000010000000100000001000000010000000100000001001000010000000100010001000100010001000 
3 0 0 2 2 2 0 0  10001100100010001000100010011100100000001000100010000000100000001000000010000000100101001000110110001100100111001001110010001000100011001000110010011100100001001001000010000000100010001000100010001100 
3 0 0 0 2 2 0 0  10000000100000001000000010000000100000001000000010000000100000001000000010000000100000001000000010000000100111001000000010001000100011001000110010011100100001001000100010000000100010001000100010001000 
3 2 0 2 2 2 2 0  10011101100111001001010110011111111111111111111111111111111111111111111111111111111111111111111111111111111111111111111111111111111111111111111111111111111111111111111111111111111111111111111111111110 
3 0 0 0 0 0 0 0  10000000100000001000000010000000100111001000000010000000100000001000000010000000100000001000000010000000100000001000000010000000100000001000000010000000100000001000000010000000100010001000100010001000 
2 2 2 2 2 2 2 0  11010101011111000111010111111111110111011111111111111100100110000111000010110100100101001001110110001101110111001001111111111100111111001001110010011100111111001001111111111100111111001000111111111100 
2 2 0 2 2 2 2 0  10011101100111001001010110011100100111001011111111111111111111111111111111110100100101001001110110001101110111001001110010001000100011001001110010011100100011001001000010000100100010001000100010001100 
