3 2 2 2 1 2 2 0  11111101111111111111111111111111111111111111111111111111111111111111111111111111111111111111111111111111111111111111111111111111111111111111111111111111111111111111111111111111111111111111111111111110 
3 2 0 0 0 0 0 0  10000000100000001000000010000000100000001000000010000000100000001000000010000000100000001000000010000000100000001000000010000000100000001000000010000000100000001000000010000000100000001000000010000000 
3 2 2 2 1 2 2 0  11111111111111111111111111111111111111111111111111111111111111111111111111111111111111111111111111111111111111111111111111111111111111111111111111111111111111111111111111111111111111111111111111111110 
3 0 0 0 0 0 0 0  10000000100000001000000010000000100000001000000010010000100000001000000010000000100000001000000010000000100000001000000010000000100000001000000010000000100100001001111010010000100000001001010010010000 
3 0 0 0 0 0 0 0  10010000100000001000000010000000100000001000000010000000100000001000000010000000100000001000000010000000100000001000000010000000100000001000000010000000100000001000000010000000100000001000000010000000 
3 0 0 2 0 0 0 0  10000000100000001000000010000000100000001000000010000000100000001000000010000000100000001000000010000000100000001000000010000000100000001000000010000000100000001000000010000000100000001001010010010000 
3 0 0 2 0 0 0 0  10010000100100001000000010000000100000001000000010000000100000001000000010000000100000001000000010000000100000001000000010000000100000001000000010000000100000001000000010000000100000001001010010010000 
3 0 0 2 0 0 0 0  10010000100100001000000010000000100000001000000010000000100000001000000010000000100000001000000010000000100000001000000010000000100000001000000010000000100000001000000010000000100000001000000010000000 
3 2 2 2 1 2 2 0  11111101111111001001010111111111111111111111111111111111111111111111111111111111111111111111111111111111111111111111111111111111111111111111111111111111111111111111111111111111111111111111111111111110 
3 2 1 2 1 2 2 0  10010101100101001001010111111111111111111111111111111111111111111111111111111111111111111111111111111111111111111111111111111111111111111111111111111111111111111111111111111111111111111111111111111110 
3 0 0 2 1 0 0 0  10010000100100001000000010000000100000001000000010010000100000001000000010000000100000001000000010000000100000001000000010000000100000001000000010000000100000001000000010000000100000001000000010010000 
3 0 0 2 1 0 0 0  10010000100000001000000010000000100000001000000010010000100000001000000010000000100000001000000010000000100000001000000010000000100000001000000010000000100000001000000010000000100000001000000010010000 
3 0 0 0 0 0 0 0  10010000100100001001000010000000100000001000000010000000100000001000000010000000100000001000000010000000100000001000000010000000100000001000000010000000100000001000000010000000100000001000000010000000 
3 0 0 2 1 2 0 0  10010100100100001001010010010000100111001001000010010000100000001001110010000000100000001000000010000000100000001000000010000000100000001000000010000000100000001000000010000000100000001001010010010000 
3 0 0 2 0 0 0 0  10000000100000001000000010000000100000001000000010010000100000001000110010000000100000001000000010000000100000001000000010000000100000001000000010000000100000001000000010000000100000001001010010010000 
3 0 0 2 1 2 2 0  10010101100101001001010010010000100111001001010010011100100000001001110010001011100100001001010010010010100000001001111110000000100001111001111110011110100100001001111010010011100110101001010010010110 
3 0 0 2 0 0 2 0  10000000100000001000000010000000100000001000000010000000100000001000000010000000100000001000000010000000100000001000000010000000100000001000000010011110100100001001111010010011100110101001010010010000 
3 0 0 2 1 2 2 0  10010100100101001001010010011110100111001001010010010000100000001001110010001011100100001001010010010010101111111011000010011111111111111001111110011110100100001001111010010011100110101001010010010110 
3 0 0 2 1 2 2 0  10010100100101001001010010010000100111001001010010010000100000001001110010001011100100001001010010010010100000001000000010000000100000001000000010011110100100001001111010010011100110101001010010010000 
3 2 2 2 1 2 2 0  11111101110101001001010010011110101111001101010011111100100111111111111111111111111111111111111111111111111111111111111111111111111111111111111111111111111111001001111010010011100110101001010010010110 
3 0 0 2 0 2 0 0  10010000100100001001010010010000100111001001000010010000100000001001110010000000100000001000000010000000100000001000000010000000100000001000000010000000100000001000000010000000100000001001010010010000 
3 0 0 2 0 2 0 0  10000000100000001000000010000000100000001000000010000000100000001000000010000000100100001001010010000000100000001000000010000000100000001000000010000000100000001000000010000000100000001001010010010000 
3 2 2 2 1 2 2 0  10010101100101001001010111111110101111001101010011111111111111111111110010011111111111111111111111111111111111111111111111111111111111111111111111111111111111111111111111111111111111111111111111111110 
3 0 0 2 0 0 0 0  10000000100000001001000010000000100111001001000010000000100000001000000010000000100000001000000010000000100000001000000010000000100000001000000010000000100000001000000010000000100000001000000010000000 
3 0 0 2 1 2 0 0  10010000100100001001010010010000100111001001010010011100100000001001110010000000100100001001010010000000100000001000000010000000100000001000000010000000100000001000000010000000100000001001010010010000 
3 2 2 2 1 2 2 0  10010101111111001001010010011110101111001101010011111100100111111111110010011111111111111001010010010010101111111111111111111111111111111111111111111111111111111111111111010011100110101001010010010110 
3 2 2 2 1 2 2 0  10010101111111001001010010011110101111001101010011111100100111111111110010011111111111111001010010010010101111111011000010011111111111111001111110011110100111111111111111111111111111111111110010010100 
3 0 0 2 1 2 0 0  10010100100100001001010010010000100111001001010010011100100000001001110010000000100100001001010010000000100000001000000010000000100000001000000010000000100000001000000010000000100000001001010010010000 
3 0 0 2 1 0 0 0  10010000100100001001000010010000100100001000000010010000100000001000000010000000100000001000000010000000100000001000000010000000100000001000000010000000100000001000000010000000100000001000000010010000 
3 2 2 2 1 2 2 0  11111101111111001011111111111111111111111111111111111111111111111111111111111111111111111111111111111111111111111111111111111111111111111111111111111111111111111111111111111111111111111111111111111110 
3 2 2 2 1 2 2 0  10010101111111001001010010011110101111001101010011111100100111111111110010001011100100001001010010010010101111111011000010011111111111111001111110011110100100101001111010010011100110101001010010011110 
3 2 2 2 1 2 2 0  11111101111111111111111110011110101111001101010011111100100111111111110111111111111111111111111111111111111111111111111111111111111111111111111111111111111111111111111111111111111111111111110010010100 
3 2 2 2 1 2 2 0  11111101111111111111111110011110101111001101010011111100100111111111110010011111111111111001010010010010101111111011000010011111111111111001111110011110100100101001111010010011100110101001011111111110 
3 2 2 2 1 2 2 0  10010101100101001001010110011110101111001101010011111100100111111111110010011111111111111001010010010010101111111111111111111111111111111111111111111111111111111111111111111111111111111111111111111110 
3 0 0 2 1 0 0 0  10000000100000001000000010000000100000001000000010010000100000001000000010000000100000001000000010000000100000001000000010000000100000001000000010000000100100001001111010011111100000001001010010010000 
3 0 0 2 1 2 2 0  10010000100100001001010010010000100111001001000010010000100000001001110010000000100100001001010010010010100000001001111110000000100111111001111110011110100100001001111010010011100110101001010010010000 
3 0 0 2 0 0 0 0  10010000100100001001000010010000100000001000000010000000100000001000000010000000100000001000000010000000100000001000000010000000100000001000000010000000100000001000000010000000100000001001010010010000 
3 2 2 2 1 2 2 0  10010101100101001001010110011110101111001101010011111100100111111111110010011111111111101001010010010010101111111011000010011111111111111001111110011110100100101001111010010011100110101001010010010110 
3 0 0 2 1 2 2 0  10010100100101001001010010010000100111001001000010010000100000001001110010000000100100001001010010010010100000001001111110000000100111111001111110011110100100001001111010010011100110101001010010010000 
3 0 0 2 1 2 2 0  10010000100100001001000010010000100111001001010010010000100000001001110010001011100100001001010010010000100000001000000010000000100000001000000010011110100100101001111010010011100110101001010010010110 
3 0 0 2 1 2 2 0  10010100100101001001010010010000100111001001010010011100100000001001110010001011100100001001010010010010100000001001111110000000100111111001111010011110100100101001111010010011100110101001010010010110 
3 0 0 2 0 2 0 0  10010100100101001001010010010000100111001001000010010000100000001001110010000000100100001001010010010000100000001000000010000000100000001000000010000000100000001000000010000000100000001001010010010000 
3 0 0 2 0 0 0 0  10000000100000001000000010000000100000001000000010000000100000001000000010000000100000001000000010000000100000001000000010000000100000001000000010000000100000001000000010000000100000001001010010010110 
3 2 2 2 1 2 2 0  11111101111111001011111111111110101111001101010011111100100111111111111111111111111111111111111111111111111111111111111111111111111111111111111111111111111111111111111111111111111111111111111111111110 
3 0 0 2 1 2 2 0  10000000100000001001000010000000100111001001000010000000100000001000000010000000100000001000000010000000100000001000000010000000100000001000000010000000100000001000000010000000100010101001010010010000 
3 2 2 2 1 2 2 0  11111101111111001001010111111111111111001101010011111100100111111111110010011111111111111001010010010010101111111011000010011111111111111001111110011110100100001001111010010011100110101001110010010100 
3 2 2 2 1 2 2 0  10010101100101001001010110011110101111001101010011111100100111111111110010011111111111111001010010010010101111111111111111111111111111111111111111111111111111111111111010010011100110101001010010010100 
3 2 2 2 1 2 2 0  11111101111111001001010111111111111111111101010011111100100111111111111111111111111111111111111111111111111111111111111111111111111111111111111111111111111111111111111111111111111111111101010010010110 
3 0 0 2 1 2 0 0  10000000100000001001000010000000100111001001000010000000100000001000000010000000100000001000000010000000100000001000000010000000100111111001111110011110100100001000000010000000100000001001010010010000 
3 0 0 2 1 2 2 0  10010000100100001001000010010000100111001001010010010000100000001001110010001011100100001001010010010010100000001001111110000000100111111001111110011110100100001001111010010011100110101001110010010100 
3 0 0 2 0 2 0 0  10010000100100001001010010010000100111001001000010010000100000001001110010000000100100001001010010010000100000001000000010000000100000001000000010000000100000001000000010000000100000001001010010010000 
3 0 0 2 1 0 0 0  10010000100100001001000010010000100100001000000010010000100000001001100010000000100000001000000010000000100000001000000010000000100000001000000010000000100100001001111010010000100000001001010010010000 
3 0 0 2 0 2 0 0  10010000100100001001000010010000100100001000000010010000100000001001110010000000100000001000000010000000100000001000000010000000100000001000000010000000100000001000000010000000100000001001010010010000 
3 0 0 2 1 2 2 0  10010101100101001001010010010000100111001001010010011100100000001001110010001011100100001001010010010010101111111011000010011111111111111001111110011110100100101001111010010011100110101001010010010100 
3 0 0 2 1 2 0 0  10010100100101001001010010010000100111001001010010011100100000001001110010000000100100001001010010010000100000001000000010000000100000001000000010000000100000001000000010000000100000001001010010010000 
3 0 0 2 0 2 0 0  10010100100100001001010010010000100111001001000010010000100000001000000010000000100000001000000010000000100000001000000010000000100000001000000010000000100000001000000010000000100000001001010010010000 
3 0 0 2 1 2 2 0  10010000100101001001000010010000100111001001010010010000100000001001110010001011100100001001010010010010100000001001111110000000100111111001111110011110100100001001111010010011100110001000000010010000 
3 2 2 2 1 2 2 0  11010101100101001001010110011110101111001101010011111100100111111111111111111111111111111111111111111111111111111111111111111111111111111111111111111111111111111111111010010011100110101001110010010110 
3 0 0 2 1 2 0 0  10000000100000001000000010000000100111001001010010011100100000001001110010000000100100001001010010010000100000001000000010000000100000001000000010000000100000001000000010000000100000001001010010010000 
3 0 0 2 1 2 2 0  10010100100101001001010010010000100111001001000010010000100000001001110010001011100100001001010010010010100000001001111110000000100111111001111110011110100100001001111010010011100110101001010010010000 
3 0 0 2 1 2 2 0  10010000100101001001000010010000100111001001010010010000100000001001110010001011100100001001010010010010100000001001111110000000100111111001111110011110100100001001111010010011100110101001010010111110 
3 0 0 2 1 2 0 0  10010100100101001001000010010000100111001001010010011100100000001001110010000000100100001001010010010000100000001000000010000000100000001000000010000000100000001000000010000000100000001001010010010000 
3 0 0 2 1 2 2 0  10010000100100001001010010010000100111001001000010010000100000001001110010001011100100001001010010010010100000001001111110000000100111111001111110011110100100001001111010010011100110101001010010010000 
3 0 0 2 1 2 2 0  10010000100100001001010010010000100111001001010010010000100000001001110010001011100100001001010010010010100000001001111110000000100111111001111110011110100100001001111010010011100110101001110010010100 
3 0 0 2 0 2 0 0  10010100100101001001000010010000100111001001000010010000100000001000000010000000100000001000000010000000100000001000000010000000100000001000000010000000100000001000000010000000100000001001010010010000 
3 0 0 2 1 2 0 0  10010000100101001001000010010000100111001001010010011100100000001001110010000000100100001001010010010000100000001000000010000000100000001000000010000000100000001000000010000000100000001001010010010000 
3 0 0 2 0 0 0 0  10000000100000001001000010000000100111001001000010000000100000001000000010000000100000001000000010000000100000001000000010000000100000001000000010000000100000001000000010000000100000001001010010010110 
3 0 0 2 1 2 2 0  10010100100101001001010010010000100111001001000010010000100000001001110010000000100100001001010010010000100000001000000010000000100000001000000010011110100100101001111010010011100110101001010010010100 
3 0 0 2 1 2 2 0  10010101100101001001010010010000100111001001010010011100100000001001110010000000100100001001010010010010100000001001111110000000100111111001111110011110100100001001111010010011100110101001110010010100 
3 0 0 2 0 0 2 0  10000000100000001001000010000000100111001001000010000000100000001000000010000000100000001000000010000000100000001000000010000000100000001000000010000000100000001000000010010011100110101001010010010110 
3 0 0 2 1 2 0 0  10010000100100001001000010010000100111001001010010010000100000001001110010001011100100001001010010010000100000001000000010000000100000001000000010000000100000001000000010000000100000001001010010010000 
3 2 2 2 1 2 2 0  11010101111111001001010111111111111111001101010011111100100111111111110010011111111111111001010010010010111111111111111111111111111111111111111111111111111111111111111111111111111111111111111111111110 
3 0 0 2 1 2 2 0  10010000100101001001010010010000100111001001010010010000100000001001110010001011100100001001010010010010100000001001111110000000100111111001111110011110100100001001111010010011100110101001110010010100 
3 0 0 2 1 2 2 0  10010101100101001001010010011110101111001001010010011100100000001001110010001011100100001001010010010010101111111011111111111111100111111001111110011110100100001001111010010011100110101001110010010100 
3 0 0 2 0 0 0 0  10010000100100001001000010010000100100001000000010010000100000001001100010000000100000001000000010000000100000001000000010000000100000001000000010000000100000001000000010000000100000001001010010010000 
3 0 0 2 0 2 0 0  10010000100100001001000010010000100111001001010010010000100000001000000010000000100100001001010010000000100000001000000010000000100000001000000010000000100000001000000010000000100000001001010010010100 
3 0 0 2 1 2 0 0  10010100100101001001010010010000100111001001010010011100100000001001110010000000100100001001010010010000100000001000000010000000100000001000000010000000100000001000000010000000100000001001010010010110 
3 2 2 2 1 2 2 0  11010101111111001001010010011110101111011111111111111100100111111111110010011111111111111001010010010010101111111011111111111100100111111001111110011110100100001001111010010011100110101001110010010100 
3 0 0 2 1 2 0 0  10010000100101001001010010010000100111001001010010011100100000001001110010000000100100001001010010010000100000001000000010000000100000001000000010000000100000001000000010000000100000001001010010010000 
3 0 0 2 0 2 0 0  10010100100101001001010010010000100111001001000010010000100000001000000010000000100000001000000010000000100000001000000010000000100000001000000010000000100000001000000010000000100000001001010010010000 
3 0 0 2 1 2 0 0  10010000100100001001000010010000100111001001000010010000100000001001110010000000100000001000000010000000100000001000000010000000100000001000000010000000100000001000000010000000100000001001010010010000 
3 0 0 2 1 2 0 0  10010000100100001001000010010000100111001001010010010000100000001001110010000000100100001001010010010000100000001000000010000000100000001000000010000000100000001000000010000000100000001001010010010000 
3 0 0 2 1 2 0 0  10010100100100001001000010010000100111001001010010011100100000001001110010000000100100001001010010010000100000001000000010000000100000001000000010000000100000001000000010000000100000001001010010010000 
3 0 0 2 0 2 0 0  10010100100101001001010010010000100111001001000010010000100000001001110010000000100000001000000010000000100000001000000010000000100000001000000010000000100000001000000010000000100000001001010010010000 
3 0 0 2 1 2 0 0  10010000100100001001000010010000100111001001010010011100100000001000000010000000100100001001010010000000100000001000000010000000100000001000000010011110100100001001000010000000100000001001010010010000 
3 2 2 2 1 2 2 0  11111101111111001011111111111110101111001101010011111100100111111111110010011111111111111111010010111111111111111111111111111111111111111111111111111111111111111101111010010011100110101001010010010100 
3 0 0 2 1 2 2 0  10010101100101001001010010011110101111001001010010011100100000001001110010001011100100001001010010010010101111111011000010011111111111111001111110011110100100101001111010010011100110101011111111111100 
3 0 0 2 1 2 0 0  10010100100101001001000010010000100100001000000010010000100000001001100010000000100000001000000010000000100000001000000010000000100000001000000010000000100100001001111010010000100000001001010010010000 
3 0 0 2 1 2 2 0  10010100100101001001010010010000100111001001010010010000100000001001110010001011100100001001010010010010100000001001111110000000100111111001111110011110100100001001111010010011100110101001110010010100 
3 0 0 2 0 2 0 0  10010101100101001001010010010000100111001001010010010000100000001001110010000000100100001001010010010000100000001000000010000000100000001000000010000000100000001000000010000000100000001001010010010000 
3 0 0 2 1 2 2 0  10010000100101001001000010010000100111001001010010010000100000001001110010001011100100001001010010010010100000001001111110000000100111111001111110011110100100001001111010010011100010101001010010010000 
3 2 2 2 1 2 2 0  11111111111111111111111111111111111111111111111111111111100111111111110010011111111111111001010010011111111111111111111010011111111111111001111110011110100100101001111010010011100110101001010010010100 
3 2 2 2 1 2 2 0  11010101111111001001010111111111111111001101010011111100100111111111110010011111111111111001010010010010111111111111111111111111111111111111111110011110100100101001111010010011100110101001010010010100 
3 0 0 2 1 2 2 0  10010100100101001001010010010000100111001001010010011100100000001001110010000000100100001001010010010000100000001000000010000000100000001000000010000000100000001001111010010011100110001000000010010000 
3 2 2 2 1 2 2 0  10010101100101001001010010011110101111001101010011111100100111111111110010011111111111111001010010011111111111111111111010011100100111111001111110011110100100001001111010010011100110101001110010010100 
3 0 0 2 1 2 2 0  10010000100100001001000010010000100111001001010010010000100000001001110010000000100100001001010010010010100000001001111110000000100111111001111110011110100100001001111010010011100110101001010010010000 
3 0 0 2 1 2 2 0  10010000100100001001010010010000100111001001010010010000100000001001110010001011100100001001010010010010100000001000000010000000100000001000000010000000100100001001111010010011100110101001110010010100 
3 2 2 2 1 2 2 0  11111101111111001001010111111111111111001101010011111100100111111111110010011111111111111001011111111111111111111111111111111111111111111111111111111110100100101001111010010011100110101001010010010100 
3 0 0 2 1 2 2 0  10010101100101001001010010010000100111001001010010011100100000001001110010001011100100001001010010010010101111111011000010011100100111111001111110011110100100001001111010010011100110101001110010010100 
3 0 0 2 1 2 2 0  10010000100101001001000010010000100111001001010010010000100000001001110010001011100100001001010010010010100000001001110010000000100000001000000010011110100100001001111010010011100110101001010010010000 
