1 2 2 2 2 2 2 2  11111111111111111111111111111111111111111111111111111111111111111111111111111111111111111111111111111111111111111111111111111111111111111111111111111111111111111111111111111111111111111111111111111111 
3 2 0 0 0 0 0 0  10000000100000001101100010000000100000001000000010000000100000001000000010000000100000001000000010000000010000001000000010000000100000001000000010000000100000001000000010000000100000001000000010000000 
3 0 0 0 0 0 0 0  10000000100000001000000010000000100000001000000010000000100000001000000010000000100000001000000010000000100000001000000010000000100000001000000010000000100000001000000010000000100000001000000010000000 
3 2 0 2 0 0 0 0  10010000100100001001000010000000100100001001000010000000100000001000000010000000100000001000000010000000100000001000000010000000100000001000000010000000100000001001000010000000100000001000000011010000 
3 1 0 2 0 0 0 0  10010000100100001001000010000000100100001000000010000000100000001000000010000000100000001000000010000000100000001000000010000000100000001000000010000000100000001001000010000000100000001000000011010000 
1 2 2 2 2 2 2 2  11111101111111111111111111111111111111111111111111111111111111111111111111111111111111111111111111111111111111111111111111111111111111111111111111111111111111111111111111111111111111111111111111111111 
3 0 0 0 0 0 0 0  10010000100000001000000010000000100000001000000010000000100000001000000010000000100000001000000010000000100000001000000010000000100000001000000010000000100000001000000010000000100000001000000010000000 
3 2 0 2 2 2 2 0  10010000100100001001010010011000100100001001000010010000100000001001100010010000100111111001111111111110100010001001100010001100100100000101100001010110100110001001011011011100100111101001001011010110 
1 2 2 2 2 2 2 2  11011101111111111111110110111111111111111111111111111111111111111111111111111111111111111111111111111111111111111111111111111111111111111111111111111111111111111111111111111111111111111111111111111111 
1 2 2 2 2 2 2 0  11111101111111001001010110111111111111111111111111111111111111111111111111111111111111111111111111111111111111111111111111111111111111111111111111111111111111111111111111111111111111101001001011010110 
3 2 0 2 2 2 0 0  10010000100100001001000010011000100100001001000010010000100000001001100010010000100111111001000010000000100010001001100010001100100100000101100001010110100110001001011011011100100101101101000011010000 
3 1 0 2 0 2 0 0  10010100100101001001010010000000100100001000000010000000100000001000000010000000100000001000000010000000100000001000000010000000100000001000000010000000100000001001000010011100100101101101000011010000 
1 2 2 2 2 2 2 2  11111111111111111101010110111111111111000111111011111101111111011111110010010011111111111111111111111111111111111111111111111111111111111111111111111111111111111111111111111111111111111111111111111111 
3 2 0 2 2 2 2 0  10010000100101001001010010011000100100001001000010010000100000001001110010010000100111111001001110000000100010001001100010001100100100000101100001010110100110001001000010011100100100001101001011010110 
3 2 0 2 2 2 2 0  10010000100100001001010010011000100100001001000010010000100000001001100010010000100111111001111111111110100010001001100010001100100100000101100001010110100110001001000010011100100101101101000011010000 
1 2 2 2 2 2 2 0  11010101110111001001010110111111111111000111111011111101111111011111110010010011111111111101111111111110100010001001100010001100101111111111110001010110100110001001011011011100100101101101001011010110 
3 2 2 2 2 2 2 0  10011100100111001001010110111111111111000111111011111101111111011111110010010000100111111001111111111111111111111111111111111100101111111111110101010110100111001001011011011100100101101101001011010110 
1 2 2 2 2 2 2 2  11111101111111111111110110111111111111111111111011111111111111111111111111111111111111111111111111111111111111111111111111111111111111111111111111111111111111111111111111111111111111111111111111111111 
3 2 0 2 2 2 2 0  10010100100101001001010010011000101111000111111011111101111111011111110010010000100100001001111111111110100010001001100010001100100100111111110001010110100110001001011011011100100101101101001011010110 
3 2 0 2 2 2 2 0  10010100100101001001010011111000111111001001111011111101111111011111110010010000100111111001000010011110100010001001100010001100100100001111111111110110100110001001011011011100100101101101001011010110 
1 2 2 2 2 2 2 2  11111101110111001001010110111111111111000111111011111111111111011111110111111111111111111001111111111111111111111111111111111111111111111111111111111111111111111111111111111111111111111111111111111111 
3 0 0 2 2 0 0 0  10000000100000001000000010000000100000001000000010010000100000001001100010010000100111111001000010000000100000001000000010000000100000001000000010000000100000001001000010000000100000001101000010000000 
1 2 2 2 2 2 2 2  11111101111111111111110110111111111111111111111011111111111111111111110010010000100111111001111111111111111111111111111111111100101111111111111111111111111111111111111111111111111111111111111111111111 
1 2 2 2 2 2 2 0  11010101110111001001010110111111111111000111111011111101111111011111110010010011111111111101111111111111111111111111111111101100101111111111110101010110100111001001011011011100100101101101001011010110 
1 2 2 2 2 2 2 0  11010101110111001001010110111111111111001001000010011101111111011111110010010000100111111001111111111111111111111111110010001100101111111111110001010110100110001001011011011100100101101101001011010000 
3 1 0 2 0 2 0 0  10010100100101001001010010000000100100001000000010000000100000001000000010000000100000001000000010000000100000001000000010000000100000001000000010000000100000001001000010000000100000001000000010000000 
3 2 0 2 2 2 2 0  10010100100101001001010010011000100100001001000010010000100000001001110010010000100111111001111111111110100010001001100010001100100100000101110001010110100110001001011011011100100101101101001011010000 
3 2 0 2 0 0 0 0  10000000100000001101100010000000100000001000000010000000100000001000000010000000100000001000000010000000010010001001100010000000100100000101100010000000100110001001000010000000100000001000000010000000 
3 0 0 2 2 0 0 0  10000000100000001000000010000000100000001000000010010000100000001001100010010000100111111001000010000000100000001000000010000000100000001000000010000000100110001001000010011100100101101101000011010000 
3 1 0 2 2 2 0 0  10010000100101001001010010011000100100001001000010010000100000001001100010010000100111111001000010000000100010001001100010001100100000001000000010000000100010001001000010000000100000001001001011010000 
3 2 2 2 2 2 2 0  10010100100101001001010011111000111111001001111011111101111111011111110010010011111111111101111111111110100010001001100010001100101111111111110001010110100110001001011011011100100101101101011111010110 
3 2 0 2 0 0 0 0  10000000100000001101100010000000100000001000000010000000100000001000000010000000100000001000000010000000010000001000000010000000100000001000000010000000100110001001000010000000100000001101000011010000 
3 1 0 2 0 0 0 0  10010000100100001000000010000000100000001000000010000000100000001000000010000000100000001000000010000000100000001000000010000000100000001000000010000000100000001001000010000000100000001001000011010000 
3 2 0 2 2 2 2 0  10010100100101001001010010011000100100001001000010011101111111011111110010010000100111111001111111111110100010001001100010001100100100000101110001010110100110001001011011011100100101101101001011010000 
3 2 0 2 2 2 2 0  10010100100101001001010010011000100100001001000010010000100111011111110010010000100111111001100010011110100010001001100010000000100100000111110101010110100111001001011011011100100101101101001011010110 
3 1 0 2 2 2 0 0  10010000100101001001010010011000100100001001000010010000100000001001000010000000100111111001000010011110100010001001100010001100100100001101100010000000100110001001000010011100100101101101001011010110 
1 2 2 2 2 2 2 0  11111101110111001001010110111111111111000111111011111111111111011111110111111111111111111001111111111111111111111111111010001100101111111111110101010110100111001001011011011100100101101101001011010110 
3 1 0 2 2 2 0 0  10010100100101001001010010011000100100001001000010010000100111001001100010010000100111111001000010000000100000001001100010001100100100000101100010000000100110001001000010011100100100001000000010000000 
3 2 0 2 2 2 2 0  10010100100101001001010010011000100100001001000010011101111111011111110010010000100111111001111111111110100010001001100010001100100100001111110101010110100111001001011011011100100101101101001011010110 
3 1 0 2 0 2 0 0  10010100100101001001010010000000100100001001000010010000100000001001110010000000100000001000000010000000100000001000000010000000100000001000000010000000100000001001000010011100100101101101000011010000 
3 1 0 2 2 2 0 0  10010100100101001001010010011000100100001001000010010000100000001001100010010000100111111001000010000000100000001000000010000000100000001000000010000000100110001001000010000000100000001000000011010000 
1 2 2 2 2 2 2 0  10011100100111001001010110111111111111000111111011111111111111011111110111111111111111111001111111111111111111111111110010001100101111111111110101010110100111001001011011011100100101101101001011010110 
3 1 0 2 0 0 0 0  10010000100100001001000010000000100000001000000010000000100000001000000010000000100000001000000010000000100000001000000010000000100000001000000010000000100000001000000010000000100000001000000010000000 
3 0 0 2 2 0 0 0  10000000100000001000000010000000100000001000000010010000100000001001100010010000100111111001000010000000100000001000000010000000100000001000000010000000100110001001000010011100100100001000000010000000 
3 0 0 2 0 0 0 0  10000000100000001000000010000000100000001000000010000000100000001000000010000000100000001000000010000000100000001000000010000000100000001000000010000000100000001001000010011100100100001000000010000000 
3 1 0 2 0 0 0 0  10010000100000001000000010000000100000001000000010000000100000001000000010000000100000001000000010000000100000001000000010000000100000001000000010000000100000001001000010000000100000001101000010000000 
3 1 0 2 2 2 0 0  10000000100000001000000010011000100100001001000010010000100000001001000010000000100000001000000010000000100000001000000010000000100000001000000010000000100000001001000010000000100000001001000011010000 
3 1 0 2 2 2 0 0  10010100100101001001010010011000100100001001000010010000100111001001100010010000100111111001000010000000100000001001100010001100100100000101100010000000100110001001000010000000100000001000000010000000 
3 1 0 2 0 2 0 0  10010100100101001001010010000000100100001001000010010000100000001000000010000000100000001000000010000000100000001000000010000000100000001000000010000000100000001001000010000000100000001000000010000000 
3 2 0 2 0 0 0 0  10000000100000001101100010000000100000001000000010000000100000001000000010000000100000001000000010000000010000001000000010000000100000001000000010000000100110001001000010000000100000001000000010000000 
3 2 0 2 2 2 0 0  10010000100100001001010010011000110100001001000010010000100000001001100010010000100100001001111111111110100010001001100010001100100100000101100010000000100110001001000010011100100101101101000011010000 
3 2 0 2 2 2 2 0  10010100100101001001010010011000100100001001000010010000100000001001100010010000100111111001000010000000100010001001100010001100100100000101110001010110100110001001011011011100100101101101001011010110 
3 1 0 2 0 0 0 0  10000000100000001000000010000000100000001000000010010000100000001001100010010000100111111000000010000000100000001000000010000000100000001000000010000000100000001001000010000000100000001000000011010000 
3 2 0 2 2 2 0 0  10010100100101001001010010011000100100001001000010010000100000001001100010010000100111111001000010000000100010001001100010001100100100000101100001010000100110001001000010000000100101001001000011010000 
3 1 0 2 2 2 0 0  10010100100101001001010010011000100100001001000010010000100000001001000010000000100111111001000010011110100010001001100010001100100100001101100010000000100110001001000010011100100101101101001011010000 
3 2 0 2 2 2 2 0  10010100100101001001010010011000100100001001000010011101111111011111110010010000100111111001111111111111111111111001100010001100100100001111110101010110100111001001011011011100100101101101001011010110 
3 2 0 2 2 2 0 0  10010000100101001001010010011000100100001001000010010000100000001001100010010000100111111001000010000000100010001001100010001100100100000101100001010000100110001001000010000000100101001001000011010000 
3 1 0 2 2 2 0 0  10010100100100001001010010011000110100001001000010010000100000001001100010010000100111111001000010000000100000001000000010000000100000001000000010000000100000001001000010000000100000001000000011010000 
3 2 0 2 0 0 0 0  10000000100100001001000010000000100100001001000010000000100000001000000010000000100000001000000010000000100000001000000010000000100000001000000010000000100000001001000010000000100000001000000010000000 
3 1 0 2 2 0 0 0  10010000100100001001000010011000100100001001000010010000100000001001100010010000100111111001000010000000100010001001100010001100100100001101100010000000100110001001000010000000100000001101000011010000 
3 1 0 2 0 0 0 0  10010000100100001001000010011000100100001001000010010000100000001000000010000000100000001000000010000000100000001000000010000000100000001000000010000000100000001001000010000000100000001001000011010000 
3 0 0 0 0 0 0 0  10000000100000001000000010000000100000001000000010000000100000001000000010000000100000001000000010000000100000001000000010000000100000001000000010000000100000001000000010000000100000001000000010010000 
3 1 0 2 0 0 0 0  10000000100000001000000010000000100000001000000010010000100000001001100010000000100000001000000010000000100000001000000010000000100000001000000010000000100000001001000010000000100000001000000010000000 
3 1 0 2 0 0 0 0  10010000100100001001000010011000100100001001000010010000100000001000000010000000100000001000000010000000100000001000000010000000100000001000000010000000100000001001000010000000100000001000000010000000 
3 1 0 2 0 0 0 0  10000000100000001000000010000000100000001000000010010000100000001001100010010000100111111001000010000000100000001001100010001100100100000101100010000000100110001001000010011100100100001000000011010000 
1 2 2 2 2 2 2 2  11011101111111111111110110111111111111111111111011111101111111011111110010010000100111111001111111111111111111111111111111111111111111111111111111111111111111111111111111111111111111111111111111111111 
3 1 0 2 0 0 0 0  10000000100000001000000010011000100100001001000010010000100000001001110010000000100000001000000010000000100000001000000010000000100000001000000010000000100000001001000010000000100000001000000011010000 
3 1 0 2 0 0 0 0  10010000100100001000000010000000100000001000000010000000100000001000000010000000100000001000000010000000100000001000000010000000100000001000000010000000100000001001000010000000100100001000000010000000 
3 1 0 2 2 0 0 0  10010000100100001001000010011000100100001001000010010000100000001001100010010000100111111001000010000000100010001001100010001100100100001101100010000000100110001001000010011100100000001001000011010000 
3 2 2 2 2 2 2 0  10010100100101001001010010111111111111001001111011111101111111011111110010010000100111111001111111111111111111111111110010001100101111111111110101010110100111001001011011011100100101101101001011010110 
1 2 2 2 2 2 2 2  11010101110111011111110110111111111111001001111011111101111111011111110010010000100111111001111111111111111111111111110011111100101111111111111111111111111111111111111111111111111111111111111111111111 
3 1 0 2 0 0 0 0  10010000100000001000000010000000100000001000000010010000100000001001100010000000100000001000000010000000100000001000000010000000100000001000000010000000100000001001000010000000100000001000000010000000 
3 1 0 2 2 0 0 0  10010000100100001001000010011000100100001001000010010000100000001001100010010000100111111001000010000000100000001000000010000000100000001000000010000000100000001001000010000000100000001101000010000000 
3 1 0 2 2 2 0 0  10010100100101001001010010011000100100001001000010010000100000001001100010000000100000001000000010000000100000001000000010000000100000001000000010000000100000001001000010000000100000001000000010000000 
3 1 0 2 2 2 0 0  10010000100101001001010010011000100100001001000010010000100000001001000010000000100111111001000010011110100010001001100010001100100100001000000010000000100110001001000010000000100000001101000011010000 
3 1 0 2 0 0 0 0  10010000100100001001000010011000100100001001000010010000100000001001100010010000100111111001000010000000100010001001100010001100100100001000000010000000100000001001000010000000100100001000000011010000 
3 2 2 2 2 2 2 0  10010100100101001001010110111111111111111111111111111111111111011111110111111111111111111001111111111111111111111111111111111111111111111111111111111111110111001001011011011100100101101101111111111110 
3 1 0 2 2 0 0 0  10010000100100001001000010011000100100001001000010010000100000001001100010010000100111111001000010000000100010001001000010000000100000001000000010000000100110001001000010011100100100001000000010000000 
3 1 0 2 2 2 2 0  10010000100101001001010010011000100100001001000010010000100000001001100010010000100100001001111111111110100010001001100010001100100100000101100010000000100111001001011011011100100101101101001011010110 
3 1 0 2 2 2 0 0  10010000100101001001010010011000100100001001000010010000100000001001100010010000100111111001000010000000100010001001100010001100100100001000000010000000100000001001000010000000100000001000000011010000 
3 1 0 2 2 2 0 0  10010000100101001001010010011000100100001001000010010000100000001001100010010000100111111001000010000000100000001000000010000000100000001000000010000000100110001001000010000000100000001000000011010000 
3 1 0 2 2 0 0 0  10010000100100001001000010011000100100001001000010010000100000001001100010010000100111111001000010000000100010001001000010000000100000000101100010000000100110001001000010000000100000001000000010000000 
3 2 0 2 0 0 0 0  10000000100000001101100010000000100000001000000010000000100000001000000010000000100000001000000010000000010010001001100010000000100100000101100010000000100110001001000010000000100000001000000011010000 
3 1 0 2 0 2 0 0  10010000100100001001000010011000100100001001000010010000100000001001100010010000100111111001000010000000100010001001100010001100100100000101100010000000100111001001000010011100100101101101000011010000 
3 2 0 2 0 0 0 0  10000000100100001001000010000000100100001001000010000000100000001000000010000000100000001000000010000000100000001000000010000000100000001000000010000000100000001001000010000000100000001101000011010000 
3 1 0 2 2 2 0 0  10010100100101001001010010011000100100001001000010010000100000001001100010010000100111111001000010000000100010001001100010001100100100001000000010000000100000001001000010000000100000001101000010000000 
3 2 0 2 2 2 0 0  10010000100100001001000010011000100100001001000010010000100000001001100010010000100111111001000010000000100010001001100010001100100100000101100001010000100110001001000010000000100101001001000011010000 
3 2 2 2 2 2 2 0  10011100100111001001010110111111111111111111111111111111111111111111111111111111111111111111111111111111111111111111111111111111111111111111111111111111111111111111111111111111111111111111111111111110 
3 2 2 2 2 2 2 0  10011100100111001001010110111111111111111111111111111111111111011111110111111111111111111001111111111111111111111111111111111100101111111111110101010110100111111111111111111111111111111111111111010110 
3 0 0 2 0 0 0 0  10000000100000001000000010000000100000001000000010000000100000001000000010000000100000001000000010000000100000001000000010000000100000001000000010000000100000001001000010000000100000001000000011010000 
3 1 0 2 2 0 0 0  10010000100100001001010010011000100100001001000010010000100000001001100010010000100100011001000010000000100000001001100010001100100100000101100010000000100110001001000010011100100100001000000010000000 
3 2 2 2 2 2 2 0  10010100100101001001010010011111111111111111111111111111111111111111110111111111111111111001111111111111111111111111111111111100101111111111111111010110100111001001000010011100100101101101001011010110 
3 1 0 2 2 2 0 0  10010000100100001001010010011000100100001001000010010000100000001001100010010000100100001001111111111110100010001001100010001100100100000101100010000000100110001001000010000000100101001001000011010000 
3 1 0 2 2 2 0 0  10010000100100001001010010011000100100001001000010010000100000001001100010010000100100001001111111111110100010001001100010001100100100000101100010000000100110001001000010000000100000001000000011010000 
3 0 0 2 2 2 0 0  10010000100101001001010010011000100100001001000010010000100000001001100010010000100100001001111111111110100010001001100010001100100100000101100010000000100110001001000010011100100100001000000010010000 
3 1 0 2 2 2 0 0  10010000100100001001010010011000100100001001000010010000100000001001100010010000100100001001111111111110100010001001100010001100100100000101100001010000100110001001000010000000100101001001000011010000 
1 2 2 2 2 2 2 0  11010101110111011111110110111111111111001001111011111111111111011111110111111111111111111001111111111111111111111111111111111111111111111111111111111111110111001001011011011100100101101101111111111110 
3 2 2 2 2 2 2 0  10010100100101001001010110111111111111111111111111111111111111011111110111111111111111111001111111111111111111111111111010001100101111111111110101010110100111001001011011011100100101101101001011010110 
3 2 0 2 2 2 0 0  10010100100101001001010010011000100100001001000010010000100111001001100010010000100111111001000010000000100000001001100010001100100100000101100010000000100110001001000010011100100101101101000011010000 
3 2 0 2 2 2 2 0  10010100100101001001010010011000100100001001000010010000100000001001100010010000100111111001000010000000100010001001100010001100100100000101100001010000100110001001000010011100100101101101001011010110 
