2 2 2 2 2 3 2 0  11111111111111111111111111111111111111111111111111111111111111111111111111111111111111111111111111111111111111111111111111111111111111111111111111111111111111111111111111111111111111111111111011111110 
2 2 2 2 2 3 2 0  11010101110111001111110100111111111111111111111111111111100111001111011111111111111111111111111111111111111111111111111111111111111111111111111111111111111111111111111111111111111111111111111111111110 
2 0 0 0 0 0 0 0  10010000100100001001000010000000100000001000000010000000100000001000000010000000100000001000000010000000100000001000000010000000100000001000000010000000100000001000000010000000100000001000000010000000 
2 2 2 2 2 3 2 0  11010101111111111111111111111111111111111111111111111111111111111111111111111111111111111111111111111111111111111111111111111111111111111111111111111111111111111111111111111111111111111111111011111110 
2 2 2 2 2 3 2 0  11010101110111011111111111111111111111111111111111111111111111111111111111111111111111111111111111111111111111111111111111111111111111111111111111111111111111111111111111111111111111111111111011111110 
2 0 0 0 0 0 0 0  10000000100000001000000010000000100000001000000010000000100000001000000010000000100000001000000010000000100000001000000010000000100000001000000010000000100000001000000010000000100000001000000010000000 
2 2 0 2 0 0 0 0  10010000100101001001000010011100100100001111000010010000100111001001000010000000100000001000000010000000100000001000000010000000100000001000000010000000100000001000000011010000100000001001000010000000 
2 2 0 2 0 0 0 0  10010000100100001001000010011100100100001111000010010000100100001000000010000000100000001011000010000000100110001011000010000000100000001000000010000000100000001000000010000000100000001001000010000000 
2 2 2 2 2 3 2 0  11010100010111001111110010011100111111111111111111111111111111001111010111111111111111111111111111111111111111111111111111111111111111111111111111111111111111001001010011011100100111111001000010011110 
2 0 0 0 0 0 0 0  10000000100000001000000010000000100000001000000010000000100000001000000010000000100000001000000010000000100000001000000010000000100000001000000010000000100000001000000010000000100000001000000010011110 
2 2 2 2 2 3 2 0  11010101111111111111111111111111111111111111111111111111111111111111111111111111111111111111111111111111111111111111111111111111111111100101010010011110100111101001010011011100100111111001000010011110 
2 0 0 0 0 0 0 0  10000000100000001000000010000000100000001000000010000000100000001000000010000000100000001000000010000000100000001000000010000000100000001000000010000000100000001000000010000000100000011001000010011000 
2 2 0 2 0 0 0 0  10010000100100001001000010000000111100001111000010010000100100001000000010000000100000001000000010000000100000001000000010000000100000001000000010000000100000001000000010000000100000001000000010000000 
2 2 2 2 2 3 2 0  11111111111111111111111111111111111111111111111111111111111111111111111111111111111111111111111111111111111111111111111111111111111111111101010010011110100111101101010011011100100111111001000010011110 
2 2 2 2 2 3 2 0  11010101110111001111110010011100111111111111111111111111111111001111010111111111111111111111111111111111110110001011111111111000100110100101010010011110100111101001010011011100100111111001000010011110 
2 2 0 2 0 0 0 0  10010000100100001001000010011100100100001111000010010000100111001001000010000000100000001000000010000000100000001000000010000000100110101000000010010000111110001001000011010000100000001001000010011000 
2 0 0 0 0 0 0 0  10000000100000001000000010000000100000001000000010000000100000001000000010000000100000001000000010000000100000001000000010000000100000001000000010000000100000001000000010000000100111111001000010011110 
2 2 2 2 2 3 2 0  01010100010111001101110010011100111111111111111111111111111111001001010111111111111111111111111111111111110110001011111111111000100010100101010011110000111111101001010011011100100111111001000010011110 
2 2 0 2 2 3 2 0  10010000100101001001010010011100100100001001000010010000100111001001010111111111111111111111111011111111110110001011111111111000100110100101010010011110100111001001000011011100100111111001000010011110 
2 2 0 2 0 0 0 0  10010000100100001001000010000000111100001111000010010000100100001000000010000000100000001000000010000000100000001000000010000000100000001000000010000000111110001001000011010000100000001001000010000000 
2 2 2 2 2 3 2 0  01010100010111001101110010011100111111111111111111111111111111001001010111111111111111111111111111111111111111111111111111111111111111111101010011110000111111101001010011011100100111111001000010011110 
2 2 2 2 2 3 2 0  11010101110111001101110010011100111111111111111111111111111111111111111111111111111111111111111111111111111111111111111111111111111111111111111111111111111111111111111111111111111111111111111011111110 
2 2 2 2 2 3 2 0  11010101110111001101110010011100111111111111111111111111111111001001010111111111111111111111111111111111110110001011111111111000100010100101010011110000111110001001010011011100100111111001000010011110 
2 2 0 2 0 0 0 0  10010000100101001001010010011100100100001001000010010000100111001001000010000000100000001000000010000000100000001000000010000000100000001000000010000000100000001000000011010000100000001001000010000000 
2 0 0 0 0 0 0 0  10000000100000001000000010000000100000001000000010000000100000001000000010000000100000001000000010000000100000001000000010000000100000001000000010000000100000001000000010000000100111111001000010011000 
2 2 0 2 2 3 2 0  10010000100101001001010010011100100100001001000010010000100111001001000010000000111111111111111111111111110110001011111111111000100010100101010010011110100111101001010011011100100111111001000010011110 
2 2 0 2 2 3 2 0  01010100010111001101010010011100100100001001000010010000100111001111010111111111111111111111111111111111111110001011111111111000100010100101010011110000111110001001000011011100100111111001000010011000 
2 2 0 2 2 3 2 0  01010100010111001101010010011100100111111111111111111111111111001001010111111111111111111111111111111111110110001011111111111000100010100101010011110000111110001001000011011100100111111001000010011000 
2 0 0 0 0 0 0 0  10000000100000001000000010000000100000001000000010000000100000001000000010000000100000001000000010000000100000001000000010000000100000001000000010000000100000001000000010000000100000001000000010011000 
2 2 2 2 2 3 2 0  11111111111111001111110010011100111111111111111111111111111111001111010111111111111111111111111111111111111111111111111111111111111111111111111111111111111111111111111111111111111111111111111011111110 
2 2 0 2 0 3 0 0  10010000100101001001000010011100100100001111000010010000100111001001000010000000100110001000000010000000100000001000000010000000100000001000000010000000100000001000000011010000100000001001000010011000 
4 2 0 2 0 0 0 0  10010000100000001000000010000000100000001000000010000000100000001000000010000000100000001000000010000000100000001000000010000000100000001000000010000000111110001001000011010000100000001001000010000000 
2 2 0 2 0 3 2 0  10010000100101001001010010011100100100001001000010010000100111001111010111111111111111001000000010000000100000001000000010000000100110100101010010011110100111101001010011011100100111111001000010011110 
2 2 0 2 0 0 0 0  10010000100101001001000010011100100100001111000010010000100111001001010110000000100000001000000010000000100000001000000010000000100000000101010011110000111110001001000011010000100000001001000010011000 
2 2 0 2 0 0 0 0  11010100010101001001010010011100100100001001000010010000100111001001000010000000100000001000000010000000100000001000000010000000100000001000000010000000100000001000000011010000100000001001000010000000 
2 2 2 2 2 3 2 0  11111111111111001111110010011100111111111111111111111111111111001111010111111111111111111111111111111111111111111111111111111111111111111111111110011110100111101001010011011100100111111001000010011110 
2 2 0 2 0 0 0 0  10010000100101001001010010011100100100001001000010010000100111001001000011110000111000001000000010000000100000001000000010000000100000000101010011110000111110001001000011010000100000001001000010011000 
2 2 2 2 2 3 2 0  11010100010111001101110010011100111111111111111111111111111111001001010111111111111111111111111111111111111111111111111111111111111111100101010010011110100111101001010011011100100111111001000010011110 
2 2 2 2 2 3 2 0  11111111111111001111110010011100111111111111111111111111111111001111010111111111111111111111111111111111111111111111111111111000111111111101010010011110100111101001010011011100100111111001000010011110 
2 2 0 2 2 3 2 0  01010100010111001101010010011100100100001001000010010000100111001111010111111111111111111111111111111111111110001011111111111000100010100101010010011110100111101001010011011100100111111001000010011110 
2 2 0 2 0 3 0 0  10010000100101001001010010011100100100001001000010010000100111001001000010000000100110001000000010000000100000001000000010000000100000001000000010000000100000001000000011010000100000001001000010011000 
2 0 0 0 0 0 0 0  10000000100000001000000010000000100000001000000010000000100000001000000010000000100000001000000010000000100000001000000010000000100000001000000010010000111110001001000011010000100000001001000010000000 
2 2 0 2 0 3 2 0  11010100010101001001010010011100100100001001000010010000100111001001000010000000111111001000000010000000100000001000000010000000100110100101010010011110100111101001010011011100100111111001000010011110 
2 2 0 2 0 0 0 0  10010000100100001001000010011100100100001111000010010000100111001001000010000000111111001000000010000000100000001000000010000000100000001000000010000000111110001001000011010000100000001001000010000000 
2 2 0 2 0 0 0 0  10010000100100001001000010011100100100001111000010010000100111001001000010000000111111111111000010000000100110001011111111111000100000001000000010010000111110001001000011010000100000001001000010000000 
4 2 0 2 2 0 2 0  10000000100000001000000010000000100111111111000010010000100111001000000010000000100000001000000010000000100000001000000010000000100000001000000010010000111110001001011011010000100111111001000010011110 
2 2 0 2 2 3 2 0  10010000100101001001010010011100100101001101011111111111111111001001010111111111111111111111111111111111110110001011111111111000100010100101010010011110100111101001000011011100100111111001000010011000 
2 2 0 2 0 0 0 0  10010000100100001001000010011100100100001111000010010000100111001001000010000000111111111111000010000000100110001000000010000000100000000101010011110000111110001001000011010000100000001001000010000000 
2 2 0 2 2 3 2 0  01010100010111001101010010011100100100001001000010010000100111001111010111111111111111111111111111111111111110001011111111111000100010100101010011110000111110001001000011010000100000001001000010000000 
2 2 2 2 2 3 2 0  10010000100101001001010010011100111111111111111111111111111111001001010111111111111111111111111111111111111111111111111111111100101111111101010010011110100111101001010011011100100111111001000010011110 
2 2 0 2 2 3 2 0  10010000100101001001110010011100111111111111111111111111111111001111010111111111111111111111111111111111111111111111111111111111111111111111110010011110100111101001010011011100100111111001000010011110 
2 2 0 2 2 3 2 0  11010100010101001001010010011100100101001101011111111111111111001001010111111111111111111111111111111111110110001011111111111000100010100101010010011110100111101001010011011100100111111001000010011000 
2 2 2 2 2 3 2 0  11010100010111001101110010011100111111111111111111111111111111001001010111111111111111111111111111111111110110001011111111111000100010100101010010011110100111101001010011011100100111111001000010011110 
2 2 0 2 0 0 0 0  10010000100100001001010010011100100100001001000010010000100111001001000011110000111000001000000010000000100000001000000010000000100000000101010011110000111110001001000011010000100000001001000010011000 
2 2 0 2 0 3 0 0  10010000100101001001010010011100100100001001000010010000100111001001000010000000100110001000000010000000100000001000000010000000100000001000000010011110100111101001010011011100100111111001000010011110 
2 2 0 2 0 0 0 0  10010000100101001001010010011100100100001001000010010000100111001001010110000000100000001000000010000000100000001000000010000000100000000101010011110000111110001001000011010000100000001001000010011000 
2 2 0 2 2 3 2 0  10010000100101001001010010011100100101001111000010011111111111001111010111111111111111111111111111111111111111111111111111111111111111111111111110011110100111101001010011011100100111111001000010011110 
2 2 0 2 2 3 2 0  10010000100101001001010010011100100101111111111111111111111111001001010111111111111111111111111111111111110110001011111111111000100010100101010010011110100111101001010011011100100111111001000010011110 
2 2 0 2 0 0 0 0  01010100010101001001010010011100100100001001000010010000100111001001010110000000100000001000000010000000100000001000000010000000100000000101010011110000111110001001000011010000100000001001000010000000 
4 2 0 2 0 0 2 0  10000000100000001000000010000000100000001000000010010000100111001101000010000000100000001000000010000000100000001000000010000000100000001001010010010000111110001001000011011100100100001001000010011000 
2 2 0 2 0 3 0 0  10010000100101001001000010011100100100001111000010010000100111001001000010000000100110001000000010000000100000001000000010000000100000001101010011110000111110001001000011010000100000001001000010000000 
2 0 0 2 0 0 0 0  10010000100000001000000010000000100000001000000010000000100000001000000010000000100000001000000010000000100000001000000010000000100000001000000010000000100000001000000010000000100000001001000010000000 
2 2 0 2 0 0 0 0  11010100010101001001010010011100100100001001000010010000100111001001000010000000100000001000000010000000100000001000000010000000100000001000000010000000100000001000000010000000100000001000000010000000 
2 2 0 2 0 3 2 0  10010000100101001001010010011100100100001001000010010000100111001001000010000000100000001000000010000000100000001000000010000000100110100101010010011110100111101001010011011100100111001001000010011000 
2 2 0 2 0 0 0 0  10010000100101001001010010011100100100001001000010010000100111001001010110000000111100001000000010000000100000001000000010000000100000001000000010010000111110001001000011010000100000001001000010000000 
2 2 0 2 2 3 2 0  10010000100101001001010010011100100100001001000010010000100111001001010110000000100000001000000010000000100000001001111111111000100110100101010010011110100111101001010011011100100111111001000010011000 
2 2 0 2 0 0 0 0  10010000100101001001010010011100100100001001000010010000100111001001010110000000100000001000000010000000100000001000000010000000100000001000000010000000111110001001000011010000100000001001000010000000 
2 0 0 2 0 0 0 0  10010000100000001000000010000000100000001000000010000000100000001000000010000000100000001000000010000000100000001000000010000000100000001000000010000000100000001000000010000000100000001001000010011110 
2 2 0 2 0 0 0 0  10010000100100001001000010011100100100001111000010010000100111001000000010000000100000001000000010000000100000001000000010000000100000001000000010000000100000001000000011010000100000001001000010000000 
2 2 0 2 2 3 2 0  10010000100101001001010010011100100100001001000010010000100111001001000010000000101111111111111111111111110110001011111111111000100010100101010010011110100111101001010010000000100111111001000010011110 
2 2 0 2 0 0 0 0  10010000100100001001000010011100100100001111000010010000100111001001000010000000100000001000000010000000100000001000000010000000100000001000000010000000100000001000000011010000100000001001000010000000 
2 2 0 2 2 3 2 0  11010100010101001001010010011100111111111111111110010000100111001001010111111111111111111111111111111111111111111111111111111000111111111101010010011110100111101001010011011100100111111001000010011110 
2 2 0 2 2 3 2 0  10010000100101001001010010011100100100001001000010010000100111001001010110000000100111111111111111111111111100001000000010000000100110100101010010011110100111101001010011011100100111111001000010011110 
2 2 0 2 2 3 2 0  01010100010100001101000010011100100100001111000010010000100111001001111111111111111111111111111011110000111110001011111111111000111111111101010010011110100111101001010011011100100111111001000010011110 
2 2 0 2 0 0 0 0  10010000100101001001000010011100100100001111000010010000100111001001000010000000111111001000000010000000100000001000000010000000100000001000000010000000111110001001000011010000100000001001000010000000 
2 2 0 2 0 0 0 0  11010100100101001001010010011100100100001001000010010000100111001001000010000000100000001000000010000000100000001000000010000000100000001001010010010000111110001001010011011100100111111001000010011110 
4 2 0 2 0 0 0 0  10000000100000001000000010000000100000001000000010010000100111001101000010000000100000001000000010000000100000001000000010000000100000001001010010011110100111101001010011011100100111111001000010010000 
2 2 0 2 0 0 0 0  10010000100100001001000010011100100100001111000010010000100111001001000010000000100000001000000010000000100110001011111111111000100000001000000010010000111110001001000011010000100000001001000010000000 
4 2 0 2 0 3 0 0  10000000100000001000000010000000100000001000000010010000100111001101000010000000100000001000000010000000100000001000000010000000100000001001010010011110100111101001000011011100100111111001000010011110 
2 2 0 2 0 0 0 0  11010100010101001001010010011100100100001001000010010000100111001001000010000000100000001000000010000000100000001000000010000000100000001101010010011110100111101001000011010000100000001001000010000000 
4 2 0 2 0 0 0 0  10000000100000001000000010000000100000001000000010010000100111001101000010000000100000001000000010000000100000001000000010000000100000001001010010011110100111101001010011011100100000001001000010000000 
2 2 0 2 0 0 0 0  10010000100100001001000010011100100100001111000010010000100111001001000010000000111111111111000010000000100110001011111111111000100000001000000010010000111110001001000011010000100111111001000010010000 
2 2 0 2 0 0 0 0  10010000100100001001000010011100100100001111000010010000100111001001000010000000111111111111000010000000100110001000000010000000100000000101010011110000111110001001000011010000100000001001000010000110 
2 2 0 2 0 0 0 0  10010000100100001001000010011100100100001111000010010000100111001001000010000000111111111111000010000000100110001011111111111000100000001000000010010000111110001001000011010000100111111001000010011110 
2 2 2 2 2 3 2 0  11011111111111111111111111111111111111111111111111111111111111111111111111111111111111111111111111111111111111111111111111111111111111111111111111111111111111111111111111111111111111111111111011111110 
4 2 0 2 0 0 0 0  10000000100000001000000010000000100000001000000010010000100111001101000010000000100000001000000010000000100000001000000010000000100000001001000010010000111110001001000011010000100000001001000010000000 
2 2 2 2 2 3 2 0  11010101111111111111111111111111111111111111111111111111111111111111111111111111111111111111111111111111111111111111111111111111111111111101010010011110100111101001010111111110100111111001000010011110 
2 2 0 2 2 3 2 0  10010000100101001001010010011100100100001001000010010000100111001001010111111111111111111111111111111111111111111111111111111100101111111101010010011110100111101001010011011100100111111001000010011110 
2 2 0 2 0 0 0 0  11010100100101001001010010011100100100001001000010010000100111001001000011110000111000001000000010000000100000001000000010000000100000000101010011110000111110001001000011010000100000001001000010011000 
2 2 2 2 2 3 2 0  11010101110111001111110010011100111111111111111111111111111111111111111111111111111111111111111111111111111111111111111111111100101111111101010010011110100111101001010011011100100111111001000010011110 
2 2 0 2 2 3 2 0  01010100010100001101000010011100100100001111000010010000100111001001111111111111111111111111111011110000111110001011000010000000100110100101010010011110100111101001010011011100100111111001000010011000 
2 2 0 2 0 0 0 0  10010000100100001001000010011100100100001001000010010000100111001001010110000000100000001000000010000000100000001000000010000000100000000101010011110000111110001001000011010000100000001001000010000000 
2 0 0 0 0 0 0 0  10010000100100001001000010000000100000001000000010000000100000001000000010000000100000001000000010000000100000001000000010000000100000001000000010000000100000001000000010000000100000001001000010011000 
2 2 0 2 2 3 2 0  11010100010101001001010010011100100100001001000010010000100111001001000010000000100000001000000010000000100000001000000010000000100110100101010010011110100111101001010011011100100111111001000010011000 
2 2 0 2 0 3 2 0  11010100010101001001010010011100100100001001000010010000100111001001000010000000100000001000000010000000100000001000000010000000100000001101010010011110100111101001000011011100100111111001000010011110 
2 2 0 2 2 3 0 0  01010100010111001101010010011100100100001001000010010000100111001001010110000000100000001000000010000000100000001000000010000000100000000101010011110000111110001001000011010000100000001001000010011000 
2 2 0 2 0 0 0 0  01010100010101001001010010011100100100001001000010010000100111001001000010000000100000001000000010000000100000001000000010000000100000001000000010000000100000001000000011010000100000001001000010000000 
2 2 0 2 2 3 2 0  10010000100101001001010010011100100100001001000010010000100111001001000010000000100110001000000010000000100000001000000010000000100110100101010010011110100111101001010011011100100111111001000010011110 
2 2 2 2 2 3 2 0  10010000100101001001010010011100100100001001000010010000100111001111011111111111111111111111111011110000111110001011111111111111111111100101010010011110100111101001010011011100100111111001000010011000 
2 2 2 2 2 3 2 0  11010101110111011111111111111111111111111111111111111111111111111111111111111111111111111111111111111111111111111111111111111011111111111111010011111110100111101001010011011100100111111001000010011110 
