239.60793833559597 2.1184509821713218 
241.4065018737399 1.9256683917263262 
257.3614938021537 1.2453272095946342 
247.2728448290489 1.475923075396317 
240.35881854993377 1.9927559506408903 
241.1615669319471 1.9502220681051257 
239.6983988230321 2.1010284227220977 
242.91739048579507 1.6873762656749955 
253.50961447478926 1.3774490517992568 
253.1762308262041 1.4055961387313856 
247.06626455333992 1.4873463709060544 
243.80857793299805 1.6303629929618715 
243.1288454814345 1.6774877539473723 
242.76261499056355 1.7033114332785202 
254.2104033538318 1.342026720125722 
246.58439720442487 1.5047558346538592 
246.3721420355525 1.5088093617946714 
248.34273968973537 1.45299952126727 
240.20416350184507 2.0228067903405607 
245.17895492713666 1.5507577373316759 
249.75624640807894 1.4163674832946913 
242.47780514004296 1.887368641204139 
242.26171081409882 1.8959013657570587 
245.37904788315785 1.5394074988814945 
249.80258364853955 1.415975834879622 
257.16621420341875 1.2454088868937174 
242.7549634713252 1.7158608656121053 
243.33925116894596 1.6692896119301193 
248.5915403526124 1.4482856601774452 
240.15491653780765 2.0727209457138582 
256.723716401484 1.2579408544173842 
245.5819746491744 1.5307933411623271 
243.7072366423743 1.646280112184652 
255.27515193676078 1.2915625918099718 
253.6788800272293 1.3692688555077095 
247.80395495094112 1.4703922705818298 
244.96584488639343 1.5657031842001519 
254.5063686529478 1.3275078680316472 
244.48237816757336 1.583898500770435 
244.84506433448036 1.570431206989351 
254.72390957824962 1.318200551436792 
256.0752060302224 1.2731718160837002 
254.5762591232796 1.322907216948495 
254.11371417769902 1.3513485146400996 
247.99159761770744 1.4674540309270117 
255.4734529209286 1.2889685575770424 
244.21179510321394 1.6163815836153543 
255.90560196394608 1.2777679313676629 
243.49164494574381 1.6633038163559888 
254.90520604074266 1.308823513642771 
257.084983973156 1.2520988147885685 
245.2797516341626 1.546045889991136 
253.4561458217538 1.3970049948419092 
246.3150005610845 1.5168788170619838 
244.4493899156925 1.5982555507548843 
239.90433908573556 2.0983228547653665 
242.12732105832345 1.9049453150603088 
241.99548866821425 1.913025517716722 
243.95758931918408 1.623657855371395 
240.96595621197054 1.9742795302312932 
240.86819429299334 1.9841817969294737 
255.08388620042115 1.2975838563563387 
248.1832361379864 1.4620615092192546 
241.0406164149344 1.9679513330508862 
245.75566671506806 1.5270837505387427 
240.30861597696946 2.0151424811998098 
246.19080009715046 1.5247663080861926 
243.61524441336803 1.6570423344292768 
240.56162706984932 1.991541209077492 
240.78687432703958 1.9881956762972122 
253.80651276051486 1.3639076375585837 
256.64196735446694 1.2611072968984869 
255.875692853183 1.2809084809412916 
244.01838893623534 1.6225566243143688 
244.30138045985206 1.6131789857050123 
247.01114673810082 1.5013082527545027 
240.0695258012289 2.096136216341164 
242.19613553197337 1.9021660262094453 
256.5373750827795 1.2640306042688172 
256.2944923032323 1.2661724123190592 
248.24641043307707 1.4604270756021331 
255.68903019713298 1.2881372101744233 
253.85442037434052 1.3615528872844544 
242.640293308484 1.8860366567022153 
256.2408465694291 1.2703730755123221 
240.23520868350408 2.020908641758597 
242.04616314803587 1.9113766148734634 
241.00564277334314 1.9705092184044268 
243.57377182169222 1.660134007536285 
245.71351310568917 1.5277703275806165 
256.33241382985966 1.2655680863371777 
244.3613900466363 1.6118342678754665 
254.88792644098675 1.3115369668413273 
253.94476339984556 1.3573085406715466 
254.41203292165568 1.3409559428647477 
248.566432004131 1.4493179465503503 
255.1155895793314 1.297022867111981 
253.92023805381115 1.3579353377420744 
244.54332915839245 1.5775352812151857 
241.55874807330434 1.9185398645145855 
