169.56357990139037 1.1541196119241925 
152.9855032353023 2.450853524540331 
169.56357990139037 1.1541196119241925 
153.39811824238316 2.4057942585064827 
153.4166899717108 2.2074901693955047 
159.85010215060043 1.4941714527193766 
153.14895268777948 2.4341628992299142 
163.17218413791002 1.281229055139007 
162.18501135070093 1.33390196933415 
155.49255310250453 1.9886837301139235 
159.1764895174485 1.5515505453233154 
166.4903233168329 1.201779488495541 
158.21779231516226 1.6500394462642947 
159.44568026852605 1.5277594551246376 
153.62940021391933 2.144470634015027 
166.18656432534226 1.208799738099568 
155.58519101739216 1.9649097896772167 
156.23515091708163 1.9250468462039252 
157.1152465257307 1.8074449043572398 
160.163961640021 1.4539952494373116 
155.3021518439981 2.010937097067566 
156.4236502035977 1.9099486566906112 
161.92031597027682 1.3420688199797526 
154.9857610891198 2.036283803363195 
166.81962459526463 1.1911180493999827 
158.417143399846 1.6341880407491534 
158.10266736412817 1.6711900505690918 
153.90587899766328 2.127018108262664 
155.82215192874182 1.9566979914210587 
156.73732794094886 1.83463394989879 
168.96673633773665 1.156261287755564 
160.33072641321974 1.4354708731856154 
162.83853891099864 1.295916499191862 
155.1962105663701 2.020497737414262 
157.37183421200106 1.7615713712018473 
167.5173506913303 1.182704541478128 
163.59643039925902 1.2784420144582023 
157.81450278825085 1.720226690515724 
159.0479784364779 1.5644068563330593 
169.50908960474618 1.1555228517906015 
163.71384567120865 1.2623636596117815 
157.20553482642308 1.7753294510456468 
161.06508788862692 1.3840199572530736 
158.67774157697434 1.592096392442995 
167.85719221371124 1.1787959592604818 
165.42033172055224 1.229309959879328 
154.27955280194075 2.0904589124940895 
162.43164072469233 1.309031536227603 
165.60762245981516 1.2188647585974746 
161.26285388701174 1.3758684575646274 
168.01911131175373 1.1748045513077263 
157.56890502453984 1.744611892807808 
167.28036579480045 1.1830764125067708 
168.592816617871 1.1611687363850969 
156.51037448968157 1.8814771214399673 
160.54111133521434 1.4322903590040357 
168.31869087255873 1.1710469249153295 
160.02445002292896 1.4712514678889033 
158.64352252478918 1.6170345477790935 
159.49403182671952 1.5148631645767245 
157.9620195013707 1.6829017976078213 
160.9126058574214 1.3965601694219694 
154.8857330025988 2.050402302829745 
156.85077884382775 1.8220307539716007 
164.7536170710641 1.2494677003704031 
161.85955187520543 1.362693122545383 
154.46837265609742 2.082073141495431 
158.89804539464325 1.5786639215937808 
155.9853085060784 1.9329828188267912 
164.0018971479822 1.2614757378638233 
164.51615970062926 1.251042071279738 
156.99575615548912 1.8157385957647387 
156.47442991062272 1.889299817607154 
158.54809586844522 1.6227565984349344 
156.64510471414525 1.8604357774547986 
160.8062155109398 1.4038216917883053 
156.67974317123713 1.860133026586937 
154.53194490383348 2.072630211701499 
154.66756760150562 2.0648266631535517 
157.7251914614977 1.7349649136608112 
157.83986141256977 1.694826034822028 
154.7657055794035 2.0584416903150817 
168.40069509426672 1.1630855921923913 
165.88731431673497 1.2155807170289756 
154.0994502482505 2.0986996213444398 
162.74017968258207 1.3045435403426924 
160.62227279951787 1.4161299585934966 
153.57876772505924 2.1624827588594204 
161.49125911067682 1.3732795750902846 
158.82215428460492 1.5831746439814414 
154.06058292379723 2.1156910447095867 
153.4617332478803 2.183366528429565 
164.9731856424902 1.2443554275225288 
161.7675840944365 1.3680838383754987 
165.2184604124999 1.2382765058838714 
160.0692289052851 1.470217489254077 
155.93623206505566 1.9402543793517413 
162.4568460779218 1.3069540045057817 
167.04757582685335 1.1894164207563107 
161.56369291463199 1.368538410366139 
