10.030497353741197
12.571868400477626
10.207623559212067
9.508885029947095
9.881861874060235
12.582444442234987
7.823068886421083
9.90980600227735
18.203066685038607
17.456509955291494
6.867773672476147
11.357752979273016
15.424753900101337
10.884536282639488
9.721462257628446
19.429554142983307
9.783140785139693
16.851198829634654
14.161362074339422
9.6004309264423
8.562414480982937
17.540171920907028
10.167679089160288
10.890938110547552
10.162494458091544
16.30405371371657
8.022558297572687
8.496467360587616
9.026591262227498
6.952842699375992
