502.54890517483597 820.3971489439125 
724.8874815528914 120.35981713331533 
502.54890517483597 820.3971489439125 
724.8874815528914 120.35981713331533 
535.9556623030445 587.9957255926415 
535.9074149283043 651.9873762989959 
542.3708150926388 478.9221206421205 
719.9362477294844 122.721437075351 
539.3674107292134 576.5801973004772 
543.7507377211514 428.1926337334798 
542.3000069383924 516.7686007821419 
609.8498348467872 200.82352537996255 
544.8432314784233 393.9357616940442 
544.2576417898979 419.5859529477309 
606.3671285066074 214.77591478052602 
527.5592941811447 735.4107899958387 
524.069752248844 751.9847716378732 
511.1860241465854 812.1145393250246 
576.1833656010905 311.68201431753295 
540.7805286095204 537.2662386840033 
543.7290615565958 457.81508702733424 
572.7522686018291 326.40714623781184 
565.5854107783792 350.3354877172271 
710.1896111668291 123.96060048856265 
534.5059225610726 675.3322160217078 
622.5269200241119 188.77192626412167 
626.0695117879568 181.89856097488016 
634.7859408230195 171.67830150400428 
637.949060824841 161.31576527309244 
516.9570896214381 793.3807934025102 
545.5338099861192 385.5938262444365 
527.5622037946313 711.3235439933842 
648.9106165215599 153.7483495589693 
520.8037171172492 764.2344086550355 
605.2332422093159 223.9078868257583 
663.2356898112362 152.59789447750472 
600.0796227607821 240.91734910218003 
618.3482845287767 190.25987330922115 
583.9272586071293 292.42994725432294 
593.4423854294095 262.9487517965785 
517.275394152056 769.6676620352747 
587.557739905965 285.9642620703882 
597.1899899168561 257.02166043960193 
693.2709255702864 131.36327443562016 
534.5339377222624 660.5940570847438 
525.9307601545385 743.3780908521239 
514.8756473292783 803.8387823965918 
675.3627761512435 143.37548316498237 
630.4881565876303 181.2417537400185 
664.2187184565994 147.0292504607113 
543.438229310359 463.35437576815775 
541.8355801751616 525.9425333946475 
597.794568109456 248.13562656212167 
559.6949664925802 354.57557355462245 
567.5254288830414 333.13213856392304 
540.7064087474679 558.6465910912017 
656.6029974861914 152.79640609170931 
547.5794751362462 370.66023380039326 
686.010603073933 133.88616358883706 
615.5645230526256 196.42004595659063 
680.8847507247469 138.41718897280447 
565.8858301502448 339.73865613280674 
591.7171876617889 268.592777329184 
700.2076546906053 128.4757146879329 
571.2075597969986 331.6060412865103 
612.9834966620389 196.8685351139797 
675.9408640195852 140.73458298025622 
656.6029974861914 152.79640609170931 
668.7011754833898 143.89416363399806 
688.7950421824929 133.3950165563074 
531.1339473106586 703.0409343744965 
533.1243026093514 688.9577390874465 
532.6541265685421 690.8259060915213 
507.3623993316265 817.1780129417921 
590.8741932025018 278.156536771102 
645.173576515134 155.8185632767692 
602.0238356667965 231.81840386339775 
548.1627256745857 369.51100009383737 
540.4855124037299 561.3636155948092 
556.006224688297 361.0788693626754 
702.5463843870725 127.12459440462445 
506.67351445296066 817.8767702348259 
589.4437984826744 281.2446882417211 
579.9607640876443 308.116386079458 
552.192732510825 366.108645715781 
709.9047552821362 124.18981226690295 
668.667101169668 144.00153946857736 
705.0408882753466 125.27458314738524 
582.7493016146847 303.3460218760271 
556.006224688297 361.0788693626754 
681.7057092405181 135.4273908477865 
518.8841449160811 766.9506375316673 
640.9391754358545 158.807939246472 
633.3381740383965 179.08255479037294 
642.3324740417921 158.61687420380846 
692.6121595986467 132.97181562479395 
559.6949664925802 354.57557355462245 
578.6451680110181 308.1581017581912 
552.192732510825 366.108645715781 
529.2204858068737 708.8483727331128 
