501.653014763877 820.3971489439125 
728.3746252929085 120.35981713331533 
501.653014763877 820.3971489439125 
728.3746252929085 120.35981713331533 
536.9929001156381 621.9984707538661 
621.5819420767932 171.20706801626562 
710.1889109715487 126.20403132635323 
537.0384268925137 585.1950780698288 
612.2899030398814 179.1315149295043 
697.9848714555523 131.33406248897566 
541.7817112774023 507.88064320105633 
542.9101945742308 453.1969668123075 
541.7895226985464 473.79990150924027 
527.2396918461475 728.3282249825861 
572.2667159875115 313.6171402210179 
543.8650073910211 397.0519101529831 
567.3213267833484 324.92217818309837 
672.8196284290934 141.15497282586742 
581.1376845807288 293.8940300142423 
542.9105773388999 422.2757875785647 
527.4193385918916 709.0019723833167 
664.8788335118998 145.5105279942478 
516.3859555811011 787.7346005026062 
514.4012237138836 797.0216228961236 
516.5045295243164 768.8730350132374 
645.8314354229733 154.75522673991495 
544.2718099401361 376.3690747306421 
524.4162935247008 742.6269260795216 
654.2227020452715 154.49250924001214 
539.9525437952835 555.307751186143 
545.9120864044029 370.33570912597986 
631.7643601196997 164.0919504757653 
597.0826271030526 234.49158127439094 
638.148268993282 162.9507741934063 
625.8417600232756 166.1439433718203 
595.0346598046021 248.3129745257829 
725.6369450013699 122.52383125408466 
591.5687928508908 260.5138959437448 
720.4522673542135 122.82512840166062 
717.6463863771146 124.63783798095929 
540.067236790428 533.6709641391552 
535.4631339168312 637.1032850847623 
679.3767047483882 138.54690075497808 
692.6069011960778 132.84695014210206 
584.2544929422446 279.5614911095908 
639.9401949823607 160.5466507545014 
683.6422353101412 138.17740768930446 
587.7345523366755 275.9321499180381 
542.4910591363739 465.81584204171617 
645.1823228682202 160.08549100223846 
583.3670722848367 287.1528193239677 
519.8067026152008 764.1754590917589 
554.4479263722166 357.20009804072566 
655.9974436902193 154.42466759221853 
589.4387452791066 271.3208796120906 
602.6210235517038 217.26526540765684 
676.1405386213772 139.97444117302888 
558.1154178372389 349.99399951848636 
661.3781276559093 153.0236350776274 
538.3035979027896 575.3487653312252 
549.5838445013751 361.5805379760342 
605.0568435371299 203.20185256092518 
600.0096927068593 228.85030903561494 
566.3159389752487 335.93258528016855 
611.6487504591022 189.56932393808518 
603.7807996714996 210.02057818309862 
535.4631339168312 637.1032850847623 
574.5976564924733 305.6520968730722 
533.4080161109612 657.477858452641 
531.8207648234742 682.8512247779072 
628.8240412505672 164.80957662960026 
596.091462572516 246.34864223696 
575.643935093147 302.67691930272923 
533.4080161109612 657.477858452641 
602.3738060724047 228.78288332228303 
508.44418229941124 815.2299287338567 
512.0134101727544 808.545102435438 
553.9174777580702 360.852738832867 
543.2903320590142 415.00582747155397 
523.193090212868 748.572076499758 
686.8285050977242 137.23187766627774 
610.2354663588337 194.54658013412555 
696.6650925058542 131.66289920479514 
533.1992217287174 670.8897416328615 
520.9806401663943 758.8190457725071 
541.2267050863587 517.9346324417859 
590.9104025141104 262.4472070712964 
510.79734250107737 814.7360506396401 
522.0642967569322 753.6624907530179 
712.6213520929056 124.6486053138205 
562.2537167197409 339.62554751051795 
539.3960950469454 562.836008806568 
564.6892785821524 338.74357143449095 
540.067236790428 533.6709641391552 
539.2349481553954 569.4799905248274 
606.6538979911445 196.764973358132 
505.5212236720889 818.0324412605066 
689.2844914521647 133.82346689238327 
662.2660689321483 146.6057292492714 
541.2267050863587 517.9346324417859 
