501.653014763877 820.3971489439125 
728.9820060152498 120.35981713331533 
728.9820060152498 120.35981713331533 
501.653014763877 820.3971489439125 
535.3843447007329 585.1950780698288 
535.3262194426198 640.0169154649076 
541.5956048903273 473.79990150924027 
516.0221606735354 789.5669584302834 
541.5604547624143 511.7135821014702 
526.0743976608148 733.7032454008157 
703.5457881138352 129.995691479828 
542.816832359598 456.93264594966627 
512.5454399235015 806.1528985811588 
526.1612564001107 709.0019723833167 
598.1521908774032 232.58300257267467 
542.9105773388999 422.2757875785647 
594.8966061642449 244.04387738220652 
528.6562281409535 703.3151194764955 
588.7812459264134 267.66054656653074 
697.5657434999159 130.74385969254644 
584.4253493857213 282.81608045715325 
543.6992390999612 404.8148445908298 
650.9079400623036 152.82696094531977 
539.963958540034 555.0039038277212 
516.0384473325355 768.8730350132374 
638.2594711074469 164.8607080937862 
540.0053189822088 533.6709641391552 
655.8146535108773 151.31461445036308 
537.5880328661767 579.5082251630076 
533.082098302742 657.477858452641 
539.248639317471 565.0872935811266 
722.2294974987083 122.51915506240364 
623.7239992199868 169.12286938770197 
609.8403272011853 187.89956981188482 
573.7097003049391 315.62878765298973 
544.697287511462 365.72102127141335 
531.0353041323876 688.2066470119188 
674.8490674467955 143.82470520061992 
631.2736395649805 165.9510564285415 
532.9148519500119 673.3471173827705 
684.2597347015003 138.99512234043664 
544.0446956972363 391.88468994292714 
660.8291502302 150.70994666663853 
544.2084067860932 378.1149264424232 
714.062587339349 124.0538013131397 
604.4116044029532 207.10149101842777 
666.8077592844005 148.12508254531383 
574.8394042671182 304.5630489246728 
521.2131346250163 758.0374452892901 
518.5710266807553 763.7242981961122 
562.9741812062503 336.6978760123956 
630.1164751825594 169.01067866491817 
524.0780573997823 744.2523773745186 
688.2150173353344 136.98937004677356 
647.0144365244798 158.07322892581317 
534.6354194294576 646.6476216399122 
554.6808248981614 352.01381749130354 
550.7462047600776 363.2695917316995 
692.9630772459229 132.5246031279676 
593.4300072842617 254.31757522509187 
602.2881428624177 215.46530291445146 
620.3044028487898 170.29962654995495 
559.6868221769635 345.84972088234247 
613.1378386386737 179.46005345962598 
540.8132331598862 524.5666430174283 
510.7886870168507 811.9657652588293 
565.7731887014829 329.5873852037892 
522.8567183144899 749.9584463058494 
507.9590673889749 814.7102960370909 
599.8950258760415 222.20868510226023 
664.3278387260377 149.27144998620165 
531.8049385182811 682.5058892386797 
542.5430245992774 461.92035882989245 
550.8151527121622 360.509766503306 
605.960986917788 199.1028449537585 
616.2278018303904 176.4355972597347 
559.9154426055464 338.0867864444951 
644.816507423872 159.12704725601102 
691.3314368088597 135.28724524705112 
709.3280062091519 125.3843647492918 
618.3720051724799 175.91332551986505 
582.8125075633943 283.5610490510882 
611.6475618147166 185.24790223836592 
577.346687222293 299.74252885989074 
709.3280062091519 125.3843647492918 
680.0632777723989 140.83356798258131 
554.6099001471578 355.0871076851752 
542.9105773388999 422.2757875785647 
580.480480104647 289.3495194678936 
591.314703903547 256.48318417242143 
671.774560455004 144.97587103022266 
571.40573824477 325.07711827246953 
605.960986917788 199.1028449537585 
680.0632777723989 140.83356798258131 
713.663592988399 124.2133792806395 
723.5818153796154 121.62636314210634 
580.480480104647 289.3495194678936 
505.5212236720889 818.0324412605066 
541.3687653507873 515.0357273248856 
567.0369308123917 326.5570151183497 
