501.653014763877 820.3971489439125 
728.1966223212504 120.35981713331533 
501.653014763877 820.3971489439125 
728.1966223212504 120.35981713331533 
534.474465378919 646.2317548544793 
535.3843447007329 585.1950780698288 
540.912763567292 522.4248605409944 
541.5956048903273 473.79990150924027 
542.890286879569 456.4889494707381 
557.5665457003968 350.5017906446278 
716.4097440969267 124.48135509807705 
526.0152162933003 735.3988736430895 
602.3093367466196 213.93361443957363 
707.4196011562447 125.73496498506182 
533.082098302742 657.477858452641 
563.0504698592025 341.7053470638555 
544.6908957674601 368.0211163315386 
540.0053189822088 533.6709641391552 
542.9105773388999 422.2757875785647 
626.9018543098916 165.36369735336197 
605.44562800277 197.03718958144617 
516.0384473325355 768.8730350132374 
526.1612564001107 709.0019723833167 
507.79298249015795 814.6910800125819 
592.4715573609611 254.9411849589576 
515.7920135313251 794.7769237694579 
543.5946232133114 405.9897047848524 
720.2011215001835 122.82512840166062 
621.0170068207866 173.8115634374242 
538.3314365054365 576.090756948102 
532.31453957364 679.1149700450609 
529.2166426096503 701.0363963087235 
587.2820669358513 278.10537011538946 
684.052787552153 135.46058173490877 
539.8797257476036 557.4269856310129 
609.965520362241 187.5978072728746 
600.0883587831353 221.38745359795635 
664.4571387909805 144.52548079097295 
511.7935303206697 809.5423431954566 
643.1593316445512 158.10190825554187 
514.3898043282284 797.7962767151521 
725.7173313631192 122.0381930776367 
625.0994400281206 171.95859410932965 
524.1944662372056 743.9562710990218 
589.2977479960231 262.83139652140886 
531.348860076173 694.7489144444646 
579.9019220557141 294.9567870709044 
569.1182660154236 318.9401600666422 
650.8387961764818 154.18922429089332 
670.4017546035295 142.37368560295786 
597.3630170586913 236.04285762512967 
549.2691336700036 367.406959538374 
701.0219881115853 130.48886714681962 
576.2537330359072 301.0549617830794 
607.6222707035542 194.26466442379856 
598.5155536867004 230.23013533344252 
543.9594322390637 389.2497479950602 
564.3774455914904 332.1674917656292 
633.595255486864 161.27479399035448 
618.7411541367326 183.13081098913983 
522.6027291363395 750.5204565553472 
549.475180914218 359.0971014347318 
589.0740678516102 270.0763358135059 
689.2489884208378 134.62616784288485 
542.1989460832532 465.27699332044176 
679.0693146358453 140.2586179241894 
571.9282545130019 308.3876073003907 
695.3904888572513 132.903840572795 
690.2575219975497 133.18405870811623 
575.3583370426178 304.36421134828015 
655.0969971380221 147.59305111639696 
668.0552056360332 144.07852963087745 
521.3773656185708 757.1002900802295 
583.5128490484258 281.6192496508939 
681.153560288752 138.3367104352828 
638.5173376800126 159.8413216992235 
696.7719893282049 132.56603815268346 
652.8632436720712 149.0934602360079 
659.7015869560064 145.78930964652994 
580.8444858504236 290.2183663159981 
633.595255486864 161.27479399035448 
595.0583769672282 246.39136858860405 
571.7012497259373 314.09367623172074 
567.7106719431098 326.47345453383764 
539.8797257476036 557.4269856310129 
543.9594322390637 389.2497479950602 
520.1074060228046 763.1669660819066 
531.8117453965582 684.0091015021208 
543.0348365222213 419.50056602094395 
518.0085001477707 765.5508897898219 
537.8214680957632 581.8729328464137 
647.721485843843 157.90910536988847 
509.8628588033487 811.2928278221852 
595.4970290149104 245.0014390507284 
614.2622099358977 186.36004495624374 
614.663576926373 184.77377781799967 
582.1421052871718 282.45699993032446 
553.1415239790988 357.5597944534204 
704.1492962468899 127.17311854113784 
639.5179976381351 159.73329072976316 
