502.54890517483597 820.3971489439125 
725.0328903063382 120.35981713331533 
725.0328903063382 120.35981713331533 
502.54890517483597 820.3971489439125 
536.8133788911845 627.2329146908431 
570.5351512144239 317.39883104569253 
537.0384268925137 585.1950780698288 
607.3433634645908 195.45029962283854 
542.9105773388999 422.2757875785647 
541.7623629631214 507.0243001398157 
517.2804199352752 768.8730350132374 
684.852101376209 130.72325129264095 
533.2075165541448 676.6455280189384 
561.3211183758461 339.44691416327277 
521.7062563255563 759.3417383411211 
667.0809385628145 144.08289667233106 
634.5499767655735 157.13266987745226 
573.914050281842 305.8111216004177 
590.7793217108537 261.68666949357663 
515.96431767265 793.7504849445723 
542.9003522004391 453.2270681344884 
541.7895226985464 473.79990150924027 
653.2232503683343 147.76075530489697 
531.9110449226603 688.4291390085652 
694.2101438541279 130.67261740599633 
600.4314127507528 223.3247194366243 
682.9954278738672 136.8341836227051 
631.0456713047759 159.55330056479673 
512.8020866598483 809.3427600620092 
671.0290976177371 141.15056441262746 
586.8949779286894 276.8298037797802 
556.6039533463495 352.8698771267914 
540.0233005704405 552.838633705451 
660.4297096334684 144.60387251754037 
649.848327026777 151.78039823564745 
543.2024287836845 408.80566360510505 
559.5876379061805 348.1310736923387 
600.2599734045713 239.8118559366164 
578.377154145467 298.6700162700573 
561.3211183758461 339.44691416327277 
589.8380254700775 275.17012318798584 
721.5451645129617 122.49829095225836 
523.3189659283374 750.7993246276133 
677.6809759069434 139.00274913270948 
548.2557765099663 359.32605085014796 
543.6630725118173 396.15705518075293 
544.0243344209631 385.10266629885 
658.3470069259897 145.4052915582673 
528.3152290028504 709.0019723833167 
545.9734272767246 370.57680746529337 
583.0205394759195 283.67435007904015 
531.2743829753995 703.6691011363935 
641.6163546015657 156.11748661240293 
552.1266633373223 354.50696836409395 
705.6865038847918 125.26257948201669 
579.7385836357967 296.62068220864614 
541.9660936170255 470.25771310440757 
524.9215287960867 742.2263710138964 
507.5825256608586 815.6995730224339 
534.18390652192 657.477858452641 
581.5091061159418 284.448800943471 
675.6479897545426 140.91795450896635 
538.31172183319 576.838456203822 
517.1365163050995 788.0407045795345 
715.1727316922472 123.38310997915319 
621.7775338390567 172.08253094553118 
572.5281818623328 316.93672910223967 
540.067236790428 533.6709641391552 
526.3117560728932 736.5165906488583 
541.0212513186476 521.7721538683157 
528.0920144835675 725.3591154543221 
594.9319126539829 242.54861125478703 
625.8943161724758 160.53892502047208 
601.9462124286908 213.77454274203387 
545.0091361964497 374.26460069842824 
507.2303810621784 820.1689945245064 
613.16669333044 176.04663240491575 
699.0245500280096 128.32370521787288 
616.7165006478995 172.23321941969627 
535.5780190072956 641.7178002805806 
597.0334592687758 240.60631620071615 
703.0681736802899 126.01813351805247 
539.0079050078625 568.327822510256 
612.415702974615 179.02180997525917 
592.952965470119 249.01631725456485 
535.5780190072956 641.7178002805806 
534.18390652192 657.477858452641 
612.415702974615 179.02180997525917 
539.4551079690726 561.4152987528755 
604.0340245326879 213.74020739968563 
625.5226302915858 163.38165114171417 
621.8520151052844 165.9648198007022 
694.6397963988137 129.87815714189654 
512.1654239037681 812.0872908402706 
541.2611971912592 515.5972537535317 
542.9003522004391 453.2270681344884 
549.8878335418731 356.1129503137713 
605.4155975707769 203.47102645395006 
527.5110305525465 728.269417025687 
710.260332149533 123.96060048856265 
