501.653014763877 820.3971489439125 
726.8831012990267 120.35981713331533 
501.653014763877 820.3971489439125 
726.8831012990267 120.35981713331533 
535.3212036262901 638.2589263609989 
535.3843447007329 585.1950780698288 
670.1672971595624 142.575555345136 
541.4890121882906 513.480319332706 
541.5956048903273 473.79990150924027 
681.4547133836969 135.5800726802486 
542.8979647088164 453.35864616119204 
525.9792893742572 734.277059650348 
648.5601743074571 156.73269107410212 
516.0384473325355 768.8730350132374 
659.6077778920102 146.4590554478099 
539.819589974177 556.3927533601035 
513.1941960250645 803.7486925422951 
543.4666698982916 407.8858415047424 
509.5449542410238 811.9262669033717 
690.1162569896143 135.56619597334551 
621.6818935072713 170.56793357887452 
542.9105773388999 422.2757875785647 
526.1612564001107 709.0019723833167 
553.8609023664566 351.26801894630665 
572.5081805353118 309.015438607759 
506.2666351053164 817.731206162383 
533.082098302742 657.477858452641 
718.69679024053 122.8538601974379 
558.087990260484 345.27925577116207 
625.2227554831263 164.8660633703629 
586.3605498823961 271.41483677435036 
601.1589034981783 215.38994922556432 
575.4379212348814 299.1261699775915 
532.7760610976586 674.9963778636404 
540.0053189822088 533.6709641391552 
609.281283645984 183.12922560157963 
584.0962003042658 277.3023896469174 
616.2979727170209 172.14364191496 
520.0682632231807 763.1861821064156 
723.5754510817599 121.87177011242967 
561.053189918479 342.3337698698304 
597.7920833825218 228.30134352795454 
534.3852686285061 648.3428465515548 
714.2883051702512 124.3053784289144 
515.838540761116 789.4330115044113 
634.4466086250973 160.96514975404145 
544.2523016527067 377.0684908607403 
711.1987428020492 125.71019680312433 
523.7187946213064 745.776779234841 
562.9088256594524 332.9530260891123 
577.7069267539263 295.1832791922458 
696.9661240283901 131.7419300366379 
653.7797144621277 149.2377714348568 
542.2013858400609 465.1089762872823 
642.9540351419602 157.0168382490443 
593.1594030959568 250.99151452718087 
582.2367078710338 287.34157897544543 
529.8181113602824 698.1585644570057 
637.2702205752443 158.29538857449603 
590.0746980663924 265.26739087778833 
600.0875064362793 227.79941297260288 
606.3532583002493 202.4941564996628 
570.0929438631845 315.91055466674135 
531.7467349328152 683.3062359672823 
515.296751443648 792.617659401943 
612.4903691804795 178.55800210729996 
544.0145703375708 385.75137118776456 
676.1878410468174 139.07935083819163 
527.7042564238152 705.4597839784846 
537.8238199584672 582.188329892474 
521.8377820436891 758.3072034209989 
568.2726259656955 318.7319404366614 
581.5674743739036 293.29393215775224 
692.2716302611113 134.01370694281988 
544.9455933441633 360.29288463632884 
566.5612196158537 326.8785779387271 
530.7070155627636 691.1432251365237 
539.0800746012831 568.8817353074384 
676.1878410468174 139.07935083819163 
549.7387214921645 355.33994150136954 
545.0178422299849 358.37883640818734 
659.3807671742143 147.6036676214732 
607.7971499839941 192.87692280651333 
595.5341492970451 240.19249124226516 
654.1039943043085 149.20184997324574 
603.0446079530242 206.6527994699025 
640.8313101798149 157.16397876051914 
540.6123139728653 524.9800389171976 
522.8500454524197 749.7908316177612 
630.4211925706187 162.78161395494175 
614.7792829691892 177.72870934790902 
629.5230805470904 163.97223769451952 
592.1320197024993 254.01303275284312 
702.2801659841231 127.45735978018995 
595.5341492970451 240.19249124226516 
702.2801659841231 127.45735978018995 
590.2088356647 259.98048893766855 
565.3473807643704 330.62308815097356 
538.8278729701722 573.695358485337 
549.8117268995408 353.4258932732279 
