501.653014763877 820.3971489439125 
726.2323047984739 120.35981713331533 
501.653014763877 820.3971489439125 
537.0038460806574 620.7276108466411 
537.0384268925137 585.1950780698288 
535.9574258202648 630.922857578067 
542.8661250075822 452.15015305826927 
530.9566389130961 688.751095842513 
541.7530820395857 507.11596326458124 
533.0162861849024 672.4717424639629 
628.6418777564902 166.48263971437748 
516.5045295243164 768.8730350132374 
513.4422192401811 802.5181808724125 
635.2060737635946 165.9683839924257 
541.7895226985464 473.79990150924027 
705.9857341235551 126.9288801347973 
612.1698655416218 178.6872133356825 
540.0523175199693 549.8782507707552 
655.88369425464 151.21075320868948 
669.6422054289931 141.6887790012344 
713.599063224478 125.46651723998706 
660.1184669339029 145.13433898648046 
570.5806599502291 324.4804812168424 
541.332343486655 514.5887607436805 
543.4753025456789 401.8181534850251 
547.4614905865811 363.68990943398063 
529.2461459491727 703.3151194764955 
567.1083898006168 333.27098393821865 
542.9105773388999 422.2757875785647 
527.4193385918916 709.0019723833167 
594.5963697383529 256.6682008649171 
651.785882035137 152.0577412338414 
638.6599325713903 162.68506136602053 
643.6489720250906 162.0700240140861 
596.3514548465153 235.42741079618102 
623.6680578806074 167.93402966644499 
611.0066903607599 189.21189465664511 
546.0104328253339 375.8992449206057 
533.4080161109612 657.477858452641 
525.0137833675606 742.3180341386616 
538.283352185668 576.7330036053867 
700.142989921646 128.1353096883995 
516.4070957951096 787.3960675463568 
620.7758433094846 170.3344874962492 
595.9813069923387 243.6955407317334 
589.5123872274337 269.11781024438795 
571.798990821992 315.90719755582984 
555.3357904750177 355.8738140862165 
601.928492880827 215.07552829483762 
680.739703258939 138.31079701236092 
527.1897515805033 727.6321892893694 
584.860561046726 290.0026261495359 
710.383908561092 126.05665975802881 
578.1678627228073 301.78110224794125 
604.2075496500535 211.1076051068986 
542.3011619955944 463.00495880672537 
561.2748115975218 343.9312200906724 
520.0682632231807 763.1861821064156 
683.8373647511155 135.92443080830498 
515.475779547411 792.7984203498125 
673.8893721543963 139.51868145665233 
607.3854139679969 191.99226726651636 
698.052786448286 129.5483067257453 
586.7212748240102 282.7379453197197 
600.8663149916671 229.78997002914946 
719.8157536101569 122.92162451239663 
533.4080161109612 657.477858452641 
544.0218135005308 384.57713025952904 
676.5901507129013 139.1096770297554 
590.8588073003236 258.37635987665095 
588.3338873300105 277.03263582717324 
543.2532134282128 413.8137131141223 
719.7092336025429 122.98993033698032 
510.96812356517506 814.2997821628761 
523.8485503619131 744.8732125148656 
647.2313210670275 154.75526139519263 
580.968924042239 290.1196467878898 
617.2632290558629 174.9030439004181 
579.5882213934212 294.8434759872215 
665.1418923039541 144.64391535444275 
557.6438430675965 351.3564851463055 
573.3855575542392 306.7881001315715 
540.067236790428 533.6709641391552 
575.2987051364465 306.52728523644373 
510.6713058023148 815.683468141487 
540.067236790428 533.6709641391552 
605.867758999395 202.32841713476557 
559.9073080917162 349.78505436445846 
646.4405214375836 157.15571922499657 
687.1971396697584 134.04131906525407 
550.9633449429431 360.05723243829345 
601.0872833018256 227.1669648323293 
551.0295967406919 356.7350872148779 
505.949101710859 817.8737265402679 
539.1747727885935 564.5039557712472 
564.516063681384 339.397286082559 
693.6115162202722 131.74043168869892 
664.0796841244871 144.69235769171365 
691.0702682579115 132.45787934578235 
505.7776240420018 817.8767702348259 
