501.653014763877 820.3971489439125 
724.8853704280862 120.35981713331533 
724.8853704280862 120.35981713331533 
501.653014763877 820.3971489439125 
535.9554504634467 643.6904842061979 
535.9556623030445 587.9957255926415 
596.608451188458 252.7969647039991 
602.386952994808 239.197147588909 
542.3708150926388 478.9221206421205 
540.7805286095204 537.2662386840033 
543.7182621530102 429.04673465095794 
575.3361845734885 311.99140609334273 
543.671989578658 459.82799775753944 
716.964728098827 122.82512840166062 
526.4255744051889 737.95951822946 
542.3111329134944 517.8453167924004 
657.434407703915 152.08488385156076 
526.6663133836723 711.3235439933842 
588.733470715868 277.9328756003156 
628.2728208562693 182.10620032721658 
578.488389427245 307.1217511611539 
621.7748925219926 182.3720134712386 
529.9454921036959 706.1824299515836 
618.1597046329674 185.7464751396052 
666.4768240917639 148.87984973382797 
553.120855524698 359.31739811822575 
516.4995037410972 769.6676620352747 
585.6662938628209 287.6941222013631 
593.0333133078555 264.9110050772338 
713.1377353405035 125.205431540465 
603.3614841946209 222.4423246263315 
698.909303023076 129.33091415802372 
531.6725013125733 691.9026221017797 
676.7452982296201 140.8700497175926 
520.1431173320036 767.1205487928046 
703.1188825576328 126.89631792660693 
540.7516762947847 558.6497867134904 
539.1349742995308 577.5539920904208 
581.9798804462001 297.0535337668571 
682.1349358375693 140.5673818519102 
724.8035657177138 120.37355033801734 
639.273846981087 162.94222348129045 
505.6399763142446 817.7503074429435 
533.7503819326873 675.8856776877144 
591.849163256125 270.1747044738396 
533.7580473113035 660.5940570847438 
516.4134287909437 792.11802017861 
567.9020838043917 332.1800879702658 
644.116254524694 158.146795619304 
544.5480330100361 402.2264407979894 
548.4306918539943 366.8120046813285 
559.2865038218048 355.96730464037387 
673.4029774884563 143.2928974486726 
612.9157771663246 189.00679494876397 
685.1157489560177 139.69113775631595 
522.2152916512542 757.5469780688042 
545.6441632080227 372.9239636260169 
669.8535910710582 144.8662108811192 
542.210098239679 518.6546702994108 
524.6401985410233 746.0118292387588 
540.3179434370039 564.1187137959855 
535.4601717597232 654.7952166320357 
564.7791261489647 345.6343260116058 
694.621155083578 131.2833512691034 
566.3255925528217 337.92149641792173 
543.1775487985309 470.1408050774987 
655.9059480019002 154.93984030047824 
545.1526142083943 389.3639907142626 
532.6929363549957 684.1832474931282 
570.7315542530158 325.6279238776441 
549.5498930815019 359.5081306254869 
651.0540356902317 155.02027576785744 
693.1832340642119 134.6584997491879 
570.7315542530158 325.6279238776441 
584.0899762899502 297.01393713015386 
636.4997286533802 173.74552281673974 
537.597568122764 583.3614304490372 
611.3509038718565 189.9504106807472 
605.4734096468761 217.64100501636034 
514.5014171795201 800.9762270523079 
644.0691369329093 159.21171509582584 
609.0831885786162 210.69183365419656 
637.7891985727365 166.7574826131106 
707.7934243508873 125.7438956097571 
523.7757474971996 753.7150347277812 
513.4128222363943 806.4898220075495 
634.6142186863935 177.25071221905156 
651.0540356902317 155.02027576785744 
562.0968739875381 348.3069654518859 
509.39875247579016 817.5368403057464 
544.077003160412 417.75090023125847 
608.2429750902696 217.51308147814282 
545.406120231876 382.03959153119786 
609.6505966540935 199.15795225622534 
544.229733399284 412.3514464651274 
688.6141856364854 136.03872252195802 
707.2296528977519 125.83610335897407 
689.1030605998584 135.7542185797644 
632.4905384340129 179.72176752561654 
515.9820617642386 794.4802251052719 
