501.653014763877 820.3971489439125 
723.3763995959539 120.35981713331533 
723.3763995959539 120.35981713331533 
501.653014763877 820.3971489439125 
535.8662235890087 643.5431616572088 
535.9556623030445 587.9957255926415 
542.2894645382413 517.8982119781903 
542.3708150926388 478.9221206421205 
543.5879219723175 459.55409393630515 
543.7182621530102 429.04673465095794 
533.7580473113035 660.5940570847438 
602.0488136217557 232.0057066660708 
599.1266934517769 244.89441573850885 
526.6592339930182 736.1967525524437 
699.2189457328648 129.51643721437648 
552.0921159200658 366.2795904807119 
526.6663133836723 711.3235439933842 
633.3545127905139 178.86192078233432 
516.4995037410972 769.6676620352747 
539.5917560876361 573.6501927027801 
509.3837476596544 814.4519985236767 
572.896549167969 320.48922440089876 
519.7631426946988 766.9514331586431 
597.2291290568901 256.51183468255806 
694.046087719024 133.61159062205027 
556.3934922847286 357.97229858523616 
544.124582321678 419.28259602174694 
624.1672841549853 185.32025012979727 
516.3021723942448 792.2553761818809 
686.2060195372617 140.3525317808019 
605.4399387976827 224.737887410307 
636.9013588438252 168.96442508655625 
531.3902438302747 693.8875972485133 
619.3500013289895 188.44465477677494 
547.2437275908727 367.5594305431322 
667.3704262968415 149.66269153724824 
544.8077393684209 399.06468137286225 
524.9203001294235 745.1067902641769 
576.1154903436895 310.9722129882131 
513.2838937803924 806.051616054051 
540.7805286095204 537.2662386840033 
505.7728284238211 818.0666030753157 
607.1390053029944 215.69238640616322 
593.9508786559918 262.33281402837673 
673.2019831942631 147.34627462645295 
546.8568788202394 381.5021934615482 
643.627127055046 164.3218839934868 
587.1817745751501 286.37862179924673 
608.874643706361 205.2830679453906 
583.9123652671205 292.3572408276059 
570.8956262585364 328.99246324923683 
616.9630919136794 194.66080038223316 
639.212013162018 164.99213828086272 
537.2285065150596 585.1809780881806 
646.8135137613508 160.08816067232416 
675.4285595712988 145.29041583878617 
565.02301488516 339.5289537612463 
592.8564862464757 272.6844592038279 
613.6534349001287 197.14537933545267 
533.5208548409349 677.374332872735 
540.732415202739 559.8539528306097 
610.5098350572338 198.07885357159725 
543.0992426926573 470.0120829303875 
578.4730661457502 306.96153557317007 
681.5523618184963 143.67293474823342 
709.7836854480416 124.8389386810166 
664.9471967334707 152.80196092825227 
588.6773004118611 278.78747781668915 
559.9850826304483 357.5285233904253 
629.7905859881993 182.8529762601406 
628.6252692912893 184.5164415556237 
649.9981279655345 158.6753614789352 
561.5639846152942 353.5603732559477 
590.585062179566 276.02798781899503 
703.891869458006 125.24436943908204 
522.713050673754 754.9501859649253 
703.8510395036152 125.3492439916882 
522.713050673754 754.9501859649253 
710.393476902517 124.40435091963285 
689.8732376856566 137.53099270527568 
662.7708886525946 156.3460055400601 
581.7423288196871 305.9160432211926 
541.7757708329 532.6319435403987 
652.686118727276 158.5831537297182 
715.0214798321701 123.08191515882302 
715.5264968467661 122.82512840166062 
540.7152548405744 560.3322544684286 
680.0416333204948 144.0123904426098 
533.5208548409349 677.374332872735 
660.5979350443624 157.16981398946885 
657.6178882326188 157.2914417879364 
567.723316845273 333.538243962315 
690.9969500576592 137.2811369357824 
655.5147670866968 158.24373258193444 
720.5412791823871 122.791629793571 
545.2996582260635 390.7726795504862 
563.3460147275786 348.097642803556 
568.5442218491792 333.52979782216465 
514.552660192598 800.2279222035736 
563.9777442016629 346.56169405351864 
