502.54890517483597 820.3971489439125 
731.0873414955163 120.35981713331533 
731.0873414955163 120.35981713331533 
502.54890517483597 820.3971489439125 
541.7789060360496 509.83697608614 
536.9978733834929 629.5697338736751 
542.8342749114765 456.29060545571724 
537.0384268925137 585.1950780698288 
667.7672555797122 143.38049181197826 
679.0259503483074 139.18462238892354 
578.8575960685429 298.51098335268665 
619.9005361085299 172.85727906868135 
524.8102247624835 744.0937788527038 
517.106493396293 788.8410692098244 
673.4434124391261 141.69597957939337 
685.5567935088251 135.24720586194303 
607.0363988595826 205.3896807725561 
541.7895226985464 473.79990150924027 
613.3522427023839 174.92278816830978 
521.4104505932319 760.4255941847998 
542.9105773388999 422.2757875785647 
653.4318989067498 145.6250113919236 
540.0530300116656 554.5117510057822 
706.1554413348125 125.05736420150107 
573.7602286612672 306.1767765645771 
725.1751017788262 122.01915595535357 
528.1076371949305 726.9496847983982 
693.817654839211 129.633581694159 
586.4897070382309 277.86204203016166 
517.2804199352752 768.8730350132374 
564.8364697247589 324.51630218294923 
623.4483689714474 166.23215267356295 
540.3856291991654 528.5222273220297 
510.8175013039015 814.5256133780769 
514.6532151117582 799.9877049795064 
534.0488605110537 671.9838745920825 
527.5647689009676 740.0584189443407 
603.3972532945414 212.79508828195543 
540.067236790428 533.6709641391552 
538.8027868596972 568.6037850077353 
659.3048961241855 144.37953528816755 
581.8534032354493 283.58875244227045 
699.8465631262665 129.41155425002276 
535.9307225032284 640.5847197576069 
549.47306586655 356.3090656153869 
610.7279260666601 181.50572053618706 
599.847584832966 218.4184980885554 
528.3152290028504 709.0019723833167 
607.5225472592598 188.2008311780876 
626.4535819060711 162.98807939963314 
588.5412679962027 271.2137365472067 
580.5841708894866 285.360462499981 
558.4956470061567 346.4688387795389 
563.1844918161132 341.9808448652903 
644.6694762802629 158.4196963265122 
570.9617820470739 308.105424197367 
701.7429054008916 128.3608139505702 
720.6195303231681 122.92097321513451 
636.0816307247435 159.97556722313868 
588.8045298875377 260.76923024500996 
563.2491367869138 337.0755924416858 
543.4912768742603 410.9392648790982 
568.7143914096724 322.68930166403527 
557.3179772607172 348.0075780657978 
530.9303702343002 697.8215697305649 
638.2268595798189 159.66852280561594 
591.3508907854876 257.19666325046177 
718.3172703200886 123.86678773779998 
711.6590132227583 124.35079038335046 
595.8172079348923 234.82937607413658 
542.0661091132216 471.4351938258342 
630.9925049167596 160.73703005755888 
534.18390652192 657.477858452641 
649.3691307001119 149.9459024151885 
544.2320504892011 385.2576897873301 
659.083515868848 144.63575560663196 
552.3747064871297 349.5938452040419 
544.3422645201429 376.24805086819066 
543.8839160046781 394.36766299959714 
730.7418910567154 120.46204349069325 
507.1986369581768 818.9719827226627 
544.5660196967697 367.427683497716 
543.6753783825532 402.40178384163545 
595.7725004450618 244.12617323170414 
711.5649112025835 124.39060508799629 
689.5161559760621 130.97280731355136 
534.18390652192 657.477858452641 
645.0558398664001 156.86858284809549 
532.8515910059144 681.0938478043503 
648.5529020581472 153.11945579745313 
546.606103741341 359.41405259080966 
513.0215263542136 808.6344518542246 
537.0384268925137 585.1950780698288 
608.3620102023527 184.9373415735259 
601.8408660103906 216.71227957612192 
689.1365943055096 132.73896663706782 
597.7211604839302 228.9439571050752 
629.682875210914 160.82870659351795 
592.6962108835638 251.34251105324716 
552.300631895683 351.5078934321834 
