501.653014763877 820.3971489439125 
731.1167842708946 120.35981713331533 
501.653014763877 820.3971489439125 
731.1167842708946 120.35981713331533 
618.944938907886 177.84484240920938 
542.9105773388999 422.2757875785647 
510.4862678432765 811.93507447947 
537.0384268925137 585.1950780698288 
541.7557200724516 510.0229651203474 
540.057203141422 552.2226717145353 
533.6715727868204 653.935670047808 
610.3949589893856 183.61597828303627 
514.3647968432454 797.9914171509934 
537.0348484290798 621.848914392713 
541.7895226985464 473.79990150924027 
588.7635617810915 265.22075253437384 
545.0788781049986 355.2083752139358 
516.4995037410972 769.6676620352747 
550.6221469128145 350.7386295880764 
527.4193385918916 709.0019723833167 
527.3474881109147 728.1197087553604 
538.4415184454242 573.1908152005543 
660.4853087228042 150.06123637442974 
521.6574999130864 755.9904276819108 
542.8340461219183 454.16614699973036 
674.6814640544324 142.84719125752937 
540.067236790428 533.6709641391552 
680.3642811442753 142.25655934611692 
592.7373168200941 252.51248080149097 
524.7208089466056 740.6928672924782 
595.9047404531991 234.71807990244764 
623.8581707056575 175.26206318944855 
697.7936829224357 131.62207487782578 
587.0802124072308 275.97111049767705 
567.735588037646 322.53952567079597 
684.2478976377537 140.6667713568294 
688.9023974600456 139.06267270437772 
628.1981037442285 163.8353923309407 
571.1750816344023 317.5513590576802 
719.0027764067815 123.50093980491732 
691.8321430528182 134.7335979001155 
535.5874741761995 637.3720478386658 
554.7016754169622 349.6799712918838 
632.9117255460894 161.89757127222947 
543.6517187662924 398.0536549420617 
716.9867389357615 124.23537478384958 
543.3374116440817 408.12227781879676 
571.9956489383324 307.3940775252877 
710.6530377283225 124.61034866350184 
579.8928902541892 293.44807629238466 
646.1092225038717 157.3795196357998 
532.1017335277203 680.1825721142282 
580.8288869214508 286.26133902833857 
655.4105282754429 154.41826576431046 
599.982658150129 221.6610565380601 
592.2289380505305 254.0997670455115 
625.9998651196564 169.19482847359453 
558.0606871134374 346.01328166234475 
577.157242455912 301.29944443480974 
544.097839047113 383.40239806874473 
530.7470294382858 691.7961838674945 
704.2936044428667 128.00786859828324 
602.1885275899525 210.21703910623899 
725.7677157560884 122.98087435454181 
544.6130522464872 368.52260072709817 
708.7246919565542 125.2985730392628 
599.4169536540201 233.0443035333355 
574.5080532407593 301.3916774373036 
605.2195974416113 202.3206103579259 
542.6952503955104 456.9007024633794 
532.9888230005632 672.6504073327557 
695.9794571535601 132.63629540361808 
516.4837812152637 787.657078189257 
670.3048115606862 144.0761826178075 
540.9746789920165 522.6125824052477 
525.5159873731711 737.219045884154 
583.1383237033469 277.813607070476 
559.9596120662055 341.32072761762254 
520.1074060228046 763.1669660819066 
529.5917297701375 700.9311957685807 
641.0153406796817 157.91541188022413 
605.2195974416113 202.3206103579259 
668.3805806480246 144.3700332689446 
730.9995799063461 120.40470237131817 
653.7443071171971 155.01929896724104 
505.8284184360937 817.6219273862919 
560.2538183492306 330.2663387357197 
601.6106603895053 214.64814403895352 
608.9311995246176 189.80680284266603 
541.7895226985464 473.79990150924027 
505.8284184360937 817.6219273862919 
608.9311995246176 189.80680284266603 
516.0872585130365 789.6734573075898 
564.4242598795132 327.4889503451997 
663.6983344604121 146.14631440229527 
725.7677157560884 122.98087435454181 
544.2671292453996 375.8702332872725 
537.9206957740267 579.3822113921585 
704.3243436120082 127.94074713366093 
641.4250217212923 157.8736927214802 
