501.653014763877 820.3971489439125 
728.6889198586595 120.35981713331533 
501.653014763877 820.3971489439125 
728.6889198586595 120.35981713331533 
535.3793357380829 638.6188051771335 
610.3282536291267 185.71754050863757 
535.3843447007329 585.1950780698288 
603.8792364080482 216.77878191085307 
529.8440266131296 698.3592460416023 
541.5564920515536 513.7969604022271 
526.1612564001107 709.0019723833167 
541.5956048903273 473.79990150924027 
533.082098302742 657.477858452641 
630.2156256612822 165.35583262172165 
526.0645941323478 734.019361632008 
542.9105773388999 422.2757875785647 
508.21282519592313 815.287910482245 
691.5287355158439 131.9403585397228 
539.9179259036861 556.3568073491106 
621.47567470099 168.26868805189466 
516.0384473325355 768.8730350132374 
542.854048779255 454.8580752250074 
532.5495060838205 676.4547857847315 
550.9608678899172 354.1388848292416 
674.5850275046461 141.19393882219978 
715.073823259884 124.82133570749521 
524.2933015680777 743.1128621745092 
591.1082033291452 252.5885650320174 
684.2162292990078 138.8119939059283 
519.0935344488443 763.8772203932488 
664.3810151701574 148.8260219391894 
687.5126180614898 133.75749024041716 
719.6865788877903 123.04586544629967 
539.0270377193586 567.8141620729588 
559.9108167770402 338.6000331435098 
537.8698221217109 579.2499276495936 
544.8206117934876 361.0961398113525 
653.1180826805244 156.41981584817816 
511.2695334928092 812.0872908402706 
600.0825905433297 229.2421760717803 
723.6990477742933 122.1765617866083 
543.8883672381473 398.51148187945097 
569.8149988570887 317.33168156684076 
540.0053189822088 533.6709641391552 
659.8248271984812 152.0434023087898 
614.3051103438597 180.39450091775493 
658.4954257125187 156.1643255032754 
544.3011734303242 381.64706622520146 
540.9423299623087 523.5364088905185 
516.0002068075459 789.6557950211605 
600.9228740955489 219.9830132419412 
544.9549563949379 355.6581419340748 
638.2833104557747 162.0395712461121 
648.3253675089646 157.6392063680022 
557.3946638287797 347.72727925212916 
585.1846753235125 279.62390189395444 
587.534539184392 276.13486396114297 
542.1208693090747 469.1023255877613 
698.3808656847705 129.48327183775442 
579.669185359549 298.86682203958196 
709.8533397306564 126.29200053189953 
594.4082788203845 252.04283900433848 
572.8648354352068 305.4693042074344 
588.4520799922776 263.83863459326534 
597.8352483222621 237.62136930321503 
522.6836205256969 754.6287846504835 
572.3063664260641 313.23203418534155 
668.16274275472 148.21452854561787 
532.8631666679382 673.9378617405249 
703.7580112399307 127.86941567321759 
521.5184163129123 756.1653876684668 
567.3803295997253 324.02137761115296 
555.2263086473373 353.9954943771994 
543.4674228140655 408.0315372158108 
618.7124508101546 175.90191103417268 
643.4465595434199 160.51218425177274 
515.5748649203397 792.0205027045666 
564.399134643836 329.26978390246126 
698.3808656847705 129.48327183775442 
670.7580973096336 143.92777701053612 
703.7580112399307 127.86941567321759 
544.2219501962063 384.01177390860755 
595.2404942922692 242.7836761744993 
615.4064367814153 175.94744649354172 
710.4501377605179 125.77378875388887 
643.188421533478 161.47926861983044 
513.1395446041168 803.2477595667758 
727.6375966853388 121.03117062913776 
575.6549701280723 301.0477948070355 
679.7585156491583 139.56019681855446 
581.674982889172 281.138075371804 
633.4701544767515 165.23394074823165 
649.9866748522069 157.44847386074107 
543.2661632311411 416.58893467174295 
580.4117851147198 286.7362581389679 
679.7585156491583 139.56019681855446 
587.9629687642305 265.2275450253646 
566.6617783439086 327.77499572665874 
580.2331227986261 292.4231110457896 
542.854048779255 454.8580752250074 
