502.54890517483597 820.3971489439125 
727.0907437674971 120.35981713331533 
502.54890517483597 820.3971489439125 
727.0907437674971 120.35981713331533 
537.0384268925137 585.1950780698288 
537.0307706549049 638.8989456325186 
524.9443645555892 747.9725505830486 
543.6754146816111 460.2000907689233 
586.0899117289774 292.9325079649405 
540.0383269404052 568.3456346012222 
542.6018972844197 478.9221206421205 
532.851803792598 687.8332152373655 
528.3152290028504 709.0019723833167 
543.7182621530102 429.04673465095794 
590.5531846084857 276.02358998457856 
542.5780075414568 511.649642230248 
553.1386115347412 359.76093263811345 
640.7184814080177 174.55934085319782 
531.2801510287294 703.9365500514419 
695.7297149340325 132.98540308645687 
521.4032253047778 764.7599244972804 
619.348790522667 196.50421490323018 
514.0820248217174 806.7794098092179 
547.783615404272 364.17895411377003 
540.8596248406061 556.6501830909101 
534.5674826739335 674.5707504509394 
646.5058167639271 162.0577278375382 
528.0182339478766 732.5146811749257 
517.6979886488157 789.0965194118169 
627.6380641171072 183.0885989347589 
652.3689022400736 158.5144719568696 
666.5278718575362 152.2797498271215 
701.0655812763177 127.27333752775905 
662.8739997200479 154.31036995727393 
509.8132052914177 817.7632331462977 
542.3951189116569 514.4602104034517 
679.390031066127 142.89972656282688 
671.4857460863511 148.85225438184366 
557.3662505109498 358.0183252315871 
517.7593119602752 769.6676620352747 
516.1149320657331 797.5731445047102 
689.0493186586705 137.35449881781062 
722.0630230979872 121.0112172545554 
601.0611353335668 238.02214638857535 
703.7954113196101 126.07137392562485 
632.4540313834981 174.9789888735793 
547.2973687366606 375.6079919944694 
563.9543226912884 351.208255062984 
657.726686955174 155.80722225683516 
545.328116761779 383.0244999528355 
564.7790457267191 340.178088628662 
606.3330684454769 229.17396547380957 
603.3558675871428 230.8752525858123 
691.9703400001304 133.92343505682626 
582.2223131797141 300.5758108686767 
715.8740218157678 124.56544535076294 
536.3998356481625 644.8056190890277 
572.5676597219779 330.69625941699456 
510.6727281799959 814.7682911089244 
540.8686108013012 537.2662386840033 
544.3091672774058 411.194043811542 
718.1117321823783 123.81201283378823 
540.8686108013012 537.2662386840033 
597.4540689824306 256.2771727483069 
631.3797204300091 182.20220655968794 
543.2122130234496 473.2320145594835 
568.5765078491346 333.5017793250503 
644.6847713828097 168.07796448087558 
607.0563838926726 216.64468858781416 
624.081341267596 192.24986862411066 
710.4813967650601 124.60200531079659 
609.7068572920318 211.39868541728927 
583.2757660189117 294.1656909554294 
544.0428118372208 423.2848961954854 
684.1312010717197 141.46946108668703 
684.4831731607323 139.32321623922434 
655.5862533523938 157.99038905447608 
574.7671168882339 321.20478716628907 
594.4819717214582 270.4869811311639 
709.2614655815064 125.45059939001514 
624.0307361013676 192.35717959697425 
577.9549621555791 319.17919058026285 
675.4768759048893 145.27349251322167 
642.0643310230067 169.1445203336226 
534.9080199140433 660.5940570847438 
568.4114248477274 339.08312025383157 
611.9509444492302 199.93187138952024 
580.5517037857868 310.7530107249499 
591.1538413624282 271.9621242779919 
614.5279358602724 197.06955200372215 
596.6841936856747 270.0070527251469 
534.9080199140433 660.5940570847438 
544.9716847695727 394.43786065515053 
599.7490403632115 247.26273215180694 
528.0182339478766 732.5146811749257 
573.5991573661299 324.84792973135944 
726.2047985955396 120.91759726890868 
519.9400627243003 766.9506375316673 
597.2018511198645 261.7651059771348 
674.4808126572277 146.5114578716816 
