501.653014763877 820.3971489439125 
724.887748314731 120.35981713331533 
724.887748314731 120.35981713331533 
501.653014763877 820.3971489439125 
535.3193946865958 639.9166943824274 
535.3843447007329 585.1950780698288 
526.1612564001107 709.0019723833167 
541.5956048903273 473.79990150924027 
627.2881014087732 170.53102009643962 
541.5020243802818 513.4584274459785 
515.9527424654485 789.6445031543798 
539.8774699735251 554.4424322802967 
542.9000689532218 453.5873648160624 
717.542790897812 124.26027094981133 
542.9105773388999 422.2757875785647 
581.174213535946 285.35044274538507 
514.6776667847705 805.8906811820651 
597.6460346942713 232.59657513424276 
579.0786221977124 295.3317643392461 
667.9527054713889 142.75823902783824 
557.1955032790951 347.47803785486315 
640.259660002842 164.60537828479931 
595.3216785747256 244.99216490670617 
548.4579573130484 351.40531848342823 
711.8093289497003 126.16671596569907 
543.97119104209 393.4367450660541 
510.53544812888885 809.5423431954566 
521.1349413387766 758.2617136583018 
559.7772551862271 335.31013984845134 
542.9550323731979 416.5697186472341 
525.7542706388158 735.8700809736614 
553.5120290071768 351.3347985917633 
538.7731583161694 570.6886103079825 
657.9845865910413 146.35338245663954 
516.0384473325355 768.8730350132374 
585.1953730506896 277.47470710691283 
599.7920542551572 222.5350963366948 
540.0053189822088 533.6709641391552 
531.9254047968457 681.7006843704572 
532.6358053984715 675.7555339502217 
604.9603857822191 212.01913519806192 
572.6104699840279 314.2589036570133 
644.4644361273779 162.94935035863222 
588.8124985329767 264.8858284931484 
614.84102736726 179.21622076823436 
688.4771823789528 134.60427631469278 
722.763418180162 123.1281464199461 
593.5175923457665 253.84001210291066 
601.5951385456041 215.21673409295786 
693.1895584967222 133.11483995117686 
518.2817181800713 765.8183387048701 
634.2092440739383 168.55722046325414 
563.8899330210439 325.90112631717176 
653.8766888637533 149.39842871897793 
575.0336893005325 302.5627238129788 
590.6303983395068 257.1761616993481 
544.4815219383264 379.7310938119327 
534.7876981214868 652.572606029036 
507.8804503436715 817.3052952751164 
568.1946315668084 323.13291315708824 
674.2746530663251 141.26880266432238 
585.2143808075753 267.6245046371274 
699.8119792126586 130.05694209324975 
696.0747133469575 131.75507910782386 
544.8923376004599 358.0551015458378 
533.082098302742 657.477858452641 
680.9933492427185 140.5353702495281 
685.603057567862 136.52655431719745 
530.1252496499966 695.7824589514553 
540.41944729735 527.9648952078248 
707.9776943423069 127.92484023879553 
544.7605019169301 363.50760172222414 
634.4637511174536 166.47402769460192 
568.7623284341798 316.727990480324 
562.0179296507207 330.1970372389559 
610.7023541153445 182.15620573315388 
648.0149592547841 161.23133600664428 
673.58148666418 141.30158569667915 
605.6866941965718 200.2265776939152 
608.6555872192614 188.77716703144972 
663.1930328854626 145.15481283484633 
573.9616530990048 305.23731978829784 
648.6779140304012 154.6276635314946 
523.201323089195 748.5673401647616 
702.8785595025544 129.17974145709564 
525.2833460157281 738.0775443912669 
541.4426335347808 515.0868189984935 
662.6535767856551 145.65418141892513 
705.4221771902253 129.11696613522906 
542.5374856580086 460.58038807737853 
621.8768806543194 173.2175497239838 
523.5659831611995 747.0603399315532 
618.1619835175777 178.1194635714097 
682.3586469139525 138.82682268517078 
537.8790644233442 579.4890091384988 
618.3917972840577 173.33639758132128 
542.0519678180767 468.0938325779098 
544.0169133690472 386.6178893654266 
606.0536241610437 194.23822425785153 
505.67149238672613 818.8061676558552 
