501.653014763877 820.3971489439125 
723.375309835531 120.35981713331533 
723.375309835531 120.35981713331533 
501.653014763877 820.3971489439125 
537.0384268925137 585.1950780698288 
666.1831759677567 141.88670267745948 
541.7895226985464 473.79990150924027 
542.8452606281038 451.21251411349374 
542.9105773388999 422.2757875785647 
531.1326886412404 696.8503522816843 
527.4193385918916 709.0019723833167 
527.3742855559245 727.5216268513192 
541.7217546068276 508.5865416639521 
536.8110965666806 623.5097213664275 
516.4415652804161 787.3860922317442 
719.5749999777936 123.17337165699952 
525.7723091376655 746.176293416006 
654.3591275151934 145.46417637879085 
695.3970328649903 130.85731353232833 
690.4790728998528 134.72881533619335 
544.5571806150315 366.15139952863524 
604.0174685919982 210.42322272241904 
677.1598260680653 141.2552385872388 
569.9541369792356 320.79308438618847 
628.3612815960171 162.3137884068772 
560.1175980085266 335.15446882277035 
704.7298315682208 124.5478685778078 
632.5248896069371 161.10138867569958 
552.1974677357551 353.4200183972274 
532.0743011211885 680.7855374497325 
516.5045295243164 768.8730350132374 
513.747514763103 801.6303425944973 
622.3355198062078 163.83228291506825 
661.0008281083216 145.10665451868618 
605.6334338556055 196.5750516048441 
576.0380798646893 298.3185762817235 
540.067236790428 533.6709641391552 
612.2066830462169 175.9969388200044 
586.551934916381 273.1535534356143 
684.9639343271754 135.1692381153793 
533.1480170145543 671.6812163280053 
601.0902206893511 218.96380150456804 
519.5316359882904 765.8183387048701 
540.0075765288574 552.1840213576611 
571.9035352909218 310.6985858570817 
543.9283026709786 388.5682104452329 
556.7058992391243 351.7675098351027 
711.7189635126829 123.41239649090578 
533.4080161109612 657.477858452641 
542.3915752189619 465.2425040533082 
565.1561640471668 329.0225481377165 
620.1295344963896 165.4367593453292 
574.3738426557287 307.9711688566714 
644.2879717137405 154.54710538582086 
522.5512964289067 751.6220364731289 
642.5311262021418 158.32020777594488 
649.038616354588 146.54589390078888 
600.6124774107473 227.1685168541653 
700.5542314456968 128.60989899494803 
547.6799894287171 354.93758191493873 
596.6801295736977 246.8169647107805 
598.8091751351841 236.4103989377221 
521.3757801306866 757.260941248938 
589.397438253032 261.23814109783245 
566.3148370240277 328.96809250128774 
540.7685977000594 526.0118448014197 
596.1238794707598 260.90737929990985 
711.3159727482097 123.63430424603327 
579.8168324116341 296.38500784477924 
648.1730020515223 150.81508542578896 
617.5949041843863 174.43369997146368 
682.1761878455511 136.1776964659001 
609.8799469265795 183.6855042394476 
593.8337703264882 261.06796012571647 
545.0888960215995 355.3760081165117 
589.0887977643796 269.54799920147366 
541.3520469093147 514.3687175622633 
678.887072079346 138.61415510992873 
583.1368543805644 278.6015845496881 
543.5743316416826 405.02478903845576 
662.7037593856046 142.75689742372748 
510.5601652066156 816.5112795668803 
543.3322839372347 408.6577180462742 
534.2067333915934 648.7869332306833 
582.4866553162854 287.6435019855115 
607.9272712104929 193.85559068691452 
637.5770573090691 159.59614588611305 
616.2560158178691 175.8674548254005 
536.0367705663829 631.5359346905759 
543.9167612096137 390.8712792786883 
506.1414318175426 817.075003720497 
505.49164882694606 818.0481758248931 
538.5593738213403 570.7980839165411 
701.7751076337347 126.58237857996072 
580.0936406032434 287.9536241596964 
598.7344371970757 245.13487565432317 
637.668044498338 158.57764499501116 
608.2128577430797 185.83635333818603 
558.6577533395517 347.20504602073845 
539.533662360464 562.024703822767 
