501.653014763877 820.3971489439125 
725.1056588504987 120.35981713331533 
501.653014763877 820.3971489439125 
725.1056588504987 120.35981713331533 
541.733828425993 511.2223082711958 
516.4096308493711 787.2105448671932 
536.9855370382052 621.2845061985668 
541.7895226985464 473.79990150924027 
537.0384268925137 585.1950780698288 
531.7819432075935 682.3952018314793 
512.6576044026201 806.7790794116223 
542.9017645186326 454.0017985759564 
550.886798320144 350.5853903854215 
634.739250609025 161.10222793465311 
538.3723693642626 577.6092770288673 
618.4322969320268 168.53945499201805 
527.2329341217062 728.0056903796379 
623.6132526882951 168.1480058945292 
665.2347385295889 147.74572887236198 
594.8064667468858 248.3424620526712 
689.4602405547881 132.15433666696543 
545.0895462221629 355.78652199072656 
530.3385900130668 693.4495907133823 
519.4200200066226 766.5083273298313 
542.9105773388999 422.2757875785647 
583.1945789713283 280.0104338160702 
522.1032975558903 753.3206533433025 
675.6870080555799 139.4939643234361 
525.2083450801293 738.7240760565667 
580.4367296526741 290.91464995321877 
566.3240725091156 330.19659999280526 
539.8102095495524 555.5252410380875 
597.0537946735026 230.94012683152576 
516.5045295243164 768.8730350132374 
698.2856618627284 131.54658299535933 
533.4080161109612 657.477858452641 
613.7153150422977 174.01442169207758 
562.0945363368596 331.8580918201468 
540.067236790428 533.6709641391552 
601.35004609555 215.3631808323752 
605.6035327234408 200.4840530445123 
604.217492725657 207.55645018129752 
608.1280850645528 191.35091344919925 
722.9109486351824 122.65033432253996 
544.4148066976903 371.3775324445652 
536.05819648357 630.8710879008049 
569.6960298631324 324.968518072792 
527.4193385918916 709.0019723833167 
591.153776906993 255.02084259125644 
701.074893110521 129.36731023658515 
587.1255178361566 279.4905709667104 
684.6819610158731 133.75015761704873 
672.7804480887986 146.77405046558934 
588.7474018050336 264.9340958312292 
528.8282701294477 706.6372646999109 
523.4151181481475 747.1631467134666 
717.0037005400352 122.9348341807073 
600.1259046578426 223.2290147418979 
643.531158228229 153.19750844645378 
540.0283628393729 552.4875959180375 
555.6375415837039 349.5451874678973 
659.5927936932742 151.07047838443958 
715.3887555744122 123.36744437820047 
653.2079148875197 151.75792747722295 
543.4753025456789 401.8181534850251 
628.9598527357157 165.5662267884136 
506.0807927138768 817.9219776836416 
639.6151094200291 160.35056011614537 
662.4978637443435 149.96734474445879 
612.923551682177 180.36677429359608 
655.8805647106477 151.4094357634337 
628.9598527357157 165.5662267884136 
572.2450630314071 313.65961165060406 
533.4080161109612 657.477858452641 
557.0743458977113 347.4851816370482 
705.3939615282329 128.08785284929166 
588.2843219156575 270.84575408498205 
679.97450212904 137.41613316227017 
641.114294522678 160.04850600409358 
571.0792363191813 317.93917426789693 
534.8762085902517 641.9254767827067 
543.1507008212674 419.9110798951586 
646.2257636473898 153.11965070854018 
680.4504635551743 134.89547829761992 
710.3331006936935 123.96060048856265 
592.4802548020525 250.89817645019113 
540.9875142089845 522.6165752572525 
573.794787878127 305.79377774108167 
597.8961156889306 227.74523435803732 
560.6028313736164 341.32877335889884 
560.0387079603072 342.71768379099797 
687.9257285603993 133.24667264536833 
507.2898757004534 816.9288543598016 
672.851309321351 146.64133952426934 
579.0150609034548 297.8953705540453 
544.1798324101857 380.8820193596579 
534.8762085902517 641.9254767827067 
510.7619327079472 814.5505613237353 
609.5309244458444 181.85151481902653 
543.8547866503291 390.7637646031223 
