501.653014763877 820.3971489439125 
723.2164102284121 120.35981713331533 
501.653014763877 820.3971489439125 
723.2164102284121 120.35981713331533 
535.3843447007329 585.1950780698288 
535.2410303137987 638.3956550571661 
541.5956048903273 473.79990150924027 
541.0574922534087 519.4940131672848 
542.9105773388999 422.2757875785647 
606.6733382595838 204.31141812710962 
526.1612564001107 709.0019723833167 
538.73820526196 574.3402723213734 
608.5220926407876 186.63841604429976 
582.6800717429767 283.0461134770107 
715.1320195581524 122.89610589387776 
533.082098302742 657.477858452641 
540.0053189822088 533.6709641391552 
544.5622998851472 370.5143286808888 
516.0384473325355 768.8730350132374 
546.8071162678797 359.2260921737879 
544.2542978659781 389.59499258896096 
523.8485503619131 744.8732125148656 
691.9565503453596 133.1114553581856 
550.9414960281049 354.2590204918861 
674.1478033468361 140.610603732458 
526.1551485549929 733.1151954169584 
515.9582234973421 789.5445617712398 
600.1896878657204 227.92934436595982 
611.4807678750785 179.44095048443617 
542.8996150501794 451.17550970893154 
532.8455694771992 675.7460873591995 
520.5984660190367 760.6815379617152 
574.6949054908482 302.84947153820406 
616.3533140454105 178.39623023452427 
569.8960041580901 321.89209966741 
555.5614833511775 351.80830787611336 
708.8731856060882 125.60867912664135 
590.6402522378712 258.2302556252812 
579.5776857603933 293.579056803067 
624.1968451768976 169.65690548559854 
596.3171141943683 241.44177896988552 
636.1226980538704 165.1759703857513 
697.1751779535455 131.57562525956868 
641.9975265334816 163.36592968386907 
658.854240541349 150.7161318387202 
563.6689659798297 336.15247390855023 
534.757574539989 643.3009074807699 
597.7345812248367 234.28587078578474 
513.6397034699676 801.5226220505625 
602.2409501575833 211.55914337234728 
529.4708032365388 700.8104753317953 
699.0322859946712 128.91172723394064 
577.5869237060751 294.89113474162343 
539.9600681602359 554.470441116475 
627.9153264776013 168.4447297825588 
539.7808881110369 557.4730167618005 
652.6187737946073 151.8875480908062 
679.1960121630296 138.73590950717147 
589.5653844370722 268.97021759527223 
511.35567102619984 812.7166749626873 
542.1367227438207 468.89464908563576 
601.6734975603246 213.70412910828196 
585.643748493309 272.7655576786983 
519.7985382316392 764.1754590917589 
712.2082039404974 124.13944962081467 
646.6944465865867 159.3497923349019 
669.5873867489761 142.31817294317872 
559.0247607065461 351.08763181652876 
543.3610023314176 406.51572940650397 
510.7451834151029 815.4918965203079 
595.141338792196 253.1881004017511 
663.5629289097393 143.25213577423216 
567.5852879543529 333.77314794760065 
647.3613879864878 154.60150980098095 
639.8201228763717 163.86455518498997 
542.7579134506474 454.4976549323472 
668.0521766531563 142.9644552709385 
561.1421554874488 339.5458099369018 
543.4643960530763 403.19358418308866 
684.1285143105422 136.60670103101273 
573.2851365100155 317.0463623152423 
652.2167240215732 153.4738152290501 
514.4144353602161 796.7842692655131 
593.4733127418328 253.2061070427823 
568.2956906676766 330.053280471586 
573.8219731383818 314.88217374171387 
531.9974920969853 686.3775805830084 
632.3413640526549 166.8497467548637 
506.2495464219342 817.3595038238626 
560.7727494603233 346.96359423457574 
704.2711151621457 127.56470438766138 
703.8638087570637 127.83950124413268 
680.775226618706 138.21618829797504 
505.6399763142446 817.7503074429435 
619.8194890734895 170.4911317571323 
531.9974920969853 686.3775805830084 
687.0030807394672 134.99272709670083 
529.4708032365388 700.8104753317953 
618.7127887169914 173.35869676939683 
541.0574922534087 519.4940131672848 
