0.7397038306386279
0.7381864971466943
0.7388656734031727
0.7398654666092185
0.7429079678695409
0.7403761231651542
0.7420450833433226
0.7406206301226659
0.7281188531966247
0.72830689791075
0.7432175055071887
0.7414119485975383
0.7303840303929573
0.7414185812134991
0.7417698029125682
0.7282512827027164
0.7424606319040197
0.7258436718971599
0.7315835619959716
0.741244130541779
0.7397081776060671
0.7292835005384699
0.7428416544799074
0.7390845213387889
0.7406914552622075
0.7318134030021212
0.7421500404991985
0.7440536629275444
0.741650747694679
0.7421453532581069
