0.47450618167478686
0.49638694435309244
0.44440585128394255
0.44137660679968144
0.4206507970475444
0.4672121014680028
0.4390342187052396
0.4433524840260696
0.46269438153467696
0.4586350709844575
0.4075151246299111
0.4781629728931047
0.491578059222513
0.4643077757709513
0.4862874802817068
0.4444526784728104
0.44851772864546535
0.45210172888346645
0.47753561567458197
0.46982431396986646
0.3714170347953806
0.4271522074731304
0.4200402117431398
0.48211035519740064
0.4653936521421341
0.454747386532698
0.3635687671620948
0.4611553251728639
0.45507798383254316
0.4672352897615114
