3 0 0 0 0 0 0 0  10000000100000001000000010000000100000001000000010000000100000001000000010000000100000001000000010000000100000001000000010000000100000001000000010000000100000001000000010000000100000001000000010000000 
2 2 1 2 1 2 2 1  11111111111111111111111111111111111111111111111111111110111111111111111011111111111111111111111011111111111111111111111011111111111111111111111111111111111111111111111111111110111111101111111011111110 
3 0 0 0 0 0 0 0  10000000100000001000000010000000100000001000000010000000100000001000000010000000100000001000000010000000100000001000000010000000100000001000000010000000100000001000000010000000100000001000000010000000 
3 0 0 2 0 0 0 0  10000000100100001001000010010000100100001001000010010000100100001001000010010000100100001000000010000000100000001000000010000000100000001000000010000000100100001000000010000000100000001001000010000000 
2 0 0 0 0 0 0 0  10010000100000001000000010000000100000001000000010000000100000001000000010000000100000001000000010000000100000001000000010000000100000001000000010000000100000001000000010000000100000001000000010000000 
3 0 0 2 0 0 0 0  10000000100100001001000010010000100100001001000010010000100000001000000010000000100000001000000010000000100000001000000010000000100000001000000010000000100100001000000010000000100000001001000010000000 
2 0 0 2 0 0 0 0  10010000100100001000000010000000100100001001000010010000100000001000000010000000100000001000000010000000100000001000000010000000100000001000000010000000100100001000000010000000100000001001000010000000 
3 0 0 2 0 0 0 0  10000000100100001000000010010000100100001000000010000000100000001001000010000000100000001000000010000000100000001000000010000000100000001000000010000000100100001000000010000000100000001001000010000000 
2 0 0 2 0 0 0 0  10010000100000001001000010010000100100001001000010010000100000001000000010000000100000001000000010000000100000001000000010000000100000001000000010000000100100001000000010000000100000001001000010000000 
3 0 0 2 0 0 0 0  10000000100100001000000010010000100100001000000010000000100000001001000010000000100000001000000010000000100000001000000010010000100100001001000010010000100100001001000010000000100000001001000010010000 
2 0 0 2 0 2 0 0  10010101100101001001010010010100100101001001010010010100100100001001000010010100100101001000110010010100100100001001000010010110100101001101000010010000100101001001010010010101100111001101010110010100 
3 0 0 0 0 0 0 0  10000000100000001001000010000000100000001000000010000000100000001000000010000000100000001000000010000000100000001000000010000000100000001000000010000000100000001000000010000000100000001000000010000000 
3 0 0 2 0 0 0 0  10000000100000001000000010010000100100001001000010000000100100001000000010000000100000001000000010000000100000001000000010000000100000001000000010000000100000001000000010000000100000001000000010000000 
2 2 0 2 0 2 0 0  10010101100101001001010010010100100101001001010010010100100100001001000010010100100101001000110010010100100100001001000110010111110101001101111111010100100101001001010010010101100111001001000010010000 
2 0 0 2 0 0 0 0  10010000100100001000000010000000100000001000000010000000100000001000000010000000100000001000000010000000100000001000000010000000100000001000000010000000100000001000000010000000100000001000000010000000 
2 2 1 2 1 2 2 0  11111101110111011111110111011101100111101110111111111100111111111111111011111111111111111111111011111111111111111111111011111111111111111111111111111111011111111111111111111110111111101111111011111110 
2 0 0 2 0 2 0 0  10010100100101001001010010010100100101001001110010010100100100001001000010010100100100001000000010010100100100001001000010010100100100001001010010010000100101001001010010010101100111001001000010010100 
2 0 0 2 0 0 0 0  10010000100000001000000010000000100100001001000010010000100000001000000010010000100000001000000010000000100000001000000010000000100000001001000010010000100100001001000010000000100000001001000010010000 
2 0 0 2 0 2 0 0  11010101110101011101010010010100100101001001010010010100100011111001110010010100110101001000110010010100100100001001000010010100100100001001010010010000100101001001010010010101100111001001000010010000 
2 2 0 2 0 2 1 0  11010101110101011101010010010100100101001001010010010100110010111001110010010100110101001001010110010111111111011001011010010011110101111101111111010100100111001111110101010100100111101111011111111111 
2 2 1 2 1 2 2 0  11111101111111111111011111111111111111101001010010010100100010111000110010010100110111101101010101010100111111011111111011111111111111111111111111111111111111111111111111111110111111101111111011111110 
2 2 0 2 0 2 0 0  11010101110101011101010010010100100101001001010010010100110010111001110010010100110101001001010110010111111111011001010010010110110101001101000010010000100101101001010011011100100111001001001010010100 
2 0 0 2 0 2 0 0  10010000100100001001010010010100100101001001010010010000100100001001000010010000100100001000000010010000100100001001000010010000100100001001000000010000100100001001000010010101101100001001000110010100 
2 0 0 2 0 0 0 0  10010000100000001001000010010000100100001001000010000000100000001000000010000000100000001000000010000000100000001000000010000000100000001000000010000000100000001000000010000000100000001001000010000000 
2 0 0 2 0 0 0 0  10010000100100001001000010010000100100001001000010010000100000001000000010000000100000001000000010000000100000001000000010000000100000001000000010000000100000001000000010000000100000001000000010000000 
2 0 0 2 0 0 0 0  10010000100100001001000010010000100100001001000010010000100100001001000010011000100100001000000010010000100100001001000010010000100100001001000010010000100100001001000010000000100000001001000010000000 
3 0 0 2 0 0 0 0  10000000100100001000000010000000100000001000000010000000100000001000000010000000100000001000000010000000100000001000000010000000100000001000000010000000100000001000000010000000100000001001000010010000 
2 0 0 2 0 2 0 0  10010000100100001001010010010100100100001001010010010000100100001001000010010000100100001000000010000000100100001001000010010000100000001001000010010000100100001001000010010101100111001001000010000000 
2 0 0 2 0 0 0 0  10010000100100001001000010000000100000001000000010000000100000001000000010000000100000001000000010000000100000001000000010000000100000001000000010000000100000001000000010000000100000001000000010000000 
3 0 0 0 0 0 0 0  10000000100100001000000010000000100000001000000010000000100000001000000010000000100000001000000010000000100000001000000010000000100000001000000010000000100000001000000010000000100000001000000010000000 
2 0 0 2 0 2 0 0  10010100100100001001000010010100100101001001010010010000100100001001000010110000100100001000000010010000100000001001000010010000100100001001000010010000100100001001000010010101100100001001000010010100 
2 2 0 2 0 2 0 0  11010101110101001001010010010100100101001001010010010100110010111001110010010100100101001000110010010100100100001001000010010110100101001101000010010000100101001001010010010101100111001101010110010100 
2 0 0 2 0 2 0 0  10010101100101001001010010010100100101001001010010010100110010111001110010010100100101001000110010010100100100001001010010010110100100001001010110010100100111001111010001010100100111001001000110010100 
2 2 0 2 0 2 0 0  11010101110101001001010010010100100101001001010010010100100100101001000010010100000101001000010010010100100100001001000010010100100100001001010010010000100101001101010010010101100111001001000010010000 
2 0 0 2 0 2 0 0  10010100100100001001010010010000100101001001010010010000100100001001000010010000100100001000000010010000100100001001000010010000100100001001000010010000100100001001000010010101100100001001000010010000 
2 0 0 2 0 2 0 0  10010101100101001001010010010100100101001001010010010100100100101001000010010100100101001000010010010100100100001001000010010100100100001001010010010000100101001001010010010101100111001101010110010100 
2 0 0 2 0 2 0 0  10010100100101001001010010010100100101001001010010010000100100001001100010010000100100001000000010010000100100001001000010010000100100001001000010010000100100001001000010010101100100001001000110010100 
3 0 0 2 0 0 0 0  10010000100100001001000010010000100100001001000010010000100000001001000010000000100000001000000010000000100000001000000010010000100100001001000010010000100100001001000010000000100000001001000010010000 
3 0 0 2 0 0 0 0  10000000100100001001000010000000100000001000000010000000100000001000000010000000100000001000000010000000100000001000000010000000100000001000000010000000100000001000000010000000100000001000000010000000 
2 0 0 2 0 0 0 0  10000000100000001001000010010000100100001001000010010000100000001000000010000000100000001000000010000000100000001000000010000000100000001000000010000000100100001000000010000000100000001001000010000000 
2 0 0 2 0 0 0 0  10010000100000001000000010000000100000001000000010000000100000001000000010000000100000001000000010000000100000001000000010000000100000001000000010000000100100001000000010000000100000001001000010010000 
2 2 1 2 1 2 2 0  11111101110111011111110111011101100111101111111111111100111111111111110010111100110111101001010110010111111111011001010010010011110101111101111111010100100111001111010101111110111111101111111011111110 
3 0 0 2 0 0 0 0  10000000100000001000000010010000100100001001000010000000100000001000000010000000100000001000000010000000100000001000000010000000100000001001000010010000100100001001000010000000100000001001000010010000 
2 0 0 2 0 2 0 0  10010101100101001001010010010100100101001001010010010100100100101001000010010100100101001000010010010100100100001001000010010100100100001001010010010000100101001001010010010101100111001001000010010000 
2 0 0 2 0 2 0 0  10010100100100001001010010010000100101001001010010010000100100001001000010010000100100001000000010010000100100001001000010000000100100001001000010000000100100001001000010010000000100001001000010010100 
2 0 0 2 0 2 0 0  10010000100101001001010010010100100101001001110010010100100100001001000010010100100100001000000010010100100100001001000010010100100100001001010010010000100101001001010010010101100111001001000010010100 
2 0 0 2 0 2 0 0  10010000100101001001000010010000100101001001000010010000100100001001000010010000100100001000000010010000100100001000000010010000100100001001000010010000100100001001000010010000000100001001000010010000 
3 0 0 2 0 0 0 0  10010000100100001001000010010000100100001001000010010000100100001001010010011000100100001000000010010000100100000001000010010000100100001001000010010000100100001001000010010101100100001001000010010000 
2 0 0 2 0 2 0 0  10010100100101001001000010010100100101001001010010010000100100001001000010010000100100001000000010010100100100001001000010000000100100001001000010010000100100001001000010010101100100001001000010010000 
2 2 1 2 1 2 0 0  11111101110111011101010010010101100101001001010010010100100010011001110010011100110111101001010110010100111111011100010110010111110101001101111111010100100101001001010010010101100111001001000010010000 
3 0 0 2 0 0 0 0  10000000100000001001000010010000100100001001000010010000100000001001000010000000100000001000000010000000100000001000000010000000100000001001000010010000100100001001000010000000100000001001000010010000 
2 0 0 2 0 2 0 0  10010000100101001001010010010100100100001001000110010000100000001001000010010000100100001000000010010000100000001001000010010000100100001001000010010000100100001001000010010101100100001001000010010100 
2 2 1 2 1 2 2 0  11111101110111011111111111111111111111111111111111111110111111111110111011111111111111111111111011111101111111110111111011111111111111100111111111111111111111111111111111111110111111101111111011111110 
2 0 0 2 0 2 0 0  10010000100101001001000010010100100101001001000010010000100100001001000010010000100100001000000010010000100100001001000010011100100100001001010010010000100100001001010010010101100111001001000010011000 
2 0 0 2 0 2 0 0  10010100100101001001000010010100100101001001010010010000100100001001000010010000100100001000000010010000100000001001000010011100100100001001010010010000100100001001010010010101100111001001000010010000 
2 0 0 2 0 0 0 0  10010000100100001000000010000000100000001000000010010000100000001000000010000000100000001000000010000000100000001000000010000000100000001000000010000000100100001000000010000000100000001001000010000000 
2 0 0 2 0 2 0 0  10010000100100001001000010010000100100001001000010010000100100001001000010010100100100001000000010010100100100001001000010010100100100001001010010010000100101001001010010010101100111001001000010010100 
3 0 0 2 0 0 0 0  10000000100000001001000010000000100000001000000010000000100000001000000010000000100000001000000010000000100000001000000010000000100000001000000010000000100000001000000010000000100000001001000010010000 
2 2 1 2 0 2 0 0  11111101110111011101010010010100100101001001010010010100100010111001110010011100110111101001010110010100111111011101010110010111110101001101111111010100100101001001010010010101100111001001000010010000 
3 0 0 2 0 0 0 0  10000000100000001000000010010000100100001001000010000000100000001000000010000000100000001000000010000000100000001000000010000000100000001001000010010000100100001000000010000000100000001001000010000000 
2 2 0 2 0 2 0 0  11011101110111011101010010010100100101001001010010010100100010111001110010011100110111101001010110010100111111011101010110010111110101001101111111010100100101001001010010010101100111001001000010010000 
2 0 0 2 0 2 0 0  10010100100101001001010010010100100101001001010010010000100100001001000010010000100100001000000010010000100100001000000010010000100100001001000010010000100100001001000010010101100100001001000010010100 
2 2 1 2 1 2 2 0  11111101110111011111110110010101100101001001010010010100100010111001110010011100110111101001010110010110111111011001010110010111110101111101111111011111111111111111111111111110101111101111111011111110 
2 0 0 2 0 2 0 0  10010000100101001001010010010100100100001001110010010100100100001001000010010100100100001000000010010100100100001001000000010001100100001001000010010000100100001001000010010101100100001001000010010000 
2 0 0 2 0 2 0 0  10010100100101001001000010010100100101001001010010010000100100001001000010000000100100001000000010010000100000000001000010010000100100001001000010010000100100001001000010010100100000001000000010000000 
2 2 1 2 1 2 2 0  11111101111111111111111111111111111111111111111111111110111111111111111011111111111111111111111011111111111111111111111001111111111111111111111111111111111111111111111111111110111110101111111011111110 
3 0 0 2 0 0 0 0  10000000100100001001000010000000100000001000000010000000100000001000000010000000100000001000000010000000100000001000000010000000100000001000000010000000100000001000000010000000100000001000000010000000 
2 0 0 2 0 0 0 0  10010000100100001001000010010000100100001001000010010000100000001000000010000000100000001000000010000000100000001000000010000000100000001001000010010000100100001001000010000000100000001001000010010000 
2 2 1 2 0 2 0 0  11110101110101011101010010010100100101001001010010010100110010111001110010010100110101001001010110010111111111011001010010010011110101111101111111010100100111001111011101010100100111101101000010010100 
2 0 0 2 0 2 0 0  10010100100100001001000010010100100101001001010010010000100100001001000010010000100100001000000010010000100000001001000010010000100100001001000010010000100100001001000010010101100100001001000010010000 
2 0 0 2 0 2 0 0  10010000100101001001010010010101100101001001010000010100100100001001000010010100100101011000010010010100100100001001000010010100100100001001000010010000100100001001000010010101100111001001000010010000 
2 0 0 2 0 0 0 0  10010000100100001001000010000000100000001000000010000000100000001000000010000000100000001000000010000000100000001000000010000000100000001000000010000000100100001000000010000000100000001001000010010000 
2 2 1 2 1 2 2 0  11111101111111111111111111111111111111111111111111111110111111111111111011111111111111111111111011111111111111111111101001111111111111111111111111111111111111111111111111111110011110101111111011111110 
3 0 0 2 0 0 0 0  10000000100000001000000010000000100000001000000010000000100000001000000010000000100000001000000010000000100000001000000010000000100000001000000010000000100100001000000010000000100000001001000010000000 
3 0 0 2 0 0 0 0  10000000100000001001000010010000100100001001000010010000100000001001000010000000100000001000000010000000100000001000000010000000100000001000000010000000100000001000000010000000100000001000000010000000 
2 2 0 2 0 2 0 0  11010101110101001001010010010100100101001001010010010100100100001001000010010100100101001000110010010100100100001001000010010110100101001101000010010000100101001001010010010101100111001101010110010100 
2 0 0 2 0 2 0 0  10010000100101001001010010010100100100001001000010010000100000001001000010010000100100001000000010010000100000001001000010010000100100001001000010010000100100001001000010010101100100001001000010010100 
2 0 0 2 0 2 0 0  10010101100101001001010010010100100101001001010010010100100100001001000010010100100101011000010010010100100100001001000010010100100100001001000010010000100100001001000010010101100111001001000010010000 
2 0 0 2 0 2 0 0  10010000100101001001000010010100100101001001000010010000100100001001000010010100100101001000010010010100100100001001000010010100100100001001010010010000100101001001010010010101100111001001000010010000 
2 2 0 2 0 2 0 0  11010101110101011101010010010100100101001001010010010100100011111001110010010100110101001000110010010100100100001001010110010011110101111101111111010100100111001111010101010100100111101101000110010100 
3 0 0 2 0 0 0 0  10010000100100001001000010010000100100001001000010010000100100001001010010011000100100001000000010010000100100001001000010010000100100001001000010010000100100001001000010010101100100001001000010010100 
2 0 0 2 0 2 0 0  10010000100101001001000010010100100101001001000010010000100100001001000010010000100100001000000010010000100100001001000010010000100100001001000010010000100100001001000010010101100100001001000010010000 
2 0 0 2 0 0 0 0  10010000100000001001000010000000100000001000000010000000100000001000000010000000100000001000000010000000100000001000000010000000100000001000000010000000100000001000000010000000100000001000000010000000 
2 0 0 2 0 2 0 0  10010000100101001001000010010100100101001001000010010000100100011001000010010000100100001000000010010000100100001001000010010000100100001001000010010000100100001001000010010101100100001001000010010000 
3 0 0 2 0 0 0 0  10000000100000001000000010000000100000001000000010000000100000001000000010000000100000001000000010000000100100001000000010000000100000001000000010000000100000001000000010000000100000001000000010010000 
2 0 0 2 0 0 0 0  10010000100000001001000010000000100000001000000010000000100000001000000010000000100000001000000010000000100000001000000010000000100000001000000010000000100000001000000010000000100000001000000010000000 
2 0 0 2 0 2 0 0  10010100100101001001010010010100100100001001000010010000100000001001000010010000100100001000000010010000100000001001000010010000100100001001000010010000100100001001000010010101100100001001000000010100 
3 0 0 2 0 2 0 0  10010000100100001001000010010000100100001001000010010000100100001001010010011100100100001000000010010000100100001001000010010000100100001001000010010000100100001001000010010101100100001001000010010100 
2 2 0 2 0 2 0 0  11010101110101001001010010010100100101001001010010010100100100001001000010010100100101001000110010010100100100001001000010010110100101001101000010010000100101001001010010010101100111001001000010010000 
2 2 1 2 0 2 0 0  11111101110111011101010010010101100101001001010010010100100010111001110010011100110111101001010110010100111111011101010110010111110101001101111111010100100101001111010001010100100111101001000110010100 
2 0 0 2 0 0 0 0  10010000100100001001000010010000100100001001000010010000100100001001000010011000100100001000000010010000100100001001000010010000100100001001000010010000100100001001000010010101100100001000000010000000 
2 0 0 2 0 2 0 0  10010100100101001001000010010100100101001001010010010000100100001001000010000000100100001000000010010000100000000001000010010000100100001001000010010000100100001001000010010101100100001000000010000000 
2 0 0 2 0 0 0 0  10010000100100001001000010010000100100001001000010010000100100001001000010011000100100001000000010010000100100001001000010010000100100001001000010010000100100001001000010010101100100001001000010000000 
3 0 0 0 0 0 0 0  10000000100000001000000010000000100000001000000010000000100000001000000010010000100000001000000010000000100000001000000010000000100000001000000010000000100000001000000010000000100000001000000010000000 
2 0 0 2 0 0 0 0  10010000100000001000000010000000100100001001000010010000100000001000000010010000100000001000000010000000100000001000000010000000100100001000000010000000100000001000000010000000100000001000000010000000 
2 0 0 2 0 2 0 0  10010000100100001001000010010000100100001001010010010100100100001001000010010100100100001001000010010100100100001001000010011100100100001001010010010000100100001001011010010101100111001001000010010000 
2 2 1 2 1 2 2 0  11111101110111011101010010010101100101001101010010010100100010111001110010011100110111101001010110010110111111011001010110010111110101111101111111011111111111111111111111111110111111101111111011111110 
2 2 0 2 1 2 0 0  11010101110101011101010010010100100101001001010010010100100011111001110010010100110101001000110010010100100100001001010110010011110101111101111111010100100111001111010101010100100111101101000010010100 
2 2 1 2 1 2 1 0  11111101110111001111110111011100100101001001010010010100110010111001110010010100110101001001010110010111111111011101011010010011110101111101111111010100100111001111110101010100100111101111011111111111 
3 0 0 0 0 0 0 0  10000000100000001000000010000000100000001000000010000000100000001000000010000000100000001000000010000000100000001000000010010000100000001000000010000000100000001000000010000000100000001000000010000000 
