3 0 0 0 0 0 0 0  10000000100000001000000010000000100000001000000010000000100000001000000010000000100000001000000010000000100000001000000010000000100000001000000010000000100000001000000010000000100000001000000010000000 
2 2 2 1 2 2 2 0  11111111111111111111111111111111111111101111111011111111111101111111111111111110111111111111111011111111111111111111111011111111111111111111111111111111111111111111111111111111111111101111111111111111 
3 0 0 0 0 0 0 0  10000000100000001000000010000000100000001000000010000000100000001000000010000000100000001000000010000000100000001000000010000000100000001000000010000000100000001000000010000000100000001000000010000000 
2 2 2 1 2 2 2 0  11111111111111111111111111111111111111101111111011111111111101111111111111111110111111111111111011111111111111111111111011111111111111111111111111111111111111111111111111111111111111101111111111111111 
3 0 0 2 0 0 0 0  10000000100100001001000010010000100100001000000010000000100000001001000010000000100100001001000010000000100000001000000010000000100000001000000010000000100000001000000010000000100000001000000010000000 
2 0 0 1 0 0 0 0  10010000100000001000000010000000100000001000000010000000100000001000000010000000100000001000000010000000100000001000000010000000100000001000000010000000100000001000000010000000100000001000000010000000 
2 2 2 2 1 2 0 0  11111101111101001101010010010100100101001001010010010000100111001001010010010000110111011001110010010100100100001001000010010100100101011001110010010101100101001001010010010100100101001001010010010100 
2 0 0 2 0 0 0 0  10010000100000001001000010000000100000001001000010000000100000001001000010000000100000001000000010000000100000001000000010000000100000001000000010000000100100001001000010000000100000001001000010010000 
2 0 0 1 0 0 0 0  10010000100100001000000010000000100000001000000010000000100000001000000010000000100000001000000010000000100000001000000010000000100000001000000010000000100000001000000010000000100000001000000010000000 
2 2 2 2 1 2 0 1  11111101111101011101010011111101110101001001110011010011100101001001010010010000100111011001110110010100100101001001010010110100100111011001010010010100100101001001001010011100100101011001110010011100 
2 0 0 2 0 0 0 0  10010000100100001000000010000000100000001001000010000000100000001001000010000000100000001000000010000000100000001000000010000000100100001000000010000000100100001001000010000000100000001001000010000000 
3 0 0 2 0 0 0 0  10000000100000001001000010000000100000001001000010010000100100001001000010010000100100001001000010000000100000001000000010000000100000001000000010000000100100001001000010000000100000001001000010010000 
2 2 0 2 0 2 0 0  11010101110101001001010010010100100101001001110011010011100101001001110010010000100111011000110110010100100100001001000010010000100100001001000010010000100101001001010010010100100101001001010010010100 
3 0 0 1 0 0 0 0  10000000100000001001000010000000100000001000000010000000100000001000000010000000100000001000000010000000100000001000000010000000100000001000000010000000100000001000000010000000100000001000000010000000 
2 2 0 2 0 2 0 0  11010101110101011111010001111101110101001001110011010011100101001001010010010000110111011001110010010100100100001001000010010100100101011001010010010100100101001001010010010100100101001001010010010100 
2 0 0 2 0 0 0 0  10010000100000001000000010000000100100001001000010010000100100001001000010010000100100001001000010000000100000001000000010000000100000001000000010000000100000001000000010000000100000001000000010000000 
3 0 0 1 0 0 0 0  10000000100000001000000010000000100000001001000010000000100000001000000010000000100000001000000010000000100000001000000010000000100000001000000010000000100100001001000010000000100000001001000010010000 
2 0 0 2 0 0 0 0  10010000100100001001000010000000100000001000000010000000100000001000000010000000100000001000000010000000100000001000000010010000100000001001000010000000100100001001000010000000100000001001000010000000 
3 0 0 1 0 0 0 0  10000000100000001000000010000000100000001001000010000000100000001000000010000000100000001000000010000000100000001000000010000000100000001000000010000000100000001000000010000000100000001001000010000000 
2 2 2 2 1 2 2 0  11111101111101001101010010011101110101001000110011011111111111111111111111011110111101111111111110111111110111111111111011111111111111111111110010010100100101001001000010011100100101001001010010010100 
2 0 0 2 0 2 0 0  10010101100101001001010010010100100101001001010010010000100111001001010010010000100100011001000000010000100101001001000010010000100101011001110010010101100101001001010010010100101101001001010010010100 
2 0 0 2 0 0 0 0  10010000100100001001000010000000100000001000000010000000100000001000000010000000100000001000000010000000100000001000000010000000100000001000000010000000100000001000000010000000100000001000000010000000 
3 0 0 1 0 0 0 0  10000000100100001000000010000000100000001000000010000000100000001000000010000000100000001000000010000000100000001000000010000000100000001000000010000000100000001000000010000000100000001000000010000000 
2 0 0 2 0 0 0 0  10010000100100001001000010010000100100001001000010010000100000001001000010010000100100001001000010010000100100001001000010010000100100001001000010010100100101001001000010011100100100001001000010010000 
2 0 0 2 0 2 0 0  10010000100101001001000010010000100100001001010010010000100100001001000010010000100100001001000010010000100100001001000010010000100100001001000010010000100100001001000010010101100000001001000010010000 
3 0 0 0 0 0 0 0  10000000100000001000000010000000100000001000000010000000100000001000000010000000100000001000000010000000100000001000000010000000100010001000000010000000100000001000000010000000100000001000000010000000 
3 0 0 1 0 0 0 0  10000000100100001001000010000000100000001000000010000000100000001000000010000000100000001000000010000000100000001000000010000000100000001000000010000000100000001000000010000000100000001000000010000000 
2 2 2 1 2 2 2 0  11111101111111111111111111111111111111111111111011111111111101111111111111111110111111111111111011111111111111111111111011111111111111111111111111111101111111111111111111111111111111101111111111111111 
2 0 0 2 0 0 0 0  10010000100100001001000010010000100100001001000010010000100100001001000010010000100100001001000010010000100100001001000010010000100100001001000010010000100101001001010010010100100101001001010010010100 
2 0 0 2 0 2 0 0  10010101100101001001010010010100100101001001010010010000100111001001010010010000110111011001110010010100100100001001000010010100100101011001110010010101100101001001010010010100100101001001010010010100 
2 0 0 2 0 2 0 0  10010000100101001001010010010100100100001001010010010000100100001001000010010000100100001001000010010000100100001001000010010100100101011001010010010100100101001001000010011100100101001001010010010100 
2 0 0 2 0 2 0 0  10010100100101001001000010010000100101001001010010010000100100001001000010010000100100001001000010010000100100001001000010010000100100001001000010010000100100001001000010010101100000001001000010010000 
2 0 0 2 0 2 0 0  10010000100101001001000010010000100100001001010010010000100100001001000010010000100100001001000010010100100100001001000010010000100100001001000010010000100101001001010010010100100101001001010010010100 
3 0 0 2 0 0 0 0  10000000100100001000000010000000100000001000000010000000100000001001000010000000100000001000000010010000100000001001000010010000100100001001000010010000100100001001000010000000100100001001000010010000 
2 0 0 1 0 0 0 0  10010000100000001001000010000000100000001000000010000000100000001000000010000000100000001000000010000000100000001000000010000000100000001000000010000000100000001000000010000000100000001000000010000000 
2 0 0 2 0 2 0 0  10010100100101001001010010010000100100001001010010010000100100001001000010010000100100001001000010010000100100001001000010010100100101011001010010010100100101001001000010011100100101001001010010010100 
2 0 0 2 0 2 0 0  10010000100101001001010010010100100100001001010010010000100100000001000010010000100100001001000010010000100101001001000010010000100100001001000010010000100101001001000010010100100101001001010010010100 
2 0 0 2 0 2 0 0  10010101100101001001010010010100100101001001010010010000100111001001010010010000100100001001000010010100100100001001000010010000100100001001000010010000100101001001010010010100100101001001010010010100 
3 0 0 2 0 0 0 0  10000000100000001001000010000000100000001000000010000000100000001000000010000000100000001000000010000000100000001000000010000000100000001000000010000000100000001000000010000000100000001001000010010000 
2 2 2 2 2 2 2 0  11111111111111111111110101111101111011111101101111110111111110111111111111111110011111111111111011111111111111111111110011111111111111111100111111111111111111111111111111111111011111101101111111111111 
2 0 0 2 0 2 0 0  10010000100100001001000010010000100100001001000010010000100000001001000010010000100100001001000010010100100100001001000010010100100101011001010010010100100101001001000010011100100101001001010010010100 
2 0 0 2 0 2 0 0  10010100100100001001010010010000100100001001010010010000100100001001000010010000100100001001000010010100100100001001000010010000100100001001000010010000100101001001010010010100100101001001010010010100 
3 0 0 2 0 0 0 0  10000000100100001001000010000000100000001000000010000000100000001000000010000000100000001000000010000000100000001000000010000000100000001000000010000000100100001001000010000000100000001001000010000000 
2 2 2 2 1 2 2 0  11111101111111111111110101011101111111111101111111101111111111110111111111111110111101111111111001011111111111111111111011111111111111111111111111111111111111111111111111111111011111101111111111111111 
3 0 0 2 0 0 0 0  10000000100000001000000010000000100100001001000010010000100000001001000010000000100000001000000010000000100000001000000010000000100000001001000010000000100100001001000010000000100000001001000010000000 
2 0 0 2 0 2 0 0  10010101100101001001010011010100100101001001010010010000100111001001011010010100100111011001110110010100100101001001010010110100100101011001010010010100100101001001001010011100100101011001110010011100 
2 0 0 2 0 0 0 0  10010000100100001001000010010000100100001001000010010000100100001001000010010000100100001001000010000000100000001000000010000000100000001000000010000000100100001001000010000000100000001001000010010000 
2 2 2 2 1 2 2 0  11111101111101111111110101111101111011111101101111110111111111111111111111111110111111111111111011111111111111111111110011111111111111111101111111111111111111111111111111111111011111101101111111111111 
3 0 0 2 0 0 0 0  10000000100000001001000010000000100000001001000010010000100100001001000010010000100100001001000010000000100000001000000010000000100000001000000010000000100000001000000010000000100000001000000010000000 
2 0 0 2 0 0 0 0  10010000100100001001010010010000100100001001010010010000100100001001000010010000100100001001000010010000100100001001000010010000100100001001000010010000100100001001000010000000100000001001000010010000 
2 0 0 2 0 2 0 0  10010000100101001001000010010000100100001001010010010000100100001001000010010000100100001001000010010100100100001001000010010100100101011001010010010100100101001001000010011100100101001001010010010100 
2 2 2 2 1 2 2 0  11111101111101001111010101111101111011111101101111111111111111111111111111111110111111001111111011111111111111111111111011111111111111111111111111111111111111111101000010010101100101001001010010010100 
2 2 0 2 0 2 0 0  11010101110101001001010011010100100101001001010010010000100111001001011010010100100111011001110110010100100101001001010010110100100101011001010010010100100101001001001010011100100101011001110010011100 
2 0 0 2 0 0 0 0  10010000100100001000000010000000100000001001000010000000100000001001000010000000100000001000000010000000100000001000000010000000100000001000000010000000100000001000000010000000100000001000000010000000 
2 0 0 2 0 2 0 1  10010101100101011001010110110100100101001001110010010011100101001011011010110000100111011001110110010100100101001001010010110100100101011001010010010100100101001001001010011100100101011001110010011100 
2 0 0 2 0 2 0 0  10010100100100001001000010010000100100001001010010010000100100001001000010010000100110001001000010010100100100001001000010010000100100001001000010010000100101001001010010010100100101001001010010010100 
2 0 0 2 0 2 0 0  10010000100101001001010010010100100100001001010010010000100100000001000010010000100100001001000010010000100100001001000010010000100100001001000010010000100100001001000010000101100000001001000010010000 
3 0 0 2 0 0 0 0  10000000100100001000000010000000100000001000000010000000100100001000000010000000100000001000000010000000100000001000000010000000100000001000000010000000100000001001000010000000100000001001000010010000 
2 0 0 2 0 2 0 0  10010101100101011001010110110100100101001001110010010011100101001001011010010000100111011001110110010100100101001001010010110100100101011001010010010000100101001001010010010100100101001001010010010100 
2 0 0 2 0 0 0 0  10010100100100001001000010010000100100001001010010010000100100001001000010010000100100001001000010010000100100001001000010010000100100001001000010010000100100001001000010000000100000001001000010010000 
2 0 0 2 0 2 0 0  10010100100101001001000010010000100100001001010010010000100100000001000010000000100100001001000010010000100100001001000010010000100100001001000010010000100000001001000010000000100000001001010010010100 
2 0 0 2 0 2 0 0  10010100100101001001010010010100000100001001010010010000100100000001000010010000100100001001000010010000100100001001000010010000100100001001000010010000100100001001000010000000100000001001010010010100 
2 0 0 2 0 2 0 0  10010000100100001001010010010000100100001001010010010000100100001001000010010000100100001001000010010000100100001001000010010100100101011001010010010100100101001001000010011100100101001001010010010100 
3 0 0 2 0 0 0 0  10000000100100001000000010000000100000001000000010000000100000001001000010000000100000001000000010010000100000001001000010010000100100001001000010010000100100001001000010000000100000001000000010000000 
3 0 0 2 0 0 0 0  10000000100000001000000010000000100000001001000010000000100000001001000010010000100100001001000010000000100000001000000010000000100000001000000010000000100100001001000010000000100000001001000010010000 
2 0 0 2 0 2 0 0  10010100100101001001010010010000100101001001010010010000100001001001010010010000100100001001000010010100100100001001000010010000100101011001010010010110100101001001000010011100100101001001010010010100 
2 0 0 2 0 0 0 0  10010000100100001001000010010000100100001001000010010000100100001001000010010000100100001001000010010000100000001000000010000000100000001000000010000000100000001000000010000000100000001000000010000000 
2 2 2 2 1 2 0 0  11111101111101001101010011111101110101001001110011010011100101001001010010010000100111011001110110010100100101001001000010110100100101011001110010010101100101001001010010010100100101001001010010110100 
3 0 0 1 0 0 0 0  10000000100100001000000010000000100000001000000010000000100000001001000010000000100000001000000010000000100000001000000010000000100000001000000010000000100000001000000010000000100000001000000010000000 
2 0 0 2 0 0 0 0  10010000100000001000000010000000100000001000000010000000100000001000000010000000100000001000000010000000100000001000000010000000100000001000000010010000100000001000000010000000100000001000000010000000 
3 0 0 1 0 0 0 0  10000000100000001001000010000000100000001000000010000000100000001000000010010000100000001001000010000000100000001000000010000000100000001000000010000000100000001000000010000000100100001000000010010000 
2 0 0 2 0 2 0 0  10010000100100001001010010010000100100001001010010010000100100001001000010010000100100001001000010010100100100001001000010010000100100001001000010010000100101001001010010010100100101001001010010010100 
2 0 0 2 0 2 0 0  10010000100101001001010010010100100100001001010010010000000100000001000010010000100100001001000010010000100100001001000010010000100100001001000010010000100100001001000010000000100000001001010010010100 
2 2 2 2 1 2 2 0  11111101111101001101010011111101110101001001110011011111111111111111111111111110111111011111111011111111111111111111111011111111111111111111111111111111111111111101000010010101100101001001010010010100 
2 0 0 2 0 0 0 0  10010000100100001001000010010000100100001001000010010000100100000001000010010000100100001001000010010000100100001001000010010000100100001001000010010000100100001001000010000000100000001001000010010000 
2 0 0 2 0 0 0 0  10010000100100001001010010010000100100001001010010010000100100001001000010010000100100001001000010010100100100001001000010010000100100001001000010010000100100001001000010000000100100001001010010010100 
3 0 0 2 0 0 0 0  10000000100100001000000010000000100000001000000010000000100000001001000010000000100000001000000010010000100000001000000010000000100000001000000010000000100100001001000010000000100000001001000010010000 
2 0 0 2 0 0 0 0  10010000100000001000000010000000100000001000000010000000100000001000000010010000100100001001000010000000100000001000000010000000100000001000000010000000100000001001000010000000100000001001000010010000 
2 2 2 2 1 2 0 0  11111101111101001101010011111101110101001001110011010011100101001001010010010000100111011001110110010100100101001001000010110100100101011001110010010101100101001001010010010100100101001001010010110100 
2 0 0 2 0 0 0 0  10010000100100001001000010010000100100001001000010010000100100000001000010010000100100001001000010010000100100001001000010010000100100001001000010010000100100001001000010000000100100001001010010010100 
2 0 0 2 0 0 0 0  10010000100100001001000010010000100100001001000010010000100100001001000010010000100100001001000010010000100100001001000010010000100100001001000010010000100100001001000010000000100000001001000010010000 
2 2 0 2 0 2 0 0  11010101110101011111010001111101110101001001110011010011100101001001010010010000110111011001110010010100100100001001000010010100100101011001010010010100100101001001000010011100100101001001010010010100 
2 0 0 2 0 2 0 0  10010100100101001001010010010100000100001001010010010000100100000001000010010000100100001001000010010000100100001001000010010000100100001001000010010000100101001001000010010100100101001001010010010100 
2 0 0 2 0 2 0 0  10010100100100001001010010010000100100001001010010010000100100001001000010010000100100001001000010010000100100001001000010010000100100001001000010010000100100001001000010000000100000001001010010010100 
2 2 0 2 1 2 0 0  11010101110101001001010011010100100101001001010010010000100111001001011010010100100111011001110110010100100101001001010010110100100101011001010010010101100101001001010010010100100101001001010010110100 
2 0 0 2 0 2 0 0  10010100100101001001000010010000100101001001010010010000100100001001000010010000100100001001000010010000100101001001000010010000100100001001000010010000100101001001000010010100100101001001010010010100 
2 0 0 2 0 2 0 0  10010101100101011001010110110100100101001001110010010011100101001001011010010000100111011001110110010100100101001001010010110100100101011001010010010100100101001001001010011100100101011001110010011100 
2 0 0 2 0 0 0 0  10010000100000001001000010000000100000001001000010000000100000001001000010000000100000001000000010000000100000001000000010000000100000001000000010000000100000001000000010000000100000001000000010000000 
3 0 0 2 0 0 0 0  10000000100000001001000010010000100100001001000010000000100000001000000010000000100000001000000010000000100000001000000010000000100000001000000010000000100000001000000010000000100000001001000010000000 
2 0 0 2 0 2 0 0  10010101100101001001010010010100100101001001010010010000100111001001011010010000100111011001110110010100100101001001010010110100100101011001010010010100100101001001001010011100100101011001110010011100 
2 0 0 2 0 2 0 0  10010101100101001001010010010100100100001001010010010000100100001001000010010000100100001001000010010100100100001001000010010000100100001001000010010000100101001001010010010100100101001001010010010100 
2 0 0 2 0 2 0 0  10010101100101001001010010010100100101001001010010010000100111001001011010010000100111011001110110011100101101001001010010110100100101011001010010010100100101001001000010011100100101001001010010010100 
2 0 0 2 0 2 0 0  10010100100100001001000010010000100100001001000010010000100101001001000010010000100100001001000010010000100100001001000010010000100100001001000010010101100100001001010010010100100111001001010010010100 
2 2 2 2 2 2 2 0  11111101111111011111010011111110111101001001110011011111111111101111111111111110111111011111111011111111111111111111111011110111111111111101111111111111111111111111111111111111011111101101111111111111 
2 0 0 2 0 2 0 0  10010100100100001001010010010000100100001001010010010000100100001001000010010000100100001001000010010000100100001001000010010000100100001001000010010000100100001001000010000000100000001001010010010100 
2 2 2 2 2 2 2 0  11111101111111011111010011111110111101001001110011011111111111101111111111111110111111011111111011111111111111111111111011110111111111111101111111111111111111111111111111111111011111101101111111111111 
2 0 0 2 0 2 0 0  10010100100100001001000010010000100100001001000010010000100100001001000010010000000100001001000010010000100101001001000010010000100100001001000010010000100101001001000010010100100101001001010010010000 
2 0 0 2 0 2 0 0  10010000100100001001010010010000100100001001010010010000100100001001000010010000100100001001000010010000100100001001000010010000100100001001000010010000100100001001000010000000100000001001010010010100 
3 0 0 2 0 0 0 0  10010000100000001000000010000000100000001000000010000000100000001000000010000000100000001000000010000000100000001000000010000000100000001000000010000000100100001001000010000000100000001001000010010000 
2 0 0 2 0 0 0 0  10010000100100001001000010010000100100001001000010010000100100001001000010010000100100001001000010010000100100001001000010010000100100001001000010010000100100001001000010000000100100001001010010010100 
