2 0 0 0 0 0 0 0  10000000100000001000000010000000100000001000000010000000100000001000000010000000100000001000000010000000100000001000000010000000100000001000000010000000100000001000000010000000100000001000000010000000 
2 2 2 2 2 2 1 1  11111111111111111111111111111111111111101111111111111110111101111111111011111111111111111111111011111111111111111111111011111111111111111111111111111111111111111111111111111110111111101111111111111111 
2 0 0 0 0 0 0 0  10000000100000001000000010000000100000001000000010000000100000001000000010000000100000001000000010000000100000001000000010000000100000001000000010000000100000001000000010000000100000001000000010000000 
2 2 2 2 2 2 1 1  11111111111111111111111111111111111111101111111111111110111101111111111011111111111111111111111011111111111111111111111011111111111111111111111111111111111111111111111111111110111111101111111111111111 
2 0 0 0 0 0 0 0  10010000100000001000000010000000100000001000000010000000100000001000000010000000100000001000000010000000100000001000000010000000100000001000000010000000100000001000000010000000100000001000000010000000 
2 0 0 0 2 0 0 0  10000000100010001000100010000000100010001000100010000000100000001000000010001000100000001000000010000000100000001000100010000000100000001000000010000000100000001000100010001000100000001000000010000000 
2 0 0 0 2 0 0 0  10000000100000001000100010000000100010001000100010000000100000001000000010001000100000001000000010000000100000001000100010000000100000001000000010000000100000001000100010001000100000001000000010000000 
2 0 0 0 2 0 0 0  10001000100010001000000010000000100010001000100010000000100000001000000010001000100000001000000010000000100000001000100010000000100000001000000010000000100010001000000010000000100000001000000010000000 
2 0 0 0 2 2 0 0  10001000100011001000110010001000100010001000110010001000100010001000100010001000100010011000100010001100100010001000100010001000100010001000100010001000100011001000111010000100100010001000100010000000 
2 0 0 0 2 0 0 0  10001000100000001000000010001000100000001000100010001000100000001000000010000000100010001000100010000000100000001000000010000000100000001000000010000000100000001000000010000000100000001000000010000000 
2 0 0 0 2 0 0 0  10001000100010001000000010000000100000001000000010000000100000001000000010000000100000001000000010000000100000001000000010000000100000001000000010000000100000001000000010000000100000001000000010000000 
2 0 0 0 2 0 0 0  10000000100010001000000010001000100010001000100010001000100000001000000010000000100000001000100010000000100000001000000010000000100000001000000010000000100000001000000010000000100000001000000010000000 
2 0 0 0 0 0 0 0  10000000100100001000000010000000100000001000000010000000100000001000000010000000100000001000000010000000100000001000000010000000100000001000000010000000100000001000000010000000100000001000000010000000 
2 0 0 0 2 0 0 0  10001000100010001000100010000000100000001000000010000000100000001000000010000000100000001000000010000000000010001000000010000000100000001000000010000000100000001000000010000000100000001000000010000000 
2 0 0 0 2 2 0 0  10001100100010001000100010001000100010001000100010001000100010001000100010001000100010011000110010001000100010001000110010001000100010001000100010001000100011001000100010001100100000001000000010000000 
2 0 0 0 2 0 0 0  10001000100000001000100010001000100010001000100010001000100000001000000010000000100000001000000010000000100000001000000010001000100010001000000010000000100000001000000010000000100000001000000010000000 
2 0 0 0 2 0 0 0  10001000100010001000100010001000100010001000100010001000100010001000100010001000100010011000100010001000100010001000100010001000100010001000101010001000100000001000100010001100100010001000100010001000 
2 2 0 2 2 2 0 0  10010100100101001001010010010100110111001000110110001000100111011100110010010100110100001001110010001100100010001000011111110101111111001000110011001100100100001000110010000100100101001001101010001000 
2 0 0 0 0 0 0 0  10000000100100001000000010000000100000001000000010000000100000001000000010000000100100001001000010000000100000001000000010000000100000001000000010000000100000001000000010000000100000001000000010000000 
2 2 0 2 2 2 1 1  11111101111111011101010101110101111111011000110010001001100111011101110010010100010100101000100011011001111101111111111111110101111111001101011111111100111111001000110011110110111111111111111111111111 
2 0 0 0 2 0 0 0  10000000100000001000100010001000100000001000000010000000100000001000000010000000100000001000000010000000100000001000000010000000100000001000000010000000100000001000000010000000100000001000000010000000 
2 0 0 0 2 2 0 0  10001100100011001000110010001000100011001000110010001000100011001000100010001100100010011000100010001000100010001000110110001000100011001000100010001010100000001000110010000100100101001001100010001100 
2 0 0 0 2 0 0 0  10000000100000001000000010000000100000001000000010000000100000001000000010000000100000001000000010000000100000001000100010000000100010001000100010000000100000001000100010000000100010001000000010000000 
2 0 0 0 2 0 0 0  10001000100010001000100010001000100010001000100010001000100000001000100010001000100010011000100010001000100010001000100010001000100010001000100010001001100010001000100010000000100010001000100110001000 
2 0 0 0 2 0 0 0  10001000100000001000000010001000100000001000100010001000100000001000000010000000100000001000100010000000100000001000100010000000100010001000100010000000100000001000100010001000100000001000000010000000 
2 0 0 0 2 0 0 0  10000000100010001000000010001000100010001000100010001000100000001000000010000000100000001000100010000000100000001000100010001000100010001000100010001000100000001000000010000000100000001000000010000000 
2 0 0 2 2 2 0 0  10011101100111011001010110010100100101001000110110001001100101011110110010010100100100001001110010001000101010001000100110001000100011001000100010001100100100001000110010000101100101001001100010001100 
2 0 0 0 2 0 0 0  10000000100000001000100010001000100010001000100010001000100000001000000010000000100000001000100010000000100000001000100010000000100010001000100010000000100000001000100010001000100000001000000010000000 
2 0 0 0 2 0 0 0  10000000100000001000000010001000100000001000100010001000100000001000000010000000100000001000100010000000100000001000100010000000100010001000100010000000100000001000100010000000100010001000000010000000 
2 0 0 2 2 2 0 0  10010100100101001001010010001001100011001000110110001000100010001000100010001000100010001001111010001000100010001000110110001000100011001000100010001100100100001000110010000100100101001001100010001100 
2 2 0 2 2 2 0 0  10011101100111011101010110010100100101011000110110001000100111011100110010010100110100001001110010001100100010001000100010001000100011001001110011001100100100001000110010000100100101001001100010001100 
2 2 0 2 2 2 1 1  10011101100111011101010110010100100111011000110010001101100111011101110010010100100100101000100011011000110100001000111111110101111111001101011111110100111111001000110010000100100111111111111111111111 
2 2 2 2 2 2 1 1  11111101111111011101010101110100101111101111111111111110111101111111111011111111111111111111111111111110111111111111111011111111111011001101011111101100111111001000110111110110111111111111111111111101 
2 2 0 2 2 2 1 1  10011101100111011101010110010101100111011000110010001101100111011101110010010100100100101000100011011000110100001000110010001000100011001000110011001100100100001000110011110110111111101111111111111111 
2 0 0 0 0 0 0 0  10000000100000001000000010000000100000001000000010000000100000001000000010000000100000001000000010000000100000001000000010000000100000001000000010000000100000001000000010000000100001001000000010000000 
2 0 0 0 2 0 0 0  10001000100000001000100010001000100010001000100010001000100000001000000010000000100000001000000010000000100010001000000010000000100000001000000010000000100000001000000010000000100000001000000010000000 
2 2 2 2 2 2 0 0  11111101110111011101010110010100100111011000110010001101100111011100110010010100110100001001110010001100100010001000100010001000100011001001110011001100100100001000110010000100100001001001100010001100 
2 2 0 2 2 2 1 1  10011101100111011101010110010100100111011000110010001101100111011101110010010100100100101000100011011001111101111111111111110101111111001101011111111100111111001000110011110110111111111111111111111111 
2 0 0 0 2 0 0 0  10001000100010001000100010001000100010001000100010001000100010001000100010001000100010011000100010001000100010001000100010001000100010001000101010001100100000001000100010001100100010001000101110001000 
2 0 0 0 0 0 0 0  10000000100000001000100010000000100000001000000010000000100000001000000010000000100000001000000010000000100000001000000010000000100000001000000010000000100000001000000010000000100000001000000010000000 
2 0 0 0 2 0 0 0  10000000100000001000000010001000100000001000100010001000100000001000000010000000100000001000100010000000100000001000000010001000100010001000000010000000100000001000000010000000100000001000000010000000 
2 2 2 2 2 2 1 0  11111101110111011101010110010100100111011000110010001101100111011101110010010100100100101000110011011001110100001000100010001000111111001001011111111111111111111111111011111110100101001001100011001100 
2 2 2 2 2 2 2 1  11111111111111111111111111111111111111101111111111011110111111111101110010010100110101101000111111111111111101111111111011111111111111111111111111111111111111111111111111111110111111101111111111111111 
2 0 0 0 2 2 0 0  10001100100011001000100010001000100010001000100010001000100010001000100010000000100010011000100010001000100010001000100010001000100010001000100010001001100000001000100010001100100000001000100010001000 
2 2 2 2 2 2 1 1  11111101111111011101010101110100101111101111111111111110111101111111111011111111111111111111111011111111111111111111111011111111111111111111111111111111111111111111111111111110111111101111111111111111 
2 2 0 2 2 2 0 0  10010100100101001001010010010100110111001000110110001000100111011100110010010100110100001001110010001100100010001000100010001000100011001001110011001100100100001000110010000100100101001001100010001100 
2 0 0 0 2 0 0 0  10001000100010001000100010001000100010001000100010001000100010001000100010001000100010011000100010001000100010001000100010001000100000001000100000001001100000001000100010000000100010001000000010000000 
2 0 0 0 2 0 0 0  10001000100010001000110010001000100010001000100010001000100010001000100010001000100010011000100010001000100110001000100010001000100010001000100010001001100000001000100010000000100000001000000010000000 
2 2 0 2 2 2 0 0  10011101100111011101010110010100100111011000110010001101100111011101110010010100100100101000110011011000110100001000111111110000100011001001110011001100100100001000110010000100100101001001100010001100 
2 0 0 0 2 0 0 0  10001000100010001000100010001000100010001000100010001000100010001000100010001000100000001000100010000000100000001000100010000000100010001000100010000000100000001000100010001000100000001000000010000000 
2 0 0 0 2 0 0 0  10001000100010001000110010001000100010001000100010001000100010001000100010001000100010011000100010001000100010001000100010001000100010001000100010001001100010001000100010000000110010001000100110001000 
2 0 0 0 2 2 0 0  10001100100011001000110010001000100011001000110010001000100011001000100010001100100010001000100010000000100000001000100010001000100010001000000010000000100000001000000010000000100000001000000010000000 
2 0 0 0 2 2 0 0  10001100100011001000100010001000100010001000100010001000100010001000100010001000100011101000100010001000100010001000110010001000100010001000100010001000100011001000100010000000100010001000101110001000 
2 2 1 2 2 2 1 1  11111101110111011001010110011100100111011100110010001001100111011101110010010100010100101000111111111111111101111111111111110101111111001101011111111100111111001000110011110110111111111111111111111111 
2 0 0 0 2 2 0 0  10001000100011001000110010001000100010001000110010001000100010001000100010000000100010011000100010001000100010001000100010001000100010001000100010001001100000001000100010001100100000001000100010001000 
2 2 2 2 2 2 1 1  11111101111111111111111111110111111111101101111111111111111111111111111011111111110100101000111111111110111111111111111011111111111011001101011111101100111111001000110111110110111111111111111111111101 
2 0 0 0 2 0 0 0  10000000100010001000100010000000100010001000100010000000100000001000000010001000100000001000000010000000100010001000000010000000100000001000000010000000100000001000000010000000100000001000000010000000 
2 0 0 0 2 2 0 0  10001000100010001000110010001000100011001000110110001001100011001000100010001100100010011000100010101000100010001000100010001000100010001000100010001000100000001000100010001100100010001000100110001000 
2 0 0 0 0 0 0 0  10000000100000001000000010000000100000001000000010000000100000001000000010000000100000001000000010000000100000001000000010000000100000001000000010000000100000001000000010000000100000001000100110001000 
2 0 0 0 2 0 0 0  10001000100000001000100010000000100000001000000010000000100000001000000010000000100000001000000010000000100000001000000010000000100000001000000010000000100000001000000010000000100000001000000010000000 
2 0 0 0 2 0 0 0  10001000100010001000100010001000100000001000100010001000100000001000000010000000100000001000000010000000100010001000000010000000100000001000000010000000100000001000000010000000100000001000000010000000 
2 2 2 2 2 2 1 1  11111101111111111111111111110111111111101101111111111111111111111111111011111111110100101000111011111111111111111111111011111111111111111111111011111111111111111111111111111110111111101110111111111111 
2 0 0 0 2 0 0 0  10001000100000001000100010000000100000001000000010000000100000001000000010000000100000001000000010000000100000001000000010000000100000001000000010000000100000001000000010000000100000001000000010000000 
2 0 0 0 2 2 0 0  10001100100010001000110010001000100010001000110010001000100001001000100010001000100011101000100010001000100010001000110010001000100010001000100010001000100011001000100010000000100000001000000010000000 
2 2 0 2 2 2 0 0  10010100100101001001010010011000100011001000110010001000100011001000100010001100100010011000100010001000100010001000100010001001100011001000110010001100100100001000110010000100100101001001110010001000 
2 0 0 0 2 0 0 0  10001000100010001000000010000000100000001000000010000000100000001000000010000000100000001000000010000000100000001000000010000000100000001000000010000000100000001000100010001000100000001000000010000000 
2 0 0 0 2 2 0 0  10001000100010001000110010001000100011001000110110001000100011001000100010001100100010011000100010001000100010001000100010001000100010001000100010001000100000001000100010001100100000001000100010001000 
2 0 0 2 2 2 0 0  10011101100111011001010110010100100101001000110110001001100101011110110010010100100100001001110010001000100010001000100110001000100011001000100010001100100100001001100010001000100000011000100010001000 
2 0 0 0 2 2 0 0  10001100100011001000110010001000100010001000110010001000100010001000100010001000100010011000100010001000100010001000100010001000100010001000100010001001100000001000100010001100100000001000000010000000 
2 0 0 2 2 2 0 0  10010100100101001001010010001001100011001000110110001000100010001001100010011000100010001001110010001000100010001000110110001000100011001000100010001000100000001000100010001100100000001000100010001000 
2 2 2 2 2 2 1 1  11111101111111011101111111111111111111101111111111111110111101111111111011111111111111111111111011111111111111111111111011111111111111111111111111111111111111111111111111111110111111101111111111111111 
2 0 0 0 2 2 0 0  10001100100011001000110010001000100011001000110010001000100011001000100010001100100110011000100010001000100010001000100010001000100010001000100010001000100011001000100010000000100000001000000010000000 
2 0 0 0 2 2 0 0  10001000100011001000110010001000100010001000110110001000100010001000100010001100100010011000100010001000100010001000100010001000100010001000100010001000100011001000100010000000100010001000100110001000 
2 0 0 0 2 0 0 0  10001000100010001000100010001000100000001000000010000000100000001000000010000000100000001000000010000000100000001000000010000000100000001000000010000000100000001000000010000000100000001000000010000000 
2 2 1 2 2 2 1 1  11111101110111011001010110010100100101001000110110001000100101011110110010010101100100001001110010001000100010001000100010001000100011001001110011001100111111001000110011110110111111111111111111111111 
2 2 1 2 2 2 1 1  11111101110111011001010110010100100111011000110010001100100101011110110010010101100100001001110010011000100010001001100010001000100011001001110011011100111111001000110011110110111111111111111111111111 
2 2 0 2 2 2 0 0  10011101100111011101010110010100100111011000110010001101100111011101110010010100100100101000100011011000110100001000110010001000100011001000110011001100100100001000110010000100100101001001101010001000 
2 0 0 0 2 0 0 0  10001000100011001000100010001000100010001000100010001000100010001000100010001000100010011000100010001000100010001000100010001000100010001000100010001001100010001000100010000000110010001000100110001000 
2 0 0 0 2 2 0 0  10001100100010001000100010001000100010001000100010001000100010001000100010001000100010011000110010001000100010001000110010001000100010001000100010001000100011001000111010000101100000001000100010001000 
2 2 2 2 2 2 1 1  11111101111111011101111111111111111111101111111111111110111101111111111011111111111111011111111011111111111111101111111011111111111111001101011111111111111111110110111111111010111111101111111111111111 
2 0 0 2 2 2 0 0  10010100100101001001010010001001100011001000110110001000100010001001100010001000100010001001110010001000100010001000110110001000100011001000100010001000100000001000100010001100100000001000100010001000 
2 0 0 0 2 0 0 0  10001000100011001000100010001100100010001000100010001000100010001000100010001000100010011000100010001000100010001000100010001000100010001000100010001001100010001000100010000000110010001000100110001000 
2 2 1 2 2 2 0 0  11111101110111011001010110010100100111011000110010001100100101011110110010010101100100001001110010011000100010001001100010001000100011001001110011001100100100001000110010000100100101001001100010001000 
2 0 0 2 2 2 0 0  10011101100111011001010110010100100101001000110110001001100101011110110010010100100100001001110010001000100010001000100110001000100011001000100010001100100100001001100010001000100000001000100010001000 
2 0 0 0 2 0 0 0  10000000100010001000100010000000100000001000000010000000100000001000000010000000100000001000000010000000100000001000000010000000100000001000000010000000100000001000000010000000100000001000000010000000 
2 0 0 0 2 2 0 0  10001000100010001000110010001000100011001000110110001000100011001000100010001100100010011000100010001000100010001000100010001000100010001000100010001000100000001000100010001100100000001000000010000000 
2 0 0 0 2 2 0 0  10001100100011001000110010001000100011001000110010001000100011001000100010001100100110011000100010001000100010001000100010001001100011001000110010001000100000001000100010001100100010001000100010001000 
2 0 0 0 2 2 0 0  10001000100011001000110010001000100010001000110010001000100010001000100010000000100010011000100010001000100010001000100010001000100010001000100010000000100000001000000010000000100000001000100010001000 
2 0 0 0 2 2 0 0  10001100100010001000100010001000100010001000100010001000100010001000100010001000100010011000110010001000100010001000110010001000100010001000100010001000100011001000100010000000100010001000100110001000 
2 0 0 0 2 2 0 0  10001100100011001000110010001000100011001000110010001000100011001000100010001100100110011000100010001000100010001000100010001001100011001000110010001100100000001000110010001100100010001000101110001000 
2 0 0 0 2 2 0 0  10001100100010001000100010001000100010001000110110001000100010001001100010001000100010001001110010001001100010001000110110001000100011001000100010001000100000001000100010001100100000001000100010001000 
2 0 0 0 2 0 0 0  10000000100010001000100010000000100000001000000010000000100000001000000010000000100000001000000010000000100000001000000010000000100000001000000010000000100000001000000010000000100000001000000010000000 
2 0 0 0 2 0 0 0  10001000100010001000100010001000100010001000100010001000100010001000100010001000100000001000000010000000100000001000100010000000100000001000000010000000100010001000000010000000100000001000000010000000 
2 0 0 0 2 2 0 0  10001100100010001000110010001000100010001000110010001000100001001000100010001000100011101000100010001000100010001000110010001000100010001000100010001000100011001000100010000000100010001000101110001000 
2 0 0 0 2 0 0 0  10000000100000001000100010001000100010001000100010001000100000001000000010000000100000001000100010000000100000001000100010000000100010001000100010000000100000001000100010001000100000001000000010000000 
2 0 0 0 2 0 0 0  10001000100011001000100010001000100010001000100010001000100010001000100010001000100010011000100010001000100010001000100010001000100010001000100010001001100000001000100010001100100000001000100010000000 
2 2 2 2 2 2 1 1  11111111111111111111111111111111111111101111111111111110111101111111111011111111111110111111111011111111111111111101011111110101111111001101011110111111111111111111111111111110111111111111111111011111 
2 0 0 0 0 0 0 0  10000000100000001000100010000000100000001000000010000000100000001000000010000000100000001000000010000000100000001000000010000000100000001000000010000000100010001000000010000000100000001000000010000000 
2 0 0 0 2 2 0 0  10001100100010001000110010001000100010001000110010001000100010001000100010000000100010011000100010001000100010001000100010001000100010011000100010000000100000001000000010000000100001001000100010001000 
2 2 0 2 2 2 1 1  10011101100111011101010110010100100111011000110010001101100111011101111010010100100100101000111111110111111101111111111111110101111111001101011111111100111111001000110111110110111111111111111111111111 
