2 0 0 0 0 0 0 0  10000000100000001000000010000000100000001000000010000000100000001000000010000000100000001000000010000000100000001000000010000000100000001000000010000000100000001000000010000000100000001000000010000000 
1 2 2 2 2 2 1 0  11111111111111111111111111111111111111101111111011111111111111111111111111111111111111111111111011111111111111111111111111111111111111111111111111111111111111111111111111111110111111101111111011111110 
1 2 2 2 2 2 1 0  11111111111111111111111111111111111111101111111011111111111111111111111111111111111111111111111011111111111111111111111111111111111111111111111111111111111111111111111111111110111111101111111011111110 
2 0 0 0 0 0 0 0  10000000100000001000000010000000100000001000000010000000100000001000000010000000100000001000000010000000100000001000000010000000100000001000000010000000100000001000000010000000100000001000000010000000 
2 0 0 2 0 0 0 0  10010000100000001001000010000000100000001000000010000000100000001001000010000000100000001001000010000000100000001000000010000000100000001001000010000000100100001001000010010000100100001001000010000000 
2 0 0 2 0 0 0 0  10000000100100001001000010000000100000001000000010010000100000001001000010000000100000001000000010010000100100001000000010000000100000001000000010000000100100001001000010010000100100001001000010000000 
2 0 0 2 0 0 0 0  10010000100100001000000010000000100000001000000010000000100000001000000010000000100000001000000010000000100000001000000010000000100000001000000010010000100100001001000010010000100100001001000010000000 
2 0 0 0 0 0 0 0  10010000100000001000000010000000100000001000000010000000100000001000000010000000100000001000000010000000100000001000000010000000100000001000000010000000100000001000000010000000100000001000000010000000 
2 0 0 2 0 2 1 0  11010101110101011101010110010100110101001001010110010101100101000101110010010001100101001001010010010100110101001001010010010100100101001001010010010100111111111111111101111111111111101111010010010100 
2 2 2 2 2 2 0 0  11111101111111011101110110010100110101001001010110010101100100001001010010010000100101011001000010010100100101001001000110010100100100001001010010010100100101001001000010010100100101001001010010010100 
2 0 0 2 0 2 0 0  10010000100101001001000010010000100101011001000010010000100100011001000010010100100100001001000010010000100101001001000010010000100100001001110010010100100100001001000010010000100101001001010010010100 
2 0 0 2 0 2 0 0  10010101100101011001010110010100100101011001000010010000100100001001000010010100100101001001000010010000100101001001000010010000100100001001010010010100100100001001000010010000100101001001010010010100 
2 0 0 2 0 0 0 0  10000000100000001001000010010000100000001000000010000000100000001000000010000000100000001000000010000000100000001000000010000000100000001000000010010000100100001001000010010000100100001001000010010000 
2 0 0 2 0 0 0 0  10000000100000001000000010010000100000001000000010000000100000001001000010000000100000001001000010010000100000001000000010000000100000001001000010000000100100001001000010010000100100001001000010000000 
2 2 2 2 0 2 0 0  11111101110101011001010110010100100101001001010110010101100101001001010010010000100101011001000010010100100101001001000110010100100101001001010010010100100101001001000010010100100101001101010010010100 
2 0 0 2 0 2 0 0  11111101111101011101010110010100110101001001010110010101100101000101110010010001100101001001010010010100110101001001010010010000101111011111010111011100110101011101010010010100100101001001010010010100 
2 0 0 2 0 2 0 0  10010100100101001001010010010000100100001000000010010000100100001001000010000000100000001001000010010000100100001001100010000000100001001001000010010000100100001001000010010000100101001001010010010100 
2 0 0 2 0 0 0 0  10010000100100001000000010000000100000001000000010000000100000001000000010000000100000001000000010000000100000001000000010000000100000001000000010000000100000001000000010000000100000001000000010000000 
2 0 0 2 0 2 0 0  10010100100101001001010110010100100101001001000010010000100100001001010010010000100101001001000010010100100101001001000110010100100101001001010010010100100101001001000010010100100101001001010010010100 
2 0 0 2 0 0 0 0  10000000100000001001000010010000100000001000000010000000100000001001000010000000100000001000000010000000100000001000000010000000100000001000000010000000100000001000000010000000100000001000000010000000 
2 0 0 2 0 0 0 0  10010000100100001001000010000000100000001000000010000000100000001000000010000000100000001000000010000000100000001000000010000000100000001000000010000000100000001000000010000000100000001000000010000000 
2 0 0 2 0 2 0 0  11010101110101011101010110010100110101001001010110010101100101000101110010010001100101001001010010010100010101001001010010010100100101001001010010010100100101001001000010010100100101001101010010010100 
2 0 0 2 0 0 0 0  10010000100000001000000010000000100000001001000010000000100000001001000010000000100000001000000010010000100100001000000010000000100000001001000010000000100000001001000010010000100100001001000010010000 
2 2 2 2 2 2 1 0  11111101111111011111110111111111111111101111111011111011111111111111111111111111111111111111111011111111111111011111111111011111111111111111111101111111111111111111111101111111111111101111010010010100 
2 0 0 2 0 2 0 0  10010000100101001001000010010000100100001001000010010000100100001001000010000000100100001001000010010000100101001001000010010000100100001001010010010100100100001001000010010000100101001001010010010100 
2 2 2 2 2 2 1 0  11111111111111111111111111111111111111101111111011111111111111111111111011111111111111111111111011111111111111111111011111111111111111111111010011011101110101001101010010010100100101001001010010010100 
2 0 0 2 0 0 0 0  10000000100000001001000010010000100000001000000010000000100000001001000010000000100000001001000010010000100100001001000010000000100000001001000010010000100100001001000010010000100100001001000010010000 
2 2 2 2 2 2 1 0  11111101111111011101110110011101110111011101010010010100111111000101110010010101100101001001010010011101110101001001010010010000100111011111110111111111111111111111111111111110111111101111111011111110 
2 0 0 2 0 2 0 0  10010000100101001001010010010000100100001001000010010000100100001001000010010000100101001001000010010000100101001001000010010000000101001001010010010100100101001001000010010100100101001101010010010100 
2 0 0 0 0 0 0 0  10000000100000001001000010000000100000001000000010000000100000001000000010000000100000001000000010000000100000001000000010000000100000001000000010000000100000001000000010000000100000001000000010000000 
2 0 0 2 0 1 0 0  10010000100100001001010010010000100101001001000010010000100100001001000010010000100101001001000010010000100101001001000010010000100100001001000010010000100100001001000010010000100100001001010010010000 
2 0 0 2 0 2 0 0  10010101100101011001010110011100100101001001010110010101100100001001010010010000100101011001000010010000100101001001000010010100100101001001010010010100100101001001000010010000100101001001010010010000 
2 0 0 2 0 0 0 0  10010000100000001001000010000000100000001001000010000000100000001000000010000000100000001000000010000000100000001000000010000000100000001000000010000000100000001000000010000000100000001000000010000000 
2 0 0 0 0 0 0 0  10000000100000001000000010000000100000001000000010000000100000001000000010000000100000001001000010010000100000001000000010000000100000001000000010000000100000001000000010000000100000001000000010000000 
2 0 0 2 0 0 0 0  10000000100000001000000010000000100000001000000010000000100000001001000010000000100000001000000010000000100000001000000010000000100000001000000010000000100100001001000010010000100100001001000010010000 
2 0 0 2 0 0 0 0  10000000100100001000000010000000100000001000000010000000100000001001000010000000100000001001000010010000100100001001000010000000100000001001000010010000100100001001000010010000100100001001000010010000 
2 0 0 2 0 0 0 0  10000000100000001001000010010000100000001000000010000000100000001001000010000000100000001001000010000000100000001000000010000000100000001001000010000000100100001001000010010001100100001001000010000000 
2 0 0 2 0 2 0 0  10010100100101001001000010010000100100001001000010010000100101001001000010010000100001001001000010010000100111001001000010010000100100001001010010010100100100001001000010010000100101001001010010010100 
2 0 0 2 0 0 0 0  10010000100000001001000010000000100000001000000010000000100000001000000010000000100000001000000010000000100000001000000010000000100000001000000010000000100000001000000010000000100000001000000010000000 
2 0 0 2 0 0 0 0  10010000100000001000000010000000100000001001000010000000100000001001000010000000100000001000000010010000100100001000000010000000100000001001000010000000100000001000000010000000100000001000000010000000 
2 0 0 2 0 2 0 0  11010101110101011101010110010100110101001001010110010101100101000101110010010001100101001001010010010100110101001001010010010000101111011111010111011101110101011101010010010100100101001001010010010100 
2 0 0 2 0 2 0 0  10010000100101001001010010010000100100001001000010010000100100001001000010010000100101001001000010010000100101001001000010010000000100001001000010010100100100001001000010010000100101001001010010010100 
1 2 2 2 2 2 1 0  11111101111111011101110010010100110101001001010010010100111111000101110010010101100101001001111011111111111111011111111111011110100111011111111111111111111111111111111111111110111011101111111011111110 
2 0 0 2 0 0 0 0  10000000100100001001000010000000100000001000000010000000100000001000000010000000100000001000000010010000100100001000000010000000100000001000000010000000100000001001000010010000100100001001000010000000 
2 0 0 2 0 0 0 0  10010000100100001001000010010000100100001001000010010000100100001001000010010000100101001001000010010000100101001001000010010000100100001001000010010000100100001001000010000000100100001001000010000000 
2 0 0 2 0 2 0 0  10010100100101001001010110010100100101001001000010010000100100001001000010010100100101001001000010010000100101001001000010010000100100001001010010010100100100001001000010010000100101001001010010010100 
2 0 0 2 0 2 0 0  10010100100101001001000010010000100100001001000010010000100100001001000010010000100101001001000010010000100101001001000010010000100100001001000010010000100100001001000010010000100100001001000010010000 
2 0 0 0 0 0 0 0  10000000100100001000000010000000100000001000000010000000100000001000000010000000100000001000000010000000100000001000000010000000100000001000000010000000100000001000000010000000100000001000000010000000 
2 0 0 2 0 2 0 0  10010100100101001001010010010000100100001001000010010000100100001001000010010000100101001001000010010000100101001001000010010000100100001001010010010100100100001001000010010100100101001001010010010100 
2 0 0 2 0 2 0 0  10010101100101011001010110011100100101001001010110010101100100001001010010010000100101011001000010010000100101001001000010010100100101001001010010010100100101001001000010010100100101001101010010010100 
2 0 0 2 0 2 0 0  10010100100100001001000010010000100100001000000010010000100100001001000010010000100101001001000010010000100101000001000010010000100100001001000010010000100100001001000010010000100100001001000010000000 
2 0 0 2 0 1 0 0  10010000100101001001010010010000100100001001000010010000100100001001000010010000100101001001000010010000100101001001000010010000100100001001000010010000100100001001000010010000100100001001010010010000 
2 0 0 2 0 2 0 0  10010000100100001001000010010000100100001001000010010000100100001001000010010000100111001001000010010000100101001001000010010000100100001001000010010100100100001001000010010000100101001001010010010100 
2 0 0 2 0 2 0 0  10010000100100001001000010000000100100001001000010010000100100001001010010010000100101001001000010010100100101001001000110010100100101001001010010010100100101001001000010010100100101001001010010010100 
2 0 0 2 0 2 0 0  11010101100101011001010110011100100101001001010110010101100100001001010010010000100101011001000010010000100101001001000010010100100101001001010010010100100101001001000010010000100101001001010010010000 
2 0 0 2 0 1 0 0  10010000100101001001000010010000100100001001000010010000100100001001000010010000100101001001000010010000100101001001000010010000100100001001000010010000100100001001000010010000100100001001010010010000 
2 2 2 2 2 2 1 0  11111101111111011101110010010100110101001001010010010100111111000111111111111111111111111111111011111111111111111111111111111111111111111111111111111111111111111111111111111110111111101111111011111110 
2 2 2 2 2 2 1 0  11111101111111111111111111111111111111101111111011111111111111111111111111111111111011111111111011111111111111111111111111111111111111111111111111111111111111111111111111111110111111101111111011111110 
2 0 0 2 0 2 0 0  10010101100101011001010110010100110101001001010110010100100100001001010010010000100101011001000010010101110101001001010010010000100111011111010011011101110101011101010010010100100111001001010010010100 
2 0 0 2 0 2 0 0  10010100100100001001000010010000100100001001000010010000100100001001000010010000100101001001000010010000100101001001000010010000100100001001000010010000100100001001000010010000100100001001000010010000 
2 0 0 2 0 2 0 0  10010000100100001001000010010000100100001001000010010000100100001001010010010000100101001001000010010100100101001001000110010100100101001001010010010100100101001001000010010100100101001001010010010100 
2 0 0 2 0 0 0 0  10010000100100001001000010000000100000001000000010000000100000001000000010000000100000001000000010000000100000001001000010000000100000001000000010000000100000001000000010010000100100001001000010000000 
2 0 0 2 0 2 0 0  10010000100100001001010010010000100101001001000010010000100100001001000010010000100101001001000010010000100101001001000110010000000100001001000010010100100100001001000010010000100101001001010010010100 
2 0 0 2 0 2 0 0  10010000100100001001000010010000100100001001000010010100100100001001000010010000100101001001000010010000100101001001000010010000100100001001000010010000100100001001000010010000100100001001000010010100 
2 0 0 2 0 0 0 0  10000000100100001000000010000000100000001000000010000000100000001000000010000000100000001000000010000000100000001000000010000000100000001000000010000000100100001001000010010000100100001000000010000000 
2 0 0 2 0 2 0 0  10010101100101011001010110010100110101001001010110010100100100001001010010010000100101011001000010010101110101001001010010010000101111011111010111011101110101011101010010010100100101001001010010010100 
2 0 0 2 0 2 0 0  10010100100100001001000010010000100100001001000010010000100100001001000010010000100101001001000010010000100101001001000110010100100101001001000010010000100100001001000010010000100100001001010010010000 
2 2 2 2 2 2 1 0  11111101111111111111111111111111111111101111111011111111111111111111111111111111111011111111111011011111111111001011111111111111110111110111110111111011010101011101010011111111111111111111111011111110 
2 2 2 2 2 2 1 0  11111101111111011111111111111111111111101111111011111111111111111111111111111111111111111111111011111111111111011111111111011111111111111111111111110111111111111111111101111111111111101111010010011100 
2 0 0 2 0 2 0 0  10010100100100001001010010010000100101001001000010010000100100001001000010010000100101001001000010010000100101001001000010010000100100001001000010010000100100001001000010010000100100001001000010010000 
2 0 0 2 0 0 0 0  10010000100100001000000010000000100000001000000010000000100000001000000010000000100000001000000010000000100000001000000010000000100000001000000010000000100000001000000010000000100000001000000010010000 
2 0 0 2 0 2 0 0  10010101100101011001010110011100110101001001010110010101100100001101010010010000100101011001000010010100100101001001001110010100100101001001010010010100100101001001000010010100100101001001010010010100 
2 0 0 2 0 0 0 0  10000000100100001001000010000000100000001000000010000000100000001000000010000000100000001000000010000000100000001000000010000000100000001000000010000000100000001000000010000000100000001000000010000000 
2 0 0 2 0 2 0 0  11010101110101011001010110010100110101001001010110010101100100001001010010010000100101011001010010010101110100001001000110010100100101001001010010010100100101001001000010010100100101001001010010010100 
2 0 0 2 0 0 0 0  10010000100100001001000010000000100000001000000010000000100000001001000010000000100000001001000010010000100100001001000010000000100000001001000010010000100100001001000010010000100100001001000010010000 
2 0 0 2 0 2 0 0  11010101110101011101010110010100110101001001010110010101100101000101110010010001100101001001010010010100110101001001010010010000100111011111010011011101110101011101010010010100100111001011010010010100 
2 0 0 2 0 0 0 0  10010000100100001001000010010000100100001001000010010100100100001001000010010000100101001001000010010000100101001001000010010000100100001001000010010000100100001001000010010000100100001001000010010000 
2 0 0 2 0 0 0 0  10010000100100001001000010010000100100001001000010000000100000001000000010010000100000001000000010000000100000001000000010010000100100001001000010010000100100001001000010010000100100001001000010010000 
2 0 0 2 0 0 0 0  10010000100100001001000010000000100000001000000010010000100000001001000010000000100000001000000010010000100100001000000010000000100000001000000010000000100100001001000010010000100100001001000010000000 
1 2 2 2 2 2 1 0  11111111111111111111111111111101111111101111111011111111111111111111111111111111111111111111111011111111111111111111111111111111111111110111111111111111111111111111111111111110111111101111111011111110 
2 0 0 0 0 0 0 0  10000000100000001000000010000000100000001000000010000000100000001000000010000000100000101000000010000000100000001000000010000000100000001000000010000000100000001000000010000000100000001000000010000000 
2 0 0 2 0 0 0 0  10010000100100001001000010000000100100001001000010010000100100001001000010010000100000001001000010010000100100001001000010000000100000001001000010010000100100001001000010010000100100001001000010000000 
2 0 0 2 0 0 0 0  10010000100100001001000010000000100000001000000010000000100000001000000010000000100000001000000010000000100000001000000010000000100000001000000010010000100100001001000010010000100100001001000010010000 
2 0 0 2 0 2 0 0  10010100100100001001010010010000100101011001000010010000100100001001000010000000100000001001000010010000000100001001000010010100100000001001000010010000100100001001000010010000100100001001000010010100 
2 2 2 2 2 2 1 0  11111101111111011111111111111111111111101111111011111111111111111111111111111111111111111111111011111111111111011111111111011111111111111111111111110111111111111111111101111111111111101111010010010100 
2 2 2 2 2 2 1 0  11111101111111011101110010010100110101001001010010010100111111000101110010010101100101001001111011111111111111011111111111011110100111011111010011011101110101001101010010010100100101001001010010010100 
2 0 0 2 0 0 0 0  10000000100100001001000010000000100000001000000010000000100000001000000010000000100000001000000010000000100000001000000010000000100000001000000010000000100000001000000010000000100000001000000010000000 
2 0 0 2 0 2 0 0  11010101100101011001010110011100100101001001010110010101100100001001010010010000100101011001000010010000100101001001000010010100100100001001010010010100100101001001000010010100100101001001010010010100 
2 0 0 2 0 0 0 0  10000000100100001000000010000000100000001000000010010000100000001001000010000000100000001000000010010000100100001000000010000000100000001000000010000000100100001001000010010000100100001001000010000000 
2 0 0 2 0 2 0 0  11010101110101011001010110010100110101001001010110010101100100001001010010010000100101011001010010010101110100001001000110010100100101001001010010010100100101001001000010010000100101001001010010010000 
2 0 0 2 0 0 0 0  10010000100100001001000010010000100100001001000010010000100100001001000010010000100000001001000010010000100100001001000010000000100000001001000010010000100100001001000010010000100100001001010010010000 
2 0 0 2 0 0 0 0  10000000100000001000000010000000100000001000000010000000100000001001000010000000100000001001000010010000100100001000000010000000100000001000000010000000100000001000000010000000100000001000000010000000 
2 0 0 0 0 0 0 0  10010000100000001000000010000000100000001000000010000000100000001000000010000000100000001000000010000000100000001000000010000000100000001000000010000000100000001000000010000000100000001000000010000000 
2 0 0 2 0 2 0 0  10010100100101001001010010010000100101011001000010010000100100001001000010010100100101001001000010010000100101001001000010010000100100001001010010010100100100001001000010010000100101001001010010010100 
2 0 0 2 0 1 0 0  10010100100101001001000010010000100100001001000010010000100101001001000010010000100101001001000010010000100101001001000010010000100100001001000010010000100100001001000010010000100100001001010010010000 
2 2 2 2 2 2 0 0  11111101111111011111110111111111111111101111010110010101100101000101110010010001100101001001010010010100010101001001010010010100100101001001010010010100100101001001000010010100100101001101010010010100 
2 0 0 2 0 2 0 0  10010100100100001001010010010000100101001001000010010000100100001001000010010000100101001001000010010000100101001001000010010000100100001001010010010100100100001001000010010000100101001001010010010100 
2 0 0 2 0 2 0 0  10010101100101011001010110011100110101001001010110010101100100001001010010010000100101011001000010010100100101001001001110010100100101001001010010010100100101001001000010010100100101001001010010010100 
2 0 0 2 0 2 0 0  10010100100100001001000010010000100100001001000010010000100100001001000010010000100101001001000010010000100101001001000010010100100101001001010010010100100101000001000010010100100101001001010010010100 
2 0 0 2 0 0 0 0  10010000100100001001000010010000100100001001000010010100100100000001000010010000100101001001000010010000100101001001000010010000100100001001000010010000100100001001000010010000100100001001000010010000 
