2 0 0 0 0 0 0 0  10000000100000001000000010000000100000001000000010000000100000001000000010000000100000001000000010000000100000001000000010000000100000001000000010000000100000001000000010000000100000001000000010000000 
2 2 2 2 2 2 2 0  11111111111111111111111111111111111111111111111111111110111101111101111011111110111111111111111011111110111111111111111111111111111111111111111111111111111111111111111111111111111111101111111011111110 
2 2 2 2 2 2 2 0  11111111111111111111111111111111111111111111111111111110111101111101111011111110111111111111111011111110111111111111111111111111111111111111111111111111111111111111111111111111111111101111111011111110 
2 0 0 0 0 0 0 0  10000000100000001000000010000000100000001000000010000000100000001000000010000000100000001000000010000000100000001000000010000000100000001000000010000000100000001000000010000000100000001000000010000000 
2 0 0 0 0 0 0 0  10010000100000001000000010000000100000001000000010000000100000001000000010000000100000001000000010000000100000001000000010000000100000001000000010000000100000001000000010000000100000001000000010000000 
2 0 0 0 2 0 0 0  10000000100010001000100010001000100000001000100010001000100000001000000010000000100000001000000010000000100000001000000010000000100000001000100010000000100000001000000010000000100000001000100010000000 
2 0 0 0 2 0 0 0  10001000100000001000100010001000100010001000100010001000100000001000000010000000100000001000000010000000100000001000000010000000100000001000000010000000100000001000000010000000100000001000100010001000 
2 0 0 0 2 1 0 0  10001000100011001000100010001000100011001000100010001000100010001000100010001000100010001000110010001100100010001000100010001000100010001000100010001000100010001000100010001000100010001000100010001100 
2 0 0 0 2 2 0 0  10001100100011001000110010001100100010001000100010001000100010001000100010001000100011101000100010001100100011001000100010001000100010001000100010001000100010001000110010001100100011001000100010001100 
2 0 0 0 2 2 0 0  10001000100011001000100010101000100011001000100010001000100010001000100010001000100010001000110010001100100010001000100010001000100010001000100110001000100010001000110010001100100011001000100010001100 
2 0 0 0 2 0 0 0  10001000100000001000000010000000100000001000000010000000100000001000000010000000100000001000000010000000100000001000000010000000100000001000000010000000100010001000000010000000100010001000100010001000 
2 0 0 0 0 0 0 0  10000000100000001001000010000000100000001000000010000000100000001000000010000000100000001000000010000000100000001000000010000000100000001000000010000000100000001000000010000000100000001000000010000000 
2 0 0 0 2 1 0 0  10001000100011001000100010001000100010001000100010001000100010001000100010001000100010001000110010001100100010001000100010001000100010001000100000001000100010001000100010001000100010001000100010000000 
2 0 0 0 2 2 0 0  10001100100010001000110010001000100010001000100010001000100011001000110010001000100011101000100010001100100010001000100010001000100011001000100010001000100010001000110010001000100010001000100010000000 
2 0 0 2 2 2 2 0  10011101100111011001110110010011100011001000101010011100100011011001110010001010100011001000100010001000100010011000100010001000100010001000110110011000100101011000110010001100100011001001010010001101 
2 0 0 0 2 0 0 0  10000000100000001000000010000000100010001000100010001000100000001000000010000000100000001000000010001000100000001000100010001000100000001000000010000000100000001000000010001000100000001000100010000000 
2 0 0 0 2 0 0 0  10001000100010001000100010001000100010001000100010001000100010001000100010001000100000001000100010000000100000001000000010000000100000001000000010000000100000001000000010000000100000001000000010000000 
2 0 0 0 2 0 0 0  10001000100010001000100010001000100010001000100010000000100000001000000010000000100000001000000010000000100000001000000010000000100000001000100010000000100000001000000010000000100000001000000010000000 
2 0 0 0 2 0 0 0  10001000100010001000000010001000100010001000000010001000100000001000000010000000100000001000000010000000100000001000000010000000100000001000100010000000100000001000000010000000100000001000100010000000 
2 0 0 0 2 0 0 0  10001000100010001000000010000000100000001000000010000000100000001000000010000000100000001000000010000000100000001000000010000000100000001000000010000000100000001000000010000000100000001000000010000000 
2 2 0 2 2 2 2 0  11011101110101011001110110010110100011001000111010011000100011111111110011111100111111011001011111111100110111101111011111111111111111111110110110011000100101011001100010001100110011001001100010001000 
2 0 0 0 2 2 0 0  10001100100011001000110110001000100111001001110010001011100011001000110011001000100011001000100010101100100011001000100010001100100010001000110010001000100010001000110010001100100011001100101010001100 
2 0 0 0 0 0 0 0  10000000100000001001000010000000100000001000000010000000100000001000000010000000100000001000000010000000100000001000000010000000100000001000000010000000100000001000000010000000100100001000000010000000 
2 2 0 2 2 2 1 0  11011101110111011001110110010011100011001000101010011100100011011111110101111100100011101000100010001100100010011000100010001000100010001000110110011000100101011000110010001100100011001000110010001100 
2 2 0 2 2 2 0 0  11011101100111011001110010001000100011001001110010001000100011001100110110001001100011111000110010001100100011001100100010001101100010001000110110011000110101011000110010001100100011001000100010001100 
2 0 0 0 2 0 0 0  10001000100010001000100010001000100010001000000010001000100010001000100010001000100000001000100010001000100010001000100010001000100010001000000010001000100010001000100010000000100000001000100010000000 
2 0 0 0 2 0 0 0  10000000100010001000000010000000100010001000100010001000100000001000000010000000100000001000000010001000100000001000100010001000100010001000100010000000100000001000000010000000100010001000100010001000 
2 0 0 0 2 2 0 0  10001000100010001000100010001100100010001000100010001000100010001000100010001000100011101000100010001100100011001000100010001000100010001000100010001000100010001000110010001100100011001000100010001100 
2 0 0 0 0 0 0 0  10000000100000001000000010000000100000001000000010000000100000001000000010000000100000001000000010000000100000001001000010000000100000001000000010000000100000001000000010000000100000001000000010000000 
2 0 0 0 2 2 0 0  10001100100011001000100010001000100011001000100010001000110011001000110010001000100011101000100010001100100010001000100010001000100011001000100010001000100010001000110010001100100011001000100010001100 
2 0 0 2 2 2 0 0  10011101100111011001110010001000100011001001110010011100100011011001110010001000100011001000100010001000100010011000100010001000100010001000110110011000100101011000110010001100100011001001010010001101 
2 0 0 0 2 0 0 0  10001000100010001000110010001000100010001000100010001000100011001000100010001000100011101000100010001000100010001000100010001000100010001000100010001000100010001000000010000000100010001000100010001000 
2 2 2 2 2 2 2 0  11111101110111011111110101111111111111111111111111110110110101101011111010111110111111111111111011111110111111111111111011111111111111111111111111111111111111111111111111111111111111111111111011111110 
2 2 0 2 2 2 2 0  11111101110111011111110001010010100011001000101010011100100011011111110110111100111111011111111111111100110111001101011111011010111101111111011111001011100101011001110001001100110011001001000010001101 
2 0 0 0 2 2 0 0  10001000100011001000110010000000100010001000100010001000100011001000100010001000100010001000100010001000100010001000100010001001100010001000110010001000100010001000100000001100100011001000100010001100 
2 0 0 0 2 0 0 0  10001000100010001000100010000000100000001000000010000000100000001000000010000000100000001000000010000000000010001000000010000000100000001000000010000000100000001000000010000000100000001000000010000000 
2 0 0 0 2 0 0 0  10000000100010001000000010001000100010001000000010001000100000001000000010000000100000001000000010000000100000001000000010000000100000001000100010000000100010001000000010000000100000001000100010000000 
2 0 0 0 2 2 0 0  10001100100010001000110010001000100011001000100010001000100010001000100010001000100010001000110010001100100010001000100010001000100010001000100110001000100010001000110010001100100011001000100010001100 
2 2 0 2 2 2 2 0  11011101110101011001110110010110100011001000111010011000100011111111110011111100111111011001011111111100110111101111011111111111111111111110110110011011110101011001110011001100110011001001011011101110 
2 0 0 0 2 0 0 0  10000000100010001000100010000000100000001000000010000000100000001000000010000000100000001000000010000000100000001000000010000000100000001000000010000000100000001000000010000000100000001000000010000000 
2 0 0 0 2 0 0 0  10000000100010001000000010000000100010001000100010001000100000001000000010000000100000001000000010000000100000001000000010000000100000001000000010000000100000001000000010000000100000001000000010000000 
2 0 0 0 2 2 0 0  10001100100010001000100010001000100010001000100010001000100010001000100010001000100010001000110010001100100010001000100010001000100010011000100010001000100010001000100010001000100010001000100010001100 
2 2 2 2 2 2 2 0  11111101110111011111110101111111111111111111111111110110110101101011111011111110111111011111111011111100110111101101111011111010110111111111011111011111111111011111111111101111111111001001010010001000 
2 0 0 0 2 1 0 0  10001100100010001000100010001000100010001000100010001000100010001000100010001000100010001000110010001100100010001000100010001000100010001000100010001000100010001000100010001000100010001000100010000000 
2 2 2 2 2 2 2 0  11111111111111111111111111111111111111111111011111111110111101111101111011011110111111011111111011111100110111001101111011111010110111111111011111011111111111011111111111111111111111001001010010001101 
2 0 0 0 2 1 0 0  10001000100010001000100010001100100010001000100010001000100010001000100010001000100011001000100010001100100010001000110010001000100011001000100010001000100010001000100010001000100010001000100010001100 
2 0 0 0 2 2 0 0  10001100100010001000110010001000100010001000100010001000100011001000100010000000100000001000100010001000100010001000100010001000100010001000100010001000100010001000000010000000100010001000100010001000 
2 0 0 0 2 0 0 0  10000000100000001000100010001000100000001000100010001000100000001000000010000000100000001000000010000000100000001000000010000000100010001000100010000000100010001000000010000000100000001000000010000000 
2 0 0 0 2 2 0 0  10001100100011001000110110001100100011001000100010001000100011001000110010001000100011101100100011001100100011001000100010001000100000001000100010001000100010001000110010001100100011001000100010001100 
2 0 0 0 2 0 0 0  10000000100010001000100010001000100000001000000010000000100000001000000010000000100000001000000010000000000010001000000010000000100000001000100010000000100000001000000010000000100000001000100010000000 
2 2 2 2 2 2 2 0  11111101111111111111111111111111111111111111111111111110111101111101111011111110111111111111111011111110111111111111111111111111111111111111111111111111111111111111111111111111111111101111111011111110 
2 0 0 0 2 0 0 0  10001000100000001000100010000000100000001000000010000000100000001000000010000000100000001000000010000000100000001000000010000000100000001000000010000000100000001000000010000000100000001000000010000000 
2 0 0 0 2 0 0 0  10000000100000001000100010001000100000001000100010001000100000001000000010000000100000001000100010001000100000001000100010001000100010001000100010001000100010001000100010000000100000001000100010000000 
2 2 2 2 2 2 2 0  11111111110111011111110101111111110111101111111111010110110101101011111011111110111111011111111011111100110111101101111011111010110111111111011111011111111111011111111111111111111111001001010010001101 
2 0 0 0 2 2 0 0  10001000100010001000110010001000100010001000100010001000100011001000100010001000100010001000100010001000100010001000100010001001100010001000100010001000100010001000100000001100100011001000100010001000 
2 0 0 0 2 2 0 0  10001000100011001000110010001100100010001000100010001000100010001000100010001000100011101000100010001100100011001000100010001000100010001000100010001000100010001000110010001100100011001000100010001100 
2 0 0 0 0 0 0 0  10000000100000001000000010000000100000001000000010000000100000001000000010000000100000001000000010000000100000001000000010000000100000011000000010000000100000001000000010000000100000001000100010000000 
2 0 0 0 2 0 0 0  10000000100010001000000010000000100000001000000010000000100000001000000010000000100000001000000010000000100000001000000010000000100000001000000010000000100000001000000010000000100000001000100010000000 
2 0 0 0 2 0 0 0  10001000100010001000000010001000100010001000000010001000100000001000000010000000100000001000000010000000100000001000000010000000100000001000000010000000100000001000000010000000100000001000000010000000 
2 0 0 0 2 2 0 0  10001000100011001000110010001100100010001000100010001000100010001000100010001000100010001000110010001100100011001100100010001000100010001000100010001100100010001000110010001100100011001000100010001100 
2 0 0 0 2 0 0 0  10001000100000001000100010000000100000001000000010000000100000001000000010000000100000001000000010000000100000001000000010000000100000001000000010000000100000001000000010000000100000001000000010000000 
2 0 0 0 0 0 0 0  10000000100010001000000010000000100000001000000010000000100000001000000010000000100000001000000010000000100000001000000010000000100000001000000010000000100000001000000010000000100000001000000010000000 
2 0 0 0 2 2 0 0  10001100100011001000100010001000100011001000100010001000100011001000110010001000100011101000100010001100100010001000100010001000100011001000100010001000100010001000110010001100100011001000100010001100 
2 0 0 0 2 0 0 0  10001000100010001000100010001000100010001000100010001000100010001000100010001000100000001000100010001000100010001000100010001000100010001000100010001000100010001000110010001000100010001000100010000000 
2 0 0 0 2 0 0 0  10001000100000001000000010000000100010001000100010001000100000001000000010000000100010001000000010001000100000001000100010000000100000001000100010000000100010001000000010000000100000001000100010000000 
2 0 0 0 2 1 0 0  10001000100010001000100010001000100010001000100010001000100010001000100010001000100010001000110010001100100010001000100010001000100010001000100010001000100010001000100010001000100010001000100010000000 
2 2 0 2 2 2 2 0  10011101100111011001110110010010100011001000111010011100100011011111110111111100111111011111111111111100110111001101011111011010111111111111011111001011100101011001110011001100110011001001000010001101 
2 0 0 0 2 0 0 0  10000000100000001000000010000000100000001000100010001000100000001000000010000000100000001000000010000000100000001000000010000000100000001000100010000000100000001000000010000000100010001000100010001000 
2 0 0 0 2 1 0 0  10001000100010001000100010001000100010001000100010001000000010001000100010001000100011001000100010001100100010001000110010001000100011001000100010001000100010001000100010001000100010001000100010001100 
2 2 2 2 2 2 1 0  11111101110111011111110101111111111111111111111111110100100011011111110101111100100011101000100010001100100010011000101010001000100010001100110110011000100101011010110010001100100011001000110010001100 
2 0 0 2 2 2 0 0  10011101100111011001110010001000100011001001110010001000100011001100110110001001100011101000110010001100100011001100100010001101100010001000110110011000110101011000110010001100100011001000110010001100 
2 0 0 2 2 2 0 0  10011101100111011001110010001000100011001001110010001000100011001100110110001001100011101000110010001100100011001100100010001101100010001000110110011000110101011000110010001100100011001000110010001100 
2 0 0 0 2 0 0 0  10000000100000001000100010001000100000001000100010001000100000001000000010000000100000001000000010000000100000001000000010000000100010001000100010000000100000001000100010001000100010001000100010000000 
2 0 0 0 2 2 0 0  10001100100011011000110010001110100011001000100010001000100010001000100010001000100011101000101010001100100011001000100010001000100010001000100010001000100010001000110010001100100011001000100010001100 
2 2 2 2 2 2 2 0  11011101110101011001110110010110100011001000111010011000100101101011111011111110111111011111111011111100110111101101111011111010110111111111011111011111111111011111111111111111111111001001010010001101 
2 0 0 0 2 2 0 0  10001100100010001000100010001000100010001000100010001000100010001000100010001000100011101000100010001100100011001000100010101000100010001000100010001000100010001000110010001100100011001000100010001100 
2 0 0 0 2 0 0 0  10001000100000001000000010000000100010001000100010001000100000001000000010000000100010001000000010001000100000001000100010000000100000001000100010000000100010001000000010000000100000001000100010000000 
2 0 0 0 2 2 0 0  10001100100011001000100010001000100011001000100010001000100011001000110010001000100011101000100010001100100010001000100010001000100011001000100010001000100010001000110010001000100010001000100010000000 
2 0 0 0 2 2 0 0  10001100100011011000110010001110100011001000100010001000100010001000100010001000100011101000101010001100100011001000100010001000100010001000100010001000100010001000110010001100100011001000100010001100 
2 0 0 2 2 2 0 0  10011101100111011001110111010011100011001000101010011100100011001000110011001000100111101000110010001100100011001100100010001101100010001000110110011000100101011000110010001100100011001000111010001100 
2 0 0 2 2 2 0 0  10011100100011001000110010001100100011001000100010001000100000001000100010011001100011101000101010001100100011001000100010001000100010001000100010001000100010001000110010001100100011001000100010001100 
2 0 0 0 2 0 0 0  10001000100010001000100010000000100000001000000010000000100000001000000010000000100000001000000010000000000010001000000010000000100000001000000010000000100000001000000010000000100000001000000010000000 
2 0 0 0 2 0 0 0  10000000100000001000000010000000100000001000100010001000100000001000000010000000100000001000000010000000100000001000000010000000100000001000100010000000100000001000000010000000100000001000100010000000 
2 0 0 0 2 2 0 0  10001100100011001000110110001100100011001000100010001000100011001000110010001000100011101100100011001100100011001000100010001000100010001000100010001000100010001000110010001100100011001000100010001100 
2 2 2 2 2 2 2 0  11111101111111101111110111111111111111111111111111110110110101101001111010111110111111111111111011111110111111111111111011111111111111111111111111111111111111111111111111111111111111111111111010001100 
2 0 0 2 2 2 0 0  10011100100111011001110010001000100011001001110010001000100011001000110010001000100011001000100010001100100011001000000010001001100110001000100010001000100010001000110010001100100010001000100010000000 
2 0 0 2 2 2 0 0  10011101100111011001110010001000100011001001110010001000100011001000110010001000100011001000100010001100100011001000100010001100100010001000100010001000100010001000110010001100100011001000100010001100 
2 0 0 2 2 2 0 0  10011100100111011001110010001000100011001001110010001000100011001000110010001000100011001000100010001100100011001000100010001000100010001000100110001000101010001000110010001100100011001000100010001100 
2 2 2 2 2 2 2 0  11111101111111101111110111111111111111111111111111110110110101101101111011111110111111111111111011101110111111111111111111111111111111111111111111111111111111111111111111111111111111101111111011111110 
2 0 0 2 2 2 0 0  10011100100111011001110010001000100011001001110010001000100011001000110010001000100011001000100010001100100011001000000010001001100110001000100010001000100010001000110010001100100011001000100010001100 
2 2 0 2 2 2 0 0  10011101100111011001110110010010100011001000111010011100100011011111110111111100111111011111111111111100110111001101011111011010111111111111011111001011100101011000110010001100100011001001010010001101 
2 0 0 0 2 0 0 0  10000000100000001000100010001000100000001000100010001000100000001000000010000000100000001000000010001000100000001000100010001000100010001000100010000000100000001000000010000000100010001000100010001000 
2 0 0 2 2 2 0 0  10011101100111011001110111010011100011001000101010011100100011001000110011001000100111101000110010001100100011001100100010001101100010001000110110011000100101011000110010001100100011001000110010001100 
2 0 0 2 2 2 2 0  10011101100111011001110110010011100011001000101010011100100011011001110010001010100011001000100010001010100111001101111110111010011111111111011111011011100101011001010110001100100011001000100010001100 
2 0 0 0 2 0 0 0  10000000100000001000100010001000100000001000100010001000100000001000000010000000100000001000000010000000100000001000000010000000100000001000000010000000100000001000000010000000100000001000000010000000 
2 0 0 0 2 2 0 0  10001100100011001000110110001000100111001001110010001011100011001000110011001000100011001000100010101100100011001000100010001100100010001000110010001000100010001000110010001110100011001100101010001100 
2 0 0 2 2 2 0 0  10011101100111011001110010001000100011001001110010001000100011001000110010001000100011001000100010001100100011001000000010001000100010001000100010001000100010001000110010001100100011001000100010001000 
2 0 0 0 2 2 0 0  10001000100010001000110010001000100010001000100010001000100011001000100010001000100010001000110010001100100010001000100010001000100010001000100010001000100010001000110010001100100011001000100010001100 
2 0 0 0 2 0 0 0  10001000100010001000100010001000100010001000100010001000100010001000100010001000100000001000100010001000100010001000100010001000100010001000100010001000100010001000000010000000100010001000100010001000 
2 0 0 0 2 0 0 0  10001000100010001000000010000000100000001000000010000000100000001000000010000000100000001000000010000000100000001000000010000000100000001000000010000000100000001000000010000000100000001000000010000000 
