3 0 0 0 0 0 0 0  10000000100000001000000010000000100000001000000010000000100000001000000010000000100000001000000010000000100000001000000010000000100000001000000010000000100000001000000010000000100000001000000010000000 
2 2 2 2 2 2 2 0  11111111111111111111111111111111111111101111111111111111111111111101111011111110111111101111111111111111111111111111111111111111111111111111111111111111111111111111111111111111111111101111111011111110 
2 2 2 2 2 2 2 0  11111111111111111111111111111111111111101111111111111111111111111101111011111110111111101111111111111111111111111111111111111111111111111111111111111111111111111111111111111111111111101111111011111110 
3 0 0 0 0 0 0 0  10000000100000001000000010000000100000001000000010000000100000001000000010000000100000001000000010000000100000001000000010000000100000001000000010000000100000001000000010000000100000001000000010000000 
3 0 0 0 2 0 0 0  10000000100010001000100010000000100000001000000010000000100000001000100010000000100000001000000010000000100000001000000010000000100010001000000010000000100010001000100010001000100000001000000010001000 
2 0 0 0 1 0 0 0  10001000100000001000000010000000100000001000000010000000100000001000000010000000100000001000000010000000100000001000000010000000100000001000000010000000100000001000000010000000100000001000000010000000 
2 0 0 0 2 2 0 0  10001100100010001000100010001100100011001000110010001000100011001000110010001000100010001000110110001100100010001000110110001001100011001000110010001100100010001000100010001000100011001000100010001100 
2 0 0 0 2 2 0 0  10001100100010001000110010001000110010001000110010001000100010001000100010001100100010001000100010001000100010001000100110001000100011001000110010001100100010001000100010001000100011001000110110001100 
2 0 0 0 1 0 0 0  10001000100010001000000010000000100000001000000010000000100000001000000010000000100000001000000010000000100000001000000010000000100000001000000010000000100000001000000010000000100000001000000010000000 
2 0 0 0 1 0 0 0  10001000100000001000100010000000100000001000000010000000100000001000000010000000100000001000000010000000100000001000000010000000100000001000000010000000100000001000000010000000100000001000000010000000 
2 0 0 0 2 0 0 0  10001000100010001000100010000000100000001000000010000000100000001000000010000000100000001000000010000000000010001000000010000000100000001000000010000000100000001000000010000000100000001000000010000000 
2 0 0 0 2 2 0 0  10001000100011001000100010001100100011001000100010001000100010001000100010001000100000001000100010001000100010001000100010001000100011001000110010001100100010001000100010001000100010001000100010001000 
2 0 0 0 2 0 0 0  10001000100010001000000010000000100010001000000010001000100000001000000010000000100000001000000010000000100000001000000010000000100000001000000010000000100010001000000010001000100000001000100010000000 
2 2 2 2 2 2 2 0  11111101111111111111111111111111111111101111111111111111111111111101111011111110111111101111111111111111111111111111111111111111111111111111111111111111111111111111111111111111111111101111111111111110 
3 0 0 0 2 0 0 0  10000000100000001000100010000000100010001000000010001000100000001000000010000000100000001000000010001000100000001000100010001000100010001000000010000000100010001000100010001000100000001000000010001000 
2 0 0 0 2 0 0 0  10001000100000001000100010000000100000001000000010001000100000001000100010000000100000001000000010000000100000001000000010000000100010001000000010000000100010001000000010001000100000001000100010000000 
2 0 0 2 2 2 0 0  10011101100111001001110110011101100111001001110010001100100111001101111011010100100011001000110111001100100011001111110110001110110011001000110110011101110011001001110010001010100011001000110010001100 
3 0 0 0 1 0 0 0  10000000100010001000000010000000100000001000000010000000100000001000000010000000100000001000000010000000100000001000000010000000100000001000000010000000100000001000000010000000100000001000000010000000 
2 0 0 0 2 2 0 0  10001000100011001000110010001100100011001000110010001000100010001000110010001000100010001000100010001100100010001000110110001000100011001000110110001100100010001000110010001000100011001000100010001100 
2 0 0 0 2 2 0 0  10001101100011001000110010001100100011001000111010001000100010001000110010001000100010001001110110001100100010001000110110001000100011001000110010001101100011001001110010001000100011001001100010001100 
2 0 0 0 2 2 0 0  10001000100011001000100010001100100011001000110010001000100011001000110010001000100010001000100010001000100000001000100010000000100011001000110010001100100010001000100010001000100011001000100010001100 
2 0 0 0 2 2 0 0  10001101100011001000110010001100100011001000110010001000100010001000110010001000100010001001110110001100100010001000110110001000100011001000110010001101100011001001110010001000100011001000100010001100 
3 0 0 0 2 0 0 0  10000000100010001000000010000000100000001000000010000000100000001000000010000000100000001000000010000000100000001000000010001000100010001000000010000000100000001000000010000000100000001000000010000000 
2 0 0 0 2 2 0 0  10001101100011001000110010001100100011001000110010001000100010001000110010001000100010001000100010001000100010001000100110001000100011001000110010001101100011001000110010001000100011001000100010001100 
2 0 0 2 2 2 0 0  11011101110111001001110110011101100111001001110110001100100111001110110010010000100011001000110111001100100011001101110110001000100011001000110010001100100010001000100010001001100011001000100010011100 
2 0 0 0 2 0 0 0  10001000100010001000100010001000100010001000100010001000110010001000100010001000100010001000100010001000100010001000100110001000100010001000100010001000110010001000100010001001100010001000100010001000 
3 0 0 0 1 0 0 0  10000000100000001000100010000000100000001000000010000000100000001000000010000000100000001000000010000000100000001000000010000000100000001000000010000000100000001000000010000000100000001000000010000000 
2 0 0 0 2 2 0 0  10001000100011001000110010001100100011001000110010001000100010001000110010001000100010001000100010001000100000001000100010000000100011001000110010001100100010001000100010001000100011001000100010001000 
2 0 0 0 2 2 0 0  10001100100010001000100010001000100010001000110010001000100010001000100010001100100010001000100010001000100010001000110110001000100011001000110010001100100010001000100010001001100011001000100010000000 
2 2 2 2 2 2 2 0  11111101111111111111111111111111110111001111110010001100100111001101111010010101100011001000110111001100101111111111111110111111111111111111111111111111111111111111111111111111011111101111111011111110 
2 0 0 0 2 2 0 0  10001100100011001000100010001100100011001000100010001000100010001000100010001000100000001000100010001000100010001000100010001000100010001000110010001100100011001000100010001000100011001000100010001100 
2 2 2 2 2 2 2 0  11111101111101011111010110011100100111001111110010001100100111001101111010010101100011001000110111001100101111111111111110111111111111111111111111111111111111111111111111111111111111101111111011111110 
3 0 0 0 2 0 0 0  10000000100010001000000010000000100000001000000010001000100000001000100010000000100000001000000010000000100000001000000010000000100010001000000010000000100010001000000010001000100000001000100010000000 
2 0 0 2 2 2 0 0  11011101110111001001110110011101100111001001110110001100100111001110110010010100100011001000110111001100100011001101110110001010110011001000110010111101110011001001110010001010100011001000110010001100 
3 0 0 0 2 0 0 0  10000000100000001000100010000000100000001000000010000000100000001000000010000000100000001000000010000000100000001000100010000000100000001000000010000000100000001000000010000000100000001000000010000000 
2 2 2 2 2 2 2 0  11111101111101011111010110110111111111101101111011111111111111111101111011111110111111101111111111111111111111111111111111111111111111111111111111111111111111111111111111111111111111101111111011111110 
2 0 0 0 2 0 0 0  10001000100000001000000010000000100010001000000010001000100000001000000010000000100000001000000010001000100000001000100010001000100010001000000010000000100010001000100010001000100000001000000010000000 
2 0 0 0 2 0 0 0  10001000100000001000000010000000100010001000000010001000100000001000000010000000100000001000000010000000100000001000000010000000100000001000000010000000100000001000000010000000100000001000000010000000 
2 0 0 0 2 2 0 0  10001000100011001000100010001100100011001000110010001000100011001000110010001000100010001000110110001100100010001000110110001001100011001000110010001100100010001000110010001000100011001000110010001100 
2 2 2 2 2 2 0 0  11111101111101011111110110011101100111001001110110001100100111001110110010010000100011001000110111001100100011001101110110001000100011001000110010001100100010001000100010001001100011001000100010011100 
2 2 2 2 2 2 2 0  11111111111111111111111111111111111111101111111111111111111111111101111011111110111111001111111111111111111111111111111111111111111111111111111111111111111111111111111111111111111111101111111011111110 
2 0 0 2 2 2 0 0  10011101100111001001110110011100100011001000110010001000100011001000110010001000100010001000110110001100100010001000110110001001100011001000110010001100100010001000110010001000100011001000110010001100 
3 0 0 0 0 0 0 0  10000000100000001000000010000000100000001000000010000000100000001000000010000000100000001000000010000000100000001001000010000000100000001000000010000000100000001000000010000000100000001000000010000000 
3 0 0 0 2 0 0 0  10000000100010001000000010000000100000001000000010001000100000001000100010001000100000001000100010001000100000001000100010000000100010001000100010000000100010001000000010001000100000001000100010001000 
2 0 0 0 2 2 0 0  10001100100010001000100010001000100011001000100010001000100010001000100010001000100010001000100010001000000010001000100010000000100010001000110010001101100010001000100010001000100011001000100010001100 
3 0 0 0 1 0 0 0  10000000100010001000100010000000100000001000000010000000100000001000000010000000100000001000000010000000100000001000000010000000100000001000000010000000100000001000000010000000100000001000000010000000 
3 0 0 0 2 0 0 0  10000000100000001000000010000000100000001000000010000000100000001000100010000000100000001000100010001000100000001000100010000000100010001000100010000000100010001000000010001000100000001000100010001000 
2 0 0 0 2 2 0 0  10001000100010001000110010001000100011001000100010001000100010001000100010001000100010001000100010001000100010001000100010000000100011001000110010001100100010001000100010001000100011001000100010001000 
2 0 0 2 2 2 0 0  10011101100111001001110110011101100111001001110010001100100111001101110010010100100011001000110110001100100010001000110110101001100011001000110010001100100010001000110010001000100011001000110010001100 
2 0 0 0 2 0 0 0  10001000100010001000100010001000100010001000100010001000100010001000100010000000100000001000000010000000100000001000000010000000100000001000000010000000100000001000000010000000100000001000000010000000 
2 0 0 0 2 0 0 0  10001000100010001000100010001000100010001000100010001000100010001000100010001000100000001000100010001000100010001000100010000000100010001000100010000000110010001000100010001001100010001000100010001000 
2 0 0 0 2 2 0 0  10001000100010001000100010001000100010001000100010001000100010001000100010001000100000001000100010001000100010001000100010001001100011001000100010001100100010001000100010001000100011001000100010001100 
2 0 0 2 2 2 0 0  11011101110111001001110110011101100111001001110010001100100111001101110010010100100011001000110101001100100010001000110110001100100011001000110010001101100011001001110010101011100011011000100010001100 
2 0 0 0 2 2 0 0  10001100100011001000110010001101100011001000110010001000100010001000110010001000100010001000110110001100100010001000110110001001100011001000110010001100100010001000110010001000100011001000110010001100 
2 2 2 2 2 2 0 0  11111101111101011111110110011101100111001001110110001100100111001100111011010100100011001000110101001100100010001000110100001100100011001000110010001101100011001001110010001000100011001000100010001100 
3 0 0 0 2 0 0 0  10000000100000001000100010000000100000001000000010000000100000001000100010000000100000001000000010000000100000001000000010000000100000001000000010000000100010001000000010001000100000001000100010000000 
2 0 0 0 2 0 0 0  10001000100010001000100010001000100010001000100010001000100010001000100010001000100010001000100010001000100000001000100010000000100010001000100010000000100010001000000010001000100000001000100010001000 
2 0 0 2 2 2 0 0  11011101110111001001110110011101100111001001110010001100100111001101110010010100100011001000110101001100100010001000110110001100100011001000110010001101100011001001110010101000100011001000100010001100 
2 0 0 0 2 0 0 0  10001000100000001000100010000000100000001000100010001000100000001000100010000000100000001000000010000000100000001000000010000000100010001000000010000000100010001000000010000000100000001000000010000000 
3 0 0 0 2 0 0 0  10000000100000001000100010000000100010001000000010001000100000001000000010000000100000001000000010001000100000001000100010001000100010001000000010000000100010001000000010000000100000001000000010000000 
2 0 0 0 2 0 0 0  10001000100000001000000010000000100010001000000010001000100000001000000010000000100000001000000010000000100000001000000010000000100010001000000010000000100010001000100010001000100000001000000010001000 
3 0 0 0 1 0 0 0  10000000100010001000100010000000100000001000000010000000100000001000100010000000100000001000000010000000100010001000000010000000100000001000000010000000100000001000000010000000100000001000000010000000 
2 0 0 0 2 0 0 0  10001000100010001000110010001000100011001000100010001000100010001000100010001000100010001000100010001000100010001000100010000000100010001000100010000000100010001000000010001000100000001000100010001000 
2 2 2 2 2 2 2 0  11111101111101011111010110011101100111001101110010001100100111001101111010010100100011001000110111001100100011001101110110101110110011001000110110011101110011001001110111111111111111101111111011111110 
2 0 0 0 2 2 0 0  10001000100010001000100010001100100011001000110010001000100011001000110010001000100010001000110110001100100010001000110110001001100011001000110010001100100010001000110010001000100011001000110010001100 
2 0 0 0 2 0 0 0  10001000100010001000000010000000100010001000000010000000100000001000000010000000100000001000000010000000100000001000000010000000100000001000000010000000100000001000100010000000100000001000000010000000 
4 0 0 2 2 2 0 0  10011101100111001001110110011101100111001001110010001100100111001101110010010100100011001000110101001100100010001000110110001100100011001000110010001101100011001001110010101011100011011000100010011100 
2 0 0 0 2 0 0 0  10001000100010001000100010001000100010001000100010001000100010001000100010001000100010001000100010001000100000001000100010000000100000001000000010000000100000001000000010000000100000001000000010000000 
3 0 0 0 2 0 0 0  10000000100010001000000010000000100000001000000010001000100000001000100010001000100000001000100010001000100000001000100010000000100010001000100010000000100010001000000010000000100000001000000010000000 
2 0 0 0 2 2 0 0  10001000100010001000110010001000100011001000100010001000100010001000100010001000100010001000100010001000100010001000100110001000100011001000110010001101100011001000110010001000100011001000100010001100 
2 0 0 0 2 0 0 0  10001000100010001000100010001000100010001000100010001000100010001000100010001000100010001000100010001000100010001000100110001000100010001000100010001000110010001000100010001001100010001000100010001000 
2 0 0 2 2 2 0 0  10011101100111001001110110011101100111001001110010001100100111001101110010010100100011001000110101001100100010001000110110001100100011001000110010001101100011001001110010101011100011011000100010001100 
2 0 0 2 2 2 0 0  11111101111101011111010110011101100111001101110010001100100111001101111010010100110011001000110111001100100011001101110110101110110011001000110110011101100011001001110010001000100011001000100010001100 
2 0 0 0 2 2 0 0  10001000100010001000110010001000100011001000100010001000100010001000100010001000100010001000100010001000100010001000100110001000100011001000110010001101100011001000110010001000100011001000100010001100 
2 0 0 0 2 2 0 0  10001000100011001000100010001100100011001000110010001000100011001000110010001000100010001000111110001100100010001000110110001001100011001000110010001100100010001000110010001000100011001000110010001100 
2 0 0 2 2 2 0 0  10011101100111001001110110011100100011001000100010001000100010001000100010001000100000001001100010001000100010001000100010001000100011001000110010001100100010001000110010001000100011001000100010001100 
2 0 0 0 1 0 0 0  10001000100000001000000010000000100000001000000010001000100000001000000010000000100000001000000010000000100000001000000010000000100000001000000010000000100000001000000010000000100000001000000010000000 
2 0 0 0 2 2 0 0  10001100100011001000110010001100100011001000110010001000100010001000110010001000100010001000110110001100100010001000110110001000100011001000110010001100100011001000100010001000100011001000100010001100 
2 0 0 0 2 2 0 0  10001100100011001000100010001100100011001000100010001000100010001000100010001000100010001000100010001000100010001000100110001000100011001000110010001101100011001000110010001000100011001000100010001100 
3 0 0 0 2 0 0 0  10000000100000001000000010000000100000001000000010001000100000001000100010000000100000001000000010000000100000001000000010000000100010001000000010000000100010001000000010001000100000001000100010000000 
2 0 0 2 2 2 0 0  10011101100111001001110110011101100111001001110010001100100111001101110010010100100011001000110101001100100010001000110110001100100011001000110010001100100010001000100010001001100011001000100010001100 
2 0 0 0 2 2 0 0  10001100100011001000100010001100100011001000110010001000100011001000110010001000100010001000110111001100100010001000110110001000100011001000110110001100100010001000110010001000100011001000100010001100 
2 0 0 2 2 2 0 0  10011101100111001001110110011100100011001000110010001000100010001000100010001100100010001000100010001100100010001000100010001000100011001000110010001100100010001000110010001000100011001000100010001100 
2 2 2 2 2 2 2 0  11111101111101011111111111110111111111101101111011111111111111111111111011111110111111101111111111111111111111111111111111111111111011111111111111111111111111111111111111111111111111101111111011111110 
2 0 0 0 2 0 0 0  10000000100000001000100010000000100000001000000010001000100000001000000010000000100000001000000010000000100000001000000010000000100010001000000010000000100010001000000010001000100000001000100010000000 
3 0 0 0 2 0 0 0  10000000100000001000000010000000100010001000100010000000100000001000000010000000100000001000000010000000100000001000000010000000100000001000000010000000100000001000100010000000100000001000000010000000 
2 0 0 0 2 2 0 0  10001101100011001000110010001100100011001001110010001100100111001100110010010100100011001000110101001100100010001000110110001000000011001000110010001101100011001001110010001011100011011000110110001100 
2 0 0 2 2 2 0 0  10011101100111001001110110011101100111001001110010001100100111001101110010010100100011001000110101001100100010001000110110001100100011001000110010001101100011001001110010101011100011011000100010001100 
2 0 0 0 2 2 0 0  10001000100010001000100010001000100010001000100010001000100011001000110010001000100011001000110110001100100010001000110110001001100011001000110010001100100010001000100010001000100011001000100010001000 
3 0 0 0 0 0 0 0  10000000100000001000000010000000100000001000000010000000100000001000000010000000100000001000000010000000100000001001000010000000100000001000000010000000100000001000000010000000100000001000000011000000 
2 0 0 0 2 0 0 0  10001000100010001000100010000000100010001000000010001000100000001000000010000000100000001000000010000000100000001000000010000000100000001000000010000000100000001000000010000000100000001000000010000000 
2 0 0 0 2 2 0 0  10001100100011001000100010001100100011001000100010001000100010001000100010011000100010011000100010001000100010001000100110001000100011001000110010001101100011001000110010001000100011001000100010001100 
2 0 0 0 2 0 0 0  10001000100010001000100010001000100010001000000010001000100000001000100010001000100000001000100010001000100000001000100010000000100010001000100010000000100010001000000010001000100000001000100010001000 
2 0 0 0 2 2 0 0  10001100100011001000110010001100100011001000110010001000100010001000110010001000100010001000100010001000100000001000100010000000100011001000110010001100100010001000100010001000100011001000100010001100 
2 0 0 0 2 0 0 0  10001000100010001000100010001000100010001000100010000000100000001000000010000000100000001000000010000000100000001000000010000000100000001000000010000000100000001000000010000000100000001000000010000000 
2 2 2 0 2 2 0 0  11111101111101011111010110011101100111001101110010001100100111001101111010010100100011001000110111001100100011001101110110001001100011011000110010001101110011001001110010001000100011001000100011001100 
2 2 2 2 2 2 2 0  11111101111101011111111111110111111111101101110011111111111111111111111011111110111111101111111111111111111111111111111111111111111011111111111111111111111111111111111111111111111111101111111011111110 
2 2 2 0 2 2 0 0  11111101111101011111010110011101100111001101110010001100100111001101111010010100100011001000110111001100100011001101110110001001100011011000110110001101110011001001110010001000100011001000100011001100 
2 0 0 0 2 2 0 0  10001101100011001000110010001100100011001000110010001000100010001000110010001000100010001001110110001100100010001000110110001000100011001000110010111101110011001001110010001010100011001000110010001100 
3 0 0 0 2 0 0 0  10000000100000001000000010000000100000001000000010000000100000001000100010000000100000001000100010001000100000001000100010000000100010001000100010000000100010001000000010001000100000001000100010000000 
