3 0 0 0 0 0 0 0  10000000100000001000000010000000100000001000000010000000100000001000000010000000100000001000000010000000100000001000000010000000100000001000000010000000100000001000000010000000100000001000000010000000 
2 0 2 2 1 2 2 0  11111111111111111111111111111111111111111111111111111111111111111101111011111110111111111111111111111110111111111111111011111111111111111111111111111111111111111111111111111111111111101111111011111111 
3 0 0 0 0 0 0 0  10000000100000001000000010000000100000001000000010000000100000001000000010000000100000001000000010000000100000001000000010000000100000001000000010000000100000001000000010000000100000001000000010000000 
2 0 2 2 1 2 2 0  11111111111111111111111111111111111111111111111111111111111111111101111011111110111111111111111111111110111111111111111011111111111111111111111111111111111111111111111111111111111111101111111011111111 
2 0 0 2 0 2 0 0  10010100100101001001010010010100101100001001000010010100100101001001010010011100100100001001010010010101100100001001010010010100100101011101000010010010100101001001000010010100100100001001000010010100 
2 0 0 2 0 0 0 0  10010000100100001001000010000000100000001000000010000000100000001000000010000000100000001000000010000000100000001000000010000000100000001000000010000000100000001000000010000000100000001000000010000000 
3 0 0 0 0 0 0 0  10000000100000001000000010000000100000001000000010000000100000001000000010000000100000001000000010000000100000001000000010000000100000001000000010000000100100001000000010000000100000001001000010010000 
2 0 0 0 0 0 0 0  10010000100000001000000010000000100000001000000010000000100000001000000010000000100000001000000010000000100000001000000010000000100000001000000010000000100000001000000010000000100000001000000010000000 
2 0 0 2 0 0 0 0  10010000100000001001000010000000100000001000000010000000100000001001000010000000100000001001000010010000100000001000000010000000100000001001000010000000100100001001000010000000100000001001000010010000 
2 0 0 2 0 0 0 0  10010000100000001000000010000000100100001001000010000000100000001000000010000000100000001000000010000000100100001001000010000000100100001000000010010000100100001001000010000000100000001001000010010000 
3 0 0 2 0 0 0 0  10000000100100001001000010000000100000001000000010000000100000001001000010000000100000001000000010000000100000001000000010000000100000001000000010000000100000001000000010000000100000001000000010000000 
2 0 0 2 0 2 0 0  10010100100101001001010010010100100100001001000010010000100101001001010110010100100100001001010010010101100110001001010010010100100101001001000010010000100100001001000010010000100100001001000010010100 
3 0 0 2 0 0 0 0  10000000100000001000000010000000100000001000000010000000100000001000000010000000100000001001000010010000100000001000000010000000100100001001000010010000100100001001000010000000100000001000000010010000 
3 0 0 2 0 0 0 0  10000000100100001001000010010000100000001000000010000000100000001000000010000000100000001001000010010000100100001001000010000000100100001001000010010000100100001001000010000000100000001001000010010000 
2 0 0 2 0 0 0 0  10010000100100001000000010000000100000001000000010000000100000001000000010000000100000001000000010000000100000001000000010000000100000001000000010000000100000001000000010000000100000001000000010000000 
2 0 0 2 0 2 0 0  10010100100100001001000010010000100100001001000010010100100100001001000010010000100100001001000010010100100100001001000010010000100100001001000010010000100100001001000010000000100000001001000010010000 
2 0 0 2 0 0 0 0  10010000100100001001000010010000100100001001000010010000100100001001000010010000100100001001000010010000100100001001000010010000000100001001000010010000100100001001000010010000100100001001000010010000 
3 0 0 0 1 0 0 0  10000000100000001000100010000000100000001000000010000000100000001000000010000000100000001000000010000000100000001000000010000000100000001000000010000000100000001000000010000000100000001000000010000000 
2 0 0 2 0 0 0 0  10010000100100001001000010010000100100001001000010010000100100001001000010010000100100001001000010010100100100001001000010010100100100001001000010010000100100001001000010010000100100001001000010010000 
3 0 0 0 0 0 0 0  10000000100100001000000010000000100000001000000010000000100000001000000010000000100000001000000010000000100000001000000010000000100000001000000010000000100000001000000010000000100000001000000010000000 
3 0 0 2 0 0 0 0  10000000100000001001000010000000100100001000000010000000100000001000000010000000100100001000000010010000100100001001000010000000100100001001000010010000100100001001000010010000100100001001000010010000 
2 0 0 2 0 0 0 0  10010000100000001000000010000000100000001000000010000000100000001001000010000000100000001000000010000000100000001000000010000000100000001000000010000000100100001000000010000000100000001001000010010000 
2 0 0 2 0 2 1 0  11010101100101011001010110010101100101001001111010010110100101001001010010010100100100001001010010010101100111001001001010010100100101001101000010010010100101011001110010010010110100111001000010010111 
3 0 0 2 0 0 0 0  10000000100000001001000010000000100100001000000010000000100000001000000010000000100100001000000010010000100100001000000010000000100000001000000010000000100000001000000010000000100000001000000010000000 
2 0 0 2 0 0 0 0  10010000100100001000000010000000100100001001000010000000100000001000000010000000100000001000000010000000100000001000000010000000100000001001000010010000100000001001000010000000100000001000000010000000 
2 0 0 2 1 2 2 0  11010101110101011001010110010101100101001001111010010111100101001001010010010100100100001001010010010101100111101001010010010100110110111111011111111111110101011001010010010011111111101111111011111111 
2 0 0 2 0 0 0 0  10010000100000001001000010000000100000001000000010000000100000001000000010000000100000001000000010000000100000001000000010000000100000001000000010000000100000001000000010000000100000001000000010000000 
2 0 2 2 1 2 1 0  11010101110101011001010110010101100101001001111010010111110101001001010010010100100101001001010010010101100111101001001010010100100101111111011111111111110101011001010010010011111111101101110010010111 
2 0 0 2 0 2 0 0  10010100100100001001000010010000100100001001000010010100100101001001010010010100100100001001000010010000100100001001000110010100100101001001000010010000100100001001000010010100100100001001000010010000 
3 0 0 2 0 0 0 0  10000000100000001001000010000000100000001000000010000000100000001001000010000000100000001000000010000000100100001001000010010000100100001000000010010000100100001001000010000000100000001001000010010000 
2 0 0 2 0 2 0 0  10010100100100001001010010010000100100001001000010010100100101001001010010010000100100001001000010010100100100001001000010010000100100001001000010010000100100001001000010010000100100001001000010010000 
2 0 0 2 0 2 0 0  10010101100101011001010110010101100101001001111010010100100100001001000010010000100100001001000010010100100100001001000010010000100100001001000010010000100101001001000010010000100100001001000010010000 
2 0 2 2 2 2 1 0  11111101111111011111110111111101100101001001111010010110100101001001010010011101111111101111011110010101100111001001001010010100100101001101000010010010100101011001110010010010110100111001000010010111 
2 0 0 2 0 2 0 0  10010000100101001001010010010100100100001001000010010100100101001001010010010100100100001001010010010100100100001001000010010000110100001001000010010001100100001001000010010000100100001001000010010100 
2 0 0 2 0 2 0 0  10010000100100001001010010010100100100001001000010010100100101001001010010010000100100001001000010010000100100001001000010010100100101001001000010010000100000001001000010010100100100001001000010010000 
2 0 0 2 1 2 1 0  11111101100101011101010110010101100101001001111010010100100101011001010010010100100100001001010010010101100111101001001010010100100101001101000110010010100101011001010010010010110100111001000010010100 
2 4 0 2 0 2 1 0  11111101110101011001010010010101100101001001110010010111110101001001010010010100100111001001010010010101100111101001001010010100100101001101000010010010100101011001110010010010110100111001000010010111 
2 0 0 2 0 2 0 0  10010101100101011001010110010101100101001001111010010100100101001001010010010100100100001001010010010101100111001001010010010100100101001001000010010100100100001001000010010000100100001001000010010100 
2 0 0 2 0 2 0 0  10010000100100001001010010010100100100001001000010010100100101001001010010010000100100001001000010010100100100001001000010010000100100001001000010010010100101001001000010010100100100001001000010010100 
2 0 2 2 1 2 2 0  11111101111111111111110111011101111111111111111111111111111111111101111011111110111111111111111111111110111111111111111011111111111111111111111111111111111111111111111111111111111111101111111011111111 
2 0 2 2 1 2 1 0  11111101110101011001010110010101100101001001111010010111110101001001010010010100100111001001010010010101100111101001001010010100100100111111011111111111110101011001010010010011111111101101110010010111 
3 0 0 2 0 0 0 0  10000000100100001001000010000000100000001000000010000000100000001000000010000000100000001001000010010000100000001000000010000000100000001001000010000000100100001001000010000000100000001001000010010000 
2 0 0 2 0 0 0 0  10010000100100001001000010010000100100001001000010010000100100101001000010010000100100001001000010010100100100001001000010010100100100001001000010010000100100001001000010010000100100001001000010011000 
2 0 0 2 0 2 0 0  10010101100101011001010110010101100101001001111010010100100101001001010010010100100100001001010010010101100100001001010010010100100101011101000010010010100101001001000010010100100100001001000010010100 
2 0 0 2 0 0 0 0  10010000100100001001000010010000100100001001000010000000100000001000000010000000100000001000000010000000100000001000000010000000100000001000000010000000100100001000000010000000100000001001000010010000 
2 0 2 2 1 2 2 0  11111101111111111111110111011101111111110111111111111111111111111101111011111110111111111111111111111110111111111111111011111111111111111111011111111111110101011001010010010011111111101101110011111111 
2 0 0 2 0 0 0 0  10010000100100001001000010010000100100001000000010000000100000001001000010000000100000001000000010000000100000001000000010000000100000001000000010000000100000001000000010000000100000001000000010000000 
2 0 0 2 0 2 0 0  10010000100101001001000010010100100100001001000010010000100100001001000010010000100100001001000010010100100100001001000010010000100100001001000010010000100100001001000010010000100100001001000010010000 
2 0 2 2 2 2 2 0  11111101111111011111110111111101111111111111111111111111111111111101111011111110111111111111111111111110111111111111111011111111111111111111111111111111111111111111111111111111111111101111111011111111 
2 0 0 2 0 2 0 0  10010000100101001001010010010000100100001001000010010000100100001001000010010100100100001001000010010100100100001001000010010000100100001001000010010000100100001001000010010000100000001000000010000000 
2 0 0 2 0 2 1 0  10010101100101011001110110010101100101001001111010010110100101001001010010010100100100001001010010010101100111001001001010010100100101001101000010010010100101011001110010011010110100111001000010010111 
3 0 0 2 0 0 0 0  10000000100100001000000010000000100100001000000010010000100100001001000010010000100100001001000010010000100100001000000010000000100000001000000010000000100000001000000010000000100000001000000010000000 
2 0 0 2 0 2 0 0  10010000100101001001010010010000100100001001000010010000100100001001000010010100100100001001000010010000100100001001000010010100100101001001000010010000100000001001000010010000100100001001000010010000 
2 0 0 2 0 2 1 0  10010101100101011101110110010101100101001001111010010110100101001001010010010100100100001001010010010101100111001001101010010100100101001101001111111111100111011001010010010010110100111001000010010100 
2 0 0 2 0 2 0 0  10010100100101001001000010010100100100001001000010000000100100001001000010010000100100001001000010010100100100001001000010010000100100001001000010010000100100001001000010010000100100001001000010010000 
2 0 0 2 0 2 0 0  10010100100100001001000010010000100100001001000010010100100101001001010010010100100100001001000010010000100100001001000110010100100101001001000010010000100100001001000010010000100100001001000010010000 
2 0 0 2 0 2 0 0  10010101100101011001010110010101100101001001111010010100100101001001010010010100100100001001000010010000100100001001000110010100100101001001000010010000100100001001000010010100100100001001000010010000 
2 0 0 2 0 2 0 0  10010000100100001001000010010000100100001001000010010100100101001001000010010100100100001001000010010000100100001001000010010100100101001001000010010000100100001001000010010000100100001001000010010000 
2 0 0 2 0 2 0 0  10010000100101001001000010010100100100001001000010010000100100001001000010010100100100001001000010010100100100001001000011010100100101001001000010010000100100001001000010010100100100001001000010010000 
2 0 0 2 0 0 0 0  10010000100100001001000010010000100100001001000010010000100100001001000010010000100100001001000010010000100100001000000010000000100000001000000010000000100000001000000010000000100000001000000010000000 
3 0 0 2 0 0 0 0  10000000100100001000000010000000100100001000000010000000100000001000000010000000100000001000000010000000100000001000000010000000100000001000000010000000100100001001000010000000100000001001000010010000 
2 0 2 2 2 2 2 0  11111101111111011111110111111101100101001001111010010110100101001001010010011101111111101111001101111110111111111111111011111111111111111111111110111111111111111001101111111101111111001001000010010100 
2 0 0 2 0 2 0 0  10010100100101001001000010010000100100001001000010010100100101001001010010010100100100001001000010010000100100001001000010010100100101001001000010010000100100001001000010010100100100001001000010010000 
2 0 2 2 2 2 2 0  11111111111111011111111111111111111111111111111111111111111111111101111011111100111111101111001111111110111111111111111011111111111111111111111110111111111111111001101111111101111111001001000010010100 
2 0 0 2 0 0 0 0  10010000100100001001000010010000100100001001000010010000100100001001000010000000100000001000000010010000000100001001000010010000100100001001000000010000000100001001000010010000100100001001000010010000 
2 0 2 2 2 2 2 0  11111101111111011111110111111101111111111111111101111111111111111101111011111110111111111111111111111110111111111111111011111111111111111111011111111111110101011001010010010011111111101101110011111111 
2 0 0 2 0 2 0 0  10010100100100001001010010010000100100001001000010010100100101001001010010010000100100001001000010010100100100001001000010010000100100001001000010010000100100001001000010010000100100001001000010011111 
2 0 0 2 0 2 0 0  10010000100101001001000010010100100100001001000010010000100100001001000010010100100100001001000010010100100100001001000010010000100100001001010010010000100100001001000010010100100100001001000010010100 
2 0 0 2 0 2 0 0  10010100100101001001010010010100100100001001000010010000100100001001000010010000100100001001000010010100100100001001000010010000100100001000000010010000100100001001000010000000100000001001000010010000 
2 0 0 2 0 0 0 0  10010000100100001000000010000000100100001001000010000000100000001000000010000000100000001000000010000000100000001000000010000000100000001000000010010000100000001001000010000000100000001000000010000000 
3 0 0 2 0 0 0 0  10000000100100001000000010000000100100001000000010010000100000001001000010000000100000001001000010010000100000001000000010000000100100001001000010010000100100001001000010000000100000001000000010010000 
2 0 2 2 2 2 1 0  11111101111111011111110111111101100101001001111010010110100101001001010010010100100100001001010010010101100111001001001010010100100101001101000010010010100101011001110010010010110100111001000010010111 
3 0 0 2 0 0 0 0  10000000100000001000000010000000100000001000000010000000100000001000000010000000100000001000000010000000100100001001000010010000100100001001000010010000100100001001000010010000100100001001000010010000 
2 0 0 2 1 2 1 0  11010101110101011001010110010101100101001001111010010111100101001001010010010110100100001001010010010101100111101001010010010100110110111111011111111111100101011001010010010010110100111001000010010100 
2 0 0 2 0 0 0 0  10010000100000001001000010000000100000001000000010000000100000001001000010000000100000001000000010000000100100001001000010010000100000001000000010000000100000001000000010000000100000001000000010000000 
3 0 0 2 0 0 0 0  10000000100000001001000010000000100100001000000010000000100000001001000010000000100000001001000010010000100000001000000010000000100100001001000010010000100100001001000010000000100000001000000010010000 
2 0 0 2 0 2 0 0  10010000100101001001010010010100100100001001000010010100100101001001010010010100100100001001010010010100100100001001000010010000100100001001000010010000100100001001000010010000100100001001000010010000 
2 0 0 2 0 0 0 0  10010000100100001001010010010000100100001001000010010000100100001001000010010000100100001001000010010000100100001001000010010000100100001001000010010000100100001001000010000000100000001000000010000000 
3 0 0 2 0 0 0 0  10000000100000001001000010000000100100001000000010000000100000001000000010000000100000001000000010000000100000001000000010000000100000001000000010000000100000001000000010000000100000001000000010000000 
3 0 0 2 0 0 0 0  10000000100100001000000010000000100100001000000010000000100000001000000010000000100000001000000010000000100000001000000010000000100000001000000010000000100000001000000010000000100000001000000010010000 
2 0 0 2 0 2 1 0  10010101100101011001010110010101100101001001111010010100100101001001010010010100100100001001010010010101100111001001001010010100100101001101000010010010100101011001110010011010110100111001000010010111 
2 0 0 2 0 2 0 0  10010100100101001001010010010100100100001001000010010000100100001001000010010000100100001001000010010100100100001001000010010000100100001000000010010000100100001001000010000000100000001001000010010000 
2 0 0 2 1 2 1 0  11010101110101011001010110010101100101011001111010010111100101001001010010010100100100001001010010010101100111101001010010010100110110111111011110010010100101011001010010010010110100111001000010010100 
2 0 2 2 1 2 2 0  11111111111111111111111111111111111111111111111111111111111111111101111011111110111111111111111111111110111111111111111011111111111111111111111111111111111111111111111111111111111101101111111011111111 
2 0 0 2 1 2 2 0  10010101100101011001010110010101100101001001111010010100100101001001010010010100100100001001010010010101100111001001010010010100100101001111011111111111110101011001010010010011111111101101110011111111 
3 0 0 0 0 0 0 0  10000000100000001000000010000000100000001000000010000000100000001000000010000000100000001000000010000000100000001000000010000000100000001000000010000000100100001000000010000000100000001000000010000000 
2 0 0 2 0 0 0 0  10010000100100001001010010010000100100001001000010010000100100001001000010010000100100001001000010010000100100001001000010010000100100001001000010010000100100001001000010010000100100001001000010010000 
2 0 0 2 0 2 0 0  10010100100101001001000010010000100100001001000010010100100101001001010010010000100100001001000010010000100100001001000010010100100101001001000010010000100000001001000010010100100100001001000010010000 
2 0 0 2 0 2 0 0  10010100100101001001010010010100100100001001000010010000100100001001000010010000100100001001000010010100100100001001000010010100100101001001000010010000100100001001000010010100100100001011000010010000 
2 0 0 2 0 0 0 0  10010000100100001000000010000000100000001000000010000000100000001000000010000000100000001000000010000000100000001000000010000000100000001000000010000000100000001000000010000000100000001000000010000000 
3 0 0 0 0 0 0 0  10000000100000001000000010000000100000001000000010000000100000001000000010000000100000001000000010000000100000001000000010000000100000001000000010000000100100001000000010000000100000001000000010000000 
2 0 0 2 0 2 0 0  10010100100101001001010010010100100100001001000010010000100100001001000010010000100100001001000010010100100100001001000010010100100101001001000010010000100100001001000010010100100100001011000010010000 
3 0 0 2 0 0 0 0  10000000100000001000000010000000100000001000000010000000100000001000000010000000100000001001000010010000100100001001000010000000100100001001000010010000100100001001000010000000100000001001000010010000 
2 0 0 2 0 0 0 0  10010000100100001001010010010000100100001001000010010000100100001001000010010100100100001001000010010100100100001001000010010000100100001001000010010000100100001001000010010000100100001001000010010000 
2 0 0 2 0 2 1 0  11010101110101011001010110010101100101001001111010010110100101001001010010010100100100001001010010010101100111001001001010010100100101001101000010010010100101011001110010010010110100111001000010010111 
2 0 2 2 2 2 2 0  11111111111111011111111111111111111111111111111111111111111111111101111011111100111111101111001111111110111111111111111011111111111111111111111110111111111111111001101111111101111111001001000010010100 
2 0 0 2 0 0 0 0  10010000100100001001000010010000100100001001000010010000100000001001000010000000100000001001000010010000100000001000000010000000100100001001000010010000100100001001000010000000100000001000000010010000 
2 0 0 2 0 0 0 0  10010000100000001000000010000000100000001000000010000000100000001000000010000000100000001000000010000000100000001000000010000000100000001000000010000000100100001001000010000000100000001000000010000000 
2 0 2 2 2 2 2 0  11111101111111011111110111111101100101001001111010010110100101001001010010011101111111101111001111111110111111111111111011111111111111111111111110111111111111111001101111111101111111001001000010010100 
2 0 0 2 0 2 1 0  10010101100101011001010110010101100101001001111010010110100101001001010010010100100100001001010010010101100111001001001010010100100101001101000010010010100101011001110010010010110100111001000010010111 
