2 0 0 0 0 0 0 0  10000000100000001000000010000000100000001000000010000000100000001000000010000000100000001000000010000000100000001000000010000000100000001000000010000000100000001000000010000000100000001000000010000000 
2 2 2 2 1 2 2 0  11111111111111111111111111111111111111101111111111111111111101111101111111111111111111101111111011111111111111111111111011111111111111111111111111111111111111111111111111111111111111101111111111111110 
2 0 0 0 0 0 0 0  10000000100000001000000010000000100000001000000010000000100000001000000010000000100000001000000010000000100000001000000010000000100000001000000010000000100000001000000010000000100000001000000010000000 
2 2 2 2 1 2 2 0  11111111111111111111111111111111111111101111111111111111111101111101111111111111111111101111111011111111111111111111111011111111111111111111111111111111111111111111111111111111111111101111111111111110 
2 0 0 1 0 0 0 0  10010000100000001000000010000000100000001000000010000000100000001000000010000000100000001000000010000000100000001000000010000000100000001000000010000000100000001000000010000000100000001000000010000000 
2 0 0 2 0 0 0 0  10000000100100001001000010000000100000001000000010000000100000001000000010000000100000001000000010000000100100001000000010000000100000001001000010010000100000001001000010000000100000001000000010000000 
2 0 0 2 0 2 0 0  10010000100101001001000010010000100100001001010010010000100101001001000010010000100100001001000010010000100100001001110010011100100101011001010010011000100111001001010010011100100101001001000010010100 
2 0 0 1 0 0 0 0  10010000100100001000000010000000100000001000000010000000100000001000000010000000100000001000000010000000100000001000000010000000100000001000000010000000100000001000000010000000100000001000000010000000 
2 0 0 2 0 2 0 0  10010000100101001001010010010000100100001001010010010000100101001001000010010100100100001001000010010000100100001001110010011100100100001001000010010000100100001001000010010100100101001001000010010100 
2 0 0 2 0 2 0 0  10010100100100001001000010010000100100001001010010010000100101001001000010010000100100001001000010010000100100001001110010011100100100001001000010010000100100001001000010010100100101001001000010010100 
2 0 0 2 0 2 0 0  10010101100101001001010010010101100101001001010010010100111101001111010010010100100101101000110010011100100111001001111010011100100101011001010010011000100111001001010010011100100101001001001010010101 
2 0 0 2 0 0 0 0  10010000100100001000000010010000100100001001000010010000100000001000000010000000100000001000000010000000100000001000000010000000100000001000000010000000100100001000000010000000100000001000000010000000 
2 0 0 2 0 0 0 0  10010000100100001001000010000000100000001000000010000000100000001000000010000000100000001000000010000000100000001000000010000000100000001000000010000000100000001000000010000000100000001000000010000000 
2 0 0 2 0 2 0 0  10010100100101001001000010010000100100001001010010010000100101001001000010010000100110001000000010010000100101001000000010010100100100001001000010010000100100001001000010010000100100001001000010010100 
2 2 0 2 0 2 0 0  11010101110101011101010010010101100101001001010010010100111101001001000010010000100100001101000010010000100100001001100010011100100100001001000010010000100100001001000010010100100101001001000010010100 
2 0 0 2 0 0 0 0  10010000100000001000000010010000100000001001000010010000100000001000000010000000100100001000000010000000100000001000000010000000100000001001000010010000100000001001000010000000100100001001000010000000 
2 0 0 2 0 0 0 0  10010000100000001001000010010000100100001001000010010000100000001000000010000000100000001000000010000000100000001000000010000000100000001000000010000000100100001000000010000000100000001000000010000000 
2 0 0 2 0 2 0 0  11010101110101011101010010010101100101001001010110010100111101001111010010010100100100001101000010010000100100001001100010011100100100001001000010011000100111001001010010011100100101001001001010010101 
2 0 0 2 0 2 0 0  10010101100101001001010010010101100101001001010010010100101101001111010010010100100101001000110010010100100111001001100010011100100101011001010010011000100111001001010010011100100101001001000010010100 
2 2 0 2 0 2 0 0  11010101110101011101010010010101100101001001010110010100111101001111010010010100100100001101000010010000100100001001100010011100100100001001000010010000100100001001010010011100100101001001001010010000 
2 0 0 2 0 0 0 0  10000000100000001001000010010000100100001000000010010000100000001000000010000000100100001001000010000000100000001000000010000000100000001001000010010000100000001001000010000000100100001001000010000000 
2 0 0 2 0 0 0 0  10000000100000001000000010010000100000001001000010010000100000001000000010000000100000001000000010000000100000001000000010000000100000001001000010010000100000001001000010000000100100001001000010000000 
2 0 0 1 0 0 0 0  10000000100100001000000010000000100000001000000010000000100000001000000010000000100000001000000010000000100000001000000010000000100000001000000010000000100000001000000010000000100000001000000010000000 
2 0 0 2 0 0 0 0  10010000100000001000000010010000100000001000000010000000100000001000000010000000100000001000000010000000100100001000000010000000100000001001000010010000100000001001000010000000000100001000000010000000 
2 0 0 2 0 2 0 0  10010100100100001001010010010000100100001001010010010000100101001001000010010000100100001000000010010000100101001000000010010100100100001001000010010000100100001001000010010000100100001001000010000000 
2 0 0 2 0 0 0 0  10010000100100001001000010010000100100001001000010010001100100001000000010000000100110001001000010010000100000001000000010010000100100001001000010010000101100001001000010010000100100001001000010000000 
2 0 0 2 0 2 0 0  10010100100101001001010010010000100101001001010010010100100101001001000010010000100100001000000010010000100101001001100010010100100100001001000010010000100001001001010010011100100101001001000010010100 
2 0 0 2 0 2 0 0  10010100100100001001000010010000100100001001000010010000100100001001000010010000100100001000010010010000100100001000000010010100100100001001000010010000000100001001000010010000100100001001000010000000 
2 0 0 2 0 0 0 0  10010000100100001001000010010000100100001001000010010100100100001001000010010000100100001000000000010000100100001000000010010100100100001001000010010000100100001001000010010100100101001000000010000000 
2 0 0 1 0 0 0 0  10000000100000001001000010000000100000001000000010000000100000001000000010000000100000001000000010000000100000001000000010000000100000001000000010000000100000001000000010000000100000001000000010000000 
2 0 0 2 0 2 0 0  10010100100101001001010010010000100100001001010010010000100101001001000010010000100100001000000010010000100100001000000010010100100100001001000010010000000100001001000010010000100100001001000010000000 
2 0 0 2 0 2 0 0  10010000100100001001010010010000100100001001010010010000100101001001000010010000100100001000000000010000100100001000000010010000100100001001000010010000100100001001000010011100100100001001000010000000 
2 0 0 2 0 2 0 0  10010100100101001001010010010000100100001001000010010000100100001001000010010000100101001001000010010000100100001001100110011100100100001001000010010000100100001001000010010100100101001001000010010100 
2 0 0 2 0 2 0 0  10010100100101001001010010010000100101001001010010010100100101001001000010010000100100001000000010010000100101001001100010011100100101001001010010011100100111001001010010011100100101001001001010010100 
2 0 0 2 0 0 0 0  10000000100000001001000010000000100000001000000010000000100000001000000010000000100000001000000010000000100000001000000010000000100000001000000010000000100100001001000010000000100000001000000010000000 
2 0 0 2 0 0 0 0  10010000100100001001000010000000100000001000000010000000100000001000000010000000100000001000000010000000100100001000000010000000100000001001000010010000100000001001000010000000100000001000000010000000 
2 0 0 2 0 2 0 0  10010000100100001001000010010000100100001001000010010100100101001001010010010000100101001001000010010000100100001000000010010100100100001001010010010000100001001001010010011100100101001001000010010100 
2 0 0 1 0 0 0 0  10010000100000001000000010000000100000001000000010000000100000001000000010000000100000001000000010000000100000001000000010000000100000001000000010000000100000001000000010000000100100001001000010000000 
2 0 0 2 0 2 0 0  10010100100101001001000010010000100100001001010010010000100101001001000010010000100100001000000010010000100100001000000010010100100100001001000010010000000100001001000010010000100100001001000010000000 
2 0 0 2 0 0 0 0  10010000100100001000000010010000100100001000000010000000100000001000000010000000100000001000000010000000100000001000000010000000100000001000000010000000100000001000000010000000100000001000000010000000 
2 2 0 2 1 2 0 2  11010101110101011101010010010101100101001001010010010100111101001111010010010100100101001000110010011100100111001001100010011100100101001001010010011100100111001011111111111111111111101111110110010101 
2 2 2 2 1 2 2 0  11111111111111011111111111111111111111101111111111111111111101110101111111111111111111101111111111111111111111111111111011111111111111111111111111111101111111111111111111111011111111101111111111111110 
2 0 0 2 0 2 0 0  10010100100101001001010010010000100101001001000010010101101101001101010010010100100101001000110010010100100111001001100010011100100100001001000010010000100001001001010010011100100101001001000010010100 
2 0 0 1 0 0 0 0  10010000100000001001000010000000100000001000000010000000100000001000000010000000100000001000000010000000100000001000000010000000100000001000000010000000100000001000000010000000100000001000000010000000 
2 0 0 2 0 2 0 0  10010000100100001001010010010000100100001001010010010000100101001001000010010000100100001000000000010000100100001000000010010100100100001001000010010000100100001001000010010100100101001001000010010100 
2 2 0 2 1 2 0 2  11010101110101011101010010011101100101001001010010010100111101001111010010110100100101001000110010011100100111001001100010011100100101001001010010011100100111001011011111111111111111101111110110010111 
2 2 2 2 1 2 2 0  11111101111111011101010010010101110101001001010010010100101101001111011111111111111111101111111011111111111111111111111011111111111111111111111111111111111111111111111111111111111111101111111111111110 
2 0 0 2 0 2 0 0  10010000100100001001010010010000100100001001010010010000100101001001000010010000100101101001000010010000100100001001100110011100100100001001000010010000100100001001010010010000100100001001000010010100 
2 2 2 2 1 2 2 0  11111101111111011111110011111111111111001001010010011111111101111101111111111111111111101111111011111111111111111111111011111111111111111111111111111111111111111111111111111111111111101111111111111110 
2 0 0 2 0 0 0 0  10000000100000001001000010010000100100001000000010010000100000001000000010000000100100001001000010000000100000001000000010000000100000001001000010010000100000001001000010000000100000001000000010000000 
2 0 0 2 0 0 0 0  10010000100100001001000010010000100100001001000010010000100100001001000010010000100100001000000010000000100100001000000010000000100000001001000010010000100000001001000010000000100100001000000010000000 
2 2 2 2 1 2 2 0  11111101111111111111111111111111111111101111111111111111111101111101111111111111111111101111111111111111111111111111111011111111111111111111111111111111111111111111111111111111111111101111111111111110 
2 2 0 2 1 2 0 0  11010101110101011101010010010101100101001001010010010100111101001111010010010100100101001000110010011100100111001001100010011100100101011001010010011000100111001001010010011100100101001101001010010100 
2 0 0 2 0 0 0 0  10000000100100001000000010000000100000001000000010000000100000001000000010000000100000001001000010000000100000001000000010000000100000001000000010000000100000001000000010000000100100001000000010000000 
2 0 0 2 0 0 0 0  10000000100100001000000010010000100100001001000010010000100000001000000010000000100000001000000010000000100000001000000010000000100000001000000010000000100000001000000010000000100000001000000010000000 
2 0 0 1 0 0 0 0  10000000100000001000000010010000100000001001000010010000100000001000000010000000100000001000000010000000100000001000000010000000100000001000000010000000100000001001000010000000100000001001000010000000 
2 2 2 2 1 2 2 0  11111101111111011111111111111101100101001001010010010100101101011111010010010101100101001001110010011100100011001001100011011100100101001001010011011100100111001001010010111100110101001001001010010100 
2 0 0 2 0 0 0 0  10010000100100001001000010000000100100001001000010010000100000001000000010010000100100001001000010000000100000001000000010000000100000001001000010000000100000001000000010000000100000001000000010000000 
2 0 0 2 0 2 0 0  10010100100101001001010010010000100101001001010010010100100101001001000010010000100100001000000010110000100101001011100010011100100101001001010010011100100111001001010010011100100101001001001010010100 
2 0 0 2 0 2 0 0  10010000100101001001000010010000100100001001010010010000100101001001000010010000100100001001000010010000100100001001110010011100100100001001000010010000100100001001000010010100100101001001000010010100 
2 2 2 2 1 2 2 0  11111101111111111111111111111111111111101111111111111011111101111101111111011111111111111111110111111111111111111111111001110111111111111111111111111111111111111111111110111111111111101111111111011100 
2 0 0 2 0 0 0 0  10010000100100001001000010010000100100001001000010010100100101001001010010010000100101001001000010010000100100001000000010010000100100001001000010010000101100001001000010010000100100001001000010000000 
2 2 0 2 1 2 0 0  11010101110101011101010010010101100101001001010010010100101101011111010010010101100101001001110010011100100011001001100011011100100101001001010011011100100111001001010010011100100101001001001010010101 
2 0 0 2 0 2 0 0  10010100100101001001010010010000100100001001000010010000100101001001000010010000100100001000000010010000100101001000000010010100100100001001000010010000100100001001000010010000100100001001000010010100 
2 0 0 2 0 0 0 0  10000000100100001000000010010000100100001000000010010000100000001000000010000000100100001001000010000000100000001000000010000000100000001001000010010000100000001001000010000000100100001001000010000000 
2 0 0 1 0 0 0 0  10000000100000001000000010010000100000001000000010000000100000001000000010000000100000001000000010000000100000001000000010000000100000001000000010000000100000001001000010000000100000001000000010000000 
2 0 0 1 0 0 0 0  10000000100100001001000010000000100000001000000010000000100000001000000010000000100000001000000010000000100000001000000010000000100000001000000010000000100000001000000010000000100000001000000010000000 
2 2 2 2 1 2 2 0  11111101111111011111111111111111111111101111111111111111111101111101111111111111111111101111111111111111111111111111111011111111111111111111111111111111111111111111111111111111111111101111111111111110 
2 0 0 2 0 0 0 0  10000000100000001000000010010000100000001001000010010000100000001000000010000000100000001000000010000000100000001000000010000000100000001000000010000000100000001000000010000000100000001000000010000000 
2 0 0 2 0 0 0 0  10010000100000001001000010000000100000001000000010000000100000001000000010000000100000001000000010000000100000001000000010000000100000001001000010010000100000001001000010000000100100001001000010000000 
2 0 0 2 0 0 0 0  10000000100000001001000010010000100100001001000010010000100000001000000010000000100000001000000010000000100000001000000010000000100000001000000010000000100000001000000010000000100000001000000010000000 
2 2 2 2 1 2 2 0  11111101111111011111111111111111111111101111111111111111111101111101111111111111111111101111111111111111111111111111111011111111111111111111111111111111111111111111111111111111111111101111111111111110 
2 0 0 2 0 0 0 0  10010000100100001001000010010000100100001001000010000000100000001000000010000000100100001001000010000000100000001000000010000000100000001001000010010000100000001001000010000000100100001000000010000000 
2 2 2 2 1 2 0 0  11011101111111011101010010010101100101001001010010010100101101001111010010010100100101001000110010010100100111001001100010011100100101011001010010011000100111001001010010011100100101001001000010010100 
2 0 0 2 0 2 0 0  10010000100100001001000010010000100100001001000010010101100101001001010010010000100101001001000010010000000100001000000010010000100100001001000010010000101100001001000010010000100100001001000010010100 
2 0 0 0 0 0 0 0  10000000100000001000000010000000100000001000000010000000100000001000000010000000100000001000000010000000100000001000000010000000100000001000000010000000100100001000000010000000100000001000000010000000 
2 0 0 2 0 2 0 0  10010100100100001001000010010000100100001001000010010000100100001001000010010000100100001000010010010000100100001000000010010100100100001000000010010000000100001001000010010000100100001001000010000000 
2 0 0 1 0 0 0 0  10000000100000001001000010000000100000001000000010000000100000001000000010000000100000001000000010000000100000001000000010000000100000001000000010000000100100001000000010000000100000001000000010000000 
2 0 0 2 0 0 0 0  10010000100100001001000010010000100100001001000010110000100100001001000010010000100100001000000010000000100100001000000010000000100000001001000010010000100000001001000010000000100100001000000010000000 
2 0 0 2 0 0 0 0  10010000100000001001000010000000100100001000000010000000100000001000000010000000100000001000000010000000100000001000000010000000100000001000000010000000100000001000000010000000100000001000000010000000 
2 0 0 2 0 2 0 0  10010100100100001001010010010000100101001001010010010000100000001001000110010000100100001001000010010000100101001000000010010100100100001001000010010000100100001001010010010000100100001001000010010100 
2 0 0 2 0 0 0 0  10010000100100001001000010010000100100001001000010010100100100011001000010010000100100001000000000010000100100001000000010000000100000001001000010010000100000001001000010000000100100001000000010000000 
2 2 2 2 1 2 0 0  11111101111111011101010010010101100101001001010010010100101101001111010010010100100101001000110010010100100111001001100010011100100101011001010010011000100111001001010010011100100101001001000010010100 
2 2 2 2 0 2 0 0  11111101111111011101010010010101110101001001010010010100101101001111010010010100100101101000110010011100100111001001110010011100100101011001010010011000100111001001010010011100100101001001001010010101 
2 0 0 1 0 0 0 0  10000000100000001000000010010000100000001000000010000000100000001000000010000000100000001000000010000000100000001000000010000000100000001000000010000000100000001001000010000000100000001001000010000000 
2 2 2 2 1 2 0 0  11111101111111011101110010010101100101001001010010010100101101001111010010010100100101001000110010010100100111001001100010011100100101011001010010011000100111001001010010011100100101001001001010010101 
2 0 0 2 0 2 0 0  10010000100100001001000010010000100100001001000010010000100100001001000010010000100100011001000010010000100100001000000010010100100100001001010010010000100001001001010010011100100101001001000010010100 
2 0 0 2 0 0 0 0  10000000100100001000000010010000100000001001000010010000100000001000000010000000100100001000000010000000100000001000000010000000100000001001000010010000100000001001000010000000100100001001000010000000 
2 0 0 2 0 2 0 0  10010100100100001001010010010000100100001001010010010000100101001001000010010000100100001000000010010000100101001000000010010100100100001001000010010000100100001001000010010100100101001001000010010100 
2 2 2 2 1 2 0 0  11111101111111011111111111111101100101001001010010010100101101011111010010010101100101001001110010011100100011001001100011011100100101001001010011011100100111001001010010111100110101001001000010010100 
2 2 2 2 1 2 0 0  11111101111111011111110011111111111111001001010010011100101101001111010010010101100100101000110010011100100111001001110010011100100101011001010010011000100111001001010010011100100101001101000010010100 
2 0 0 1 0 0 0 0  10000000100000001000000010000000100000001000000010000000100000001000000010000000100000001000000010000000100000001000000010000000100000001000000010000000100000001001000010000000100000001000000010000000 
2 0 0 2 0 2 0 0  10010101100101001001010010010101100101001001010010010100101101001111010010010100100101001000110010010100100111001001100010011100100100001001000010010000100100001001000010010100100101001001000010010100 
2 0 0 2 0 0 0 0  10000000100100001000000010010000100100001001000010010000100000001000000010000000100000001000000010000000100000001000000010000000100000001000000010000000100100001000000010000000100000001000000010000000 
2 0 0 2 0 0 0 0  10000000100100001001000010000000100000001000000010000000100000001000000010000000100000001000000010000000100000001000000010000000100000001000000010000000100100001000000010000000100000001000000010000000 
2 2 2 2 1 2 0 2  11111101111111011101010010010101110101001001010010010100101101001111010010010100100101001011110111010111110011111111101110011101101101001001011011111111111111001001010011011100101101001001001010010101 
2 0 0 2 0 0 0 0  10000000100100001000000010000000100000001000000010000000100000001000000010000000100000001000000010000000100000001000000010000000100000001000000010000000100100001000000010000000100000001000000010000000 
2 0 0 2 0 2 0 0  10010100100101001001010010010000100101001001000010010100101101001101010010010100100101001000110010010100100111001001100010011100100101011001010010011000100111001001010010011100100101001001001010010100 
2 0 0 2 1 2 0 0  10010100100101001001010010010000100101001001010010010110101101101001010010010100100101001000110010011100100111001001100010011100100101001001010010011100100111001001010010011100100101001001001010010100 
2 2 2 2 1 2 0 0  11011101111111011101010010010101100101001001010010010100101101001111010010010100100101001000110010010100100111001001100010011100100101011001010010011000100111001001010010011100100100001001000010010100 
