3 0 0 0 0 0 0 0  10000000100000001000000010000000100000001000000010000000100000001000000010000000100000001000000010000000100000001000000010000000100000001000000010000000100000001000000010000000100000001000000010000000 
2 2 1 2 2 2 2 0  11111111111111111111111111111111111111111111111011111110111111111111111011111111111111111111111011111111111111111111111111111111111111111111111111111111111111111111111111111110111111101111111111111110 
3 0 0 0 0 0 0 0  10000000100000001000000010000000100000001000000010000000100000001000000010000000100000001000000010000000100000001000000010000000100000001000000010000000100000001000000010000000100000001000000010000000 
2 2 1 2 2 2 2 0  11111111111111111111111111111111111111111111111011111110111111111111111011111111111111111111111011111111111111111111111111111111111111111111111111111111111111111111111111111110111111101111111111111110 
2 0 0 2 0 0 0 0  10010000100000001001000010000000100000001000000010000000100000001000000010000000100000001000000010000000100000001001000010010000100100001001000010010000100100001001000010000000100000001001000010000000 
2 0 0 0 0 0 0 0  10010000100000001000000010000000100000001000000010000000100000001000000010000000100000001000000010000000100000001000000010000000100000001000000010000000100000001000000010000000100000001000000010000000 
3 0 0 2 0 0 0 0  10000000100100001001000010000000100100001001000010000000100000001000000010000000100000001000000010010000100000001001000010000000100000001001000010010000100100001001000010010000100100001000000010010000 
2 0 0 2 0 0 0 0  10010000100100001000000010000000100100001000000010000000100000001000000010000000100000001000000010000000100000001001000010000000100000001001000010000000100100001001000010000000100000001001000010000000 
2 0 0 2 0 0 0 0  10010000100100001001000010000000100000001000000010000000100000001000000010000000100000001000000010000000100000001000000010000000100000001000000010000000100000001000000010000000100000001000000010000000 
2 0 0 2 0 0 0 0  10010000100100001000000010000000100000001000000010000000100000001000000010000000100000001000000010000000100000001000000010000000100000001000000010000000100000001000000010000000100000001000000010000000 
2 2 0 2 0 2 0 0  11010101110101001101010010010100100111011001110111111100100100001001010010010110100101101001010011011110111111001001010010010000100101001101010010010100100101001001010010010000100101001001010010010100 
2 0 0 2 0 2 0 0  10010000100101001001010010010000100101001001000010010000100100001001010010010000100101001001000010010000100100001001000010010000100100001001000010010000100100001001000010010000100101001001010010010100 
2 0 0 2 0 0 0 0  10010000100100001001000010000000100100001001000010000000100000001000000010000000100000001000000010010000100000001001000010000000100000001001000010010000100100001001000010010000100000001000000010000000 
3 0 0 2 0 0 0 0  10000000100100001000000010000000100000001001000010000000100000001000000010010000100000001000000010000000100000001001000010010000100000001001000010010000100100001001000010010000100100001000000010010000 
2 0 0 2 0 2 0 0  10010100100100001001000010010000100100001001000010010000100100001001010010010000100101001001000010010000100100001001000010010000100101001001000010010100100101001001010010010000100101001001010010010100 
2 0 0 2 0 0 0 0  10010000100000001000000010000000100100001001000010000000100000001000000010000000100000001000000010010000100000001001000010000000100000001001000010010000100100001001000010010000100000001000000010000000 
2 0 0 2 0 2 0 0  10010000100101001001010010010000100100001001000010010000100100001001010010010000100101001001000010010000100100001001000010010000100100001001000010010000100100001001000010010000100000001000000010000000 
2 0 0 2 0 2 0 0  10010000100101001001000010010000100100001001000010010000100100001001010010010100100101101001000010010000100100001001000010010000100100001001000010010000100100001001000010010000100101001001010010010100 
2 0 0 2 0 0 0 0  10010000100100001001000010000000100000001000000010000000100000001000000010000000100000001000000010010000100000001001000010000000100000001001000010010000100100001000000010000000100000001000000010000000 
2 0 0 2 0 0 0 0  10010000100100001001000010010000100100001001000010010000100000001001000010000000100000001001000010010000100100001001000010010000100100001001000010010000100100001001000010010000100100001001010010010100 
3 0 0 0 0 0 0 0  10000000100100001000000010000000100000001000000010000000100000001000000010000000100000001000000010000000100000001000000010000000100000001000000010000000100000001001000010000000100000001001000010000000 
2 2 0 2 0 2 0 0  11010101110101001101010010010100100111011001110111110100100101001101010010010100100101111001010110010000100100011101010010010000100101001001010010010100100101001001010010010000100101001001010010010100 
2 0 0 2 0 0 0 0  10010000100100001001000010010000100100001001000010010000100000001001000010000000100000001001000010010000100100001001000110010000100100001001000010010000100100001001000010000000100000001001000010000000 
3 0 0 0 0 0 0 0  10000000100000001001000010000000100000001000000010000000100000001000000010000000100000001000000010000000100000001000000010000000100000001000000010000000100000001000000010000000100000001000000010000000 
2 0 0 2 0 2 0 0  10010100100100001001000010010000100100001001000010010000100100001001010010010000100101001001000010010000100100001001000010010000100101001001000010010100100101001001000010010000100100001000000010010000 
3 0 0 2 0 0 0 0  10000000100000001001000010010000100100001001000010000000100000001001000010000000100000001000000010010000100000001001000010000000100000001001000010010000100100001001000010010000100100001000000010000000 
2 2 1 2 2 2 0 0  11111101111101011111010110110100100011011001010010010100100100001001010010010100100101101001010011011110111011111101110010010000100101001001010010010100100101001101010010010000100101001001010010010010 
2 0 0 2 0 2 0 0  10010000100100001001000010010000100100001001000010010000100100001001010010010000100101001001000010010000100100001001000010010000100101001001000010010100100101111101010010010000100101001001010010010100 
2 0 0 2 0 0 0 0  10010000100000001001000010000000100000001000000010000000100000001000000010000000100000001000000010000000100000001000000010000000100000001000000010000000100000001000000010000000100000001000000010000000 
2 0 0 2 0 2 0 0  10010100100101001001010010010000100101001001000010010100100101001001010010010100100101001001000010010000100100001001110010010001100101001001010010010100100101001001010010010000100101001001010010010100 
3 0 0 2 0 0 0 0  10000000100100001000000010000000100000001001000010000000100000001000000010010000100000001000000010000000100000001001000010010000100000001001000010010000100100001000000010000000100000001000000010000000 
2 0 0 2 0 0 0 0  10010000100100001001000010010000100100001001000010010000100000001001000010000000100000001000000010010000100000001001000010000000100000001001000010010000100100001001000010010000100100001000000010010000 
3 0 0 0 0 0 0 0  10000000100100001000000010000000100000001000000010000000100000001000000010000000100000001000000010000000100000001000000010000000100000001000000010000000100000001000000010000000100000001000000010000000 
2 0 0 2 0 2 0 0  10010000100100001001010010010000100100001001000010010000100101001001010010010000100101001001000010010000100100001001000010010000100100001001000010010101100101001001010010010000100100001001010010010100 
2 2 1 2 2 2 2 0  11111101111111111111110110110100100011001001011111111011111111111101111111111111111111111111110111111110111010111111110111111111111111111111011111111111111111111111111111111110111111101111111111111110 
2 0 0 2 0 2 0 0  10010101100101001001010110010101101011011001010010010100100111001001010010000100100101101001101010010000100100001001010010010000100101001001010010010100100101101011010010010100100111001001000010010100 
2 0 0 2 0 0 0 0  10010000100000001001000010000000100000001001000010000000100000001000000010000000100000001000000010000000100000001001000010000000100000001000000010000000100000001000000010000000100000001000000010000000 
2 2 1 2 2 2 0 0  11011101111101011111010110110100100111011001010010010100100101001001010010010100100101001001000010010000100100001001110010010000100101001001010010010100100101001001010010010000100101001001010010010100 
2 2 1 2 2 2 2 0  11111101111101011111010110111111111111101001011111111111111111111111110011111111111111111111111111111111111111111111111111111111111111111111111111111111111111111111111111111110111111101111111111111110 
3 0 0 0 0 0 0 0  10000000100000001000000010000000100000001000000010000000100010001000000010000000100000001000000010000000100000001000000010000000100000001000000010000000100001001000000010000000100000001000000010000000 
2 0 0 2 0 2 0 0  10010000100101001001010010010000100101001001000010010000100100001001010010010000100101001001000010010000100100001001000010010000100101001001010010010100100101101001010010010100100111001001000010010100 
2 2 1 2 0 2 0 0  11111101111101011111010110110100100011011001010010010100100100001001010010010100100101101001010011011110111111111111111111111111111101001001011110010100100101001001000010010100100111001001000010010100 
2 2 0 2 0 2 0 0  11010101110101001101010010010100100111011001010010010100100101001001010010010100100101001001000010010000100100001001110010010000100101001001010010010100100101001001010010010000100101001001010010010100 
2 0 0 2 0 2 0 0  10010000100100001001010010010000100100001001000010010000100101001001010010000100100101101001000010010000100100001001010010010000100101001001010010010110100101001001010010010000100101001001010010010100 
3 0 0 2 0 0 0 0  10000000100000001001000010010000100100001001000010000000100000001001000010000000100000001000000010010000100000001001000010000000100000001001000010010000100100001000000010000000100000001000000010000000 
3 0 0 2 0 0 0 0  10000000100000001000000010000000000100001001000010000000100000001000000010010000100000001000000010000000100000001001000010010000100000001001000010010000100100001000000010000000100000001000000010000000 
2 2 1 2 2 2 2 0  11111111111111011111111111111101110111001001011111101011111111101101111111111111111111111111110111111110111011111111110111111111111111111111011111111111111111111111111111111110111111101111111111111110 
2 0 0 2 0 0 0 0  10010000100000001000000010000000100100001001000010000000100000001000000010000000100000001000000010000000100000001000000010000000100000001000000010000000100000001000000010000000100000001000000010010000 
2 2 1 2 2 2 2 0  11111101111101011111010110111111111111101001011111111111111111111111110011111111111111111111111111111111111111111111111111111111111111111111111111111111111101101001010010010100100111001001000010010100 
2 0 0 2 0 2 0 0  11010101110101001101010010010100100111011001110111111100100100001001010010010110100101101001010011011110111111001001010010010000100101001101010010010100100101001001010010010100100111001001000010010100 
2 0 0 2 0 2 0 0  10010100100101001001010010010000100100001001000010010000100100001001000010010000100101001001000010010000100100001001000010010000100100001001000010010000100100001001000010010000100100001001010010010100 
3 0 0 2 0 0 0 0  10000000100000001001000010000000100000001000000010000000100000001001000010000000100000001000000010000000100000001001000010000000100000001000000010000000100000001000000010000000100100001000000010010000 
3 0 0 2 0 0 0 0  10000000100000001001000010000000100000001000000010000000100000001001000010000000100000001000000010000000100000001000000010000000100000001000000010000000100000001000000010000000100000001000000010000000 
2 0 0 2 0 2 0 0  10010000100101001001000010010000100100001001000010010000100100001001010010010000100101001001000010010000100100001001000010010000100101001001000010010100100101111101010010010000100101001001010010010100 
2 2 1 2 2 2 0 0  11111101111101011111010110111111111111101001011111111111111111111111110011111111111111111111111111111111111111011101010010010000100101001001010010010100100101001001010010010000100101001001010010010100 
2 0 0 2 0 2 0 0  10010100100100001001010010010000100100001001000010010100100000001001010010010000100101001001000010010000100100001001000010010000100100001001000010010000100100001001010010010000100101001001010010010100 
2 2 1 2 2 2 2 0  11011101111101011111110111110100100011011001010010010100100100001101010010010100100101111001010111111111111111111111101111111111111101111111111111111111111111111111111111111110111111101111111111111110 
2 0 0 2 0 2 0 0  10010100100101001001000010010100100101001001000010010000100100001001010010010000100001001001000010010000100100001001000010010000100101001001000010010100100101001001010010010000100101001001010010010100 
2 0 0 2 0 2 0 0  10010000100100001001000010010000100100001001000010010000100100001001010010010100100101101001000010010000100100001001000010010000100100001001000010010000100100001001000010010000100101001001010010010100 
2 0 0 2 0 2 0 0  10010000100101001001010010010000100101001001000010010000100100001001010010010000100101001001000010010000100100001001000010010000100101001001010010010100100101001001010010010000100101001001010010010100 
2 0 0 2 0 2 0 0  10011101100101001001010010010101101011011001010010010100100111001001010010000100100101101001100010010000100100001001010010010000100101001001010010010100100101101001010010010100100111001001000010010100 
2 0 0 2 0 0 0 0  10010000100100001000000010000000100000001000000010000000100000001000000010000000100000001000000010000000100000001000000010000000100000001000000010000000100000001001000010000000100000001001000010000000 
3 0 0 2 0 0 0 0  10000000100100001001000010000000100100001001000010000000100000001001000010000000100000001000000010000000100000001000000010000000100000001001000010000000100100001001000010000000100000001001000010000000 
2 0 0 2 0 2 0 0  10010100100101001001010010010000100101001001000010010000100100001001010010010000100101001001000010010000100100001001000010010000100100001001000010010000100100001001000010010000100101001001010010010100 
3 0 0 2 0 0 0 0  10000000100000001001000010000000100000001000000010000000100000001000000010000000100000001000000010010000100000001001000010000000100000001001000010010000100100001001000010010000100100001000000010010000 
2 0 0 2 0 2 0 0  10010100100101001001000010010000100101001001000010010000100100001001010010010000100101001001000010010000100100001001000010010000100101001001000010010000100100001001000010010000100100001001000010000000 
2 0 0 2 0 2 0 0  10010100100101001001010110010101101011011001010010010100100101001101010010010100100101111001010110010000100100011101010010010000100101001001010010010100100101001001010010010000100101001001010010010100 
3 0 0 2 0 0 0 0  10000000100100001001000010000000100000001000000010000000100000001000000010000000100000001000000010000000100000001000000010000000100000001000000010000000100000001000000010000000100000001000000010000000 
3 0 0 2 0 0 0 0  10000000100000001001000010010000100100001001000010000000100000001001000010000000100000001000000010000000100000001000000010000000100000001000000010000000100000001000000010000000100000001000000010000000 
3 0 0 0 0 0 0 0  10000000100000001000000010000000100000001000000010000000100000001000000010000000100000001000000010000000100000001001010010000000100000001000000010000000100000001000000010000000100000001000000010000000 
2 0 0 2 0 2 0 0  10010100100101001001010010010000100100001001000010010000100101001001010010000100100101001001000010010000100100001001010010010000100101001001010010010100100101001001010010010000100101001001010010010100 
2 0 0 2 0 0 0 0  10010000100000001000000010000000100100001000000010000000100000001000000010000000100000001000000010000000100000001001000010000000100000001001000010000000100100001001000010000000100000001001000010000000 
2 2 1 2 0 2 0 0  11011101111101011111010111110100100011011001010010010100100101001101010010010100100101111001010110010000100100011101010010010000100101011001010010010100100101001001010010010000100101001001010010010100 
2 2 1 2 0 2 0 0  11111101111101011111010110110100100111011001010010010100100101001001010010010100100101001001000010010000100100001001110010010000100101001001010010010100100101001001010010010000100101001001010010010100 
2 0 0 2 0 2 0 0  10010000100100001001010010010000100100001001000010010000100101001001010010010000100101001001001010010000100100001001000010010000100100001001000010010101100101001001010010010000100100001001010010010100 
2 0 0 2 0 2 0 0  10010000100100001001000010010000100100001001000010010000100100001001000010010000100101001001000010010000100100001001000010010000100100001001000010010000100100001001000010010000100101001001010010010100 
2 0 0 2 0 2 0 0  10010000100100001001010010010000100100001001000010010100100000001001010010010000100101001001000010010000100100001001000010010000100100001001000010010000100100001001000010010000100100001001000010000000 
2 2 0 2 0 2 0 0  11010101110101001101010010010100100111101001110111110100100101001001010010010100100101101001010011011110111111111011111111111110100101001001010010010110100101001001010010010000100101001001010010010100 
2 0 0 2 0 0 0 0  10010000100100001001000010010000100100001001000010010000100100001001000010010000100101001001010010010000100100001001000010010000100100001001000010010000100100001001000010010000100100001001010010010100 
2 2 1 2 2 2 2 0  11111101111111111111111111111111111111101001011111111111111111111111110011111111111111111111111111111111111111111111111111111111111111111111111111111111111111111111111111111110111111101111111111111110 
2 0 0 2 0 2 0 0  10010100100101001001000010010000100100001001000010010000100100001001010010010000100101001001000010010000100100001001000010010000100101001001000010010100100101001001010010010000100101001001010010010100 
3 0 0 2 0 0 0 0  10000000100000001000000010000000100100001001000010000000100000001000000010000000100000001000000010000000100000001001000010000000100000001001000010010000100100001001000010010000100100001000000010010000 
2 0 0 2 0 2 0 0  10010101100101001001010010010101101011011001010010010100100111001001010010000100100101101001100010010000100100001001010010010000100101001001010010010100100101101001010010010100100111001001000010010100 
2 0 0 2 0 0 0 0  10010000100100001001000010010000100100001001000010010000100100001001000010010000100101001001000010010000100100001001000010010000100100001001000010010000100100001001000010010000100100001001010010010100 
2 2 0 2 0 2 0 0  11010101110101001101010010010100100111101001110111110100100101001001010010010100100101101001010011011110111111111011111111111111111101001001001110010100100101011001010010010100100101101001010110010100 
2 0 0 2 0 2 0 0  10010101100101001001010010010101101011011001010010010100100101001001010010000100100101101001000010010000100100101001110010010000100101001001010010010100100101001001010010010000100101001001010010010010 
3 0 0 0 0 0 0 0  10000000100000001000000010000000100000001000000010000000100000001000000010000000100010001000000010000000100000001000000010000000100000001000000010000000100000001000000010000000100000001000000010000000 
2 0 0 2 0 2 0 0  10010100100100001001010010010000100101001001000010010000100100001001010010010000100101001001000010010000100100001001000010010000100101001001000010010000100101011001010010010000100101001001010010010100 
2 2 1 2 2 2 2 0  11111101111111111111111111111111111111111111111011111111111111111111111011111111111111111111111011111111111111111111111111111111111111111111111111111111111111111111111111111110111111101111111111111110 
2 0 0 2 0 2 0 0  10010100100101001001010010010101101011011001010010010100100101001001010010000100100101101001000010010000100100001001010010010000100101001001010010010100100101001001010010010000100101001001010010010100 
3 0 0 2 0 0 0 0  10000000100000001000000010000000100100001001000010000000100000001000000010000000100000001000000010000000100000001000000010000000100000001000000010000000100000001000000010000000100000001000000010010000 
2 0 0 2 0 2 0 0  10010100100100001001010010010000100101001001000010010000100100011001010010010000100101001001000010010000100100001001000010010000100101001001000010010000100101011001010010010000100101001001010010010100 
2 0 0 2 0 2 0 0  10010100100100001001010010010000100100001001000010010100100000001001010010010000100101001001000010010000100100001001000010010000100100001001000010010000100100001001000010010000100100001001000010000000 
2 0 0 2 0 2 0 0  10010100100101001001010010010101101011011001010010010100100101011101010010010100100101111001010010010000100100001001010010010000100101001001010010010100100101101001010010010100100111001001000010010100 
3 0 0 2 0 0 0 0  10000000100100001001000010000000100100001001000010000000100000001000000010000000100000001000000010000000100000001000000010000000100000001000000010000000100000001000000010000000100000001000000010000000 
2 0 0 2 0 0 0 0  10010000100100001001010010010000100100001001000010010000100100001001010010010000100101001001000010010000100100001001000010010000100100001001000010010000100100001001000010010000100100001000000010010000 
2 2 1 2 2 2 0 0  11111101111101011111010110110100100111011001110111110100100101001101010010010100100101111001010110010000100100011101010010010000100101001001010010010100100101001001010010010000101101001001010010010100 
2 0 0 2 0 2 0 0  10010100100101001001010010010000100100001001000010010000100101001001010010000100100101001001000010010000100100001001010010010000100101001001010010010100100101101001010010010100100111001001000010010100 
2 2 1 2 2 2 2 0  11111101111111111111110110110100100011001001011111111011111111111101111111111111111111111111110111111110111011111111110111111111111111111111011111111111111111111111111111111110111111101111111111111010 
3 0 0 2 0 0 0 0  10000000100100001001000010000000100000001000000010000000100000001000000010000000100000001000000010000000100000001001000010000000100000001001000010010000100100001001000010000000100000001001000010000000 
