3 0 0 0 0 0 0 0  10000000100000001000000010000000100000001000000010000000100000001000000010000000100000001000000010000000100000001000000010000000100000001000000010000000100000001000000010000000100000001000000010000000 
2 2 0 2 2 2 2 0  11111111111111111111111111111111111111101111111011111111111101111111111111111110111111111111111011111111111111111111111011111111111111111111111111111111111111111111111111111111111111101111111111111110 
3 0 0 0 0 0 0 0  10000000100000001000000010000000100000001000000010000000100000001000000010000000100000001000000010000000100000001000000010000000100000001000000010000000100000001000000010000000100000001000000010000000 
2 2 0 2 2 2 2 0  11111111111111111111111111111111111111101111111011111111111101111111111111111110111111111111111011111111111111111111111011111111111111111111111111111111111111111111111111111111111111101111111111111110 
3 0 0 2 0 0 0 0  10000000100100001001000010010000100000001001000010000000100000001000000010000000100000001000000010010000100000001000000010000000100000001001000010010000100100001001000010010000100100001001000010010000 
2 0 0 2 0 2 0 0  10010101100101001001010110010100100111001001010010010100100101001001010010010100100101011001000010010000100001001000000010010000100101001001000010010000100100001001000010010100100111001001010010010100 
2 2 0 2 2 2 2 0  11111101111101011101111111111111111111111111111011111111111101111101111111111110111111111111111111111111111111111111011011111111111111111111111111111111111111111111110111111111111111101111111111111110 
2 0 0 0 0 0 0 0  10010000100000001000000010000000100000001000000010000000100000001000000010000000100000001000000010000000100000001000000010000000100000001000000010000000100000001000000010000000100000001000000010000000 
2 0 0 2 0 2 0 0  10010100100101001001010010010100100101001001010010011100100100001001010010011100100101011001010010010000100001001000000010010000100101001001000010010000100100001001000010010100100101001001000010010100 
2 2 0 2 2 2 2 0  11011101110111011101010110010101111111101111111011111111111101111111111011111110111111111111111011111111111111111111111011111111111111111111111111111111111111111111111111111111111111101111111111111110 
2 0 0 2 0 0 0 0  10010000100000001001000010010000100000001001000010010000100000001000000010000000100000001001000010010000100000001001000010010000100000001000000010000000100000001000000010000000100000001000000010000000 
2 0 0 2 0 0 0 0  10010000100100001000000010000000100000001001000010010000100000001000000010000000100000001001000010010000100000001000000010010000100000001000000010000000100000001000000010000000100000001000000010010000 
2 0 0 2 0 0 0 0  10010000100100001000000010000000100000001000000010000000100000001000000010000000100000001000000010000000100000001000000010000000100000001000000010000000100000001000000010000000100000001000000010000000 
3 0 0 2 0 0 0 0  10000000100000001001000010010000100000001001000010000000100000001000000010000000100100001001000010010000100000001000000010000000100000001001000010010000100100001001000010010000100100001001000010010000 
2 0 0 2 0 2 0 0  10010000100100001001010010010100100101001001010010010100100100001001010010011100100101011001010010010000100001001000000010010000100101001001000010010000100100001001000010010100100101001001000010010000 
2 0 0 2 0 0 0 0  10010000100100001001000010000000100000001000000010000000100000001000000010000000100000001000000010000000100000001000000010000000100100001001000010010000100100001001000010010000100100001001000010010000 
2 0 0 2 0 2 0 0  10010000100100001001010010010000100101001001000010010000100100001001010010010100100100001001000010010000100001001000000010010000100101001001000010010000100100001001000010010000100100001001000010010000 
2 2 0 2 2 2 0 0  11011101110111011101010110010100100101001001010011011110100100001001010010010100100101011001000010010000100011001011010010010010100101000101101110011100100101011001000010010100100111001001010010010100 
2 0 0 2 0 2 0 0  10010000100101001001010010010000100101001001000010010100100100001001000010010100100100000001000000010000100000001000000010000000100100001001000010010000100100001001000010010000100100001001000010010000 
2 0 0 2 0 0 0 0  10010000100100001001000010000000100000001000000010000000100000001000000010000000100000001000000010000000100000001000000010000000100000001000000010000000100000001000000010000000100000001000000010000000 
3 0 0 0 0 0 0 0  10000000100100001000000010000000100000001000000010000000100000001000000010000000100000001000000010000000100000001000000010000000100000001000000010000000100000001000000010000000100000001000000010000000 
2 2 0 2 2 2 0 0  11011101110101001101110110010100100101001001010011011100100100001001010010010100100101011101000010010000100011001011010010010011100101001001000111011100100101011001000010010100100111001001010010010100 
3 0 0 2 0 0 0 0  10000000100000001000000010010000100000001001000010000000100000001000000010000000100000001000000010000000100000001000000010000000100000001001000010010000100100001001000010010000100100001001000010010000 
3 0 0 2 0 0 0 0  10000000100000001000000010000000100000001000000010000000100000001001000010000000100000001000000010000000100000001000000010000000100000001001000010010000100000001001000010010000100100001001000010010000 
3 0 0 0 0 0 0 0  10000000100000001001000010000000100000001000000010000000100000001000000010000000100000001000000010000000100000001000000010000000100000001000000010000000100000001000000010000000100000001000000010000000 
2 0 0 2 0 2 0 0  10011101100101011001010110010100100101001001010010011100100100001001010010010100100101001001001010010000100111001011010010010011100101001001010010011100100101011001000010010100100111001001010110010100 
2 0 0 2 0 0 0 0  10010000100100001001000010010000100100001001000010010000100000001000000010000000100000001001000010000000100000001000000010010000100000001000000010010000100100001001000010010000100100001001000010010000 
3 0 0 2 0 0 0 0  10000000100000001001000010010000100000001001000010000000100000001000000010000000100100001001000010010000100000001000000010000000100000001000000010000000100000001000000010000000100100001001000010010000 
2 2 0 2 2 2 0 0  10011101100101011101010110010100100101001001010010011100100100001001010010010100100101011001001010010000100011001001010010010010100101001001000110011100100101011001000010010100100111001001010010010100 
2 0 0 2 0 0 0 0  10010000100000001000000010010000100000001001000010000000100000001000000010000000100000001000000010000000100000001000000010000000100000001001000010010000100000001001000010010000100100001001000010010000 
2 0 0 2 0 0 0 0  10010000100100001001000010010000100100001001000010010000100000001011000010000000100100001001000000010000100000001000000010000000100100001001000010010000100100001001000010010000100000001001000010010000 
2 0 0 2 0 2 0 0  10010101100101011001010110110100100101001001110010010100100100001001010010010110100101011001000010010000100001001000010010010100100101001001000010010100101101001001000010010100100101001001010010010100 
2 0 0 2 0 2 0 0  10010100100100001001010010010000100101001001000010010000100100001001010010010100100100001001000010010000100001001000000010010000100101001001000010010000100100001001000010010000100100001001000010010000 
2 0 0 2 0 2 0 0  10011101100101011001010110010100100101001001010010011100100100001001010010011100100101011001010010010000100001001000000010010000100101001001000010010100101101001001000010010100100101001001000010010100 
2 0 0 2 0 2 0 0  10010101100101011001010110010100100101001001010010011100100100001001010010011100100101011001010010010000100001001000000010010000100101001001000010010100101101001001000010010100100101001001010010010100 
2 0 0 2 0 2 0 0  10010100100100001001010010010000100100001001000010010000100000001001010010010100100101011001000010010000100000001000000010000000100000001001000010010000100100001001000010010000100100001001000010010000 
2 2 0 2 2 2 2 0  11111111111111011101111111111111111111101111111011111111111101111111111111111111111111111111111011111111111111111111111011111111111111111111101011111111111111111111101111111111111111101111110111111110 
2 0 0 2 0 2 0 0  10010100100100001001000010010000000101001001000010010100100100001001010010010100100100001001000010010000100001001000000010010000100101001001000010010000100100001001000010010000100100001001000010010000 
2 2 0 2 2 2 2 0  11111101111111111111111111111111111111101111111011111111111101111111111111111111111111111111111011111111111111111111111011111111111111111111111111111111111111111111111111111111111111101111111111111110 
2 2 0 2 2 2 2 0  11111101110111111111111111111111111111101111111011111111111101111111111111111111111111111111111011111111111111111111111001111111111111111111111111111111111111111101111111111111111111101111111011111110 
2 0 0 2 0 0 0 0  10010000100000001001000010000000100000001000000010000000100000001000000010000000100000001000000010000000100000001000000010000000100000001000000010000000100000001000000010000000100000001000000010000000 
3 0 0 2 0 0 0 0  10000000100100001001000010010000100000001001000010000000100000001000000010000000100100001000000010000000100000001000000010000000100000001000000010000000100000001000000010000000100100001001000010010000 
2 2 0 2 2 2 2 0  11011101110111011101010110010100100101001101011010011100100100001001011010010100100101011000111010010010100011001011010010010110100101000101101110011100100101011101000010010100100101011001011111111110 
2 2 0 2 2 2 2 0  11011101110111011101010110010100100101001101010110011100100100111111111111111100100111111111111011111111111111111111111011111111111111111111111111111111111111111111111111111111111111101111111111111110 
2 0 0 2 0 2 0 0  10010000100101001001010010010000100101001001000010010100100100001001000010010100100101011001010010010000100001001000000010010000100100001001000010010100100100001001000010010100100100001001000010010000 
2 0 0 2 0 2 0 0  10010101100101011001010110110100100101001001010010010100100100001001010010110100100101011001000010010000100011001011010010010011100101001001000111011100100101011001000010010100100111001001010010010100 
2 2 0 2 2 2 2 0  11011101110111011101010110010100100101001101010110011100100100111111111111111100100101111111011010010010100011001111111011111111111101111111111111111110111110001001000010010100100101001001000010010100 
2 0 0 2 0 2 0 0  10010000100101001001010010010000100101001001000010010100100100001001000010010100100101011001000010010000100001001000000010010100100101001001000010010000110100001001000010010100100101001001000010010100 
2 0 0 2 0 0 0 0  10010000100100001000000010000000100000001000000010000000100000001000000010000000100000001000000010010000100000001001000010010000100000001000000010000000100000001000000010000000100000001000000010000000 
2 0 0 2 0 2 0 0  10011101100101011001010110010100100101001001010010011100100100001001010010010100100101001001001010010000100111001010010010010011100101001001010010011100100101011001000010010100100100001001000010010000 
2 0 0 2 0 2 0 0  10010000100101001001010010010000100100001001000010010000100000001001010010010100100101011001000010010000100001001000000010010000100101001001000010011000100100001001000010010000100100001001000010010000 
3 0 0 0 0 0 0 0  10000000100000001001000010000000100000001000000010010000100000001000000010000000100000001000000010000000100000001000000010000000100000001000000010000000100000001000000010000000100000001000000010000000 
2 0 0 2 0 0 0 0  10010000100100001001000010010000100100001001010010010100100100001001000010010100100100001001000010010000100000001000000010000000100000001001000010010000100100001001000010010000100100001001000010010000 
2 2 0 2 2 2 0 0  10011101100101011101010110010100100101001001010010011100100100001001010010010100100101011001001010010000100011001011010010010010100101001001000110011100100101011001000010010100100111001001010010010100 
2 0 0 2 0 2 0 0  10010100100100001001000010010000100101001001000010010100100100001001000010010100100000001000000010010000100000001000000010000000100000001001000010010000100100001001000010010000100100001001000010010000 
2 0 0 2 0 2 0 0  10010100100101001001000010010000100100001001000010010100100100001001000010010100100100000001000000010000100001001000000010010000100101001001000010010100100100001001000010010100100101001001000010010100 
2 2 0 2 0 2 0 0  11011101110111011101010110010100100101001101010110011100100100001011010010010100100101011001001010010000100111001011010010010011100101001001000010011100100101011001001010010100100111001001010010010100 
2 0 0 2 0 2 0 0  10010000100100001001000010010000100100001001000010010100100100001001000010010100100101011001000010010000100001001000000010010000100101001001000010010000100100001001000010010000100100001001000010010000 
2 2 0 2 2 2 0 0  11011101110101001101110110010100100101001001000011011100100100001001010010010100100101011101000010010000100011001011010010010001100101001001000111011100100001011001000010010100100101001001000010010000 
2 0 0 2 0 0 0 0  10010000100000001000000010000000100000001001000010010000100000001000000010000000100000001000000010000000100000001000000010000000100000001000000010000000100000001000000010000000100000001000000010000000 
2 0 0 2 0 0 0 0  10010000100100001001000010010000100100001001000010010000100100001001010010000000100100001001000010010000100000001000000010000000100100001001000010011000100100001001000010010000100100001001000010010000 
2 0 0 2 0 2 0 0  10010100100101001001000010010100100101001001010010010100100100001001010010010100100101011001000010010000100001001000000010010000100101001001000010010000100100001001000010010100100101001001000010010100 
2 0 0 2 0 2 0 0  10010100100100001001010010010100100101001001010010010100100100001001000010010100100100000001000000010000100001001000000010010000100101001001000010010100100100001001000010010100100101001001000010010100 
2 0 0 2 0 2 0 0  10010000100100001001000010010100100101001001010010010100100100001001010010010100100101011001000010010000100001101000000010010000100101001001000010010000100100001001000010010100100101001001000010010100 
2 0 0 2 0 2 0 0  10010100100101011001010010010000100101001001000010010000100100001001010010010100100100001001000010010000100001001000000010010000100101001001000010010000100100001001000010010000100100001001000010010000 
2 0 0 2 0 2 0 0  10010100100101001001000010010000100100001001000010010100100100001001010010010100100111011001010010010000100001001000000010010000100101001001000010010000100100001001000010010100100101001001000010010100 
3 0 0 2 0 0 0 0  10000000100100001001000010010000100000001001000010000000100000001000000010000000100100001000000010000000100000001000000010000000100000001000000010000000100000001000000010000000100100001001000010010000 
2 0 0 2 0 2 0 0  10010000100101001001000010010000100100001001010010010100100100001001000010010100100100001001000010010000100001001000000010010000100101001001000010010000100100001001000010010000100100001001000010010000 
3 0 0 2 0 0 0 0  10000000100100001001000010000000100000001000000010000000100000001000000010000000100000001000000010000000100000001000000010000000100000001000000010000000100000001000000010000000100000001000000010000000 
3 0 0 2 0 0 0 0  10000000100100001000000010000000100000001000000010000000100000001001000010000000100000001000000010000000100000001000000010000000100000001001000010010000100100001001000010010000100100001001000010010000 
2 0 0 2 0 2 0 0  10010101100101011001010110010100100101001001010010011100100100001001010010010100100101011001010010010000100001001000000010010000100101001001000010011100100101011001001010010100100111001001010010010100 
2 0 0 2 0 2 0 0  10010100100100001001010010010000100101001001010010010000100100001001000010010100100000001000000010010000100000001000000010000000100000001001000010010000100100001001010010010000100100001001000010010000 
2 0 0 2 0 2 0 0  10010000100101001001000010010000100100001001010010010100100100001001000010010100100100001001000010010000100001001000000010010000100101001001000010010000100100001001000010010000100101001001000010010100 
3 0 0 2 0 0 0 0  10000000100100001001000010000000100000001000000010000000100000001000000010000000100000001000000010000000100000001000000010000000100000001000000010000000100000001000000010000000100000001000000010000000 
2 0 0 2 0 2 0 0  10010100100100001001010010010100100101001001010010010100100100001001000010010100100100000001000000010000100001001000000010010000101101001001000010010100100100001001000010010100100101001001000010010100 
3 0 0 0 0 0 0 0  10000000100000001000000010000000100000001000000010000000100000001000000010000000100000001000000010000000100000001001000010010000100000001000000010000000100000001000000010000000100000001000000010000000 
3 0 0 2 0 0 0 0  10000000100000001000000010000000100000001000000010000000100000001001000010000000100000001000000010000000100000001000000010000000100000001000000010000000100000001000000010000000100100001001000010010000 
2 0 0 2 0 0 0 0  10010000100100001001000010010000100100001001000010010000100000001011000010000000100100001001000010010000100001001000000010010000100101001001000010010000100100001001000010010000100100000001000010010000 
2 0 0 2 0 0 0 0  10010000100100001001000010010000100000001000000010000000100000001000000010000000100000001000000010000000100000001000000010000000100000001000000010000000100000001000000010000000100000001000000010010000 
3 0 0 2 0 0 0 0  10000000100000001001000010010000100000001001000010000000100000001000000010000000100100001001000010010000100000001000000010000000100000001000000010000000100000001000000010000000100000001000000010010000 
2 2 0 2 2 2 2 0  11011101110111011101010110010100100101001001010011011110100100001001010010010100100101011001100010010000101111111111111011111111111111111101111111111110111111111111111111111111111111111101111111111110 
2 0 0 2 0 2 0 0  10010100100101001001010010010100100101001001000010010100100100001001000010010100100100001001000010010000100000001000000010000000100100001001000010010000100000001001000010010101100101001001000010110100 
2 2 0 2 2 2 2 0  11011101110111011101010110010101111111101111111011111111110101111111111011111110111111111111111011111111111111111111111011111111111111111101111111111110111111111111111111111111111111111101111111111110 
3 0 0 2 0 0 0 0  10000000100100001000000010000000100000001001000010010000100000001000000010000000100000001001000010010000100000001000000010010000100000001000000010010000100100001001000010010000100100001001000010010000 
3 0 0 2 0 0 0 0  10000000100000001001000010010000100000001001000010000000100000001000000010000000100000001000000010000000100000001000000010000000100000001000000010000000100000001000000010000000100000001000000010000000 
2 0 0 2 0 0 0 0  10010000100000001001000010000000100000001000000010010000100000001000000010000000100000001001000010010000100000001001000010010000100000001000000010000000100000001000000010000000100000001000000010000000 
2 0 0 2 0 2 0 0  10010100100100001001000010010000100101001001000010010100100100001001000010010100100100000001000000010000100001001000000010010000100100001001000010010000100100001001010010010000100100001001000010010000 
3 0 0 2 0 0 0 0  10000000100000001000000010000000100000001000000010000000100100001001000010000000100000001000000010000000100000001000000010000000100000001000000010000000100000001000000010000000100000001000000010000000 
3 0 0 2 0 0 0 0  10000000100000001001000010010000100000001001000010000000100100001000000010000000100000001000000010000000100000001000000010000000100000001000000010000000100000001001000010000000100000001000000010000000 
2 2 0 2 2 2 2 0  11111101111111011101111111111111111111111111111011111111111101111101111111111111111111111111111111111111111111111111111111011111111111111111111111111111111111111111111111111111111111101111111111111110 
2 0 0 2 0 2 0 0  10010000100100001001000010010000100101001001000010010100100100001001010010010100100101011001010010010000100001001000000010010000100101001001000010010000100100001001000010010100100101001001000010010100 
2 0 0 2 0 0 0 0  10010000100000001000000010000000100000001001000010000000100000001000000010000000100000001000000010000000100000001000000010000000100000001001000010010000100000001001000010010000100000001001000010010000 
2 0 0 2 0 2 0 0  10010000100100001001010010010000100100001001000010010000100000001001010010010100100101011001000010010000100000001000000010000000100000001001000010010000100100001001000010010000100100001001000010010000 
2 0 0 2 0 0 0 0  10010000100000001001000010000000100000001000000010000000100000001000000010000000100000001000000010000000100000001000000010000000100000001000000010000000100000001000000010000000100000001000000010000000 
3 0 0 2 0 0 0 0  10010000100000001000000010010000100000001001000010000000100100001001000010000000100000001000000010000000100000001000000010000000100000001000000010000000100000001000000010000000100000001000000010000000 
2 0 0 2 0 2 0 0  10010100100101001001010010010000100100001001000010010000100000001001010010010100100101011001000010010000100001001000000010010000100101001001000010010000100100001001000010010000100100001001000010010000 
3 0 0 0 0 0 0 0  10000000100000001000000010000000100000001000000010000000100000001000000010000000100000001000000010000000100000001000000010000000100000001000000010000000100000001000000010000000100000001000000010010000 
2 2 0 2 2 2 2 0  11011101110111011101010110010100100101001101010110011100100100111111111111111100100101111111011010010010100011001111111011111111111111111111111111111110111111111111111111111111110111101101111111111110 
2 2 0 2 2 2 0 0  11011101110101001101110110010100100101001001010011011100100100001001010010010100100101011101000010010000100011001011010010010001100101001001000111011100100101011001000010010100100111001001010010010100 
2 0 0 2 0 0 0 0  10010000100000001001000010000000100000001000000010010000100000001000000010000000100000001001000010010000100000001001000010010000100000001000000010000000100000001000000010000000100000001000000010000000 
