3 0 0 0 0 0 0 0  10000000100000001000000010000000100000001000000010000000100000001000000010000000100000001000000010000000100000001000000010000000100000001000000010000000100000001000000010000000100000001000000010000000 
1 2 1 2 2 2 2 0  11111111111111111111111111111111111111111111111111111111111111111101111111111111111111111111111111111111111111111111111111111111111111111111111111111111111111111111111111111110111111111111111011111110 
1 2 1 2 2 2 2 0  11111111111111111111111111111111111111111111111111111111111111111101111111111111111111111111111111111111111111111111111111111111111111111111111111111111111111111111111111111110111111111111111011111110 
3 0 0 0 0 0 0 0  10000000100000001000000010000000100000001000000010000000100000001000000010000000100000001000000010000000100000001000000010000000100000001000000010000000100000001000000010000000100000001000000010000000 
2 0 0 1 0 0 0 0  10010000100000001000000010000000100000001000000010000000100000001000000010000000100000001000000010000000100000001000000010000000100000001000000010000000100000001000000010000000100000001000000010000000 
3 0 0 2 0 0 0 0  10000000100100001001000010000000100000001000000010000000100000001000000010000000100000001000000010000000100000001000000010000000100100001001000010010000100000001001000010010000100000001001000010000000 
2 0 0 1 0 0 0 0  10010000100100001000000010000000100000001000000010000000100000001000000010000000100000001000000010000000100000001000000010000000100000001000000010000000100000001000000010000000100000001000000010000000 
3 0 0 2 0 0 0 0  10000000100000001000000010000000100000001000000010000000100000001001000010000000100000001000000010010000100100001000000010010000100000001001000010000000100100001001000010010000100100001001000010010000 
2 0 0 2 0 0 0 0  10010000100000001001000010000000100000001001000010010000100000001000000010000000100000001000000010000000100000001000000010000000100000001000000010010000100000001001000010010000100000001001000010000000 
3 0 0 2 0 0 0 0  10000000100000001001000010000000100000001001000010010000100000001000000010000000100000001000000010010000100000001001000010010000100100001001000010010000100000001001000010000000100100001001000010000000 
2 2 1 2 2 2 2 0  11111101111111111101110101111111010101111101110011110101111111101101110011011101110101111111001111110110100101001001111111111111110111011111011111111111111100001001000010010100100101001001010010010100 
2 0 0 2 0 0 0 0  10010000100100001000000010000000100000001000000010000000100000001000000010000000100000001000000010000000100000001000000010000000100000001000000010000000100100001001000010010000100100001001000010010000 
3 0 0 2 0 0 0 0  10000000100000001000000010000000100000001000000010000000100000001000000010000000100000001000000010000000100000001000000010000000100000001000000010000000100100001001000010010000100000001001000010010000 
3 0 0 1 0 0 0 0  10000000100100001000000010000000100000001000000010000000100000001000000010000000100000001000000010000000100000001000000010000000100000001000000010000000100000001000000010000000100000001000000010000000 
2 0 0 2 0 2 0 0  10010100100100001001010010010000100100001001000010010000100000001001000010010000100100001000010010010100100101001001010010010000100101001001000010010000100100001001000010010100100101001001010010010100 
2 0 0 2 0 0 0 0  10010000100100001001000010000000100000001000000010000000100000001000000010000000100000001000000010000000100000001000000010000000100000001000000010000000100000001000000010000000100000001000000010000000 
2 0 0 2 0 2 0 0  10010100100100001001010010010000100100001001000010010000100000001001000010010000100000001000000010010000100100001001000010010000100100001001000010010000100100001001000010010100100101001001000010010000 
3 0 0 1 0 0 0 0  10000000100100001000000010000000100000001000000010000000100000001000000010000000100000001000000010000000100000001000000010000000100000001000000010000000100000001000000010000000100000001001000010010000 
2 0 0 2 0 2 0 0  10010100100100001001000010010000100100001001000010010000100000001001000010010000100100001000000010010000100101001001000010010000100000001001000010010000100100001001000010010100100100001001000010010000 
2 2 1 2 2 2 2 0  11111101111101001111110110110101111101011001110010011100100101001001010011011101110101111111001111111111111111111111111111111111111111111111111111111111111111111111111111111110111111111111111011111110 
2 0 0 2 0 2 0 0  10010000100101001001010010010000100100001001000010010100100000001001000010010000100101001000000010010000100100001001000110010000100101001001000010010100100100001001000010010100100101001001010010010100 
2 0 0 2 0 0 0 0  10010000100100001001000010000000100000001000000010000000100000001000000010000000100000001000000010000000100000001000000010000000100100001001000010010000100000001001000010010000100000001001000010000000 
2 2 0 2 0 2 0 0  11010101110101001101010010010000110101011111110010011100100101001001010010010100100101111111001111110100100101001001010010010100100101001001000010010000100100001001000010011100100101001001010010010100 
2 0 0 2 0 0 0 0  10010000100000001000000010010000100100001000000010000000100100001000000010000000100000001000000010000000100000001000000010000000100100001001000010010000100000001001000010010000100000001001000010000000 
3 0 0 1 0 0 0 0  10000000100000001001000010000000100000001000000010000000100000001000000010000000100000001000000010000000100000001000000010000000100000001000000010000000100000001000000010000000100000001000000010000000 
2 0 0 2 0 2 0 0  10010101100101011001010011010000100101011111110110011100100101001001010010010100100101111111001111110100100101001001010010010100100101001001000010010000100100001001000010010100100101001001010010010000 
2 0 0 1 0 0 0 0  10010000100000001001000010000000100000001000000010000000100000001000000010000000100000001000000010000000100000001000000010000000100000001000000010000000100000001000000010000000100000001000000010000000 
2 2 0 2 0 2 0 0  11010101110101011001010011010000100101011111110110011100110101001001010010010100100101111111001111110100100101001001010010010100100101001001000010010000101100001001000010010100100101001001010010010100 
2 0 0 1 0 0 0 0  10010000100000001000000010000000100000001000000010000000100000001000000010000000100000001000000010000000100000001000000010000000100000001000000010000000100000001000000010000000100000001001000010010000 
3 0 0 1 0 0 0 0  10000000100100001001000010000000100000001000000010000000100000001000000010000000100000001000000010000000100000001000000010000000100000001000000010000000100000001000000010000000100000001000000010000000 
2 0 0 2 0 0 0 0  10010000100000001000000010000000100000001000000010000000100000001000000010000000100000001000000010000000100000001001000010000000100100001001000010010000100000001001000010010000100000001001000010000000 
2 2 1 2 2 2 2 0  11111111111111111111111111110111110100111101110011110101111111101101110011011101111101111111110111110110100101001001111111111111110111011111011111111111111111111111111111111110111111111111111011111100 
2 0 0 2 0 2 0 0  10010101100101011001010010010000100101011001110010011100100101001001000010010100100100001000010010010100100101001001000010010000100101001001000010010100100100001001000010010100100101001001010010010100 
2 0 0 2 0 2 0 0  10010100100101001001010110010000100101011001000010010000100000001001000010010000100000001001010010010100100100001001000010010000100101001001000010010000100100001001000010010100100101001001010010010100 
2 0 0 2 0 2 0 0  10010000100101001001000010010000100000001001000010010000100000001001000010010000100000001000000010010000100100001001000010010000100101001001000010010100100100001001000010010100100101001001010010010100 
2 0 0 2 0 0 0 0  10010000100100001001000010010000100100001001000010010000100000000001000010010000100100001000000010010000100100001001000010010000100000001001000010000000100100001001000010010000100100001001000010010000 
3 0 0 2 0 0 0 0  10000000100100001000000010000000100000001001000010010000100000001000000010000000100000001000000010000000100000001001000010000000100100001000000010000000100000001000000010000000100000001001000010010000 
2 2 1 2 1 2 0 0  11010101110101001101010101111111100101111111110011110111111111101101110011011101110101111111001111110110100101001001001110010100010111011111011111111111111100101001000010011100100101001001010010010100 
2 0 0 2 0 2 0 0  10010101100101001001010010010000100101011001110010011100100101001001010010010100100101111111001111110100100101001001010010010000100101011001000010110000100101001001000010010100100101001001010010010100 
3 0 0 2 0 0 0 0  10000000100100001000000010010000100100001000000010000000100100001000000010000000100000001000000010010000100000001001000010000000100100001001000010010000100000001001000010010000100000001001000010000000 
2 2 1 2 1 2 2 0  11010101111101001101110101111111110101111111110011110111111111101101110011011101110101111111001111110110100101001001001110010010110111011111111111111111111111111111111111111110111111101111110011111110 
2 0 0 2 0 0 0 0  10010000100100001001000010000000100000001000000010000000100000001000000010000000100000001000000010000000100000001001000010010000100100001001000010010000100100001001000010010000100100001001000010010000 
2 2 0 2 0 2 0 0  11010101110101001101010010010000110101011111110011111101111111101101110011111101110111111111001111010101101100101001010010011100100101011001000010010100100100001001000010010100100101011001010010010100 
2 0 0 2 0 0 0 0  10010000100100001001000010010000100100001001000010010000100000000001000010010000100100001000000010010000100000001000000010000000100000001001000010010000100000001001000010000000100100001001000010000000 
2 2 1 2 2 2 2 0  11111101111111111101110111111111111111111111111111111111111111111101111111111111111111111111111111111111111111111111111111111111111111111111111111111111111111111111111111111110111111111111111011111111 
2 0 0 2 0 2 0 0  10010100100101001001000010010000100101011001010010010000100000001001000010010000100100001000010010010100100101001001010010010000100101001001000010010000100100001001000010010100100101001001010010010100 
2 2 1 2 0 2 0 0  11110101110101001101010010010000110101011111110011111101111111101101110011111101110111111111001111110100100101001001010010010100110101001001000010010000100100001001000010010111100101001001010010010100 
2 0 0 2 0 2 0 0  10010000100101001001000010010000100100001001000010010000100000001001000010010000100000001001010010010100100100001001000010010000100101001001000010010100100100001001000010010100100101001001010010010100 
3 0 0 1 0 0 0 0  10000000100000001001000010000000100000001001000010000000100000001000000010000000100000001000000010000000100000001000000010000000100000001000000010000000100000001000000010000000100000001001000010010000 
3 0 0 1 0 0 0 0  10000000100000001001000010000000100000001001000010000000100000001000000010000000100000001000000010000000100000001000000010000000100000001000000010000000100000001000000010000000100000001000000010000000 
2 0 0 2 0 0 0 0  10010000100100001001010010010000100100001001000010010000100000001001000010010000100100001000000010010000100100001000000010010000100100001001000010010000100100001001000010010000100101001001000010010000 
2 0 0 2 0 2 0 0  10010101100101001001010010010000100101011001110010011100100101001001010010010100100101111111001111110100100101001001000010010000100100001001000010010010100100001001000010010100100101001001010010010100 
3 0 0 2 0 0 0 0  10000000100000001001000010000000100100001001000010000000100000001000000010000000100000001000000010010000100000001001000010000000100100001000000010000000100000001000000010000000100000001001000010010000 
2 2 1 2 2 2 0 0  11111101111101001111110110110101111101011001110010011100100101001001010011011101110101111111001111111111111111111111111111111110100101001001000010010100100100001001000010010100100101001001010010010100 
2 2 0 2 0 2 0 0  11010101110101001001010011010000100101011001110010011001110101001001010010010100100101011111000010010000100101001001010010010100100101001001000010010000101100001001000010010100100101001001010010010100 
3 0 0 2 0 0 0 0  10000000100100001001000010000000100000001000000010000000100000001000000010000000100000001000000010000000100000001000000010010000100000001000000010000000100000001000000010000000100100001001000010010000 
2 0 0 2 0 0 0 0  10010000100100001001000010010000100101011001000010010000100000001001000010010000100100001000000010010000100100001001000010010000100100001001000010010000100100001001000010010100100101001001000010010000 
2 0 0 2 0 0 0 0  10010000100100001001000010010000100101011001000010010000100000001001000010010000100100001000000010010000100100001001000010010000100100000001000010010000100000001001000010000000100100001001000010010000 
2 2 1 2 1 2 2 0  11111101111101001101110110110101111101011001110010011100100101011001010010010100100101111111001011111100100101001001001110010010110111011111111111111111111111111111111111111110111111111111110011111110 
2 0 0 2 0 2 0 0  10010100100100001001000010010000100100001001000010010100100000001011000010010100100000001001010010010000100100001001000010010000100101001001000010010100100100001001000010010100100101001001010010010100 
2 0 0 2 0 2 0 0  10010100100101001001000010010000100101011001000010010000100000001001000010010000100100001000000010010000100100001001000010010000100100001001000010010000100101011001000010010100100101001001010010010100 
2 0 0 2 0 2 0 0  10010101100101001001010010010000100101011001110010011100100101001001010010010100100100001000010010010100100101001001010010010000100101001001000010010000100100001001000010010100100101001001010010010100 
2 0 0 2 0 0 0 0  10010000100100001001010010010000100100001001000010010000100000001001000010010000100100001000000010010000100100001000000010010000100100001001000010010000100000001001000010010000100000001001000010000000 
2 0 0 2 0 2 0 0  10010100100101001001010010010000100101011001110010011100100101001001000010010000100100001000010010010100100101001001010010010000100101001001000010010000100100001001000010010100100101001001010010010100 
2 0 0 2 0 0 0 0  10010000100000001001000010000000100000001000000010000000100000001000000010000000100000001000000010000000100000001000000010000000100000001000000010000000100000001001000010010000100000001001000010000000 
3 0 0 0 0 0 0 0  10000000100000001000000010000000100000001000000010000000100000001000000010000000100000001000000010000000100000001000000010000000100000001000000010000000100000001000000010010000100000001001000010010000 
2 0 0 2 0 2 0 0  10010000100100001001010010010000100100001001000010010000100000001001000010010000100100001000000010010000100100001001010010010000100100001001010010010000100100001001000010010000100101001001010010010100 
3 0 0 2 0 0 0 0  10000000100000001001000010000000100000001001000010000000100000001000000010000000100000001000000010010000100000001001000010000000100100001000000010000000100000001000000010000000100000001001000010010000 
3 0 0 1 0 0 0 0  10000000100000001000000010000000100000001000000010000000100000001000000010000000100000001000000010000000100000001000000010000000100000001000000010000000100000001000000010000000100000001001000010010000 
2 0 0 2 0 2 0 0  10010100100101001001000010010000100101011001000010010000100000001001000010010000100100001000000010010000100100001001000010010000100100001001000010010000100100001001000010010000100100001001000010010000 
2 2 1 2 0 2 0 0  11110101110101001101010010010000110101011111110011111101111111101101110011111101110111111111001111110100100101001001010010010100110001001001000010010000100100001001000010010100100101001001010010010100 
3 0 0 2 0 0 0 0  10000000100100001000000010010000100100001000000010000000100100001000000010000000100000001000000010010000100000001001000010000000100100001000000010000000100000001000000010000000100000001001000010010000 
2 0 0 2 0 0 0 0  10010000100100001000000010000000100000001000000010000000100000001000000010000000100000001000000010000000100000001000000010000000100000001000000010000000100100001001000010010000100000001001000010000000 
2 0 0 2 0 0 0 0  10010000100100001001000010010000100101011001000010010000100000001001000010010000100100001000000010010000100100001001000010010000100100001001000010010000100000001001000010000000100100001001000010010000 
2 0 0 2 0 2 0 0  10010100100101001001010010010000100101001001000010010000100000001001000010010000100100001000000010010000100100001001000010010000100000001001000010010000100100001001000010010100100101001001000010010000 
2 0 0 2 0 2 0 0  10010100100101001001010010010000100101011001110010011100100101001001000010010000100100001000110010010100100101001001010010010100100101001001000010010000100100001001000010011100100101001001010010010100 
2 0 0 2 0 0 0 0  10010000100100001001010010010000100100001001000010010000100000001001000010010000100100001000000010010000100100001000000010010000100100001001000010010000100100001001000010010000100100001001000010010000 
2 2 0 2 0 2 0 0  11010101110101001001010011010000100101011001110010011000110101001001010010010100100101011111000010010000100101001001000010010100100101001001000010010000100100001001000010010100100101011001010010010100 
2 2 1 2 2 2 2 0  11111101111101001101110101111111010101111101110011110101111111101101110011011101110101111111001111110110100101001001111110111111110111011111011111111111111100001001000010010100100101001001010010010100 
2 2 1 2 2 2 2 0  11111101111111111101110101111111110101111101110011110101111111101101110011011101110101111101001111110111111111111111111111111111111111111111111111111111111111111111111111111100011111111111111011111110 
2 0 0 2 0 2 0 0  10010100100101001001010010010000100101011001110010011100100101001001010010010100100100101000010010010000100101001001000010010000100101001001000110010000100101011001000010010100100101001001010010010100 
2 0 0 2 0 2 0 0  10010000100101001001010010010000100100001001000010010100100000001001000010010000100100001000000010010000100100001001000010010000100101001001000010010100100100001001000010010100100101001001010010010100 
2 0 0 2 0 2 0 0  10010100100101001001010010010000100101001001010010011100100101001001010010010100100100101000000010010000100100001001000010010000100100001001000010010000100100001001000010010100100101001001000010010000 
2 0 0 2 0 2 0 0  10010000100101001001000010010000100101011001010010010000100000001001000010010000100100001000010010010000100100001001000010010000100101001001000010010100100100001001000010010100100101001001010010010100 
2 2 1 2 2 2 2 0  11111101111111111101110101111111110101111101110011110101111111101101110011011101110101111101001111110111111111111111111111111111111111111111111111111111111111111111111111111100011111111111111011111110 
2 2 1 2 0 2 0 0  11111101111101001101110110110101111101011001110010011100100101001001010010011100100101111111001111111101100101001001010010010000100101001001000010010000100100001001000010010100100101001001010010010100 
2 0 0 2 0 0 0 0  10010000100100001001000010010000100101011001000010010000100000001001000010010000100100001000000010010000000100001001000010010000100100001001000010010000100100001001000010010100100101001001000010010000 
2 0 0 2 0 0 0 0  10010000100100001001000010000000100000001000000010000000100000001000000010000000100000001000000010000000100000001000000010000000100000001000000010000000100000001000000010000000100000001000000010000000 
2 0 0 2 0 2 0 0  10010000100101001001010010010000100100001001000010010100100000001001000010010000100100001000000010010000100100001001010010010000100100001001010010010000100100001001000010010000100100001001000010010000 
2 0 0 2 0 2 0 0  10010100100100001001000010010000100100001001000010010000100000001001000010010000100000001001010010010100100100001001000010010000100101001001000010010100100100001001000010010100100101001001010010010100 
2 2 1 2 1 2 2 0  11010101110101001101010101111111100101111111110011110111111111101101110011011101110101111111001111110110100101001001001110010000010111011111011111111111111100101001000010011100100101001001010010010100 
2 0 0 2 0 0 0 0  10010000100101001001000010010000100100001001000010010000100000001001000010010000100000001000000010010000100100001001000010010000100100001001010010010000100100001000000010000000100000001001000010010000 
2 0 0 2 0 2 0 0  10010100100101001001010010010000100101001001000010010000100000001001000010010000100100001000000010010000100100001001000010010000100000001001000010010000100100001001000010010100100101001001000010010000 
2 2 1 2 0 2 0 0  11111101111101001101110110110101111101011001110010011100100101001001010010011100100101111111001111111101100101001001010010010000100101001001000010010000100100001001000010010100100101001001010010010100 
2 2 1 2 2 2 2 0  11111101111111111101110111111111111111111111011111111111111111111101111111111111111111111111111111111111111111111111111111111111111011111111111111111111111111011111111111111110111111111111111011111111 
2 2 1 2 2 2 2 0  11111111111111111111111111110111110101111101110011110101111111101101110011011101111101111111110111110111111111111111111111111111111111111111111111111111111111111111111111111100011111111111111011111110 
2 0 0 2 0 2 0 0  10010000100101001001010010010000100100001001000010010100100000001001000010010000100100001000000010010000100100001001010010010000100100001001010010010000100100001001000010010000100100001001000010010000 
3 0 0 0 0 0 0 0  10000000100000001000000010000000100000001000000010000000100000001000000010000000100000001000000010000000100000001000000010000000100000001000000010000000100000001000000010000000100000001000000010010000 
2 0 0 2 0 0 0 0  10010000100000001001000010000000100000001001000010010000100000001000000010000000100000001000000010000000100000001000000010000000100000001000000010010000100000001001000010010000100000001000000010000000 
2 0 0 2 0 2 0 0  10010000100100001001010010010000100100001001000010010000100000001001000010010000100100001000000010010000100100001001010010010000100101001001000010010100100100001001000010010100100101001001010010010100 
