3 0 0 0 0 0 0 0  10000000100000001000000010000000100000001000000010000000100000001000000010000000100000001000000010000000100000001000000010000000100000001000000010000000100000001000000010000000100000001000000010000000 
2 2 2 2 2 2 2 1  11111111111111111111111111111111111111111111111111111110111101111101111011111111111111111111111011111110111111111111111111111111111111111111111111111111111111111111111111111111111111111111111111111110 
2 2 2 2 2 2 2 1  11111111111111111111111111111111111111111111111111111110111101111101111011111111111111111111111011111110111111111111111111111111111111111111111111111111111111111111111111111111111111111111111111111110 
3 0 0 0 0 0 0 0  10000000100000001000000010000000100000001000000010000000100000001000000010000000100000001000000010000000100000001000000010000000100000001000000010000000100000001000000010000000100000001000000010000000 
2 0 0 0 0 0 0 0  10010000100000001000000010000000100000001000000010000000100000001000000010000000100000001000000010000000100000001000000010000000100000001000000010000000100000001000000010000000100000001000000010000000 
2 2 0 2 0 2 0 0  11110101110101011101010110011100100101011001010010010100100100101001010011010100100111001001010010010000100111001001000011110100110101001001010010010100100100011001110110010101100101001101010010010100 
2 0 0 2 0 0 0 0  10010000100100001000000010000000100000001000000010000000100000001000000010000000100000001000000010000000100000001000000010000000100000001000000010000000100000001000000010000000100000001000000010000000 
2 0 0 2 0 0 0 0  10010000100100001000000010000000100100001001000010000000100000001001000010000000100000001001000010000000100000001000000010010000100100001000000010000000100000001000000010000000100000001000000010000000 
2 0 0 2 0 0 0 0  10010000100100001001000010000000100000001000000010000000100000001000000010000000100000001000000010000000100000001000000010000000100000001000000010000000100000001000000010000000100000001000000010000000 
3 0 0 2 0 0 0 0  10000000100100001000000010000000100000001000000010000000100000001001000010000000100000001000000010000000100000001000000010000000100000001000000010000000100100001101000010010000100000001000000010000000 
3 0 0 0 0 0 0 0  10000000100100001000000010000000100000001000000010000000100000001000000010000000100000001000000010000000100000001000000010000000100000001000000010000000100000001000000010000000100000001000000010000000 
3 0 0 2 0 0 0 0  10000000100000001001000010000000100100001001000010000000100000001001000010010000100100001000000010010000100100001000000010010000100000001000000010010000100000001001000010010000100100001001000010000000 
2 0 0 2 0 0 0 0  10010000100000001001000010010000100100001001000010000000100000001001000010000000100000001000000010000000100000001000000010000000100000001000000010000000100000001001000010010000100000001000000010000000 
3 0 0 2 0 0 0 0  10000000100100001001000010000000100100001001000010010000100100001001000010010000100100001001000010010000100100001000000010000000100000001000000010000000100000001000000010000000100000001000000010000000 
3 0 0 2 0 0 0 0  10000000100000001000000010010000100100001001000010000000100000001000000010000000100000001000000010000000100000001000000010000000100000001000000010010000100100001001000010010000100000001001000010010000 
2 2 2 2 2 2 2 1  11111111110111111111110111111111110101111101011011111110111101111101111001111111111111101111101111110101111111111111111111111111111111111111111111111111111111111111111111111111111111101111111111111110 
3 0 0 2 0 0 0 0  10000000100000001001000010000000100100001001000010000000100000001001000010000000100000001001000010000000100000001000000010010000100110001000000010000000100000001000000010000000100000001000000010000000 
2 2 0 2 0 2 0 0  11010101110101011101010110010100100101001001010011010100100101101001011010010101100111001001010010010000100101001001000011010100110101001001110010011100100100011001110110010101100101001101010010010100 
2 2 2 2 2 2 2 1  11111101110101011101110110011110100101111111010010010100100100101001010011010100100111001011111001011111111111111011101111111111111111111111111111111101111101111111111111111111111111111111111111111110 
2 2 2 2 2 2 2 1  11110101110101011101010110010100100101001001010010010110111101111111111011111110111111111111111011110110111111111111111111111111111111111111111111101111111111111111111111111111111111101111111111111110 
2 0 0 2 0 0 0 0  10010000100100001001000010010000100100001001000010010000100100001001000010010000100100001001000010010000100100001000000010000000100000001000000010010000100100001001000010010000100000001001000010010000 
2 0 0 2 0 2 0 0  10010100100101001001000010010000100100001001000010010000100100001001000000010100100100001001010010010000100100001001000010010100100101001001010010010100100100001001000010010101100101001001100010010100 
2 2 0 2 0 2 2 1  11110101110101011101010110010100100101001001010011010100100101101001010010010101100111001001010010010000100101001001000011010100110100001001010011010011111111111111111111111111111111111111111111111110 
2 0 0 2 0 2 0 0  10010000100100001001010010010000100100001001000010010000100100001001110010010100100100001001010010010000100100001001000010010100100101001001010010010100100100001001000010010101000101001001000010010000 
2 0 0 2 0 2 0 0  10010101100101011001010110011100100101001001010010010100100101101001010011010100100111001001010010010000100100001001000010010100100101001001010010010100100100001001000010010101100101001001000010010100 
2 0 0 2 0 0 0 0  10010000100100001001010010010000100100001001000010010000100100001001000010000000100100001001000010010000100100001001000010010000100100001001000010010000100100001001000010010000100100001001000010000000 
2 2 2 2 2 2 2 1  11111101111111011111110111111111111111111111111111111110111101111111111011111110111111111111111011111110111111111111111111111111111111111111111111111111111111111111111111111111111111101111111111111110 
2 0 0 2 0 2 0 0  10010101100101011001010110011100100101001001010010010100100100101001010011010100100111001001010010010000100111001001000011010100100101001001010010010100100100001001000010010101100101001001000010010100 
2 0 0 2 0 0 0 0  10010000100100001001000010010100100100001001000010010000100100001001000010010000100100001001000010010000100100001001000010011000100100001001000010010000100100001001000010010000100000001001000010010000 
3 0 0 2 0 0 0 0  10000000100100001000000010000000100100001000000010000000100000001001000010000000100000001001000010000000100100001001000010010000100100001000000010010000100100001000000010000000100000001000000010000000 
3 0 0 0 0 0 0 0  10000000100000001001000010000000100000001000000010000000100000001000000010000000100000001000000010000000100000001000000010000000100000001000000010000000100000001000000010000000100000001000000010000000 
3 0 0 2 0 0 0 0  10000000100000001000000010010000100100001001000010000000100000001000000010000000100000001000000010000000100000001000000010000000100000001000000010010000100000001000000010000000100000001000000010000000 
2 0 0 2 0 2 0 0  10010101100101001001010110010100100101001001010010010100100100001001010010010100100100011001010010010000100101001001000010010100100101011001010010010100100100011001110110010100100101001001000010010100 
2 2 0 2 0 2 0 1  11010101110101011101010110010100100101001001010011010100100101101001011010010101100111001001010010010000100101001001000011010100110101001001010010010100100100011001110110010101100111101111111111111110 
2 0 0 2 0 2 0 0  10010100100101001001010010010000100100001001000010010000100101001001000010010000100101001001000010010000100100001001000010010000100101001001000010010000100100001001000010010000100100001001000010000000 
2 0 0 2 0 2 0 0  10010000100101001001000010010000100100001001000010010000100100001001000010010100100100001001010010010000100100001001000010010100100101001001010010010100100100001001000010010101100101001001000010010100 
2 0 0 2 0 0 0 0  10010000100000001001000010000000100000001000000010000000100000001000000010000000100000001000000010000000100000001000000010000000100000001000000010000000100000001000000010000000100000001000000010000000 
2 0 0 2 0 2 0 0  10010100100101001001010110010100100100001001010010010100100100001001010010010100100100001001010010010000100100001001000010010100100101001001010010010100100100001001000010010101100101001001000010010100 
2 0 0 2 0 2 0 0  10010000100101001001010010010000100100001001000010010000100101001001110010010100100100001001010010010000100100001001000010010100100101001001010010010100100100001001000010010101100101001001000010010100 
2 2 0 2 0 2 0 0  11111101111101011111110110010100100101001001010010010100100100101001010011010100110111001001010010010000100111001001000011010100110101001001010010010100100100011001110110010101100101001101010010010100 
3 0 0 2 0 0 0 0  10000000100100001000000010000000100100001000000010000000100000001001000010000000100000001001000010000000100100001001000010010000100100001000000010010000100100001001000010010000100000001001000010000000 
2 0 0 2 0 2 0 0  10010100100101001001000010010000100100001001000010010000100100001001000000010100100100001001010010010000100100001001000010010100100101001000000010010100100100001001000010010000100100001001000010010000 
3 0 0 2 0 0 0 0  10000000100000001001000010000000100000001000000010000000100000001000000010000000100000001001000010000000100000001000000010000000100000001000000010000000100000001000000010000000100000001000000010000000 
2 0 0 2 0 0 0 0  10010000100000001000000010010000100100001001000010000000100000001000000010000000100000001000000010000000100000001000000010000000100000001000000010010000100100001001000010010000100000001001000010010000 
2 0 0 2 0 2 0 0  10010000100101001001000010010000100100001001000010010000100101001001000010010000100100001001000010010000100100001001000010010000100101001001000010010000100100001001000010010000100000001001000010010000 
2 0 0 2 0 0 0 0  10010000100100001001000010010000100100001001000010010000100100001001000010010000100100001001000010000000100000001000000010000000100000001000000010000000100000001000000010000000100000001000000010000000 
2 0 0 2 0 2 0 0  10010000100100001001000010010000100100001001000010010000100100001001000010000000100100001001000010010000100100001001000010010100100101001001000010010100100100001001000010010000100100001001000010010000 
2 2 2 2 2 2 2 1  11111101111111111111110111111111111111111111111111111110111101111111111011111110111111111111111011111110111111111111111111111111111111111111111111111111111111111111111111111111111111101111111111111110 
3 0 0 2 0 0 0 0  10000000100100001001000010000000100000001000000010000000100000001000000010000000100000001000000010000000100000001000000010000000100000001000000010000000100000001000000010000000100000001000000010000000 
2 0 0 2 0 0 0 0  10010000100100001000000010000000100000001000000010000000100000001000000010000000100000001000000010000000100000001000000010000000100000001000000010000000100100001001000010010000100000001000000010000000 
2 0 0 2 0 2 0 0  10010000100100001001010010010000100100001001000010010000100100001001000010000000100100001001000010010000100100001001000010010100100101001001000010010100100100001001000010010000100100001001000010010000 
2 0 0 2 0 2 0 0  10010101100101001001010110010100100101001001010010010100100100001001010010010100100100011001010010010000100101001001000010010100100101011001010010010100100100001001000010010101100101001001000010010100 
2 0 0 2 0 2 0 0  10010000100101001001000010010000100100001001000010010000100101001001000010010000100110001001000010010000100100001001100010010000100101001001000010010000100100001001000010010000100100001001000010010000 
2 2 0 2 0 2 0 0  11010101110101001001010110010100100100001001010010010100100100001001010010010100100100001001010010010000100101001001000010010100110101001001010010010100100100011001110110010101100101001101010010010100 
3 0 0 2 0 0 0 0  10000000100000001001000010000000100000001000000010000000100000001000000010000000100000001000000010000000100000001000000010000000100000001000000010010000100100001001000010010000100000001001000010010000 
2 2 0 2 0 2 0 0  11010101110101001001010110010100100100001001010010010100100100001001010010010100100100001001010010010000100101001001000010010100100101011001110010010000100100001001010010010101100101001001000010010000 
2 2 0 2 0 2 0 0  11010101110101011101010110010100100101001001010010010100100100001101010011010100100111001001010010010000100101001001000011010100110101001001010010010100100100011001110110010101100101001101010010010100 
2 0 0 2 0 2 0 0  10010100100101001001000010010000100100001001000010010000100100001001000010010100100100001001010010010000100100001001000010010100100101001001000010010100100000001000000010000000100000001001000010000000 
2 2 0 2 2 2 2 1  11111101111101011111110110010100100101001001010010010100100100101001010011011111111111101111101111110101111111111111111111111111111111111111111111111111111111111111111111111111111111101111111111111110 
2 0 0 2 0 0 0 0  10010000100100001001000010010000100100001001000010010000100100001001000010010000100100001001000010010000100100001001000010010000100100001001000110010000100100001001000010010000100100001001000010000000 
2 0 0 2 0 0 0 0  10010100100100001001010010010000100100001001000010010000100100001001000010000000100100001001000010010000100100001001000010010000100100001001000010010000100100000001000010010000100100001001000010000000 
2 0 0 2 0 2 0 0  10010100100101001001000010010000100100001001000010010000100101000001000010000000100000001001000010000000100100001001000010000000100100001000000010010000100100001001000010010000100000001001000010010000 
3 0 0 2 0 0 0 0  10000000100000001001000010000000100000001000000010000000100000001000000010000000100000001001000010000000100000001000000010000000100000001000000010000000100100001001000010010000100000001000000010000000 
2 0 0 2 0 2 0 0  10010100100100001001000010010000100100001001000010010000100100001001010010010100100100001001000010010000100100001001000010010000100100001000000010010100100100001001000010010000100100001001000010010000 
2 0 0 2 0 2 0 0  10010000100100001001010010010000100100001001000010010000100110001001000010000000100100001001000010010000100100001001000010010100100101001001000010010100100100001001000010010000100100001001000010010000 
2 0 0 2 0 0 0 0  10010000100000001001000010000000100000001000000010000000100000001000000010010000100000001000000010000000100000001000000010010000100100001000000010000000100000001000000010000000100000001000000010000000 
2 0 0 2 0 2 0 0  10010100100100001001000011010000100100001101000010010000100100001001010010010100100100001001000010010000100100001001000010010000100100001000000010010100100100001001000010010000100100001001000010010000 
2 2 2 2 2 2 2 1  11111101111111111111110111011111111111111111111111111110111101111110111011111110111111111111111011111110111111111111111111111111111111111111111111111111111111111111111111111111111111101111111111111100 
2 0 0 2 0 2 0 0  10010000100101001001010010010000100100001001000010010000100101001001000010010000100100001001000010010000100100001001000010010000100101001001000010010000100100001001000010000000100000001000000010000000 
2 2 0 2 0 2 0 0  11010101100101011101010110010100100101001001010011010000100101001001010010010100100100011001010010010000100101001001010011010100110101001001010010010100100100011001110110010101100101011101010010010100 
2 0 0 2 0 2 0 0  10010100100101001001010010010100100101001001010011010000100101001001010010010100100100001001010011010000100100001001000010010100100101001001010010010100100100001001000010010101100101001001100010010100 
2 2 0 2 0 2 0 0  11111101111101011111110110010100100101001001010010010100100100001101010011010100100111001001010010010000100101001001000011010100110101001001010010010100100100011001110110010101100101001101010010010100 
2 0 0 2 0 2 0 0  10010100100101001001010010010000100100001001000010010000100100001001110010010100100100001001010010010000100100001001000010010100100101001001010010010100100100001001000010010101100101001001000010010100 
2 0 0 2 0 2 0 0  10010100100100001001000010010000100100001101000010010000100100001001010010010100100100001001000010010000100100001001000010010000100100001000000010010100100100001001000010010000100100001001000010010000 
2 0 0 2 0 0 0 0  10010000100100001001000010010000100100001001000010010000100100001001000010010000100100001001000010010000100100001001000010010000100100001001000010010000100100001001000010010000100100001001000010000000 
2 0 0 2 0 2 0 0  10010100100100001001000010010000100100001001000010010000100100001001010010010100100100001001000010010000100100001001000010010000100100001000000010010100100100001001000010010000100000001000000010000000 
2 0 0 2 0 0 0 0  10010000100000001001000010010000100100001001000010000000100000001001000010000000100000001000000010000000100000001000000010000000100000001000000010000000100000001000000010000000100000001000000010000000 
2 2 0 2 0 2 0 0  11111101111101011001010110011100100101001001010010010100100100001001010011010100100111001001010010010000100101001001000011010100110101001001010010010100100100011001110110010101100101001101010010010100 
2 0 0 2 0 2 0 0  10010000100101001001010010010000100100001001000010010000100101001001000010010000100100001001000010010000100100001001000010010000100101001001010010010100100100001001000010010101100101001001000010010100 
2 0 0 2 0 0 0 0  10010000100100001001000010000000100000001000000010000000100000001000000010000000100000001000000010000000100000001000000010000000100000001000000010010000100100001001000010010000100000001001000010010000 
2 2 0 2 0 2 0 0  11110101110101011101010110010100100101001001010011010100100101101001010010010101100111001001010010010000100101001001000011010100110101001001010010010100100100011001110110010101100101001001000010010100 
3 0 0 0 0 0 0 0  10000000100000001000000010000000100000001000000010000000100000001000000010000000100000001000000010000001100000001000000010000000100000001000000010010000100000001000000010000000100000001000000010000000 
2 0 0 2 0 0 0 0  10010000100100001001000010010000100100001000000010000000100000001000000010000000100000001000000010000000100000001000000010000000100000001000000010010000100000001000000010000000100000001000000010000000 
3 0 0 2 0 0 0 0  10000000100100001001000010000000100000001001000010000000100000001001000010000000100000001000000010000000100000001000000010000000100000001000000010000000100000001000000010000000100000001000000010000000 
2 0 0 2 0 2 0 0  10010000100101001001010010010000100100001001000010010000100101001001000010010000100100001001000010010000100100001001000010010000100101001001000010010000100100011001000010010000100000001001000010010000 
2 0 0 2 0 2 0 0  10010100100101001001010010010000100100001001000010010000100101001001000010010000100100001001000010010000100100001001000010010000100101001001000010010100100100001001000010010000100100001011000010010000 
2 0 0 2 0 2 0 0  10010101100111011001010110011100100101001001010010010100100100001001011010010100100100011001010010010000100101001001000010010100100101011001010010010100100100011001110110010100100101001001000010010100 
2 0 0 2 0 2 0 0  10010100100101001001010010010100100101001001010011010000100101001001010010010100100100001001010010010000100101001001000010010000100101011001110010010000100100001001010010010101100101001001000010010000 
3 0 0 2 0 0 0 0  10000000100100001001000010000000100000001001000010000000100000001001000010000000100000001000000010000000100000001000000010000000100000001000000010010000100100001001000010010000100000001001000010010000 
2 0 0 2 0 0 0 0  10010000100100001001000010010000100100001000000010000000100000001001000010000000100000001000000010000000100000001000000010000000100000001000000010010000100100001001000010010000100000001001000010010000 
3 0 0 0 0 0 0 0  10000000100000001000000010000000100000001000000010000000100000001000000010000000100000001000000010000000100000001000000010000000100000001000000010000000100000001000000010000000100000001001000010000000 
3 0 0 0 0 0 0 0  10000000100000001000000010000000100000001000000010000000100000001000000010000000100000001000000010000000100100001000000010000000100000001000000010000000100000001000000010000000100000001000000010000000 
2 0 0 2 0 0 0 0  10010000100000001000000010000000100100001001000010000000100000001001000010000000100000001000000010000000100000001000000010000000100000001000000010000000100000001000000010000000100000001000000010000000 
2 2 2 2 2 2 2 1  11111101111101011111110101111111101111111111111111011111101101111101111011111110111111111111111011111110111111111111111111111111111111111111111111111111110111011111111111111100111111111111111011011110 
2 0 0 2 0 2 0 0  10010000100101001001010010010000100100001001000010010000100101001001000010010000100100001001000010010000100100001001000010010000100101001001000010010000100100001001000010010000100000001001000010010000 
2 0 0 2 0 2 0 0  10010100100101001001000010010000100100001001000010010000100100001001000010010100100100001001010010010000100100001001000010000000100000001000000010000000100000001000000010000000100000001000000010000000 
2 0 0 2 0 2 0 0  10010101100101011001010110011100100101001001010010010100100100101001010011010100100111001001010010010000100111001001000011010100110101001001010010010100100100011001110110010101100101011101010010010100 
2 0 0 2 0 2 0 0  10010100100101001001010010010000100100001001000010010000100101001001000010010000100100001001010010010000100100001001000010010100100101001001010010010100100100001001000010010101100101001001000010010100 
2 0 0 2 0 2 0 0  10010000100100001001000010010000100100001001000010010000100100001001000010000000100100001001000010010000100100001001000010010100100101001001000010010100100100001001000010010101100101001001000010010100 
2 0 0 2 0 0 0 0  10010000100000001000000010010000100100001001000010000000100000000001000010000000100000001000000010000000100000001000000010000000100000001000000010000000100000001001000010010000100000001000000010000000 
