0 1 227
0 2 235
0 3 231
0 4 148
0 5 150
0 6 162
0 7 158
0 8 8
1 1 225
1 2 221
1 3 230
1 4 118
1 5 117
1 6 128
1 7 127
1 8 90
2 1 10
2 2 6
2 3 10
2 4 114
2 5 117
2 6 231
2 7 235
2 8 231
3 1 239
3 2 233
3 3 238
3 4 285
3 5 293
3 6 6
3 7 5
3 8 158
4 1 8
4 2 7
4 3 7
4 4 116
4 5 119
4 6 235
4 7 232
4 8 233
5 1 112
5 2 118
5 3 119
5 4 5
5 5 6
5 6 291
5 7 292
5 8 147
6 1 10
6 2 9
6 3 10
6 4 119
6 5 121
6 6 229
6 7 228
6 8 232
7 1 118
7 2 112
7 3 116
7 4 8
7 5 5
7 6 284
7 7 284
7 8 152
8 1 8
8 2 10
8 3 9
8 4 116
8 5 117
8 6 239
8 7 230
8 8 233
9 1 230
9 2 234
9 3 240
9 4 285
9 5 286
9 6 5
9 7 9
9 8 158
10 1 116
10 2 117
10 3 114
10 4 9
10 5 6
10 6 292
10 7 282
10 8 147
11 1 231
11 2 235
11 3 242
11 4 294
11 5 294
11 6 10
11 7 6
11 8 167
12 1 6
12 2 9
12 3 8
12 4 119
12 5 114
12 6 238
12 7 238
12 8 235
13 1 120
13 2 116
13 3 116
13 4 7
13 5 8
13 6 288
13 7 296
13 8 153
14 1 10
14 2 7
14 3 6
14 4 118
14 5 116
14 6 233
14 7 234
14 8 228
15 1 5
15 2 7
15 3 8
15 4 119
15 5 112
15 6 237
15 7 236
15 8 225
16 1 115
16 2 112
16 3 117
16 4 7
16 5 6
16 6 285
16 7 294
16 8 151
17 1 235
17 2 236
17 3 235
17 4 297
17 5 292
17 6 7
17 7 9
17 8 161
18 1 236
18 2 233
18 3 232
18 4 287
18 5 285
18 6 5
18 7 8
18 8 157
19 1 237
19 2 235
19 3 238
19 4 287
19 5 297
19 6 5
19 7 9
19 8 162
20 1 234
20 2 238
20 3 235
20 4 283
20 5 295
20 6 9
20 7 5
20 8 163
21 1 117
21 2 117
21 3 117
21 4 6
21 5 10
21 6 285
21 7 291
21 8 150
22 1 117
22 2 122
22 3 117
22 4 7
22 5 5
22 6 282
22 7 299
22 8 148
23 1 239
23 2 232
23 3 239
23 4 293
23 5 286
23 6 8
23 7 9
23 8 159
24 1 8
24 2 6
24 3 10
24 4 119
24 5 114
24 6 233
24 7 231
24 8 235
25 1 237
25 2 240
25 3 234
25 4 294
25 5 298
25 6 10
25 7 9
25 8 166
26 1 113
26 2 120
26 3 112
26 4 10
26 5 6
26 6 295
26 7 296
26 8 154
27 1 113
27 2 116
27 3 116
27 4 5
27 5 6
27 6 287
27 7 285
27 8 147
28 1 10
28 2 10
28 3 6
28 4 118
28 5 118
28 6 229
28 7 237
28 8 225
29 1 232
29 2 240
29 3 229
29 4 238
29 5 240
29 6 134
29 7 134
29 8 135
