494.29819825843504 820.397148943912 
611.4183043980674 150.02151795630598 
533.2604138341226 366.07923141053544 
673.4471817065763 120.35981713331489 
591.3292535522494 171.93466110868403 
532.2156457423625 438.3584788198852 
532.9017054168146 392.22224748678303 
525.9441276251326 598.0468625786856 
620.2068436888677 147.46858450467423 
595.8665229216524 165.8108498720956 
534.6347374919854 357.56060236539037 
600.6949977345423 159.55136781322025 
531.6513756032779 466.54567596661457 
606.6474989212512 154.13448156492174 
570.0842016639533 257.70823082335977 
558.1577037438801 292.18344013088995 
637.2355835826945 130.1955889417006 
505.9094341886089 768.8730350132392 
576.0811641527272 235.03486740384588 
512.6383688944894 733.4602100775871 
627.6996815805875 138.05697544548661 
527.0409590576166 576.7476372413984 
524.8261074149714 611.5149364891412 
571.7071650474516 251.27118783653336 
529.4718877088706 527.4819342333558 
588.6169815906962 183.199297306571 
548.3761183493465 318.12921450740504 
543.0865787961177 333.610125987444 
668.2495395897499 120.59472426758887 
498.8044979931968 806.5229434214992 
577.7150715519663 228.72358284529216 
513.9868283753738 725.4891705562097 
541.0998005781323 338.5982309338144 
582.0998161277024 211.7121565907214 
521.2593917364231 653.9356700478132 
568.1815100375202 264.7864925325125 
544.9827114680222 327.538851770616 
583.7057309406995 205.4762157256605 
537.9371828242676 347.60296484631306 
579.1886431918422 222.8691808413387 
536.0994004838058 353.0113004331052 
655.033626177405 123.57331079129041 
497.4102290797939 814.4281622195274 
515.7682378655592 709.0019723833199 
625.9001671203755 142.9310886759745 
603.937391773951 156.54342626330987 
590.0692851269223 176.75179226896813 
550.1139568433689 313.4594367471453 
561.7079786334555 282.5211600224984 
530.6794002941012 500.77851791259195 
556.2332310272024 297.4948764020043 
580.6371135708883 217.45029858015414 
516.8384310537938 699.4907972541025 
530.0561553162282 514.8915061931401 
560.1986295737149 287.064575021847 
546.415073340236 323.6002884972327 
504.5276799393442 777.0955682807033 
528.2016976292979 555.0778534008898 
511.1333965774408 741.1406840588123 
502.371937485521 787.7595455658823 
522.2079899975255 643.3459310031895 
566.3867640124133 269.48626468684245 
587.164560724901 189.82535216387134 
662.1636125005067 122.40184862650831 
501.01057210826866 795.1851766985726 
573.2368145397609 245.61414253872456 
528.8379555287661 544.2023797686319 
539.516001669868 343.2536321172744 
563.4839287875806 277.3890897272161 
574.4705426349801 241.38060691476122 
597.986263988508 163.32056549034112 
527.5070628764506 567.1042921248485 
551.8485280179766 308.9824635174976 
519.1834201459963 676.892300606819 
499.981259017303 800.3339135156978 
507.17615602757627 762.0087013849911 
554.7253620131953 301.6324550632502 
564.8240446861765 273.65783685303774 
503.3943997370878 782.6353508892428 
585.0778954484356 199.98874463314976 
509.1487142049642 751.4566410859941 
518.3446429359421 685.3346404602444 
531.2482059793242 487.1737179390899 
515.1474469347058 716.7284053165117 
586.1280907302354 194.75752270545166 
508.09655511193694 757.0495639113362 
517.6637723321588 692.0179997750027 
522.9167311778309 635.1203969657148 
510.1698398283036 746.1944813600207 
524.1083304955145 620.3723720561546 
634.4836793771125 132.42351504135087 
632.1616813885443 134.23085337704558 
553.3417214372373 305.53352713655744 
648.1468043544944 124.74116224415455 
519.9726347130919 669.2811677618274 
523.5348583920909 627.3851759241857 
520.558987368569 663.4558615918514 
629.8200662787715 136.3476497130958 
642.077266918734 126.80196662670848 
645.5702567313276 125.39148597415377 
