494.5521708611748 820.397148943912 
532.3476603778976 462.2174276271463 
628.7946180889868 138.96779465087604 
534.123977403171 372.3045567970524 
673.8443003654445 120.35981713331489 
605.7059691046863 169.8295726124106 
530.4990258158474 517.5876684630286 
643.8444213047236 126.68306503829461 
562.4211941696041 293.22049853166874 
623.0338892691893 148.01409002282728 
547.446942818159 332.069544626573 
559.5862912549495 300.8905392384797 
609.1855862187186 165.76351198443896 
667.8203464304216 120.6375413403837 
600.8857768326982 177.77699059259407 
595.2915156353496 184.09960987292126 
658.3952133237618 123.4186009697049 
533.3722038238085 429.0080549587669 
526.2960403712085 597.2511293678574 
555.2360429260694 312.3970676978062 
591.901185792429 188.77519156506463 
535.9910319725241 358.91452875999505 
632.1783554334853 136.28678446271343 
557.4237008603551 306.9251061988637 
579.9743283623119 236.57840033997596 
613.3106498538342 160.45204651420022 
539.7244692385409 352.4857486098007 
521.4226912024119 657.3749210826293 
549.8784337145463 325.76624345896494 
564.8057483239606 287.0935526667725 
581.6587657960415 230.01298104332113 
638.7631734562896 130.93480701536595 
504.15578490273737 780.4612443780346 
522.3362331157218 647.1722884349147 
533.8104772993205 400.57330463629796 
506.6835886358594 766.4485260331545 
535.1362901459519 362.1334771399563 
499.5307525125075 804.0015030880717 
566.4917967907173 282.49317335961257 
498.10237808223224 811.3952882293705 
552.9403881003991 318.0164185834654 
527.4497244702309 581.9677420841138 
574.4621962523034 256.76235023577055 
511.1316154378065 743.4617797100676 
523.2204887375669 637.1051992631498 
525.4778325606989 609.6904931591702 
502.7816529627984 787.7824350906187 
509.8791000632833 749.8461870894099 
505.3942996679248 774.46811522366 
636.5999942208975 132.77357966108895 
520.523063886077 668.8799284607884 
512.388681974198 737.0529481819804 
529.2759637997526 549.9283929576835 
528.5934910876401 561.5663308270742 
545.4304336654028 339.1932516985379 
598.5418136187265 181.223913699501 
615.377894039678 154.43627942866217 
524.7049290098862 619.3571573683764 
529.8764814549494 539.3496673687878 
576.0955868867096 251.09435915032083 
589.7266142592765 196.88750082449974 
524.0073801338294 627.8816202306009 
517.5233533053192 697.687388135241 
585.440695616845 215.8943875847061 
527.9826408438273 571.6000797368108 
531.522120989746 502.31238105620736 
578.1927509835512 243.12504977653842 
515.2332237935235 718.9037882573366 
551.5343165897053 321.57544909273906 
616.476235342969 152.6326810157058 
508.663628520055 756.0315061771286 
519.7081365873692 676.8511551755596 
501.6304856680523 793.4399965382016 
500.7042270502792 798.166687129913 
518.3859738369542 690.0201605995534 
583.1632745776147 224.24473115721867 
573.2631649156813 261.69757778418995 
514.347744453037 725.7648195373733 
516.6880055434452 705.1305307852618 
588.4874335002902 202.6318711332024 
507.79338813045604 760.6658013207337 
619.690653484191 151.13292514605678 
584.0644507707163 220.60184778414242 
569.2631216008094 275.5810153911737 
571.2340025435072 269.33279456213137 
590.8607957076174 192.33927686415822 
513.4954900163142 731.6088530740682 
541.4190837848745 349.31998152584237 
516.1037658100796 711.3235439933877 
543.8922318023695 342.5500072011941 
577.2492949728137 246.62234508636072 
571.9995168907674 266.014017923837 
568.325274996018 278.0454782107064 
542.8680077055317 345.32004722560737 
531.9353625040927 492.61089904635344 
519.0805149628633 683.6622762746987 
587.5057327871696 206.73506259831277 
586.7914603395471 210.760278351983 
497.0922028419754 817.1780129417917 
648.1896501896631 125.03115170031415 
