495.5576503132296 820.397148943912 
674.3593902719934 120.35981713331489 
606.26808291403 167.06537904502375 
533.1515100728469 353.0113004331052 
560.8372191777179 287.91560657926317 
593.0239798480958 177.95133564979443 
557.1988749982611 297.8587152881308 
532.4165907813339 393.4741243521771 
584.3158525793056 208.70161942137207 
566.1916075611786 273.5067702813945 
576.2223261548083 239.83574182701193 
591.0967583216328 179.40171748279988 
578.1713043718951 232.27719382475917 
544.5557147272592 330.26633873571956 
531.9637805506011 435.8120273635287 
608.8049586651332 160.94397519448273 
531.4129514438629 463.8808715726237 
586.9952584769142 197.48500967055483 
526.9120260498976 575.7984052874851 
626.6899871305549 138.89715484774675 
574.5154700370751 247.17825995833104 
572.4732533355876 254.01107930557703 
610.8027349576485 156.63930645078585 
516.0847310162441 709.0019723833199 
589.4647009858568 186.3854158122833 
506.34592733929384 768.8730350132392 
529.9237264722601 514.1853431560976 
538.363212361628 346.8402112834965 
562.9204500159633 282.1630406184004 
532.8492005451301 360.99415463319 
630.845149574588 135.4058111096994 
668.700640066529 120.78578545634993 
579.9366375000902 226.02058450496577 
529.2164382127373 531.5726690622424 
552.1932724024708 310.66056827664954 
661.8165543494969 122.47749819507065 
507.5684608256988 762.5140073509383 
570.0817276515902 262.5807035243981 
622.8775031335398 146.12333391469608 
633.6376152247046 132.95305953162296 
582.8364870425827 214.52466344692772 
528.5232951409463 544.8437412978087 
616.4753732186753 152.41489673321766 
547.4277859561139 323.829295748893 
581.4544789859407 220.22997136794166 
654.1893432447731 123.81196878426296 
530.4999470534791 498.33710156799583 
620.3477324484271 149.43307727064288 
564.6334233766389 277.38086190089126 
541.8758253370768 339.7239691506612 
503.0772433444791 787.5993756576115 
501.78656713076333 794.7588384982441 
509.00815282013826 754.7787863094096 
637.1730812135119 130.65451200443354 
518.7240898698574 686.4183582460189 
555.2152810081144 302.9932547490453 
526.0947173700031 598.9307809709213 
500.68175216798795 800.3339135156978 
517.2181422388002 700.2161464014669 
588.0714070797276 192.85394872511782 
613.3606514642927 154.5718508025399 
505.12617788526836 777.3384019376332 
540.5138216908487 342.47655575473243 
521.6536899112833 654.1557132292306 
499.45579483129023 806.3029002400822 
519.6724705010737 676.6492045230043 
497.36966440276785 815.6995730224336 
511.7750194759599 740.7376290757942 
553.9592788915454 306.3441707877347 
530.9847135020684 485.9196067082798 
504.09004151711616 782.4737175808174 
527.4220114808344 565.1318426416207 
517.9537245192952 693.50784445648 
644.7407867009385 125.54207161336399 
527.914854986772 556.9284095161275 
514.5407066636249 725.4287056623295 
549.574640024398 318.4066347001979 
512.7904808278186 735.4826949030589 
521.0189420584932 663.3643409390726 
625.6109661368026 141.72799526799045 
570.9181033158314 259.60552595405454 
520.2550587195267 670.8484778006451 
510.7041638448336 746.2894208759377 
550.4772977493434 315.885445075608 
515.4546191213901 718.5961149604642 
522.293893432211 646.8112958067827 
498.5712807684961 811.0004761615611 
545.9014456608886 327.55856658204914 
525.0044636248664 614.4349979113822 
642.1315132654217 126.76291085639224 
535.8700994840725 351.4250332948611 
513.7088857195802 730.8089690991882 
525.5920079810011 607.0422236796306 
648.9283001232147 124.8421611052097 
522.8635618801326 640.2314622818996 
509.9239553805537 750.3412619663494 
523.4045008824992 634.0408329821508 
524.4578304599739 621.2991892979787 
523.9532493597712 627.4439482689507 
640.1747364497163 128.30120333363956 
