494.5521708611748 820.397148943912 
533.1515100728469 353.0113004331052 
673.8396550641054 120.35981713331489 
601.9375437162607 161.4013309010362 
666.1963653278277 120.9636730035874 
628.8971372616766 138.22228935314712 
613.9033001589742 153.3489213375824 
532.6185273274676 377.92538848510264 
588.7801378295765 182.73678972212508 
591.7884038301094 172.15675101333562 
520.1988980095214 670.5573532168306 
508.59442156249884 757.595625566878 
507.15266302442546 765.3308466084064 
516.5312515641892 709.0019723833199 
627.1939270352389 142.5077752922135 
597.5093126912494 165.78323681913776 
594.763117285025 168.23156329880158 
522.1238339507114 648.9884930191746 
526.8546772542499 581.8729328464201 
510.0610770608818 749.615912818985 
537.764687022721 346.4879537504884 
529.1831712256783 536.5038242143428 
587.1824015220509 189.84015797251232 
532.3327159862877 402.45578715599646 
556.8333889872033 294.5259874550297 
521.1768200380359 660.7295959963327 
590.4170897243675 176.0113861977641 
531.6328394350551 457.08970824713475 
517.5498436406228 697.4579106414811 
640.9191644280259 128.18882613821117 
548.5232451178698 316.92674403082174 
579.3056664884198 222.27353375847028 
560.399751065923 285.18811961416014 
577.6964602066959 228.4627781552934 
562.285156697637 279.8975231337189 
567.346906932861 266.20423850397765 
569.3002041835337 259.85321655929476 
619.9643237642625 150.2867032567602 
499.0324343415508 809.1197394975505 
576.32283162534 233.9133623884198 
565.6833989147393 270.48293560941056 
563.9170119696704 275.3320871782013 
531.9591833670557 435.94170053849587 
497.36966440276785 815.6995730224336 
574.8076960178221 239.83574182701193 
571.9192995022215 250.18425913217075 
519.2379458145737 682.2796016263907 
555.0657004478962 299.287604604931 
582.1357671759678 211.53785631791212 
558.8001919510616 289.8410540182879 
580.7232481230725 216.9719647459892 
546.778619654161 321.6208620291044 
523.0308840391924 638.4780504200243 
553.542327749943 303.55472036486367 
511.3371225423822 743.1877331826656 
550.4130081604095 311.87291972699313 
632.26637595436 134.92331837561028 
523.7287624743982 630.4011614633617 
526.0849044976225 604.854402875102 
573.4748410534698 244.8748772951759 
527.3083979228916 570.8579469624883 
503.84340152574333 784.5755349742427 
543.675084590273 330.26633873571956 
524.610394673295 619.5809779082516 
583.5206232751931 206.4446165436153 
545.2424335324436 325.8879777890373 
657.8084823778853 123.11876626924288 
539.3005401254275 342.26308663688945 
518.3386314871151 690.1594901122959 
528.5239531131587 550.6251327607386 
529.8752588972923 519.7443469060239 
585.9481419548441 195.87902772087767 
513.6095019182015 732.0607787192462 
570.6016453125227 255.07205694756163 
505.16894738575394 777.3874504951094 
622.6524140136654 148.91436121150826 
512.467600397329 737.8249894322499 
637.4280562664838 131.20841035042574 
551.8351058383307 308.35559478802986 
527.9425683040699 560.5419343687194 
634.4448205332721 132.93010316173024 
652.6230346133583 123.91847011537376 
584.8527535447128 201.08047705537902 
515.3353749467265 719.751039958884 
540.8581726735265 338.0657237785299 
645.9401077252282 125.05394220227576 
530.7202578173905 495.7453864179052 
531.1297095727755 485.20150941730947 
501.00578314336974 799.0326332278852 
608.9558278298693 157.12946299539223 
542.2313663941537 334.6790656919736 
530.2603147742537 509.2798437910799 
643.8624188015805 125.90751060852504 
506.0441793439978 773.1218710752921 
514.7072813508761 724.6045053219726 
610.6602805089822 155.68791163554906 
525.2394405827611 614.0533900405467 
502.2263282790965 792.5641658387665 
500.2753440558653 803.2904523690446 
606.124259623007 160.10358538961302 
