495.30367771048986 820.397148943912 
674.2154837310386 120.35981713331489 
595.5534463105114 173.74781932372142 
533.567016922162 353.0113004331052 
590.5798202837854 177.62988942035216 
666.5749111506848 120.84995543531458 
606.3178426915114 167.32288150448466 
611.0544268994101 155.8670488584866 
529.6476671103939 519.7967586167442 
532.4650671731222 411.5338183596786 
633.5616686642003 132.65933799333447 
545.1037780063292 327.58549011403056 
640.0337391129704 127.72603729465186 
515.9507584135043 709.0019723833199 
542.1434110736672 336.0085666818281 
530.9545600490541 486.6147490654065 
656.9616313123558 123.2763496199776 
531.6783035856378 455.6375127723918 
609.0449676255631 161.47937777008823 
645.1237001280119 125.40840372041211 
527.5999249945158 562.4634188303397 
613.9871957555822 153.17917207550653 
569.5810404645925 260.97472157472095 
552.046212124809 309.0545863269721 
567.2794218033612 268.0604863290622 
588.027498765813 188.38654717029434 
571.0663342893256 255.0989804795431 
582.1770827054942 213.47487041553683 
528.7736717925412 541.8512814247804 
497.5003662814583 814.5426645663937 
572.7616603254303 249.07271665265327 
530.3644509345465 503.94742564890447 
586.4520134399572 195.8977234265343 
499.1187978156714 806.8383404675599 
506.6287784446379 766.0561957557709 
578.3893103566127 227.8616180481364 
532.9600677992424 388.5849763025836 
520.6587891615536 666.8782950500707 
521.641532516763 654.6610191951777 
525.0169725254586 613.4053931428206 
557.7773029453826 293.50583849884936 
584.0020619484551 206.64986563938908 
537.5424664950849 348.72446986173924 
629.3019607380276 136.1452925857412 
518.9786411909554 683.921262754243 
526.5053137809606 593.481324489093 
517.2041696360604 700.2161464014669 
525.75443024609 603.6192220409235 
574.3263865919573 243.7815761306646 
589.3596234678269 182.47727669508066 
518.0470690543118 692.4809253599377 
519.8519287450922 675.1950090104308 
512.9930206503125 733.7901232039482 
576.799447166625 233.96162501162513 
565.4555906266883 272.5090004209531 
546.8235006222181 322.7846156908647 
549.1406506069459 316.68623300716706 
562.5282571996216 280.43388353440906 
556.3465454080505 297.2752752050221 
514.3544640525064 725.9417247388053 
524.2257731701309 624.3059374753336 
559.8886164379919 287.91560657926317 
533.3183760047099 363.3699746588562 
585.163634294243 201.7996103697424 
508.7926541757795 755.3142265368875 
510.8714060853987 744.6801636620764 
575.6899376382087 238.22975987733454 
500.29823022243227 801.1008803629096 
502.4352749688485 790.1428331070287 
539.3536912104246 343.38459165231546 
554.6767786656886 301.75121798487254 
501.36400217727487 795.5479659345687 
650.1538416211304 124.54037155054046 
505.39178019201825 774.7312832058306 
528.1727297349415 552.7722188256055 
564.0792067027852 276.22886789696736 
511.98622088454624 738.9388600210731 
579.7709839263543 222.55409483037604 
507.63219396700174 761.3586198342924 
509.82435191452674 750.2330780904178 
532.0659857413799 442.50951633188083 
503.5643822182538 784.2823244903976 
625.359801496216 139.38839305636392 
540.4865974819041 340.3397978451226 
580.850909177397 218.84106093584234 
561.0120906628335 284.72071410577473 
553.3979718985145 305.3330945711663 
515.1578290188144 720.065066620227 
522.3078660349507 646.8112958067827 
619.5712030662183 148.8220523442856 
504.44053906007974 779.4731983020905 
637.9075461428885 130.55943150502452 
617.9905792657253 150.39867649721018 
622.5056386316068 146.07785387334957 
527.2395180429074 582.3782388123673 
626.5777971843213 137.92385026547504 
623.9688300358266 143.5447145879887 
522.8981058503928 640.0614645254002 
548.2299515538884 318.9837465798367 
523.5605710726174 632.2658862073054 
