494.29819825843504 820.397148943912 
673.0551710939112 120.35981713331489 
598.3901441131421 158.45002768792398 
535.817729912997 354.22479300144784 
628.5318258790642 137.81362155913317 
643.6793652711216 125.63813218866089 
665.9581587880989 120.91725974650765 
639.7593937649455 128.15336178865178 
538.2315921061605 346.0402067140491 
591.5037007645817 171.71901727455992 
525.1505201637293 609.0211519583088 
532.8297374643847 366.8899299182786 
605.1516696246267 156.19764320618242 
581.2488469771458 215.03049746988856 
530.1063628721928 513.2212642554749 
529.1950932463379 541.6265016625479 
568.4975207197076 263.3862474941679 
546.5337058512933 322.8107680824121 
532.6063317042798 389.33072969722724 
528.4753856024919 554.293759065278 
576.6585007680809 233.22276751205357 
550.2393390718613 312.71942347707363 
615.0913817101355 150.31288788819913 
570.8843806261426 255.1251328710903 
574.9863487008727 239.6737843431487 
548.3472584332142 317.9106875462876 
558.8813540343858 289.3135531308429 
518.8640787381263 681.1563803785624 
503.6217071839004 781.525542025446 
578.2302564191326 226.6817377309596 
583.2059931870041 207.91796890146466 
557.08700969699 294.0627657768036 
519.7777232657164 671.1105574607518 
507.4064242883078 760.7851383894149 
579.5645003586726 221.59028901751208 
515.7682378655592 709.0019723833199 
514.5914376913133 720.8279910590924 
589.0106548892269 182.23862068133312 
552.1499987241639 307.7340553548545 
562.2367566526384 280.4600359259561 
505.9094341886089 768.8730350132392 
573.4156799179251 245.23923022465726 
523.6432660946798 627.4189210966532 
527.7346227753841 568.7975509649085 
540.0979986975813 340.6556492436728 
657.3425318272584 123.39645943395675 
622.296628334592 146.69347775361467 
532.0981898178014 436.29800110363055 
632.9547282859405 133.61892953572942 
522.8103275247654 637.2599226771658 
634.794821011681 132.0881895436888 
555.358652222283 298.8886001344273 
564.132010906997 275.06877176503025 
541.5854972105611 336.4134979332596 
587.8131815576912 188.48951765530052 
553.8418030465357 303.2049976233417 
524.4693795003272 617.379161970986 
590.3610688525464 176.37573912724562 
509.58753057849503 749.4858109192741 
572.0308250623323 250.46973168763034 
543.3114001287144 332.1349004273334 
596.368221359727 165.7443761175999 
560.8078664524381 284.89457588065346 
508.46814339664695 755.2271145602781 
584.42547251813 202.92032675952794 
499.42059308432067 803.5498732099812 
517.798462384838 691.1511658695937 
521.3514465309437 653.9356700478132 
544.7935679980214 328.67293528403144 
497.4313446668348 814.079738981459 
522.0163888969656 646.4787795006538 
510.7473607916113 743.5180827059513 
566.7021659915364 268.0394808004783 
500.52214705379913 797.8887749057089 
520.6357726797883 663.0686882926306 
505.1005234506269 774.4638648532225 
531.5016597457777 461.86956796243317 
526.7684445092357 585.1950780698354 
502.4804612535939 787.4563955956637 
594.4723334372625 168.867598320958 
530.9715452553407 493.09871766410924 
501.54737462173415 792.2423431767924 
619.780858769612 148.25213341584933 
513.6550940798123 728.0073716843683 
498.37197993403777 809.1741240860812 
511.7383423844123 738.3233842781352 
585.666064974119 197.69768798707543 
627.4096884638424 142.4459141894415 
512.6618817463797 733.5436164996042 
565.4962511044149 271.31780407941903 
531.6806808785095 451.62633489110857 
530.5560429342198 503.061077659134 
516.483528348979 702.6421820398541 
612.5766212427612 152.38425148187468 
533.4133632871984 365.19659010225223 
527.0000051439027 579.7540229469806 
586.5788680339683 194.4639789719452 
517.1342206164618 696.9406442305176 
610.9234532531173 154.01473597158568 
651.2197935174119 124.3234985275003 
