497.3178457335131 814.5426645663937 
674.3593902719934 120.35981713331489 
533.1515100728469 353.0113004331052 
627.9345415082959 139.09755332543037 
621.2617399578246 148.64304055521615 
532.4130701089042 394.463085168152 
607.6056999753051 155.03335910424585 
668.0051188913828 120.94453800953066 
590.2620777477969 176.46169441301552 
583.5779850269947 205.8743451510997 
527.3823206814692 572.448907325332 
514.9855684538319 717.9252573502747 
659.7465945635523 123.05729686007852 
537.8579535304375 346.3639459002751 
530.1836653686871 511.7717869250058 
519.8159966469848 670.9051991818494 
597.5962099433092 162.13131294802423 
516.4502180462174 703.1474880058013 
527.9602648577044 560.1928831016273 
532.8176446208035 365.0253963753409 
507.0184223522846 763.0185506357207 
498.8044979931968 806.5229434214992 
615.377124813719 152.80103903654506 
581.8906830053427 212.5851196698988 
585.346272303192 198.74523410584112 
528.7655952284761 546.3313291758149 
518.8786649316054 680.0299765074466 
541.1220696712353 337.46950825936347 
531.7090488278111 449.90511091275687 
530.6227364090105 498.18228347124875 
529.3700681196858 536.1090599644981 
499.9532305695219 800.7336916494835 
544.5132498680658 327.9613652470998 
546.2027670673973 323.2071291673485 
646.9746533921807 125.30325986545061 
513.9136678342134 725.9120314360393 
638.2282846182768 131.08733260196198 
632.2624322376769 135.4164140070319 
525.7001982697054 601.4365768923988 
526.4933150124789 592.9552864034464 
509.34800132460555 750.467724758232 
539.4680000306292 341.8543891731878 
524.856719575305 610.9489698673428 
579.1719735729057 222.99306053963042 
554.7984651138322 300.0674625402442 
524.1534498736227 619.7135398235824 
508.1417387952472 756.9618499486564 
651.4326322495041 124.42616510436035 
517.9845887293474 688.9387369551055 
569.9147403154803 257.5948814140893 
551.8351058383307 308.35559478802986 
586.5648893229745 193.10664872387278 
634.3337731207216 133.57683380406007 
501.3795224027506 793.031701480331 
531.2359048665578 483.1817307912033 
575.1148303483078 238.65227335381826 
556.6049134521668 295.2413659011434 
505.7069502492215 771.4839336086061 
576.5987478426075 232.77653225864077 
510.5016098802228 744.2786948524296 
543.0250004051023 332.80890117378397 
587.8389099264309 187.02362029349106 
592.5953174668199 172.9170954015584 
558.0658516475214 291.50576895268796 
512.6316377551453 733.3407062632884 
504.5585888683188 776.8577262746251 
596.1383253955406 166.15768583307988 
549.9843800009388 313.1427175214469 
580.6088417619654 217.92499787932204 
588.9589033263503 182.06580729504995 
531.959739083485 435.664379340361 
559.8424458796406 286.7321381060695 
571.3646236467994 252.2550032046661 
577.7932996638084 228.12113107518076 
503.39838067597674 782.5480606415688 
562.6443016805894 278.8818444491217 
564.1796162382244 274.61370958341223 
568.6670975146039 262.5807035243981 
553.3429612959953 304.13722159403216 
566.880837664704 267.51366208605083 
523.3099450094961 630.1124109890634 
511.62501104920455 738.4894430804136 
573.8790605710369 243.425904200437 
602.6027837154742 159.24852416431915 
520.9353826262749 659.9339268299877 
643.2640388707356 127.12079944914585 
521.4544700210056 651.6233740751273 
502.30944088044544 787.9195165023297 
561.1931351853416 282.9297844689553 
572.5679694354155 248.08768070798834 
517.123178901467 697.0907873187367 
565.631828526115 270.79198536499166 
641.3391612220007 128.65530397954592 
600.0892944236041 160.38785204696694 
522.1343428975755 643.9415297091844 
625.7448939734697 146.70325946781395 
522.7028757387583 637.054716348045 
594.4970783846218 170.6369803723948 
547.9071161023672 318.5517279838886 
610.8694575568609 154.3505951954498 
