494.5521708611748 820.397148943912 
533.2165155395762 363.2272535274932 
674.3216147968753 120.35981713331489 
613.4729123172854 150.79158260220572 
638.9826321815261 129.34423056270484 
633.5199271625692 133.5681367922951 
536.7866593239784 349.71849737086245 
529.951487621269 517.8556646761682 
620.7451134222171 145.56419494209086 
507.30672644733374 766.8623089897311 
527.5325736467646 567.260868707407 
532.9123185877802 393.95202727450163 
668.3802490006126 120.74605632875722 
538.8166875317204 344.45286533993993 
528.3719526427158 553.1396420199243 
643.4722027231429 126.80606068046139 
584.8943322358099 201.0453233955518 
529.1673478818199 539.1785056309433 
544.5722367073624 328.69154202357174 
629.4847310202797 136.79603307283872 
526.9750635603133 582.1883298924807 
570.2750658701067 257.1520882704236 
525.3666612064486 612.5336237247578 
516.5312515641892 709.0019723833199 
522.0775524242645 652.7802825311672 
574.8143530128795 239.99717702981653 
531.662915014239 470.79315333188424 
546.4531467171231 322.78277031456594 
568.3884658994248 263.5958481697314 
532.4962722650375 433.6215350184249 
653.3715916875724 123.94451046404487 
597.3894364801494 161.39356477530217 
647.8656860653148 125.15171339482382 
535.2060734711349 357.47817731986316 
505.7566508422089 776.9579424574861 
509.89793537871344 752.7323910525126 
520.2472005791249 675.6298409357026 
607.1709195651518 155.53602936104534 
624.7666729463349 140.92953279545475 
508.5835050237091 760.3133724075439 
591.4590084481306 171.62929248682832 
557.1027471135143 294.0229354813766 
661.2117232640067 122.756372651464 
571.9250829996951 250.4056317051288 
542.2684685632076 334.364695309851 
526.2252160545074 601.2931458699445 
540.9596461522162 338.02955101292616 
521.2039836475803 666.1617534788048 
563.4502786416683 276.79044149754867 
566.3830610878159 268.7309586068758 
518.4314480706016 693.2097516606617 
523.7470291469826 633.5779073972158 
522.8415438894979 644.0360742491619 
586.5774522567668 193.32989545852968 
580.4483662684395 218.2648760211802 
583.3260022552256 207.58394568594895 
576.5473141406865 233.2684772228037 
524.5061702257307 624.6886176479821 
519.3407589450874 684.8704947081569 
573.1826238503945 245.79574410239053 
582.0123654300457 212.55633744643865 
579.056638554152 223.2677252685888 
561.6430309349081 282.3271434346117 
555.1078036625299 299.53540319493436 
605.1988586186925 156.92342629984165 
517.4513727144065 702.1376387550716 
551.2099649517384 309.92928175759556 
548.1164797879076 318.09126691645076 
504.5953775774226 782.7996528004476 
549.5199129510795 314.29039780542263 
577.6996165650982 228.62141804661545 
498.3364570901341 813.6888469989254 
531.0469009422418 492.8547628495493 
530.6448194363652 502.80818025337686 
501.54345973888405 798.3957021347326 
511.0690639857015 746.8715882040593 
560.0488278792037 286.34080986711575 
564.9351534388876 272.818359223678 
513.045154892564 736.8175989633297 
593.5351559612672 169.43162423548944 
599.6633998900356 160.38134541858724 
558.6502505768658 290.0402340499672 
532.10968792275 456.4043774056711 
503.5560963988269 788.3417128940036 
502.57194201792174 793.2469653176076 
596.0878209161685 165.55237619917324 
618.0716296521383 148.92126142351654 
512.0789491422116 741.7228513869337 
588.5577874815649 184.0582316948283 
515.7165765060632 720.1657232404933 
514.2028117530408 730.7252575349122 
587.6005645685999 188.79081275109598 
626.6278636849597 139.43578872673243 
500.3535527219661 804.2565049831857 
589.5646255251155 179.2976264079866 
552.7258296768993 306.2456128482153 
499.67085461730187 807.798693388018 
553.826216676928 303.1184693560326 
590.4195943458811 175.75904226033177 
514.9635513387626 725.8618168572116 
