494.6442256556953 820.397148943912 
674.3409582480939 120.35981713331489 
603.855434746167 168.05907888708487 
590.0961032033648 183.89084652660358 
625.0539401271197 139.33108494078425 
594.6923527595125 181.599630185753 
533.6175374701072 353.0113004331052 
557.5823653605289 296.79899971602384 
544.689687329999 330.26633873571956 
550.2099959362274 316.65245505893506 
566.2895792432013 274.05403801863883 
587.4612858741743 197.48500967055483 
584.8024679463053 207.7573132394159 
521.4565046830955 651.5088717282613 
537.1794475833988 348.90282456449444 
570.2157002543299 262.5807035243981 
647.0956886763735 125.17062045715764 
576.3562987575481 239.83574182701193 
655.4031220261904 123.74966960690368 
552.3272450052106 310.66056827664954 
531.3117038353942 466.93556788099096 
527.0227808827923 573.6331685201086 
622.1399439568996 145.77707312987752 
517.1262722090189 700.9822512384255 
588.8186449587952 190.06185491667992 
498.1457559504536 812.377427799018 
582.007490201363 218.5740879928479 
561.3032465749782 287.91560657926317 
609.1776886334086 158.38593325405455 
555.896181909764 301.43006066146137 
518.8947013860621 682.5479354643069 
583.331453795532 212.96531984066507 
511.3064449188017 742.4633704392887 
532.0914287702368 435.58767081737403 
505.79024844276785 772.8763665268957 
579.225278653054 228.61023343602167 
634.3363429598287 132.1496738277684 
616.8268242005728 151.56544979199907 
667.8362505226814 121.2446189737218 
522.3483925941407 641.2583813784418 
612.5032733079223 154.17301856239553 
573.1156997117952 251.58345126157937 
520.4931678149434 666.7924760180719 
630.7556554873105 134.82346072970446 
554.095440810753 306.4323059962626 
517.9860159581957 692.6124975526163 
526.1072297673854 593.0668366702753 
577.5546344089901 235.36332077289657 
509.8742602487575 750.1438444205146 
547.6418984269485 323.6246332503174 
523.1045037288001 632.3971488235677 
571.2808888003694 258.7163864295157 
643.4574564415597 126.4899382971535 
530.7802571664729 490.90102651118303 
530.2301106035505 504.2300865179299 
639.321761457972 128.4384666762503 
529.1464486766015 531.145095815359 
529.7663442098591 516.9603177723048 
504.5028886906927 779.6711686509822 
527.5285441452373 563.5606958864471 
506.9685415593076 765.5508897898237 
663.0544517810425 122.43875894551881 
533.3300157733097 358.8005522051214 
514.3335421332752 725.680267327836 
499.3257366961369 806.1883978932161 
519.7301787010955 674.7379823541705 
515.3869069156319 717.6951039110905 
542.9207312380119 338.02822685705394 
502.4125844839887 790.0976368106227 
512.3742918373104 736.7202149301052 
503.4421634458963 784.7048492575154 
619.8087537724097 149.11894660022008 
574.1904075634725 248.96681984761304 
500.29083460357293 801.140026749658 
528.1698525895996 552.751983393246 
501.39232446035436 795.7598575126739 
508.8916924433655 755.3003994400045 
516.1242007105465 712.2677141324428 
523.906370246701 622.8046596604242 
528.6814618002837 541.7706096577346 
607.8187092314076 164.30967446183183 
540.1703859953494 344.52446361781205 
541.3334372879564 341.3322145298904 
531.7369451989468 452.76623314619263 
628.6511425203433 136.9606858470501 
513.3881140299997 731.4652807573694 
532.5653576511095 406.2554880097233 
507.8398674342904 760.8533138683453 
562.32318641326 284.1132529421486 
580.3930293611179 225.56126426470667 
524.4669364118472 614.5744011811389 
564.5659631351307 277.81160320369986 
610.6165478849417 155.95195213054538 
533.0575027814637 380.1313165487815 
637.26885417985 130.11098873493108 
546.6121844205132 326.4020216408372 
525.4873345743033 601.2285243625538 
563.6221873921669 280.49245182538846 
532.7339012546691 396.3893782368229 
525.0588892445987 606.9401565957729 
