494.29819825843504 820.397148943912 
533.6380610069081 383.434008644387 
670.0291984911715 120.35981713331489 
599.1999364678303 158.94810211845615 
628.1689546647309 139.50203458836532 
617.1943034306113 148.68361343448032 
593.5116789854217 168.40708061515662 
591.2389429587087 172.12132948252102 
656.4314428595608 123.27749012459122 
622.6286477795275 146.23018697050313 
588.1476411209138 187.4611243763912 
635.2015950342319 132.24549758909112 
527.05126908134 585.4486123501798 
556.2207363265336 297.3481483596304 
531.4705689189285 478.9221206421203 
581.6463438977631 213.9087879256773 
589.9039252008284 178.34995760747952 
539.5057505571184 342.96415250355403 
537.5916437764045 375.5874594452628 
539.0308113723084 351.879879343652 
571.7346715699737 252.56461506230522 
529.8350887101423 526.8656942958123 
632.1982572900623 135.97917160052876 
609.8995205157171 154.64370202280725 
665.1399084296743 121.2219934818856 
553.4270955051894 304.90265854768506 
522.5553431650823 645.2154607816552 
547.3372952350668 321.4026592793622 
567.6816113118416 266.0704461007083 
562.5333357277964 280.17372226956087 
521.7438845076845 655.3299193386727 
643.8905858312339 125.88158971468737 
597.5942466184937 162.65655069473834 
549.0217821223378 316.5130242735069 
533.0583430784417 407.16831744480385 
569.4952875148363 262.01429931710436 
612.3308851914695 152.8626566805365 
557.919186705471 292.592693515986 
498.90240565182893 807.5656658832874 
523.5232078793963 633.9324117072379 
542.4597735571346 334.6499980761151 
525.0868957759918 616.1495061337448 
648.4858804116185 124.87740502260002 
530.5071597516934 513.2529197806526 
578.4216328120556 227.4002186116661 
641.0069797225043 127.9039051058534 
585.5488208323092 198.06118365339492 
532.070687049578 460.0428219883108 
527.549735809436 571.9499880914539 
516.3972789614495 709.0019723833199 
505.2734715152205 775.662292885211 
532.7739816641107 422.9284959874011 
564.5986464251301 274.4815233119252 
575.3299209592614 239.11310314199295 
502.1531226477057 791.0509004800577 
544.2083686016948 330.1952429649811 
524.2475944115832 626.5594498999424 
512.2588542869782 737.8955998198708 
540.8076612936947 339.2338009817029 
514.4258271139591 725.2231110842716 
519.4369525582546 680.542563856123 
518.5758783672205 688.8867256916311 
513.3229791313912 732.4208095319246 
517.7619872988648 695.9449476902926 
576.7727238075252 235.49874415437978 
529.2868999258553 542.697425419766 
511.09386623934074 743.7030381784868 
528.6798555599662 553.5577205957154 
565.7872266289537 271.42018438824226 
550.9041513743854 311.52691203197 
559.7127249155776 287.8445108085247 
520.7184903073532 667.0728895705498 
525.8549230900065 611.4567553384859 
574.1196943502877 243.56448522880257 
500.9315622593966 797.1446680291842 
572.890102098879 248.17247312357975 
504.15995670314265 781.1427876665018 
500.0408321268306 801.7063289213066 
528.0807828010408 563.3337022264207 
545.6240555459717 327.21053088226745 
508.34686472251644 758.471883266055 
531.0894420129819 500.1087962269273 
503.1931615091535 785.959143946979 
509.20587251574403 753.4520132729406 
560.923833420549 284.8675955578831 
516.9297194854153 703.2962673375052 
506.58012693068724 767.120548792805 
586.6325750004162 195.06675267207635 
520.1698555771812 672.6412270746596 
510.16610922590024 748.798703539874 
580.0366036423001 220.13556708438946 
552.0640937697203 308.42117825716286 
532.4557334741273 446.9592869054564 
583.6855144505614 207.53303428416055 
638.6859483172361 130.49830541822197 
507.12748746470135 764.4035242891977 
584.3232784138006 204.886373341235 
515.2783002664186 722.4576347163012 
579.3862894652126 222.81641570607812 
497.46995991642035 815.0088085333083 
