494.5521708611748 820.397148943912 
533.2854826755866 353.0113004331052 
674.3230555327857 120.35981713331489 
545.9928860653572 332.79786860372684 
553.274291514987 311.6200031265595 
539.8478774939183 348.82762400571346 
547.9347492986155 327.20416732375344 
565.9445521794421 280.66559372276606 
562.5639526522808 283.6486274840541 
575.618254131164 270.9359696017768 
665.8341867836845 120.8677080171337 
624.1337191068415 139.24909203322426 
585.824060026073 234.62325571106666 
588.4016046793623 223.75576386537242 
582.0816264260133 248.2129998258817 
597.9254534391237 182.37712534195515 
503.17426968777113 789.7335207784437 
658.1242331687454 122.79591869544123 
577.9783629550514 263.81436111141915 
650.0616088793827 124.2014023703524 
594.068424626848 200.16131619498663 
642.5584845812477 125.49165867270568 
579.4461590890601 259.9716711952541 
601.300291125859 169.51794083366877 
501.7310178318575 797.4536281302254 
620.1917446442134 147.0213041058302 
506.79244788723906 768.8730350132392 
521.6612940886098 657.4778584526462 
533.0022664750712 373.77960886582036 
590.9589949560307 213.0581783151443 
526.8365043442773 582.3782388123673 
561.1116571954385 294.78977328047233 
522.6256969648504 646.4204921877015 
552.3549917112292 318.139327179354 
500.3234533275037 804.1839903406427 
529.5884908445221 528.5222273220319 
515.887489117667 719.08156029421 
589.7650058619136 217.69852880818542 
592.8474874092378 207.16211588664856 
523.388115824821 637.7295669657431 
614.3469221662446 153.24656510548795 
504.60979112188244 782.3342165576217 
610.6556699747126 155.6287449299071 
524.2072307985422 628.172774569675 
532.7377738664469 405.7998102060568 
512.5712299769561 739.0653228129556 
510.4566585061674 749.653128232615 
527.2735832722959 571.3208725474233 
627.677777387588 137.22639075470693 
513.7606517934043 732.9807995869029 
531.55646157383 473.79990150923936 
528.444888110744 552.0343544125883 
514.8041645962306 727.3776798396444 
524.9272653603376 619.3067421904212 
584.1670459975062 240.38475646193015 
505.5623799993138 777.4807511945334 
617.3327959741671 151.16399848919315 
557.3951909067866 310.0465572750855 
529.0661313441885 540.9133803720731 
608.1309504240389 157.5375920469362 
605.7246209628454 162.44671449434486 
530.2304658852572 514.6480217996194 
630.8201699597822 134.24481766863946 
517.8556357708421 698.4499120843225 
525.6087902210373 610.6176609446585 
527.8494076768717 562.0726152112586 
632.7387529866905 132.42679972879523 
561.6647937653127 289.0042539824305 
622.5003918869736 143.84254320543442 
499.2189337121668 809.8450886449148 
530.6452896289005 502.64152870347016 
511.5667607661936 744.5156107535624 
531.0773596926609 492.2061056988653 
526.2453752822959 602.4165370358256 
509.33516304926405 755.4767156674383 
596.2752978982787 192.2875582393467 
531.9001255458594 462.7425352442944 
599.2160944110992 176.51318726905643 
518.5923069168161 691.5855784560742 
639.7519980637625 126.85987303263946 
638.0109699221453 128.3647211585435 
583.1812728185563 244.00204207986167 
574.0272559803971 278.1631900895511 
635.6298001861275 130.77884776533944 
507.8951167634282 763.211936708967 
595.545893620608 194.93806546790617 
603.461404611422 167.85847407115554 
521.0788878621795 667.2436970892063 
606.7904816125066 159.8283116696349 
496.898286249433 817.7503074429429 
520.4179379597105 673.6476953785656 
532.4522238865547 431.0052606058325 
599.9450137142311 174.07487115514675 
532.2889495586031 442.60769400788007 
498.20085943214326 814.5426645663937 
508.58592377473127 759.4763622308883 
516.8761201207997 706.1851331258515 
519.8816016823995 678.7964321956903 
519.2141233200393 685.4172814304175 
516.7756899203537 709.0019723833199 
