496.8868042589283 817.6526181656507 
674.3593902719934 120.35981713331489 
532.3207343925493 391.607329197482 
627.8158006594405 138.7997256639103 
634.6439643282836 132.278009010526 
645.4657685326316 125.59024499514786 
533.1409651759891 355.3760081165113 
619.3525720621826 149.1239158521664 
598.5710854722435 161.10077159813093 
641.1568327215207 128.24188094450167 
527.0810929502346 576.9009545305806 
666.4458291965062 121.15766229872534 
591.5842170292062 171.91137462631926 
529.9956012828842 515.4790959529065 
539.9368760579987 340.66036154447477 
613.8001685696581 152.05111837394426 
521.4348591384395 651.806740110211 
603.4022212948282 158.09439953296476 
542.1930719027214 334.6277415024898 
502.4375825584491 787.2383354534668 
528.0470871745061 561.3320915411487 
505.013251200785 774.3490036254503 
631.5869351251907 135.51769663932603 
537.8725792980547 346.3019824425075 
535.5157118028405 351.1461246177845 
553.6219966008827 303.52615803067096 
555.5631401723083 298.00493001877845 
506.48245044510077 765.835389893189 
625.3152574474755 145.4619217915367 
653.1086080322393 124.27911898662326 
560.9910810318248 283.62054818157253 
528.7266201518806 548.3501702735285 
590.174846607544 176.87960616305915 
558.960524177498 289.03058606918916 
520.4045772792981 665.1052572301795 
585.0644050068029 200.4744745062868 
500.8417937139115 796.1177418248536 
532.8338283779713 363.78163719904467 
531.8637490813604 443.4240800102602 
562.6718109475727 278.77337473272576 
503.64440233667176 781.3632203177349 
586.6110208468298 192.42494138174553 
565.7345630083468 270.44835146559495 
530.6968953959505 496.4327931529283 
514.4434045571886 722.0345542493664 
574.8076960178221 239.83574182701193 
576.1960323690622 234.44712105165277 
557.3054483969768 293.38812581990504 
660.0867287052373 123.0800188353625 
577.6150323111336 228.90257010719228 
507.60759513499835 759.7786892061246 
548.5637107125642 316.9546518082171 
516.3781975026781 703.8454173638299 
529.4256860143893 535.3998495945136 
609.5991530106733 154.1802728373185 
546.9768550224429 321.1241068891815 
508.85585135222203 753.070387261138 
588.6917748975385 183.27352039319416 
522.3232437545195 641.6785770914413 
550.3531403128018 312.09985132268247 
517.2467459986152 695.8256962189354 
594.619727451744 167.77282889136345 
543.9693980912713 329.5226679358247 
596.3285744599921 164.70145776228352 
525.1066746616422 607.8750743681721 
515.6782463269958 712.3769056671853 
578.9807718847474 223.69710755516218 
524.1925601367468 619.7406077449161 
551.8266006010234 308.5598949488107 
564.3412985572596 274.2806638199347 
545.3421274596819 325.7203142987098 
497.92993470016006 811.2621370428255 
583.499621738878 206.08707350025367 
519.566125206169 673.5340684661238 
518.1355348551401 687.6259402896262 
531.1100892002547 486.1795813281752 
518.8323601447579 680.3566028972003 
531.6462755347001 461.8056479855158 
573.2939369378522 245.38138229084453 
607.2263859050756 155.93571001523617 
581.3424640685963 214.81239160732335 
580.2717441358775 218.92907913575462 
509.9381756503575 747.3688494518011 
499.7967708569762 801.5398048834435 
570.0286224930097 257.1920827490387 
571.1719976751136 253.03644223667757 
512.5664199260139 733.9494303075248 
526.409387211746 594.2748157929085 
513.5895262030749 728.3573694924357 
525.6796030791671 601.422888550573 
587.6045648764622 188.1357391337449 
498.89359509634744 806.2247047229894 
582.5847200642169 209.85136396093276 
523.0341482593054 633.3911071994511 
572.3419194630123 248.84162342753677 
568.9862038689278 261.45919850897207 
523.5777797096941 626.9746811225112 
510.7999218596195 742.9979146274769 
511.7014967417871 738.6663182314868 
567.809670076065 265.2764010212397 
