494.5521708611748 820.397148943912 
534.4500184580116 374.71956957758425 
674.3593902719934 120.35981713331489 
537.9732948033225 348.31408243594984 
629.8608819302607 138.45462987117466 
526.1810190185876 607.0553764118047 
527.6708178690011 582.7117068259631 
516.2962452621344 711.3235439933877 
599.5574365731037 161.0955747171494 
637.0673465855857 132.38928472473037 
506.5354414414343 769.667662035275 
543.4739062553649 333.5005147031712 
507.95218674761406 762.5610680662443 
593.1823418396928 169.56691009857036 
545.7067929260575 326.7168924227946 
562.7315764422741 281.1712677928503 
579.9699637009141 222.95501786086274 
585.9793051766476 199.56065870899278 
643.6873057897155 126.50183373262146 
583.0151389589128 210.73768807080148 
668.3792129459014 120.87494428835939 
509.61903666507794 754.2786927914219 
547.440560532624 322.13239515773193 
588.009920921628 190.9491219453708 
648.3186980675089 125.12829522816429 
622.4903683604682 147.50705780051237 
572.295854890815 251.89150126085423 
525.2719602586918 618.4699352205175 
549.6764187136076 316.0777345040507 
532.2845278230382 478.9221206421203 
521.8452383562131 658.2635112161527 
634.0373729257826 135.35981359659561 
611.7244108293424 154.42656268880577 
571.0504437907699 257.1990244786145 
517.6786240039357 700.6612653412465 
577.3592243887027 233.50890712356733 
530.1552035094325 534.5500098073763 
541.3866691296921 338.82449587510195 
524.4136248527127 629.0598545138113 
641.2023377112117 128.7627560284142 
564.5823896657271 275.9054315547753 
655.5973598217064 123.90650364265072 
533.3370714553989 440.19279322497516 
581.636526278014 216.63463128820712 
528.3369812471954 570.1957969383596 
553.1799752683612 307.0652281969155 
539.7990822401802 343.16122787188436 
606.6417485434346 156.55290049354633 
523.486242897274 639.5885457164852 
551.2642391073201 311.9061623378547 
530.7461403156309 519.8803851228971 
522.7370601522591 648.2098366347061 
554.8761007807504 302.69222220662874 
560.5974544216499 287.45945773784456 
568.9393926225738 264.7144960404603 
616.1280027878606 151.7577970423657 
584.7776546135259 204.7246799031935 
662.8733207184437 122.59928480658945 
626.2742276817644 145.50923259320012 
574.9254529178579 242.34090527507362 
519.4358151730601 684.1508846701802 
533.7577851156484 420.74949108345805 
534.1142641529582 400.4697293111387 
518.5559186776444 693.0031630376155 
578.4145960880489 229.29053392957016 
500.03004929584506 804.9008996576172 
505.3433538802924 778.2378521487357 
510.8596423504852 747.8365210013052 
520.2363857103398 676.4687064807545 
521.0408418980329 668.8983571861795 
531.7626751983123 500.01838145516535 
501.29171453690515 798.8503266473654 
497.84038922523405 815.2260965108345 
618.8865556769414 150.13682584058827 
529.5281192444475 550.1267666013289 
591.9360526322927 172.6966128877305 
529.0036846948631 559.3777858978617 
503.1919300543765 788.635985869208 
498.97581276195314 809.9801290878859 
559.16631267156 290.96962817029356 
504.26383847371153 783.575110837262 
604.817355051241 158.14551287492338 
574.1128964035356 245.27028969211585 
566.2794595887294 271.17787008524755 
556.5936050769217 297.4213168853498 
589.1929002756024 185.2988813348055 
512.8029821057136 737.9064989605698 
511.82911059969416 742.928783463311 
513.8103575310907 732.7804875888284 
502.2744843133996 793.8706471271728 
567.3820917554099 268.26023169571994 
590.8379591473796 177.3333692983762 
515.5584672440982 721.7114988469732 
514.7396681508754 727.6370873872082 
557.5791455436865 294.8078371614469 
596.9548016234787 165.66480614670118 
531.2902151860316 511.56243645412115 
598.0167463616687 163.46372714211043 
590.0955234369009 181.38264454220186 
532.8583015122595 460.9707155763862 
