497.2697918880375 817.5803096864439 
673.814951915829 120.35981713331489 
533.6175374701072 353.0113004331052 
591.6877933864263 178.39309739388895 
596.086332309987 173.735576839913 
611.0483313661402 156.64955195688606 
531.2916491231055 467.9763140744157 
666.1723268149498 120.85813642726 
545.0217421245195 330.26633873571956 
504.9653956927297 775.183832732783 
601.6282397956797 171.30015862269823 
542.3046496203945 339.3924318520928 
530.6062342929115 495.46456651925337 
529.160602036465 530.1287757343246 
650.3741411815527 124.39324854278094 
658.7643198857866 122.81927962504328 
503.3808156950016 782.8164935980952 
568.9056265347867 267.3960670556768 
642.6804527860461 125.84302208633669 
571.4699300659547 258.7783498872832 
526.6935424329043 579.0560935889517 
529.9090332828672 514.762281974153 
512.5994735655412 733.6642134989039 
559.3130256451971 293.15318201964055 
501.883472993531 790.1737269193583 
531.8656343052858 445.0816668310932 
561.7855776419594 286.76444074966014 
537.8852226804078 348.8759010325131 
511.26736918018054 741.1406840588123 
628.8330759034352 136.63096716425 
565.2219270218046 277.15642767452806 
514.027692502338 725.4684631714429 
590.0685668033561 185.41359057131052 
567.2084758251299 271.8468217671783 
498.6035562512983 807.6783309381453 
540.3592819461012 344.37983960383775 
607.2056643337796 167.67633662008421 
521.5348395884675 650.7695565076592 
563.4196802843554 282.01294195210477 
588.7962470689607 191.02362644570582 
625.7610666851198 139.25782686092182 
525.7100357115854 598.2791393810452 
516.1150790249093 706.1851331258515 
576.6883535520686 239.83574182701193 
515.1524576326572 717.5575873485508 
609.5983334844929 162.53133844936104 
506.7563111520246 765.8662868358844 
587.3798064221196 197.48500967055483 
533.313881956333 360.38956243169457 
532.3295604785303 419.269039401208 
557.7645767648584 297.4669361229879 
523.0789268719694 632.7120927648799 
622.1208287606619 147.0515689979153 
528.511560744935 546.7993412609749 
580.6070008715508 224.64047360658293 
500.65713074170736 797.2828261635614 
632.5912235898902 133.0791590416787 
522.2074764751278 642.8783037828688 
546.5737123600969 326.4639850986047 
619.4776512582227 149.56516621516988 
527.8698419159948 557.7246949018588 
527.2646591847226 568.0940811886509 
508.41501500797807 756.1542170074728 
548.3415855924038 322.29768170770353 
614.0600890948555 154.3262259235329 
518.3042795357037 685.5335754959036 
572.7669363605703 253.99719027555014 
575.2195669937018 245.39461347170715 
532.6139298607801 403.4353209385795 
616.7570000349185 152.08927668694048 
579.1424879941152 230.34074940556314 
549.853851191924 318.5787159918555 
524.4600734518107 614.5985040609414 
532.9997511567566 384.6707339886168 
581.8390269311461 220.22997136794166 
637.5818461811193 129.25587100490645 
578.0766899033088 234.44712105165277 
523.7805181918251 624.2661716436659 
555.9506884356715 302.0770550278015 
639.843879117729 127.30222052555997 
499.4870154841696 802.9807550166669 
585.0617305159388 207.16323092927692 
551.4577031809181 314.3452196169554 
525.0739321304633 606.6017888713191 
574.0669504246179 249.61330906069878 
519.0341939339206 678.6641124051908 
519.7673644516079 671.3825235855496 
517.4982678927586 694.0561925222895 
586.2992763120507 202.72258511093293 
583.148737303738 214.84135059258278 
516.7951418512866 700.1218033307672 
507.55283018182973 761.0387215549081 
624.953678251378 141.93198269021855 
634.5506299342459 131.80161778484592 
552.6592997997311 310.66056827664954 
583.9942306099315 211.4934429867949 
553.6612494543846 307.97971965496055 
554.9104354870857 305.19300495813167 
520.4465287130814 663.5164425846208 
509.6341908688827 748.8097995850247 
