0.7183408960718397
0.7210525921779563
0.7214341137150266
0.721666587152077
0.710465323928473
0.7193935478155211
0.7180979596392522
0.7114282820775143
0.7201848958163399
0.7195238208724792
0.7216678722363008
0.7054443676455661
0.7085316946505337
0.718555262471771
0.7180522746369775
0.7154028957450458
0.7087516414345663
0.7200115490205862
0.7089351413490715
0.7210230842743682
0.7221068302389677
0.7172766729608567
0.722345415051409
0.7214588681301697
0.7167825807263625
0.7173792194992333
0.7206356909940882
0.7218039828316652
0.7217978816203666
0.719183200224998
