6 0 0 1 0 0 0 0  10000000100000001000000010000000100000001000000010000000100000001000000010000000100000001000000010000000100000001000000010000000100000001000000010000000100000001000000010000000100000001000000010000000 
0 0 0 0 0 0 0 0  11111111111111111111111111111111111111111111111111111111111111111111111111111111111111111111111111111111111111111111111111111111111111111111111111111111111111111111111111111111111111111111111111111111 
1 3 1 3 2 2 2 1  01010100010101000101010011010101010111000101010101011100110101011101110001010101010101100101110111010111010101010101110001010101011111000101011111111101111101001101010111011100110101010101110011010100 
4 0 0 3 0 0 0 0  10010000100100001001000010010000100100001001000010010000100100001001000010010000100100001001000010010000100100001001000010010000100100001001000010010000100100001001000010010000100100001001000010010000 
4 0 0 3 0 0 0 0  10010000100101001001010010010000100100001001000010010000100100001001000010010000100100001001000010010000100100001001000010010000100100001001000010010000100100001001000010010000100100001001000010010000 
4 0 0 3 0 0 0 0  10010100100101001001010110010000100101001001010010010000100100001001010010010100100100001001000010010100100100001001000010010000100100001001010010010100100101011001000010010100100101001001000010010100 
4 0 0 3 0 0 0 0  10010000100101001001000010010000100101001001000010010000100100001001000010010100100100001001000010010100100100001001000010010000100100001001000010010100100101001001000010010100100101001001000010010100 
4 0 0 3 0 0 0 0  10010000100100001001000010010000100000001000000010010000100100001001000010000000100100001000000010000000100000001001000010010000100000001000000010000000100000001001000010000000100000001001000010000000 
4 0 0 3 0 0 0 0  10010100100101001001000010010000100101001001000010010000100100001001000010010100100100001001000010010100100100001001000010010000100100001001000010010100100100001001000010010100100101001001000010010100 
4 0 0 3 0 0 0 0  10010000100101001001010010010000100101001001000010010000100100001001010010010100100100001001000010010100100100001001000010010000100100001001010010010000100101001001000010010100100101001001000010010100 
4 0 0 3 0 0 0 0  10010100100100001001010010010000100100001001000010010000100100001001000010010000100100001001000010010000100100001001000010010000100100001001000010010000100100001001000010010000100100001001000010010000 
4 0 0 3 0 0 0 0  10010100100101001001010010010000100101001001010010010000100100001001010010010100100100001001000010010100100100001001000010010000100100001001010010010100100101001001000010010100100101001001000010010100 
4 0 0 3 0 0 0 0  10010100100100001001010010010000100101001001000010010000100100001001000010010100100100001001000010010100100100001001000010010000100100001001000010010000100100001001000010010000100100001001000010010100 
4 0 0 3 0 0 0 0  10010000100100001001010010010000100100001001000010010000100100001001000010010000100100001001000010010000100100001001000010010000100100001001000010010000100100001001000010010000100100001001000010010000 
4 0 0 3 0 0 0 0  10010000100100001000000010010000100000001001000010010000100000001001000010000000100100001001000010000000100000001001000010000000100100001000000010010000100000001001000010000000100000001001000010000000 
1 3 1 3 2 2 2 1  01010101010101000101010001110101010111000101010101011100110101011101110001011101010101100101110011010111010101010101110011110101010111000101011111111100110101010101010111011100110111010101110011010100 
5 0 0 3 0 0 0 0  10010000100100001000000010000000100000001000000010000000100000001001000010000000100000001001000010000000100000001000000010000000100000001000000010000000100000001000000010000000100000001001000010000000 
4 0 0 3 0 0 0 0  10010100100101001001010010010000100100001001000010010000100100001001000010010000100100001001000010010000100100001001000010010000100100001001000010010000100100001001000010010000100100001001000010010000 
5 0 0 3 0 0 0 0  10010000100000001000000010000000100000001000000010000000100000001001000010000000100000001000000010010000100000001000000010000000100000001000000010000000100000001001000010000000100000001000000010000000 
1 3 1 3 2 2 2 1  11010101110101011101010101110101110111001111110101011101110101011101010011011101111101100111110111110101110101011101110111110101110111010101011111111100110111011111010011110100110111010101110011110100 
4 0 0 3 0 0 0 0  10010100100100001001000010010000100101001001000010010000100100001001010010010100100100001001000010010100100100001001000010010000100100001001010010010100100101001001000010010100100101001001000010010100 
4 0 0 3 0 0 0 0  10010100100100001001000010010000100101001001000010010000100100001001000010010100100100001001000010010000100100001001000010010000100100001001000010010000100100001001000010010000100101001001010010010100 
1 3 1 3 2 2 2 1  01010101010101010101010111110101010111000101110101011101110101011101010011011101010101100101110011110111110101010101110111110101010111000101011111111100110111010101010111010100110111010101110011110100 
6 0 0 1 0 0 0 0  10000000100100001000000010000000100000001000000010000000100000001000000010000000100000001000000010000000100000001000000010000000100000001000000010000000100000001000000010000000100000001000000010000000 
4 0 0 3 0 0 0 0  10010100100101001001010010010000100101001001010010010000100100001001000010010100100100001001000010010100100100001001000010010000100100001001010010010000100101001001000010010000100100001001000010010000 
6 0 0 1 0 0 0 0  10000000100000001001000010000000100000001000000010000000100000001000000010000000100000001000000010000000100000001000000010000000100000001000000010000000100000001000000010000000100000001000000010000000 
5 0 0 3 0 0 0 0  10010000100000001001000010000000100000001000000010010000100000001001000010000000100000001000000010010000100000001001000010000000100000001000000010000000100000001001000010010000100000001000000010000000 
4 0 0 3 0 0 0 0  10010000100100001001000010010000100101001001000010010000100100001001000010010000100100001001000010010000100100001001000010010000100100001001000010010000100100001001000010010100100101001001000010010000 
4 0 0 3 0 0 0 0  10010000100101001001010010010000100100001001000010010000100100001001000010010100100100001001000010010100100100001001000010010000100100001001000010010000100100001001000010010000100101001001000010010100 
4 0 0 3 0 0 0 0  10010000100100001001000010010000100100001001000010010000100100001001000010010000100100001001000010010000100100001001000010010000100000001001000010010000100100001001000010000000100000001001000010010000 
1 3 1 3 2 2 2 1  11110101110101011101010111110101110111001111110101011101111101011101010011011101110101100111110111110101110101011101110111110101010111000101011111111100110111011101010011110100111111010101110011110100 
0 3 2 0 0 2 2 1  11111111111111111111111111011101110111111111111111111111111111111111111011111111111111101111110111111111111111111111111011110111111111111111111111111101111111101111111111111111111111111111110111111111 
4 0 0 3 0 0 0 0  10010100100100001001010010010000100101001001000010010000100100001001010010010100100100001001000010010100100100001001000010010000100100001001010010010100100101001001000010010000100101001001000010010100 
5 0 0 3 0 0 0 0  10010000100000001000000010010000100100001001000010010000100100001001000010000000100100001001000010010000100000001001000010010000100100001001000010000000100000001001000010010000100000001001000010000000 
4 0 0 3 0 0 0 0  10010000100101001001000010010000100100001001000010010000100100001001000010010000100100001001000010010000100100001001000010010000100100001001000010010000100100001001000010010000100100001001000010010000 
1 3 1 3 2 2 2 1  11111111111111011111110111011101111111111111111111111111111111011111010011111101111101101111110111011111111111111111110111111111111111111111111111111101111111111111111111110111111101111111111111111111 
6 0 0 1 0 0 0 0  10000000100000001001000010000000100000001000000010000000100000001001000010000000100000001000000010010000100000001000000010000000100000001000000010000000100000001000000010000000100000001000000010000000 
4 0 0 3 0 0 0 0  10010100100100001001000010010000100100001001000010010000100100001001000010010000100100001001000010010000100100001001000010010000100100001001000010010000100100001001000010010000100100001001000010010000 
1 3 1 3 2 2 2 1  11010101010101010101010111110101010111001101110101011101110101011101010011011101110101100101110111110111110101010101110111110101110111000101011111111100110111010101010111010100010111010101110011110100 
1 3 1 3 2 2 2 1  11110101111101011111010111110101110111001111110111011101110101011101010011011100110101100111110111110101110101011101110111110101110111000101011111111100110111011101010011110100111101010101110011110100 
4 0 0 3 0 0 0 0  10010100100101001001000010010000100101001001000010010000100100001001000010010000100100001001000010010100100100001001000010010000100100001001000010010000100100001001000010010000100101001001000010010000 
5 0 0 3 0 0 0 0  10010000100000001000000010010000100000001000000010010000100100001001000010000000100100001001000010000000100000001000000010010000100100001000000010010000100100001001000010010000100000001001000010000000 
1 3 1 3 2 2 2 1  01011101010101010101010111111101010111000101110101011101110101011101010011011101010101100101110011110111110101010101110111110101010111010101011111111100110111011101010011010100110111010101110011110100 
4 0 0 3 0 0 0 0  10010000100100001001010010010000100101001001000010010000100100001001000010010100100100001001000010010000100100001001000010010000100100001001000010010000100100001001000010010000100100001001000010010100 
4 0 0 3 0 0 0 0  10010100100101001001000010010000100100001001000010010000100100001001000010010000100100001001000010010000100100001001000010010000100100001001000010010000100100001001000010010000100100001001000010010000 
1 3 1 3 2 2 2 1  11111101111111111111110111011111111111001111111111111111111101111111110011111101111101101111111111011111111111111111111111111111111111011111011111111101110111111111111111110110111111011111110111111111 
5 0 0 3 0 0 0 0  10010000100000001001000010010000100000001000000010010000100100001001000010000000100000001001000010000000100000001000000010010000100100001000000010000000100100001001000010010000100000001001000010000000 
1 3 1 3 2 2 2 1  01010101111101010101010111110101111111000101110101011101110101011101010011011101110101100111110111110101110111011101110111111101010111000101011111111100110111011111010011110100111111010101110011110100 
4 0 0 3 0 0 0 0  10010000100101001001010010010000100101001001000010010000100100001001000010010100100100001001000010010100100100001001000010010000100100001001000010010000100100001001000010010100100101001001000010010100 
4 0 0 3 0 0 0 0  10010000100100001001000010010000100101001001000010010000100100001001010010010100100100001001000010010000100100001001000010010000100100001001010010010000100101001001000010010100100101001001000010010100 
6 0 0 1 0 0 0 0  10000000100000001000000010000000100000001001000010010000100000001001000010000000100100001001000010010000100000001001000010010000100000001000000010000000100000001001000010000000100000001001000010000000 
6 0 0 1 0 0 0 0  10000000100000001000000010000000100000001000000010010000100000001001000010000000100000001001000010010000100000001001000010010000100000001000000010000000100000001001000010000000100000001001000010000000 
6 0 0 1 0 0 0 0  10000000100000001001000010000000100000001000000010010000100000001001000010000000100000001000000010010000100000001000000010000000100000001000000010000000100000001001000010000000100000001000000010000000 
1 3 1 3 2 2 2 1  11110101111111011111010111111101111111001111110111111101110101011111010011111100110101100111110111010111111111011111110111110101111111000101111111111101110101011111110111110101111101010101010011110101 
6 0 0 1 0 0 0 0  10000000100100001000000010000000100000001000000010010000100000001001000010000000100000001000000010010000100000001001000010010000100000001000000010000000100000001001000010000000100000001001000010000000 
4 0 0 3 0 0 0 0  10010000100101001001000010010000100101001001000010010000100100001001010010010100100100001001000010010000100100001001000010010000100100001001000010010000100100001001000010010000100101001001000010010000 
6 0 0 1 0 0 0 0  10000000100100001001000010010000100100001001000010010000100100001001000010010000100100001001000010010000100100001001000010010000100000001000000010010000100100001001000010000000100000001001000010010000 
6 0 0 1 0 0 0 0  10000000100000001000000010000000100000001000000010010000100000001001000010000000100000001000000010010000100000001001000010000000100000001000000010000000100000001001000010000000100000001001000010000000 
6 0 0 1 0 0 0 0  10000000100100001000000010000000100000001000000010000000100000001000000010000000100000001000000010010000100000001001000010000000100000001000000010000000100000001000000010000000100000001001000010000000 
4 0 0 3 0 0 0 0  10010100100101001001010010010000100100001001000010010000100100001001000010010100100100001001000010010000100100001001000010010000100100001001000010010000100100001001000010010000100101001001000010010100 
1 3 1 3 2 2 2 1  01010101010101011101010111111101010111000101110101011101110101011101010011011101010101100101110011010111110101110101110111110101010111010101011111111100110111011101010111010100010111010101110011110100 
6 0 0 1 0 0 0 0  10000000100000001000000010010000100000001001000010010000100000001001000010000000100100001001000010010000100100001001000010010000100000001000000010010000100000001001000010000000100000001001000010000000 
4 0 0 3 0 0 0 0  10010000100100001001000010010000100101001001000010010000100100001001000010010100100100001001000010010100100100001001000010010000100100001001000010010000100100001001000010010100100101001001000010010100 
6 0 0 1 0 0 0 0  10000000100100001001000010000000100000001000000010000000100000001000000010000000100000001000000010000000100000001000000010000000100000001000000010000000100000001000000010000000100000001001000010000000 
6 0 0 1 0 0 0 0  10000000100000001000000010000000100000001000000010010000100000001001000010000000100000001000000010010000100000001000000010000000100000001000000010000000100000001001000010000000100000001000000010000000 
6 0 0 1 0 0 0 0  10000000100100001000000010010000100000001000000010010000100000001001000010000000100100001001000010000000100000001001000010010000100100001000000010000000100000001001000010000000100000001001000010000000 
6 0 0 1 0 0 0 0  10000000100000001000000010000000100000001000000010010000100000001000000010000000100000001000000010000000100000001000000010000000100000001000000010000000100000001000000010000000100000001000000010000000 
6 0 0 1 0 0 0 0  10000000100000001001000010000000100000001000000010010000100000001001000010000000100100001001000010010000100000001001000010000000100000001000000010010000100000001001000010000000100000001001000010000000 
4 0 0 3 0 0 0 0  10010000100101001001000010010000100101001001000010010000100100001001000010010000100100001001000010010100100100001001000010010000100100001001000010010000100100001001000010010000100100001001000010010000 
5 0 0 3 0 0 0 0  10010000100000001001000010010000100000001001000010010000100100001001000010000000100100001001000010000000100100001001000010010000100100001000000010010000100100001001000010000000100000001001000010000000 
6 0 0 1 0 0 0 0  10000000100000001000000010000000100000001001000010010000100100001001000010000000100100001001000010010000100000001001000010010000100000001000000010010000100000001001000010000000100000001001000010000000 
5 0 0 3 0 0 0 0  10010000100000001000000010000000100000001000000010010000100000001001000010000000100000001000000010010000100000001001000010000000100000001000000010000000100000001001000010000000100000001001000010000000 
6 0 0 1 0 0 0 0  10000000100100001000000010000000100000001000000010010000100000001000000010000000100100001000000010010000100000001001000010000000100000001000000010000000100000001000000010000000100000001001000010000000 
1 3 1 3 2 2 2 1  11111101111111011111110111111101111111001111111111111101110101011111110011011100111101101111110111111111111101111111110111111111111111011111011111111101110111011111010111110100111111101111110111111100 
5 0 0 3 0 0 0 0  10010000100000001000000010000000100000001001000010010000100000001001000010000000100000001001000010010000100000001001000010000000100000001000000010000000100000001001000010000000100000001001000010000000 
6 0 0 1 0 0 0 0  10000000100000001001000010010000100000001001000010010000100000001001000010000000100100001001000010010000100000001001000010010000100000001001000010010000100000001001000010000000100000001001000010000000 
4 0 0 3 0 0 0 0  10010000100100001001010010010000100101001001000010010000100100001001000010010100100100001001000010010000100100001001000010010000100100001001010010010000100101001001000010010100100101001001000010010100 
6 0 0 1 0 0 0 0  10000000100000001001000010000000100000001000000010010000100000001001000010000000100100001001000010010000100000001001000010010000100000001001000010010000100000001001000010000000100000001001000010000000 
6 0 0 1 0 0 0 0  10000000100100001000000010010000100000001001000010010000100000001001000010000000100100001001000010010000100100001001000010000000100000001001000010010000100000001001000010000000100000001001000010010000 
1 3 1 3 2 2 2 1  11010101110101010101010111110101010111011101110101011101110101010101010011010101010101000111110111110111110101011101110101110100110111000101011111111100110111011101010111010101110111010101010011110101 
4 0 0 3 0 0 0 0  10010100100100001001000010010000100100001001000010010000100100001001000010010000100100001001000010010000100100001001000010010000100100001001000010010000100100001001000010010000100101001001000010010100 
6 0 0 1 0 0 0 0  10000000100100001000000010000000100000001001000010010000100000001001000010000000100100001001000010010000100100001001000010010000100000001000000010010000100000001001000010000000100000001001000010000000 
6 0 0 1 0 0 0 0  10000000100000001001000010000000100000001000000010010000100000001001000010000000100000001000000010010000100000001001000010010000100000001000000010000000100000001001000010000000100000001001000010000000 
4 0 0 3 0 0 0 0  10010000100100001001010010010000100101001001010010010000100100001001010010010100100100001001000010010000100100001001000010010000100100001001010010010000100101001001000010010000100101001001000010010100 
6 0 0 1 0 0 0 0  10000000100000001001000010010000100000001001000010010000100100001001000010000000100100001001000010010000100100001001000010010000100000001001000010010000100000001001000010000000100000001001000010010000 
6 0 0 1 0 0 0 0  10000000100100001001000010000000100000001000000010010000100000001000000010000000100000001000000010000000100000001001000010000000100000001000000010000000100000001000000010000000100000001001000010000000 
6 0 0 1 0 0 0 0  10000000100000001000000010000000100000001000000010000000100000001001000010000000100000001000000010010000100000001000000010000000100000001000000010000000100000001001000010000000100000001000000010000000 
4 0 0 3 0 0 0 0  10010000100100001001010010010000100100001001000010010000100100001001000010010000100100001001000010010100100100001001000010010000100100001001000010010000100100001001000010010000100100001001000010010100 
6 0 0 1 0 0 0 0  10000000100100001001000010010000100000001001000010010000100100001001000010000000100100001001000010010000100000001001000010000000100000001001000010010000100000001001000010000000100000001001000010000000 
1 3 1 3 2 2 2 1  11111101111111011111010111111101111111001111110111111101110101011111010011011100111101100111110111010111111111011101110111111101111111000111111111111100110111011111010111110100111101010101110011111100 
4 0 0 3 0 0 0 0  10010000100100001001000010010000100100001001000010010000100100001001000010010000100100001001000010010000100100001001000010010000100100001001000010010000100100001001000010010000100100001001000010010100 
6 0 0 1 0 0 0 0  10000000100000001001000010010000100000001000000010010000100000001001000010000000100100001001000010010000100000001001000010010000100000001001000010000000100100001001000010000000100000001001000010000000 
6 0 0 1 0 0 0 0  10000000100100001001000010010000100000001001000010010000100100001001000010010000100100001001000010010000100100001001000010010000100000001001000010010000100000001001000010000000100000001001000010000000 
1 3 1 3 0 2 2 1  11111101111111011111110111011111111111001111111111111111111111111111111011111101111111101111111111011111111111111111111111111111111111111111011111111101111111111111111111110111111101011111111111111111 
6 0 0 1 0 0 0 0  10000000100100001001000010000000100000001000000010010000100000001001000010000000100000001000000010000000100000001001000010000000100000001000000010000000100000001001000010000000100000001001000010000000 
6 0 0 1 0 0 0 0  10000000100000001001000010000000100000001000000010010000100000001000000010000000100100001000000010010000100000001001000010000000100000001000000010000000100000001001000010000000100000001001000010000000 
6 0 0 1 0 0 0 0  10000000100100001001000010010000100000001000000010010000100000001000000010000000100100001000000010010000100000001001000010000000100000001000000010000000100000001001000010000000100000001001000010000000 
6 0 0 1 0 0 0 0  10000000100100001001000010010000100000001001000010010000100000001001000010000000100000001001000010010000100000001001000010000000100000001000000010010000100000001001000010000000100000001001000010000000 
6 0 0 1 0 0 0 0  10000000100100001001000010010000100000001000000010010000100000001001000010000000100100001001000010010000100000001001000010000000100000001000000010000000100000001001000010000000100000001001000010000000 
1 3 1 3 2 2 2 1  11111101111101011111010111111101111111001111110111111101110101011101010011011100111101100111110111110111111111011111110111111101110111001101111111111100111111011111010111110100111111010101010011111101 
