7 0 0 0 0 0 0 0  10000000100000001000000010000000100000001000000010000000100000001000000010000000100000001000000010000000100000001000000010000000100000001000000010000000100000001000000010000000100000001000000010000000 
3 0 0 3 0 0 0 0  10010000100100001001000010010000100100001001000010010000100100001001000010010000100100001001000010010000100100001001000010010000100100001001000010010000100100001001000010010000100100001001000010010000 
0 0 0 0 0 0 0 0  11111111111111111111111111111111111111111111111111111110111101111111111111111111111111101111111111111111111111111111111111111111111111111111111111111111111111111111111111111111111111111111111111111111 
3 0 0 2 0 2 0 0  10010100100101001001010010010100100101001001010010010100100101001001010010010100100101001001010010010101100101001001010010010000100101001001010010010100100101001001010010010100100100001001000010010100 
3 0 0 2 2 2 2 2  11110101111101011101010111111101110101001111110111010110111111011101110101111101110101001011110111111100111101010111010111110111100101111111111111011101101111011101010011110100011111111011110011011101 
3 0 0 2 0 2 0 0  10010101100101011001010110010100100101001001010010010100100100001001000010010100100111001001000110010100100101001001010010010101100101011001000010010100100101001001010010010100100101001001010010010100 
3 0 0 2 1 2 0 0  10010101100101011001010110010100100101001001010010011100100101011011010010010100100101001001010010011100100101001001110010010001100101001001010010010100100101001001010010010100100101001001000010011100 
0 0 0 0 2 2 2 2  11111101111111011111111111111111111111101111111111111100111101011101111111111110111111101111111011111110111111111111110111111111111111111111111111111111111111011111111111110111011111101011111111111111 
3 0 0 2 2 2 2 2  11010101111101011101010110111101110101001101110111010100111111011001110101011111010101001001110110111100110101011111010111110100111101111111111111010100100101011111010011110100011011111011110011111100 
6 0 0 2 0 0 0 0  10000000100100001001000010000000100000001000000010000000100000001000000010000000100000001000000010000000100000001000000010000000100000001000000010000000100000001000000010000000100000001000000010000000 
6 0 0 3 0 0 0 0  10010000100000001000000010010000100000001001000010010000100000001000000010000000100100001001000010010000100000001001000010010000100100001000000010010000100100001001000010000000100000001000000010000000 
6 0 0 2 0 0 0 0  10000000100100001001000010000000100000001000000010010000100000001000000010000000100000001000000010000000100000001001000010000000100000001000000010000000100000001001000010000000100000001001000010000000 
3 0 0 2 2 2 2 2  11110101111111011101110111111111111111101111111111011100111111011101110111110101110101101011110111111100110101010111010111111101111111111111111111011111101101010111110011111100011111111111110011111101 
3 0 0 2 1 2 0 0  11010101100101011101010110010100100101001001010010010100100100001001010010010100100101001001010110010000110101001001010011010100100101001001010010010100100101001001010010011100100101001001010010010100 
7 0 0 2 0 0 0 0  10000000100100001000000010000000100000001000000010000000100000001000000010000000100000001000000010000000100000001000000010000000100000001000000010000000100000001001000010000000100000001000000010000000 
6 0 0 3 0 0 0 0  10010000100000001000000010000000100000001000000010010000100000001000000010000000100000001000000010000000100000001000000010000000100000001000000010000000100000001000000010000000100000001000000010000000 
3 0 0 2 1 2 0 0  10010101100111011001010110010100100101001001110010011100100111011011010010010100100111001001010110011100100101001001110010010101100101011001010010010111100101001001010010110100100101001011000010011100 
6 0 0 3 0 0 0 0  10010000100100001000000010000000100000001000000010010000100000001000000010010000100100001000000010000000100000001000000010000000100000001000000010000000100000001000000010000000100000001000000010000000 
3 0 0 2 2 2 2 2  11111101111111011111110111111111111111101111111111111100111111011101110111110101110111101001110111111100110101110111110111111101111111111111111111011111111101010111110111111101011111111111110011101101 
0 0 0 0 2 2 2 2  11111111111111111111111101111111111111101111111111111100111101011111111111111111111111101111111111111110111111111111111111111111101111111111111111111111111111011111111111111111111111101111111011111011 
4 0 0 3 0 2 0 0  10010000100101001001000010010100100100001001010010010000100100001001000010010100100101001001010010010100100100001001000010010000100100001001000010010000100100001001000010010000100100001001000010010100 
3 0 0 2 0 2 0 0  10010100100101001001000010010100100101001001000010010000100100001001000010010000100101001001010110010100100100001001000010010000100100001001000010010000100100001001000010010000100100001001000010010100 
3 0 0 3 0 2 0 0  10010100100100001001000010010100100101001001010010010100100100001001000010010100100101001001010010010100100100001001000010010000100101001001000010010000100101001001000010010100100100001001000010010100 
3 0 0 2 0 2 0 0  10010101100101001001010010010100100101001001010010010100100101001001000010010100100101001001010010010100100101001001000010010000100101011001000010010100100101001001010010010100100101001001000010010100 
7 0 0 2 0 0 0 0  10000000100000001001000010000000100000001001000010010000100000001001000010000000100100001000000010010000100000001001000010010000100000001001000010010000100000001001000010000000100000001001000010000000 
7 0 0 2 0 0 0 0  10000000100100001000000010010000100000001000000010010000100000001000000010000000100000001000000010010000100000001001000010000000100000001000000010000000100000001001000010000000100000001001000010000000 
6 0 0 3 0 0 0 0  10010000100000001001000010010000100000001001000010010000100000001001000010010000100000001001000010010000100000001001000010000000100100001000000010000000100100001001000010000000100000001001000010000000 
7 0 0 2 0 0 0 0  10000000100100001000000010000000100000001000000010000000100000001000000010000000100000001000000010010000100000001001000010000000100000001000000010000000100000001001000010000000100000001001000010000000 
7 0 0 2 0 0 0 0  10000000100100001000000010010000100000001001000010010000100000001000000010000000100100001001000010000000100000001000000010010000100000001000000010010000100000001001000010000000100000001001000010000000 
3 0 0 3 0 2 0 0  10010000100100001001000010010000100100001001000010010100100100001001000010010000100101001001000010010100100100001001000010010000100100001001000010010000100100001001000010010000100100001001000010010100 
3 0 0 3 0 2 0 0  10010000100101001001000010010100100100001001010010010000100100001001000010010000100101001001000010010000100100001001000010010000100100001001000010010000100100001001000010010000100100001001000010010000 
3 0 0 0 2 2 2 2  11111111111111011111110111111111111111101111111111111111111111011101110111111111110111101011111011111110110111111111110111111111111111111101111111011111111101011111111111111111011111111111111111111111 
7 0 0 2 0 0 0 0  10000000100000001001000010010000100100001001000010010000100000001001000010000000100100001001000010010000100000001001000010010000100100001000000010010000100100001001000010000000100000001001000010000000 
7 0 0 2 0 0 0 0  10000000100000001001000010010000100000001001000010010000100000001001000010000000100100001001000010000000100000001001000010010000100100001000000010010000100100001001000010000000100000001001000010000000 
7 0 0 2 0 0 0 0  10000000100100001001000010010000100100001001000010010000100000001001000010000000100100001001000010010000100100001001000010010000100100001001000010010000100100001001000010000000100000001001000010010000 
3 0 0 2 0 2 0 0  10010100100101001001010010010100100101001001010010010100100100001001000010010100100101001001010010010100100100001001010010010000100101001001000010010000100100001001010010010100100101001001000010010100 
3 0 0 3 0 2 0 0  10010000100101001001000010010100100101001001010010010100100100001001010010010100100101001001010010010100100100001001000010010000100100001001000010010000100100001001000010010100100101001001000010010100 
3 0 0 3 0 2 0 0  10010100100100001001000010010100100101001001010010010100100100001001000010010000100101001001010010010100100100001001000010010000100100001001000010010000100100001001000010010000100100001001000010010100 
3 0 0 2 0 2 0 0  10010100100101001001010010010100100101001001010010010000100100001001000010010000100101001001000010010100100100001001010010010000100100001001000010010000100100001001000010010000100100001001000010010000 
3 0 0 3 0 2 0 0  10010100100100001001010010010100100101001001010010010100100100001001000010010100100101001001010010010100100100001001000010010000100100001001000010010000100100001001000010010100100100001001010010010100 
3 0 0 3 0 2 0 0  10010100100100001001000010010100100100001001010010010000100100001001000010010000100101001001010010010100100100001001000010010000100100001001000010010000100100001001000010010000100100001001000010010100 
3 0 0 2 0 2 0 0  10010100100101001001010010010100100100001001000010010000100100001001000010010000100101001001000010010100100100001001000010010000100100001001000010010000100100001001000010010000100100001001010010010000 
3 0 0 2 0 2 0 0  10010100100101001001000010010100100101001001010010010100100100001001000010010000100101001001010010010100100100001001000010010000100100001001000010010000100100001001000010010000100101001001010010010100 
7 0 0 2 0 0 0 0  10000000100000001000000010010000100000001000000010010000100000001001000010000000100100001000000010010000100000001001000010010000100000001000000010000000100000001001000010000000100000001001000010000000 
6 0 0 2 0 0 0 0  10000000100100001001000010010000100000001001000010010000100000001001000010010000100100001001000010010000100000001001000010000000100000001000000010010000100000001001000010000000100000001001000010000000 
7 0 0 2 0 0 0 0  10000000100000001001000010000000100000001001000010010000100000001001000010000000100000001000000010010000100000001001000010000000100000001000000010010000100000001001000010000000100000001001000010000000 
3 0 0 2 0 2 0 0  10010100100101001001010010010100100101001001010010010100100100001001000010010000100101001001010010010100100100001001000010010000100100001001000010010100100100001001000010010100100100001001000010010100 
3 0 0 3 0 2 0 0  10010000100101001001000010010100100101001001010010010100100100001001000010010000100101001001010010010100100100001001000010010000100100001001000010010000100100001001000010010100100100001001000010010100 
3 0 0 2 0 2 0 0  10010100100101001001000010010100100100001001000010010000100100001001000010010000100101001001000010010100100100001001000010010000100100001001000010010000100100001001000010010000100100001001000010010000 
7 0 0 2 0 0 0 0  10000000100100001000000010010000100000001001000010010000100000001001000010000000100100001001000010000000100000001001000010010000100100001000000010010000100000001001000010000000100000001001000010000000 
3 0 0 3 0 2 0 0  10010100100100001001000010010000100100001001000010010000100100001001000010010000100101001001010010010100100100001001000010010000100100001001000010010000100100001001000010010000100100001001000010010000 
3 0 0 2 1 2 0 0  11010101110111011101010110010100100101001001010010011100100101011001010010010100100101001001010110011100100101001001110010010100100101011001010010010110100101001001010010110100100101001001010010010100 
6 0 0 2 0 0 0 0  10000000100100001001000010010000100100001001000010010000100000001001000010010000100100001001000010010000100000001001000010010000100000001000000010010000100100001001000010000000100000001001000010000000 
7 0 0 2 0 0 0 0  10000000100000001000000010000000100000001000000010010000100000001000000010000000100000001000000010010000100000001001000010010000100000001000000010010000100000001001000010000000100000001001000010000000 
3 0 0 3 0 2 0 0  10010000100101001001010010010000100100001001000010010100100100001001000010010000100101001001000010010000100100001001000010010000100100001001000010010000100100001001000010010000100100001001000010010000 
3 0 0 3 0 2 0 0  10010000100101001001010010010100100101001001010010010100100100001001010010010000100101001001010010010100100100001001000010010000100100001001000010010000100100001001000010010100100101001001000010010100 
3 0 0 3 0 2 0 0  10010000100101001001000010010000100100001001000010010000100100001001000010010000100101001001000010010000100100001001000010010000100100001001000010010000100100001001000010010000100100001001000010010000 
3 0 0 3 0 2 0 0  10010000100101001001010010010000100101001001000010010000100100001001000010010000100101001001010010010000100100001001000010010000100100001001000010010000100100001001000010010000100100001001000010010100 
3 0 0 2 1 2 0 0  11010101110101001101010110010100100101001001010010010100110101001001010010010100100101001001010110010000100101001001111011010100100101001001010010010100100101001001010011010100100101001001010010010100 
3 0 0 3 0 2 0 0  10010100100100001001010010010100100100001001000010010100100100001001000010010000100100001001000010010000100100001001000010010000100100001001000010010000100100001001000010010000100100001001000010010000 
3 0 0 3 0 0 0 0  10010000100100001000000010010000100000001001000010010000100000001001000010010000100100001001000010000000100100001001000010010000100100001000000010010000100000001001000010000000100000001001000010010000 
7 0 0 2 0 0 0 0  10000000100000001001000010000000100000001000000010010000100000001000000010000000100000001000000010010000100000001001000010000000100000001000000010000000100000001001000010000000100000001001000010000000 
6 0 0 2 0 0 0 0  10010000100000001001000010000000100000001001000010000000100000001000000010000000100000001000000010000000100000001000000010000000100000001000000010000000100000001000000010000000100000001000000010000000 
7 0 0 2 0 0 0 0  10000000100000001001000010000000100000001000000010010000100000001001000010000000100000001000000010010000100000001001000010010000100000001000000010000000100000001001000010000000100000001001000010000000 
3 0 0 3 0 2 0 0  10010000100101001001010010010100100101001001010010010100100101001001000010010100100101001001010010010100100100001001000010010000100101001001010010010000100101001001010010010100100100001001000010010100 
4 0 0 3 0 2 0 0  10010000100101001001010010010000100100001001010010010100100100001001000010010100100101001001010010010100100100001001010010010000100100001001000010010000100100001001000010010000100100001001000010010100 
6 0 0 2 0 0 0 0  10000000100100001001000010000000100000001001000010010000100000001000000010000000100100001000000010000000100000001001000010010000100000001000000010000000100000001001000010000000100000001001000010000000 
7 0 0 2 0 0 0 0  10000000100000001000000010000000100000001000000010000000100000001000000010000000100000001000000010010000100000001000000010000000100000001000000010000000100000001001000010000000100000001000000010000000 
3 0 0 3 0 2 0 0  10010100100100001001010010010100100101001001010010010100100100001001000010010000100101001001010010010100100100001001000010010000100100001001000010010000100100001001000010010000100100001001000010010000 
7 0 0 2 0 0 0 0  10000000100000001001000010000000100000001000000010000000100000001000000010000000100000001000000010000000100000001000000010000000100000001000000010000000100000001000000010000000100000001000000010000000 
3 0 0 3 0 2 0 0  10010000100100001001010010010100100101001001010010010100100100001001000010010000100101001001010010010100100100001001000010010000100100001001000010010000100100001001000010010100100100001001000010010100 
3 0 0 3 0 2 0 0  10010000100100001001000010010100100101001001000010010100100100001001000010010000100101001001010010010000100100001001000010010000100100001001000010010000100100001001000010010000100100001001000010010100 
3 0 0 3 0 0 0 0  10010000100100001001000010000000100000001000000010010000100000001001000010000000100100001000000010000000100100001001000010000000100000001000000010000000100100001001000010000000100000001001000010000000 
6 0 0 2 0 0 0 0  10000000100100001001000010010000100000001001000010010000100000001000000010000000100100001000000010010000100000001001000010000000100000001000000010010000100000001001000010000000100000001001000010000000 
3 0 0 2 0 2 0 0  10010100100101001001000010010100100101001001010010010100100100001001000010010100100101001001010010010100100100001001010010010000100101001001000010010000100100001001000010010100100101001001000010010100 
6 0 0 3 0 0 0 0  10010000100000001001000010000000100000001001000010010000100000001000000010010000100000001001000010010000100000001000000010000000100100001000000010000000100000001001000010000000100000001001000010000000 
7 0 0 2 0 0 0 0  10000000100000001000000010010000100000001001000010010000100000001001000010000000100100001000000010010000100000001001000010010000100000001000000010010000100000001001000010000000100100001001000010000000 
7 0 0 2 0 0 0 0  10000000100000001000000010010000100000001000000010010000100000001001000010000000100100001000000010010000100000001001000010010000100000001001000010000000100000001001000010000000100100001001000010000000 
6 0 0 3 0 0 0 0  10010000100000001000000010010000100000001000000010010000100000001000000010000000100100001000000010010000100000001001000010010000100000001000000010000000100000001000000010000000100000001000000010000000 
3 0 0 3 0 2 0 0  10010000100100001001000010010100100101001001010010010000100100001001000010010100100101001001010010010100100100001001000010010000100100001001000010010000100101001001000010010100100100001001000010010100 
6 0 0 3 0 0 0 0  10010000100000001001000010000000100000001000000010010000100000001001000010010000100000001000000010000000100000001000000010000000100000001000000010010000100000001000000010000000100000001001000010000000 
7 0 0 2 0 0 0 0  10000000100000001000000010000000100000001000000010000000100000001000000010000000100000001000000010010000100000001001000010000000100000001000000010000000100000001001000010000000100000001001000010000000 
3 0 0 2 2 2 2 2  11111101111111011111110110110111110101001111110111110100111111011101110101011111010101001001110011111100110111010111010111110100111101111111111111011110110101011111110111111100011111111011110011111110 
7 0 0 2 0 0 0 0  10000000100000001001000010000000100000001000000010000000100000001000000010000000100000001000000010000000100000001001000010000000100000001000000010000000100000001000000010000000100000001001000010000000 
7 0 0 2 0 0 0 0  10000000100000001001000010000000100000001000000010010000100000001000000010000000100000001000000010000000100000001001000010000000100000001000000010000000100000001000000010000000100000001001000010000000 
7 0 0 2 0 0 0 0  10000000100000001000000010000000100000001000000010010000100000001000000010000000100000001000000010010000100000001001000010000000100000001000000010000000100000001001000010000000100000001001000010000000 
7 0 0 2 0 0 0 0  10000000100000001000000010010000100000001001000010010000100000001001000010000000100100001000000010010000100000001001000010010000100100001001000010010000100000001001000010000000100100001001000010000000 
3 0 0 3 0 2 0 0  10010000100100001001000010010100100101001001010010010100100101001001010010010100100101001001010010010100100100001001000010010000100100001001000010010000100100001001000010010101100101001001000010010100 
3 0 0 3 0 2 0 0  10010000100100001001010010010000100100001001000010010100100100001001000010010000100101001001000010010000100100001001000010010000100100001001000010010000100100001001000010010000100100001001000010010000 
6 0 0 3 0 0 0 0  10010000100000001000000010010000100000001001000010010000100000001000000010000000100000001001000010010000100000001001000010000000100000001000000010000000100100001000000010000000100000001000000010000000 
3 0 0 3 0 2 0 0  10010100100100001001010010010100100100001001000010010100100100001001000010010100100100001001010010010000100100001001000010010000100100001001000010010000100100001001000010010000100100001001000010010100 
3 0 0 3 0 2 0 0  10010000100101001001010010010100100101001001010010010100100100001001000010010000100100001001010010010100100100001001000010010000100100001001000010010000100100001001000010010100100100001001000010010100 
6 0 0 3 0 0 0 0  10010000100100001000000010000000100000001000000010010000100000001001000010010000100100001000000010000000100000001001000010000000100000001000000010000000100000001001000010000000100000001001000010000000 
3 0 0 3 0 2 0 0  10010000100100001001010010010000100101001001000010010000100100001001000010010000100100001001010010010000100100001001000010010000100100001001000010010000100100001001000010010000100100001001000010010100 
3 0 0 3 0 2 0 0  10010000100100001001000010010100100101001001010010010000100100001001000010010000100100001001010010010100100100001001000010010000100100001001000010010000100100001001000010010100100100001001000010010100 
3 0 0 2 0 2 0 0  10010101100101011001010110010100100101001001010010011100100101001001010010010100100111001011010110011100100101001001110010010101100101011001010010010100100101001001010010111100101101001001010010011110 
3 0 0 3 0 2 0 0  10010000100100001001010010010100100101001001000010010000100100001001000010010000100100001001010010010100100100001001000010010000100100001001000010010000100100001001000010010000100100001001000010010100 
3 0 0 3 0 0 0 0  10010000100100001001000010010000100100001001000010010000100000001000000010010000100000001001000010010000100000001001000010000000100000001001000010010000100100001000000010000000100000001001000010000000 
3 0 0 3 0 2 0 0  10010000100100001001010010010100100101001001010010010000100100001001000010010000100100001001010010010100100100001001000010010000100100001001000010010000100100001001000010010000100100001001010010010100 
3 0 0 2 1 2 0 0  11010101110101011101010110010100100101001001010010010100110101011001010010010100100101001001010110011000100101001001110010010100100101011001010010010010100101001001110011010100100101001001010010010100 
