7 0 0 0 0 0 0 0  10000000100000001000000010000000100000001000000010000000100000001000000010000000100100001000000010000000100000001000000010000000100000001000000010000000100000001000000010000000100000001000000010000000 
0 0 0 0 0 0 0 0  11111111111111111111111111111111111111101111111111111111111111111111111111111111111111111111111111111111111111111111111111111111111111111111111111111111111111111111111111111111111111111111111111111111 
4 0 0 3 0 0 0 0  10010000100100001001000010010000100100001001000010010000100100001001000010010000100100001001000010010000100100001001000010010000100100001001000010010000100100001001000010010000100100001001000010010000 
3 4 2 2 2 2 1 2  11111101111111011111110111111101111111001111110111011101110101111101110111111101111111101101110111110100111111011111110111011101111111011101110111111101111111011101110011111100010111101101010011111100 
4 0 0 3 0 0 0 0  10010100100101001001010010010100100101001001010010010100100100001001000010010100100100001001000010010000100100001001010010010000100101001001010010010000100101001001010010010000100100001001010010010000 
3 4 2 3 2 2 1 2  11010101110101011101010111111100110111001101110111010100110111011111010101111100110101111111110101011100110101011111110011011101011111011101110111110101110111000101110011111100010111001101010011111101 
4 0 0 3 0 0 0 0  10010000100100001001010010010000100100001001000010010000100100001001000010010000100100001001000010010000100100001001000010010000100100001001000010010000100100001001000010010000100100001001000010010000 
4 0 0 3 0 0 0 0  10010000100101001001010010010000100101001001010010010000100100001001000010010000100100001001000010010000100100001001000010010000100100001001000010010000100100001001000010010000100100001001000010010000 
4 0 0 3 0 0 0 0  10010000100101001001010010010101100101011001010010010100100101001001000010010100100100001001000010010000100100001001000010010000100100001001000010010000100101001001010010010100100100001001010010010000 
4 0 0 3 0 0 0 0  10010000100101001001010010010000100100001001000010010000100100001001000010010000100100001001000010010000100100001001000010010000100100001001000010010000100100001001000010010000100100001001000010010000 
4 0 0 3 0 0 0 0  10010000100000001001000010010000100000001001000010010000100000001001000010000000100100001000000010010000100000001001000010000000100000001001000010010000100100001001000010000000100000001001000010000000 
4 0 0 3 0 0 0 0  10010000100101001001010010010100100101001001010010010100100100001001000010010100100100001001000010010000100100001001000010010000100100001001000010010000100100001001010010010000100100001001000010010000 
4 0 0 3 0 0 0 0  10010100100101001001010010010000100100001001000010010000100100001001000010010000100100001001000010010000100100001001000010010000100100001001000010010000100100001001000010010000100100001001000010010000 
4 0 0 3 0 0 0 0  10010100100100001001000010010000100100001001000010010000100100001001000010010000100100001001000010010000100100001001000010010000100100001001000010010000100100001001000010010000100100001001000010010000 
4 0 0 3 0 0 0 0  10010100100101001001010010010100100101001001010010010100100100001001010010010100100100001001000010010010110100001001010010010000100100001001010010010000100101001001010010010000100100001001010010010000 
3 4 2 3 2 2 1 2  11010101111101011101010111111101111111001111110011011101110111011111010111111100110111011111110111111100110111011111110011011101011111011101110111110101111111011101110011111100110111001101010011111100 
3 4 2 3 2 2 1 2  11010101010101011101010111111100010111000101110101010100110111011111010101111100110101011111110101011100111111011111110011011100011111011101110111110100110111000101010011111101010111000101010011011100 
4 0 0 3 0 0 0 0  10010100100101001001010010010100100101001001000010010000100100001001000010010000100100001001000010010000100100001001000010010000100100001001010010010000100100001001000010010000100100001001000010010000 
6 0 0 2 0 0 0 0  10000000100100001000000010010000100000001000000010010000100100001000000010000000100000001001000010000000100000001001000010010000100100001000000010010000100000001000000010000000100000001001000010000000 
7 0 0 2 0 0 0 0  10000000100000001001000010000000100000001000000010000000100000001000000010000000100100001000000010000000100000001000000010000000100000001000000010000000100000001000000010000000100000001000000010000000 
3 4 2 3 2 2 1 2  01010101010101011101010111011101010111000101110111111101010111011111010101111100110101001111110101011100111101010111110011011101011111011101111111110101110101001101110011111100010111001101010011110100 
3 4 2 3 2 2 1 2  01010101010101010101010011111101010111001111110101010101010111011111110101111100111101101101110101011100111111011111110001011101011111010101110111110101110101001101110011111101010111010101010011011100 
3 4 2 2 2 2 1 2  11111111111111111111111111111101111111101111111111111111110101111101010111111101110101111101111111111110111111011111111111111101111111111111111111111100111111111111110011111100111111101101010111111111 
7 0 0 2 0 0 0 0  10000000100100001000000010000000100000001000000010010000100000001000000010000000100000001000000010010000100000001001000010000000100000001000000010000000100100001001000010000000100000001001000010000000 
4 0 0 3 0 0 0 0  10010000100100001001010010010100100100001001010010010000100100001001000010010000100100001001000010010000100100001001000010010000100100001001000010010000100100001001000010010000100100001001000010010000 
4 0 0 3 0 0 0 0  10010000100101001001000010010100100101001001010010010100100100001001000010010100100100001001000010010000100100001001010010010000100100001001010010010000100101001001010010010000100100001001010010010000 
3 4 2 3 2 2 1 2  01010101110101011101010111111101010111001111110111011101110111011111010101111100110101101111110101011100110101011111010001011101011111010101110111110101110101001101110011111100110111010101010011111100 
4 0 0 3 0 0 0 0  10010000100100001001000010010000100100001001000010010100100100001001000010010000100100001001010010010000100100001001000010010000100100001001000010010000100100001001000010010000100100001001010010010000 
7 0 0 2 0 0 0 0  10000000100000001001000010000000100000001000000010010000100000001000000010000000100100001000000010010000100000001000000010000000100000001000000010000000100000001000000010000000100000001000000010000000 
3 4 2 2 2 2 1 2  11111101110111011101010101111101111111001111110111011101110111111101110111111100110111111111110111101100111111011111110011011101111111011100110111110101111111011101110011111100010111001101010011111100 
6 0 0 3 0 0 0 0  10010000100000001000000010000000100000001000000010010000100000001001000010000000100000001000000010010000100000001000000010000000100000001001000010000000100100001001000010000000100000001001000010000000 
4 0 0 3 0 0 0 0  10010100100100001001010010010100100101001001010010010100100100001001000010010100100100001001000010010000100100001001010010010000100100001001000010010000100100001001010010010000100101001001000010010000 
7 0 0 2 0 0 0 0  10000000100100001000000010000000100000001000000010000000100000001000000010000000100100001000000010000000100000001000000010000000100000001000000010000000100000001000000010000000100000001000000010000000 
4 0 0 3 0 0 0 0  10010000100000001001000010010000100000001000000010010000100000001001000010000000100100001000000010010000100000001000000010000000100000001001000010000000100000001000000010000000100000001001000010000000 
6 0 0 3 0 0 0 0  10010000100000001000000010000000100000001000000010010000100100001001000010010000100000001000000010010000100000001001000010010000100100001001000010000000100100001001000010000000100000001001000010010000 
4 0 0 3 0 0 0 0  10010000100100001001010010010100100101001001010010010000100100001001000010010100100100001001000010010000100100001001000010010000100100001001000010010000100100001001000010010000100100001001000010010000 
6 0 0 2 0 0 0 0  10000000100100001001000010000000100000001000000010010000100000001000000010000000100000001000000010000000100000001000000010000000100000001000000010000000100000001000000010000000100000001000000010000000 
3 4 2 3 2 2 1 2  11110101111101011101010111111100110111001101110111010100110111011111110111111101110101111101110111111100110111011111110011011101010111011101110111110101110101011101110011111100111111001101010011111100 
3 0 2 2 2 2 1 2  11111101111111111111111111111101111111001111110111111111110101111101110111111101111101101101111111111110111111011111110111111101111111011111110111111101111111111111110011111100111111101101010111111100 
4 0 0 3 0 0 0 0  10010000100100001001010010010100100101001001010010010100100100001001000010010100100100001001000010010000100100001001010010010000100100001001000010010000100101001001000010010000100100001001010010010000 
6 0 0 3 0 0 0 0  10010000100000001000000010000000100000001000000010000000100000001001000010000000100100001000000010010000100000001000000010000000100000001000000010000000100100001000000010000000100000001000000010000000 
6 0 0 2 0 0 0 0  10000000100100001001000010000000100000001001000010010000100000001001000010000000100100001000000010010000100000001001000010010000100100001000000010010000100100001001000010000000100000001001000010010000 
4 0 0 3 0 0 0 0  10010100100101001001010010010100100101001001010010010000100100001001000010010100100100001001000010010000100100001001000010010000100100001001010010010000100100001001010010010000100101001001000010010000 
7 0 0 2 0 0 0 0  10000000100100001000000010000000100000001000000010000000100000001001000010000000100000001000000010000000100000001000000010000000100000001000000010000000100100001000000010000000100000001001000010000000 
3 4 2 3 2 2 1 2  01010101010111011101010111011100110111001101110111010101110111011111010101111100110101101111110101011100111101011111110011011101011111011101110111110101110111011101110001111100010111001111010011111101 
7 0 0 2 0 0 0 0  10000000100000001001000010010000100100001001000010010000100100001001000010000000100100001001000010010000100000001001000010000000100000001001000010010000100100001001000010000000100000001001000010000000 
4 0 0 3 0 0 0 0  10010000100100001001000010010100100101001001000010010100100100001001000010010000100100001001000010010000100100001001000010010000100100001001000010010000100100001001000010010100100100001001000010010000 
6 0 0 2 0 0 0 0  10000000100100001001000010010000100100001001000010010000100100001001000010000000100100001001000010010000100000001001000010010000100100001001000010010000100100001001000010000000100000001001000010010000 
3 4 2 3 2 2 1 0  01010100010101000101010011110100010111000101110111111101010111011101010001111100110101011101110101011100111111011111110011101100010101011101111011110100110101001101110011111101010101010101010011011100 
7 0 0 2 0 0 0 0  10000000100000001000000010010000100000001000000010010000100000001001000010000000100100001001000010010000100000001001000010000000100000001001000010000000100000001000000010000000100000001001000010000000 
7 0 0 2 0 0 0 0  10000000100000001001000010000000100000001000000010010000100000001001000010000000100100001000000010000000100000001001000010000000100000001000000010000000100000001000000010000000100000001001000010000000 
4 0 0 3 0 0 0 0  10010000100101001001000010010100100101001001000010010000100100001001000010010100100100001001000010010000100100001001000010010000100100001001000010010000100100001001000010010000100101001001000010010000 
4 0 0 3 0 0 0 0  10010100100101001001000010010100100101001001010010010100100100001001000010010100100100001001000010010000100100001001010010010000100100001001000010010000100101001001010010010000100100001001000010010000 
6 0 0 2 0 0 0 0  10000000100100001001000010010000100100001001000010010000100100001001000010010000100100001001000010010000100100001001000010010000100100001001000010010000100100001001000010010000100100001001000010010000 
3 4 2 3 2 2 1 2  01010101010101000101010011110100010111000101110101010101010111011101110101111100111101001101110101011100111111011111110011001100010111011101111011110100110111001101010011111101011111000101010011011100 
4 0 0 3 0 0 0 0  10010000100101001001000010010000100100001001000010010000100100001001000010010000100100001001000010010000100100001001000010010000100100001001000010010000100100001001000010010000100100001001000010010000 
3 0 2 2 2 2 1 2  11111101111111011111111111111101111111001111110111111111110101111101110111111111111101101101111111111010111111011111110111111101111111011111110111111101111111111111110011111100111111101101010111111100 
4 0 0 3 0 0 0 0  10010100100100001001010010010000100100001001000010010000100100001001000010010000100100001001000010010000100100001001000010010000100100001001000010010000100100001001000010010000100100001001000010010000 
4 0 0 3 0 0 0 0  10010000100101001001000010010100100101001001010010010100100100001001000010010100100100001001000010010000100100001001000010010000100100001001000010010000100100001001010010010000100100001001000010010000 
6 0 0 2 0 0 0 0  10000000100100001000000010000000100000001001000010010000100000001001000010000000100100001000000010010000100000001001000010010000100100001000000010010000100100001001000010000000100000001001000010010000 
4 0 0 3 0 0 0 0  10010000100101001001000010010000100100001001010010010000100100001001000010010000100100001001000010010000100100001001000010010000100100001001000010010000100100001001000010010000100100001001010010010000 
3 4 2 3 2 2 1 0  01010100010101000101010011110100010111000100110111010101010110001111110101011100111100001101110101011100111111011101110011001100010111011101111011110100110111000101010011111100011111010101010011111100 
7 0 0 2 0 0 0 0  10000000100000001000000010010000100100001001000010010000100000001001000010000000100100001000000010010000100000001001000010000000100000001001000010010000100100001001000010000000100000001001000010000000 
4 0 0 3 0 0 0 0  10010000100100001000000010000000100000001000000010000000100000001000000010000000100100001000000010000000100000001001000010000000100000001000000010010000100000001000000010000000100000001001000010000000 
4 0 0 3 0 0 0 0  10010100100101001001000010010000100100001001000010010000100100001001000010010000100100001001000010010000100100001001000010010000100100001001000010010000100100001001000010010000100101001001000010010000 
4 0 0 3 0 0 0 0  10010000100100001001000010000000100000001000000010010000100100001001000010010000100100001001000010010000100000001001000010010000100000001000000010000000100100001001000010010000100100001001000010000000 
7 0 0 2 0 0 0 0  10000000100000001001000010000000100000001000000010010000100000001001000010000000100100001000000010000000100000001001000010000000100000001000000010000000100100001001000010000000100000001001000010000000 
4 0 0 3 0 0 0 0  10010000100100001001000010010000100100001001000010010000100100001001000010000000100100001001000010010000100000001001000010010000100100001001000010010000100100001001000010000000100100001001000010010000 
6 0 0 2 0 0 0 0  10000000100100001001000010010000100000001001000010010000100100001001000010000000100100001001000010010000100000001001000010010000100100001000000010010000100100001001000010000000100000001001000010010000 
6 0 0 2 0 0 0 0  10000000100100001001000010000000100000001000000010000000100000001001000010000000100100001000000010000000100000001001000010000000100000001001000010000000100000001000000010000000100000001001000010000000 
4 0 0 3 0 0 0 0  10010000100000001000000010010000100100001001000010010000100000001001000010010000100000001001000010010000100000001001000010010000100100001001000010010000100000001001000010010000100100001001000010010000 
7 0 0 2 0 0 0 0  10000000100000001000000010000000100000001000000010010000100000001001000010000000100000001001000010010000100000001001000010000000100000001000000010000000100000001001000010000000100000001001000010000000 
7 0 0 2 0 0 0 0  10000000100000001000000010010000100000001001000010010000100000001001000010000000100100001001000010010000100000001001000010000000100000001001000010000000100100001001000010000000100000001001000010000000 
7 0 0 2 0 0 0 0  10000000100000001000000010010000100000001000000010010000100000001001000010000000100100001001000010010000100000001001000010000000100000001001000010000000100100001001000010000000100000001001000010000000 
7 0 0 2 0 0 0 0  10000000100000001000000010000000100000001000000010000000100000001000000010000000100100001000000010010000100000001000000010000000100000001000000010000000100100001000000010000000100000001000000010000000 
7 0 0 2 0 0 0 0  10000000100000001001000010000000100000001000000010010000100000001001000010000000100100001000000010010000100000001001000010000000100000001001000010010000100000001001000010000000100000001001000010000000 
7 0 0 2 0 0 0 0  10000000100000001001000010010000100000001001000010010000100000001001000010000000100100001001000010010000100000001001000010000000100000001001000010010000100100001001000010000000100000001001000010000000 
6 0 0 2 0 0 0 0  10000000100100001001000010000000100000001000000010010000100000001001000010000000100100001000000010010000100000001001000010000000100000001000000010010000100100001001000010000000100000001001000010010000 
3 4 2 3 2 2 1 2  11110101111111011101010111111101111111001101110111011100110111011111010111111101011101111111110111111100110111011111110111011101011111011101110111110101111111011101110011111100011111001101010011111100 
4 0 0 3 0 0 0 0  10010000100100001001000010010100100101001001010010010100100100001001000010010000100100001001000010010000100100001001010010010000100100001001010010010000100101001001010010010000100100001001010010010000 
4 0 0 3 0 0 0 0  10010100100100001001000010010100100101001001010010010100100100001001000010010000100100001001000010010000100100001001000010010000100100001001000010010000100100001001000010010000100100001001000010010000 
4 0 0 3 0 0 0 0  10010100100101001001000010010000100101001001010010010000100100001001000010010000100100001001000010010000100100001001000010010000100100001001000010010000100100001001000010010000100100001001000010010000 
4 0 0 3 0 0 0 0  10010100100100001001000010010100100100001001010010010000100100001001000010010000100100001001000010010000100100001001000010010000100100001001000010010000100100001001000010010000100100001001000010010000 
4 0 0 3 0 0 0 0  10010000100100001001000010000000100000001000000010000000100000001000000010010000100000001000000010010000100100001001000010000000100000001000000010010000100100001000000010000000100000001000000010000000 
6 0 0 2 0 0 0 0  10000000100100001001000010000000100000001000000010010000100000001001000010000000100100001000000010010000100000001000000010000000100000001000000010000000100100001001000010000000100000001001000010000000 
7 0 0 2 0 0 0 0  10000000100000001000000010000000100000001000000010010000100000001000000010000000100000001000000010000000100000001001000010000000100000001000000010000000100100001000000010000000100000001001000010000000 
3 0 2 2 2 2 1 2  11111111111111011111111111111101111111001111110111111111110101111101110111111101111101101101111111111110111111011111110111111101111111011111110111111101111111111111110011111100111111101101010111111100 
6 0 0 3 0 0 0 0  10010000100000001000000010010000100000001000000010010000100100001001000010010000100000001001000010010000100000001001000010010000100100001000000010010000100100001001000010010000100000001001000010010000 
4 0 0 3 0 0 0 0  10010100100101001001000010010000100101001001010010010000100100001001000010010000100100001001000010010000100100001001000010010000100101001001010010010000100100001001010010010000100100001001010010010000 
7 0 0 2 0 0 0 0  10000000100000001001000010000000100000001000000010010000100000001001000010000000100100001000000010010000100100001001000010000000100000001001000010010000100100001001000010000000100000001001000010000000 
4 0 0 3 0 0 0 0  10010100100100001001000010010100100101001001010010010100100100001001000010010100100100001001000010010000100100001001010010010000100100001001010010010000100101001001010010010000100101001001000010010000 
6 0 0 2 0 0 0 0  10000000100100001000000010000000100100001001000010010000100000001001000010000000100100001000000010010000100000001001000010010000100100001000000010010000100100001001000010000000100000001001000010010000 
4 0 0 3 0 0 0 0  10010000100100001000000010010000100100001001000010010000100000001000000010000000100100001000000010010000100000001001000010000000100100001001000010010000100100001000000010000000100000001001000010000000 
7 0 0 2 0 0 0 0  10000000100000001000000010000000100000001000000010000000100000001001000010000000100000001000000010010000100000001001000010000000100000001000000010000000100100001001000010000000100000001001000010000000 
4 0 0 3 0 0 0 0  10010100100100001001000010010100100101001001010010010100100100001001000010010100100100001001000010010000100100001001000010010000100100001001000010010000100100001001010010010000100101001001000010010000 
4 0 0 3 0 0 0 0  10010000100100001001000010010100100101001001010010010000100100001001000010010000100100001001000010010000100100001001000010010000100100001001000010010000100100001001010010010000100101001001000010010100 
7 0 0 2 0 0 0 0  10000000100000001001000010010000100000001000000010010000100000001001000010000000100100001001000010010000100100001001000010000000100000001001000010010000100000001001000010000000100000001001000010000000 
4 0 0 3 0 0 0 0  10010100100100001001010010010000100101001001000010010000100100001001000010010100100100001001000010010000100100001001000010010000100100001001000010010000100100001001000010010000100100001001000010010000 
4 0 0 3 0 0 0 0  10010000100100001000000010000000100100001000000010010000100000001000000010000000100100001000000010010000100000001001000010000000100000001001000010010000100000001000000010000000100000001001000010000000 
4 0 0 3 0 0 0 0  10010100100100001001010010010100100101001001010010010100100100001001000010010000100100001001000010010000100100001001000010010000100100001001000010010000100100001001000010010000100100001001000010010000 
