7 0 0 0 0 0 0 0  10000000100000001000000010000000100000001000000010000000100000001000000010000000100000001000000010000000100000001000000010000000100000001000000010000000100000001000000010000000100000001000000010000000 
5 0 0 0 3 0 0 0  10001000100010001000100010000000100010001000100010001000100010001000000010000000100000001000000010001000100010001000100010001000100010001000100010000000100010001000100010000000100010001000100010000000 
1 0 0 2 0 0 2 2  11111111111111111111111111111111111111111111111111111111111111111111111111111111111111111111111111111111111111111111111111111111111111111111111111111111111111111111111111111111111111111111111111111111 
4 0 0 2 1 2 0 0  10010101100101011001010010010100100101001001010110010101100101001001010010010100100101001001010010010100100101001001010010010100100101001001010010010000100101011001010010010100100101001001000010011100 
2 2 2 2 0 2 2 2  11010101110101011101010111010111111101101001001011010101111111111101010010110110110111111001011011111100110101111011010010111100110101001101001111011110110101011101010011011101010101000111010011011100 
4 2 0 2 2 2 2 2  10011101100111011001010110010101100101001001010010010101110101011111011010011011110111001111001011010100101111001001010011011101100111001101011010010111100101001101010011011101110101001001111010011100 
4 0 0 4 0 2 0 0  10010100100101001001010010010100100101001001010010010101100101001001010010010000100101011001010010010100100101001001010110011100100101001001010010010100100101001001010010011100100101001001000010011100 
4 0 0 2 0 2 0 0  10010100100101001001010010010100100101001001010010010100100100001001010010010000100101001001010010010100100101001001010010010100100101001001000010010000100100001001010010010100100101001001010010010100 
2 2 2 2 1 2 2 2  11111101111111111111111111111111111111111111011111111111111111111111110110111110111111111111011011111111111111011111111111111111111111111111111111111111101111011111110111111100111101111111111111111111 
4 2 2 2 2 2 2 2  10011101100111011101010111010101100101011001010110010100110101011111011010011010110101001111011111011101111101011111010111011101100111111101011010010111100111111101010110111101110101001001111010011100 
4 0 0 2 0 2 0 0  10010100100101001001010010010000100100001001000010010101100100001001000010010000100101001001000010010100100101001001000010010100100100001001000010010000100100001001010010011100100100001001000010010100 
2 2 2 2 1 2 2 2  11110101111101011111010111010011111111111101111111010101111101111111111010011110110111001111010111111101111101011111110011110101100111011111111111011111110101011101010111111101111101000101110111111100 
5 0 0 0 3 0 0 0  10001000100000001000000010000000100000001000000010000000100000001000000010000000100000001000000010000000100000001000100010000000100000001000000010000000100000001000000010000000100000001000000010000000 
4 0 0 4 0 2 0 0  10010000100101001001000010010000100100001001010010010101100101001001000010010000100101001001010010010100100100001001000010010100100100001001000010010000100100001001000010010100100100001001010010010100 
5 0 0 0 3 0 0 0  10001000100010001000000010000000100000001000000010000000100000001000000010000000100000001000000010000000100000001000000010000000100000001000000010000000100000001000000010000000100000001000000010000000 
4 0 0 2 0 2 0 0  10010100100100001001010010010100100101001001010010010101100100001001010010010100100101001001010010010100100101001001010010010100100100001001000010010000100101001001010010010100100101001001000010010100 
4 0 0 2 0 2 0 0  10010100100101001001010010010100100101001001000010010101100101001001010010010000100101001001000010010100100101001001000010010100100100001001000010010000100100001001010010010100100101001001000010010100 
4 0 0 4 0 2 0 0  10010000100100001001000010010000100100001001000010010101100100001001000010010000100101001001010010010100100101001001000010010100100100001001000010010000100100001001000010010100100100001001000010010100 
5 0 0 4 1 0 0 0  10010000100100001001000010010000100100001001000010000000100000001001000010000000100000001001000010010000100100001001000010000000100100001000000010001000100000001000000010010000100010001000100010011000 
4 0 0 4 0 2 0 0  10010000100100001001000010010000100100001001000010010101100100001001000010010000100101000001000010010100100101001000000010010100100100001000000010010000100100001001000010010100100100001001000010010100 
4 0 0 4 0 2 0 0  10010100100100001001000010010000100100001001000010010101100100001001000010010000100101001001000010010100100101001001000010010100100100001001000010010000100100001001010010010100100100001001000010010100 
5 0 0 0 3 0 0 0  10001000100000001000100010000000100000001000000010001000100000001000000010000000100000001000000010000000100000001000100010000000100000001000000010000000100000001000000010000000100000001000100010000000 
2 2 2 2 1 2 2 2  11010101111101011111010111011011111111111001011111011101111101111111010010111110110111111111010111111101110111111111010110111101111101001111111111011110110111011101010111001101111111000111111111011100 
4 2 0 2 2 2 2 2  10010101100101011001010110010101100101001001010010010101110101011111011010011011100101001111011011010100101111001001010011011100100111001101011010010111100101001101010010011101110101001001111010001100 
2 2 2 2 1 2 2 2  11111111111111111111111111111011111111111101011111111111111111111111110111111111111111111011011011011110111011011111111111111111101111011111111111011111111111011111110111111101111101011111111111111111 
4 0 0 4 0 2 0 0  10010000100100001001010010010100100101001001010010010100100100001001010010010000100101001001010010010100100101001001010010010100100101001001000010010000100100001001010010010100100101001001010010010100 
5 0 0 0 2 0 0 0  10000000100010001000100010000000100000001000000010001000100000001000000010000000100000001000000010001000100000001000100010000000100000001000000010000000100010001000000010000000100010001000000010000000 
4 0 0 4 0 2 0 0  10010000100100001001010010010000100100001001000010010101100100001001000010010000100101001001000010010100100101001001000010010100100100001001000010010000100100001001000010010100100100001001000010010100 
4 0 0 4 0 2 0 0  10010000100101001001010010010100100101001001010010010101100100001001010010010000100101001001010010010100100101001001010010010100100100001001000010010000100100001001000010010100100101001001000010010100 
4 0 0 4 0 2 0 0  10010000100101001001010010010000100100001001000010010101100100001001000010010000100101001001000010010100100100001001000010010100100100001001000010010000100100001001000010010100100100001001000010010100 
7 0 0 0 2 0 0 0  10000000100010001000100010000000100000001000000010000000100000001000000010000000100000001000000010000000100000001000100010000000100000001000000010000000100010001000000010000000100000001000000010000000 
2 2 2 2 1 2 2 2  11111101111111011111110111011011111111111101111111111111111101111111111010111110110111111111010111111101110101111111110111111101101111001111011111011111111111011101010111111101111101011001110111011101 
4 0 0 2 0 2 0 0  10010101100101001001010010010100100101001001010010010101100101001001010010010100100101011001010010010100100101001001010010011100100101001001010010010000100101011001000010011100100101001001000010011100 
4 0 0 4 0 2 0 0  10010000100100001001010010010000100101001001000010010101100100001001010010010000100101001001000010010100100100001001000010010100100100001001000010010000100100001001000010010100100101001001000010010100 
5 0 0 0 3 0 0 0  10001000100010001000100010000000100000001000000010001000100000001000000010000000100000001000000010000000100000001000100010000000100010001000000010001000100010001000100010000000100010001000000010000000 
4 0 0 4 0 2 0 0  10010000100101001001010010010100100101001001010010010101100100001001010010010000100101011001010110010100100101001001010010010100100101001001000010010000100101001001010010011100100101001001000010010100 
4 2 0 2 2 2 2 2  10010101100111011001010110010101100101001001010010010101110101011111011010011011100111001111011011010100101111001001010011011100100111001101011010010111100101101101010011011101110101001001111010011100 
4 0 0 4 0 2 0 0  10010000100101001001000010010100100101001001010010010101100100001001000010010000100101001001010010010100100101001001000010010100100100001001000010010000100100001001000010010100100100001001000010010100 
7 0 0 0 2 0 0 0  10000000100000001000000010000000100000001000000010001000100000001000000010000000100000001000000010001000100000001000000010000000100000001000000010000000100010001000000010000000100010001000000010000000 
5 0 0 0 2 0 0 0  10000000100010001000100010000000100000001000000010001000100000001000000010000000100000001000000010001000100010001000100010000000100000001000100010000000100010001000100010000000100010001000100010000000 
4 0 0 4 0 2 0 0  10010000100100001001000010010000100101001001010010010101100100001001010010010000100101001001010010010100100100001001000010010100100100001001000010010000100100001001000010010100100101001001010010010100 
7 0 0 0 2 0 0 0  10000000100010001000100010000000100010001000100010001000100010001000000010001000100010001000000010001000100000001000100010000000100010001000100010000000100010001000100010000000100010001000100010000000 
2 2 2 2 1 2 2 2  11111101111111011111111111111011111111111101111111111111111101111111111011111110110111111111011111111111111011011111110111111101101111011111111111011111111101011111010111111101111101011111110111111101 
5 0 0 0 3 0 0 0  10001000100000001000100010000000100010001000000010001000100000001000000010000000100000001000000010001000100010001000100010000000100010001000000010000000100000001000000010000000100000001000100010000000 
4 0 0 4 0 2 0 0  10010100100100001001010010010000100100001001000010010101100100001001010010010000100101001001010010010100100101001001010010010100100100001001000010010000100100001001000010010100100100001001000010010100 
2 2 2 2 1 2 2 2  11111101111101011111010111011011111111111101111111010111111101111111111010111110110111101111010111111101110101011111110111111101100111011111111111011111111111011101010111111101111101011101110111111100 
4 0 0 2 0 2 0 0  10010100100101001001000010010100100100001001010010010100100100001001010010010000100101001001010010010100100101001001010010010100100101001001000010010000100100001001010010010100100101001001010010010100 
5 0 0 0 3 0 0 0  10001000100010001000000010000000100010001000000010001000100000001000000010000000100000001000000010000000100000001000100010000000100000001000000010000000100000001000000010000000100010001000100010000000 
5 0 0 0 3 0 0 0  10001000100000001000000010000000100000001000000010001000100000001000000010000000100000001000000010000000100000001000100010000000100000001000000010000000100000001000100010000000100010001000100010000000 
7 0 0 0 0 0 0 0  10000000100100001000000010000000100000001000000010000000100000001000000010000000100000001000000010000000100000001000000010000000100000001000000010000000100000001000000010000000100000001000000010000000 
7 0 0 0 2 0 0 0  10000000100000001000000010000000100010001000100010001000100010001000000010000000100010001000000010001000100000001000100010000000100010001000100010001000100010001000100010000000100010001000100010000000 
5 0 0 0 3 0 0 0  10001000100010001000100010000000100000001000000010000000100000001000000010000000100000001000000010000000100000001000100010000000100000001000000010000000100010001000000010000000100000001000000010000000 
4 0 0 4 0 2 0 0  10010000100101001001010010010000100100001001010010010101100100001001000010010000100101001001000010010100100100001001000010010100100101001001000010010000100100001001000010010100100101001001000010010100 
4 0 0 4 0 2 0 0  10010100100100001001000010010100100101001001010010010101100100001001010010010000100101001001010010010100100101001001010010010100100101001001000010010000100100001001000010010100100101001001000010010100 
7 0 0 0 2 0 0 0  10000000100000001000000010000000100010001000000010001000100000001000000010000000100010001000000010001000100000001000100010000000100000001000000010000000100010001000100010000000100010001000100010000000 
4 0 0 4 0 2 0 0  10010000100100001001000010010100100101001001010010010100100101001001000010010000100101001001010010010100100100001001000010010100100101001001000010010000100100001001010010010100100101001001010010010100 
7 0 0 0 2 0 0 0  10000000100010001000100010000000100010001000000010001000100010001000000010000000100010001000000010001000100000001000100010000000100010001000000010000000100010001000100010000000100010001000100010000000 
7 0 0 0 2 0 0 0  10000000100000001000100010000000100010001000000010001000100000001000000010000000100010001000000010000000100000001000100010001000100000001000100010000000100010001000100010000000100010001000100010000000 
4 0 0 4 0 2 0 0  10010000100100001001000010010000100100001001010010010101100100001001010010010000100101001001010010010100100100001001000010010100100100001001000010010000100100001001000010010100100100001001010010010100 
7 0 0 0 2 0 0 0  10000000100000001000100010000000100010001000100010001000100010001000000010001000100010001000000010001000100000001000100010000000100010001000100010000000100010001000100010000000100010001000100010000000 
7 0 0 0 2 0 0 0  10000000100010001000000010000000100000001000100010001000100000001000000010000000100010001000000010001000100010001000100010000000100000001000100010000000100010001000000010000000100010001000100010000000 
7 0 0 0 2 0 0 0  10000000100010001000000010000000100010001000000010000000100000001000000010000000100000001000000010001000100000001000100010000000100010001000000010000000100010001000000010000000100010001000100010000000 
7 0 0 0 2 0 0 0  10000000100000001000100010000000100010001000000010001000100000001000000010000000100010001000000010001000100000001000100010001000100010001000100010000000100010001000100010000000100010001000100010000000 
7 0 0 0 2 0 0 0  10000000100010001000000010000000100000001000000010001000100000001000000010000000100000001000000010001000100000001000100010000000100000001000000010000000100010001000000010000000100010001000000010000000 
4 0 0 4 0 2 0 0  10010100100100001001000010010100100101001001010010010100100100001001010010010000100101001001010010010100100101001001010010011100100101001001010010010000100101001001010010011101100101001001000010010100 
5 0 0 0 3 0 0 0  10001000100000001000000010000000100010001000100010001000100010001000000010000000100000001000100010001000100010001000100010000000100010001000100010000000100010001000100010000000100010001000100010000000 
7 0 0 0 2 0 0 0  10000000100000001000100010000000100000001000000010001000100000001000000010000000100010001000000010000000100000001000100010001000100000001000100010000000100010001000100010000000100010001000100010000000 
5 0 0 0 3 0 0 0  10001000100000001000000010000000100010001000000010001000100000001000000010000000100010001000000010000000100000001000100010001000100010001000100010000000100010001000100010000000100010001000100010000000 
4 0 0 4 0 2 0 0  10010000100101001001010010010100100100001001010010010101100100001001000010010000100101001001010010010100100101001001000010010100100101001001000010010000100100001001000010010100100100001001000010010100 
4 0 0 4 0 2 0 0  10010000100100001001010010010000100101001001010010010101100100001001010010010000100101001001010010010100100101001001000010010100100100001001000010010000100100001001000010010100100101001001000010010100 
4 0 0 4 0 2 0 0  10010000100101001001000010010100100101001001010010010101100101001001000010010000100101001001010010010100100100001001000010010100100101001001000010010000100100001001010010010100100101001001010010010100 
7 0 0 0 2 0 0 0  10000000100010001000000010000000100010001000100010001000100010001000000010000000100010001000000010001000100010001000100010000000100010001000100010000000100010001000100010000000100010001000100010000000 
5 0 0 0 1 0 0 0  10000000100010001000100010000000100010001000100010001000100010001000000010001000100010001000000010001000100010001000100010000000100010001000100010000000100010001000100010000000100010001000100010001000 
4 0 0 4 0 2 0 0  10010100100100001001000010010000100101001001010010010101100100001001000010010000100101001001010010010100100101001001010010010100100100001001000010010000100100001001000010010100100101001001010010010100 
7 0 0 0 2 0 0 0  10000000100000001000000010000000100000001000000010001000100000001000000010000000100010001000000010001000100000001000000010001000100000001000100010000000100010001000000010000000100010001000100010000000 
4 0 0 4 0 2 0 0  10010100100100001001000010010000100101001001000010010101100100001001000010010000100101001001000010010100100101001001010010010100100100001001000010010000100100001001000010010100100101001001000010010100 
7 0 0 0 2 0 0 0  10000000100000001000000010000000100010001000100010001000100000001000000010000000100010001000000010001000100010001000100010000000100010001000100010000000100010001000000010000000100010001000100010000000 
7 0 0 0 2 0 0 0  10000000100000001000000010000000100000001000000010001000100000001000000010000000100000001000000010000000100000001000000010001000100000001000000010000000100010001000100010000000100010001000100010000000 
5 0 0 0 3 0 0 0  10001000100000001000000010000000100010001000000010001000100000001000000010000000100000001000000010001000100000001000100010000000100000001000000010000000100000001000100010000000100010001000100010000000 
4 0 0 4 0 2 0 0  10010000100100001001000010010100100101001001010010010100100100001001010010010000100101001001010010010100100101001001010010010100100101001001010010010000100100001001010010011100100101001001000010010100 
7 0 0 0 2 0 0 0  10000000100000001000100010000000100010001000000010000000100000001000000010000000100000001000000010000000100000001000000010000000100000001000000010000000100010001000000010000000100010001000000010000000 
5 0 0 0 3 0 0 0  10001000100000001000100010000000100010001000000010001000100010001000000010000000100000001000000010001000100010001000100010000000100010001000100010000000100010001000100010000000100010001000100010000000 
7 0 0 0 2 0 0 0  10000000100000001000000010000000100010001000000010001000100000001000000010000000100010001000000010000000100000001000100010001000100010001000100010000000100010001000100010000000100010001000100010000000 
7 0 0 0 2 0 0 0  10000000100000001000100010000000100000001000000010001000100000001000000010000000100000001000000010000000100000001000000010000000100000001000000010000000100010001000100010000000100010001000100010000000 
4 0 0 4 0 2 0 0  10010000100101001001000010010100100101001001010010010101100100001001010010010000100101001001010010010100100101001001010010010100100101001001010010010000100100001001010010010100100101001001000010010100 
7 0 0 0 2 0 0 0  10000000100010001000000010000000100000001000000010000000100000001000000010000000100000001000000010001000100000001000100010000000100000001000000010000000100000001000000010000000100010001000000010000000 
7 0 0 0 2 0 0 0  10000000100000001000100010000000100000001000000010000000100000001000000010000000100000001000000010000000100000001000100010000000100000001000000010000000100000001000000010000000100000001000000010000000 
4 0 0 2 0 2 0 0  10010100100101001001000010010100100101001001010010010100100100001001010010010000100101001001010010010100100101001001010010011100100101001001010010010000100100001001010010011100100100001001010010010100 
7 0 0 0 2 0 0 0  10000000100010001000000010000000100010001000100010001000100010001000000010000000100010001000000010000000100010001000100010000000100010001000000010000000100010001000100010000000100010001000100010000000 
7 0 0 0 2 0 0 0  10000000100000001000100010000000100000001000000010000000100000001000000010000000100010001000000010001000100000001000100010001000100010001000100010000000100000001000100010000000100010001000000010000000 
4 0 0 2 0 2 0 0  10010100100100001001010010010000100101001001010010010101100100001001010010010000100101001001010010010100100101001001010010010100100100001001000010010000100100001001000010010100100101001001000010010100 
4 0 0 4 0 2 0 0  10010000100100001001010010010100100101001001010010010101100100001001010010010000100101001001010010010100100101001001010010010100100100001001000010010000100100001001000010010100100101001001000010010100 
5 0 0 0 3 0 0 0  10001000100010001000000010000000100010001000000010001000100000001000000010000000100010001000000010000000100000001000100010000000100010001000100010000000100010001000100010000000100010001000100010000000 
4 0 0 4 0 2 0 0  10010100100101001001000010010000100100001001010010010101100100001001000010010000100101001001000010010100100101001001000010010100100100001001000010010000100100001001010010010100100100001001000010010100 
2 2 2 2 0 2 2 2  11110101111111011111010111010011111111111101111111110111111101111111111010011110110111001011011111111101111101011111110011110101101111011111111111011111110101111101010111111100111101000101110111111100 
7 0 0 0 2 0 0 0  10000000100000001000100010000000100000001000000010000000100000001000000010000000100000001000000010000000100000001000100010000000100000001000000010000000100010001000000010000000100000001000000010000000 
4 0 0 4 0 2 0 0  10010100100101001001000010010000100100001001010010010101100101001001000010010000100101001001010010010100100100001001000010010100100101001001000010010000100100001001010010010100100100001001000010010100 
7 0 0 0 1 0 0 0  10000000100000001000100010000000100010001000100010001000100010001000000010000000100010001000000010001000100000001000100010001000100010001000100010001000100010001000100010000000100010001000100010000000 
4 0 0 2 0 2 0 0  10010100100100001001010010010000100101001001000010010101100100001001010010010000100101001001010010010100100101001001010010010100100100001001000010010000100100001001000010010100100101001001000010010100 
7 0 0 0 2 0 0 0  10000000100000001000000010000000100000001000000010000000100000001000000010000000100000001000000010000000100000001000000010000000100000001000000010000000100010001000000010000000100010001000000010000000 
