0 0 0 0 0 0 0 0  11111111111111111111111111111111111111111111111111111111111111111101111111111111111111111111111111111111111111111111111111111111111111111111111111111111111111111111111111111111111111111111111111111110 
8 0 0 2 0 0 0 0  10000000100000001000000010000000100000001000000010000000100000001000000010000000100000001000000010010000100000001000000010000000100000001000000010000000100000001000000010000000100000001000000010000000 
4 0 0 4 0 0 0 0  10010000100100001001000010010000100100001001000010010000100100001001000010010000100100001001000010010000100100001001000010010000100100001001000010010000100100001001000010010000100100001001000010010000 
4 0 0 3 0 0 0 0  10010000100100001001000010010000100000001000000010010000100000001000000010000000100000001000000010010000100100001001000010010000100000001001000010000000100100001001000010010000100000001000000010000000 
4 2 0 3 1 1 2 0  10011101100101011001010111011100100111011001110010011100100101011101010110010010100011101001101010011101100101111001011010011010100101001001010010010011100101111000110011010100100111001001111110011100 
4 2 0 3 1 1 2 0  10011101100111011001010111011100110111001001110010011110110101001101010110011110100011111001111011011101111101111001011010011010100101001001010110010011110101111000110111010110110111001001111110011110 
0 2 0 3 1 2 2 1  11110101111101011111110111111101111111111111111111111110111101110111010111011111110101111111111111111101111101011101111111011110111101011101111111111111101111011111110111010101110111101101011110111100 
4 0 0 4 0 2 0 0  10010101100101001001010010010101100111011001010010010100100101001001010010010000100101001001000010010100100101011000010110010100100101001001010110010100100111001001010010010100100101001001000110010100 
4 0 0 3 1 1 2 0  10010101100101011001010111010100100111011001110010011100100101011101010110010010100011101001101010010100100101111001011110011010100111001001110010010111100101101000110010010100100111001001101110011100 
4 0 0 4 0 2 0 0  10010101100101001001010110010101100101001001010010010100100101001001010010010000100100001001000010010100100101011001000010010100100100001001010010010000100101001001010010010000100101001001000010010100 
5 0 0 2 0 0 0 0  10000000100100001001000010010000100100001001000010010000100100001001000010000000100000001001000010010000100100001001000010010000100100001001000010010000100100001001000010000000100000001001000010010000 
4 0 0 4 1 1 2 0  10010101100101011001010110010100100111011001110010010100100101011001010010010000100100001001101010010100100101011001011110010010100111001001110010010100100101001000110010010100100101001001101110011100 
0 2 0 3 1 2 2 1  11010101110101011101010111011110111111011101110011110100010101101111010111010101100100111011101010011101100101011101111111010100110101111001111011011110101101011101110111010110100101001101110110011100 
0 2 0 3 1 2 2 1  11110101110101011101010111011110111111011101110011110100010101001111010111010101100100111011101010111101110101011101111111010110111101111111111111001110101111011101110111010110100111001101110110111100 
0 2 0 0 1 2 2 1  11111101111111011111110111111111111111111111110111111110111111111111011111111111111101111111111111111111011111111111111011011011111111011111111111110101111111111111110111111111111111101101111111111100 
8 0 0 2 0 0 0 0  10000000100000001001000010000000100000001000000010000000100000001000000010000000100000001000000010010000100000001000000010000000100000001000000010000000100000001000000010000000100000001000000010000000 
5 0 0 3 0 0 0 0  10010000100100001000000010000000100000001000000010000000100000001000000010000000100100001000000010010000100000001001000010000000100000001001000010000000100000001000000010000000100000001001000010000000 
4 0 0 3 0 2 0 0  10010100100101001001010010010100100101001001010010010100100100001001010010010100100101001001000010010100100100001001000010010100100101001001010010010000100101001001010010010000100101001001000010010100 
5 0 0 3 0 0 0 0  10010000100000001001000010000000100000001000000010010000100000001000000010000000100000001000000010010000100000001000000010000000100000001001000010010000100000001000000010000000100000001001000010000000 
5 0 0 3 0 0 0 0  10010000100000001000000010000000100000001000000010000000100000001000000010000000100100001000000010010000100100001001000010000000100000001000000010000000100000001000000010000000100000001000000010000000 
4 0 0 3 0 2 0 0  10010100100100001001000010010100100100001001010010010100100100001001000010010000100100001001000010010000100100001001000010010000100100001001000010010000100100001001000010010000100101001001000010010000 
5 0 0 2 0 0 0 0  10000000100100001001000010000000100000001000000010000000100000001000000010000000100000001000000010010000100000001000000010000000100000001000000010000000100000001000000010000000100000001001000010000000 
8 0 0 2 0 0 0 0  10000000100000001001000010000000100000001000000010010000100000001000000010000000100000001000000010010000100000001000000010000000100000001000000010000000100000001000000010000000100000001001000010000000 
4 0 0 3 0 0 0 0  10010000100100001000000010010000100100001001000010010000100000001001000010000000100100001000000010010000100000001001000010010000100000001000000010000000100000001000000010000000100000001001000010000000 
4 0 0 3 0 2 0 0  10010000100100001001010010010100100101001001010010010100100100001001010010010100100101001001000010010100100100001001000010010000100101001001000010010000100100001001010010010000100101001001000010010100 
0 2 0 2 1 2 2 1  11111101111111111111110111111111111111111111111111111110111111111111011111111111111101111111111111111111011111111111111111011011111111011111111111111101111111111111110111111111111111101101111111111100 
4 0 0 3 0 2 0 0  10010000100101001001000010010000100101001001000010010100100100001001000010010000100100001001000010010100100100001001000010010000100100001001000010010000100100001001000010010000100100001001000010010000 
8 0 0 2 0 0 0 0  10000000100000001000000010010000100100001001000010010000100000001001000010000000100100001001000010010000100000001001000010010000100000001000000010010000100000001001000010000000100000001001000010000000 
4 0 0 3 0 2 0 0  10010100100100001001000010010000100100001001000010010100100100001001000010010000100100001001000010010000100100001001000010010000100100001001000010010000100100001001000010010000100100001001000010010000 
4 0 0 3 0 2 0 0  10010100100100001001000010010100100101001001010010010100100100001001000010010000100100001001000010010100100100001001000010010000100100001001000010010000100100001001000010010000100101001001000010010100 
0 2 0 2 1 2 2 1  11111101111101011111110111111101111111111111111111111110111111111111010111011111110101111111111111111101111101110111111111011111111101011101111111111101111111011111110111111101111111101101011111111100 
5 0 0 3 0 0 0 0  10010000100000001001000010010000100100001001000010010000100000001001000010000000100100001000000010010000100000001001000010010000100000001001000010010000100000001001000010000000100000001001000010000000 
4 0 0 4 1 1 0 0  10010101100101011001010110010100100101001001110010010101100100001001010010010000100101001001000010010100100100011001011110010100100111001001010010010100100101001001110010010100100101001001101110010100 
5 0 0 2 0 0 0 0  10000000100100001001000010000000100000001001000010010000100100001001000010000000100100001001000010010000100000001001000010010000100100001001000010010000100100001001000010000000100000001001000010010000 
4 0 0 3 0 2 0 0  10010000100100001001010010010100100101001001010010010100100100001001010010010000100101001001010010010100100100001001000010010000100100001001000010010000100100001001000010010000100100001001000010010100 
4 0 0 3 0 2 0 0  10010100100100001001010010010000100101001001010010010100100100001001000010010000100100001001000010010000100100001001000010010000100100001001000010010000100100001001000010010000100100001001000010010000 
4 0 0 3 0 2 0 0  10010000100100001001010010010000100101001001000010010100100100001001000010010000100100001001000010010000100100001001000010010000100100001001000010010000100100001001000010010000100100001001000010010100 
4 0 0 3 0 2 0 0  10010100100100001001010010010000100100001001000010010000100100001001000010010000100100001001000010010000100100001001000010010000100100001001000010010000100100001001000010010000100101001001000010010000 
4 0 0 3 0 2 0 0  10010000100101001001000010010100100101001001010010010100100100001001010010010100100100001001000010010100100100001001000010010000100101001001000010010000100100001001010010010000100101001001000010010100 
4 0 0 3 0 2 0 0  10010000100100001001010010010000100100001001000010010000100100001001010010010000100100001001000010010000100100001001000010010000100100001001000010010000100100001001000010010000100100001001000010010000 
5 0 0 2 0 0 0 0  10000000100100001000000010010000100000001000000010010000100100001000000010000000100000001000000010010000100000001001000010010000100100001000000010010000100000001001000010000000100000001000000010000000 
4 0 0 3 0 2 0 0  10010000100100001001010010010000100101001001010010010100100100001001000010010000100101001001010010010000100100001001000010010000100100001001000010010000100100001001000010010000100100001001000010010100 
4 0 0 3 0 2 0 0  10010100100101001001010110010100100101001001010010010100100100001001010010010100100101001001000010010100100100001001010010010100100101001001010010010000100101001001010010010000100101001001000010010100 
4 0 0 3 0 2 0 0  10010000100101001001010010010100100101001001010010010100100100001001010010010100100101001001000010010100100100001001000010010100100101001001000010010000100100001001010010010000100101001001000010010100 
4 0 0 3 0 2 0 0  10010000100101001001000010010100100101001001010010010000100100001001010010010000100100001001000010010100100100001001000010010000100100001001000010010000100100001001000010010000100100001001000010010000 
8 0 0 2 0 0 0 0  10000000100000001001000010000000100000001000000010010000100000001001000010000000100000001000000010010000100000001001000010000000100000001000000010000000100000001000000010000000100000001001000010000000 
4 0 0 3 0 2 0 0  10010000100101001001000010010100100101001001010010010100100100001001000010010100100100001001000010010100100100001001000010010000100100001001000010010000100100001001010010010000100100001001000010010100 
5 0 0 3 0 0 0 0  10010000100000001000000010010000100100001001000010010000100100001001000010000000100100001001000010010000100000001001000010010000100100001001000010010000100000001001000010000000100000001001000010000000 
5 0 0 2 0 0 0 0  10000000100100001000000010000000100000001000000010000000100000001000000010000000100100001000000010010000100000001001000010000000100000001000000010000000100000001000000010000000100000001001000010000000 
4 0 0 3 0 2 0 0  10010000100100001001000010010100100101001001010010010000100100001001000010010000100100001001000010010000100100001001000010010000100100001001000010010000100100001001000010010000100100001001000010010000 
4 0 0 3 0 0 0 0  10010000100100001001000010010000100100001001000010010000100100001001000010010000100100001000000010010000100100001001000010010000100000001000000010010000100100001001000010010000100100001001000010010000 
0 2 0 2 1 2 2 0  11111111111111111111110111111111111111111111101111111110111101111111011111111111111101111111110111111111011101111111111111011011111111011111111111111101111111111111110111111111111111111101011111111100 
4 0 0 3 0 2 0 0  10010100100101001001010010010100100101001001010010010100100100001001010010010100100101001001000010010100100100001001000010010000100101001001000010010000100100001001000010010000100100001001000010010100 
8 0 0 2 0 0 0 0  10000000100100001000000010000000100000001000000010000000100000001000000010000000100000001000000010010000100000001000000010000000100000001000000010000000100000001000000010000000100000001000000010000000 
4 0 0 3 0 2 0 0  10010100100100001001000010010100100101001001010010010100100100001001000010010100100101001001000010010100100100001001000010010000100101001001000010010000100100001001010010010000100101001001000010010100 
4 0 0 3 0 2 0 0  10010100100101001001010010010100100101001001000010010000100100001001000010010000100100001001000010010100100100001001000010010000100100001001000010010000100100001001000010010000100100001001000010010000 
4 0 0 3 0 2 0 0  10010100100101001001010010010100100101001001010010010000100100001001000010010000100101001001000010010100100100001001000010010000100100001001000010010000100100001001000010010000100101001001000010010100 
4 0 0 3 0 2 0 0  10010100100100001001010010010100100101001001010010010100100100001001010010010100100101001001000010010100100100001001010010010000100101001001010010010000100100001001010010010000100101001001000010010100 
8 0 0 2 0 0 0 0  10000000100000001000000010010000100000001000000010010000100100001001000010000000100100001000000010010000100100001001000010010000100000001001000010010000100000001001000010000000100000001001000010000000 
4 0 0 3 0 2 0 0  10010100100101001001000010010000100101001001010010010000100100001001000010010000100100001001000010010000100100001001000010010000100100001001000010010000100100001001000010010000100101001001000010010100 
5 0 0 3 0 0 0 0  10010000100000001000000010010000100100001001000010010000100000001001000010000000100100001000000010010000100000001001000010010000100000001000000010000000100000001001000010000000100000001001000010000000 
4 0 0 3 0 2 0 0  10010100100101001001000010010100100101001001010010010100100100001001010010010100100100001001000010010100100100001001000010010000100100001001000010010000100100001001010010010000100101001001000010010100 
5 0 0 2 0 0 0 0  10000000100100001000000010000000100000001000000010010000100000001001000010000000100100001000000010010000100000001000000010000000100000001000000010000000100000001001000010000000100000001001000010000000 
4 0 0 3 0 2 0 0  10010100100100001001010010010100100101001001010010010100100100001001000010010000100101001001000010010100100100001001000010010000100100001001000010010000100100001001000010010000100101001001000010010000 
5 0 0 3 0 0 0 0  10010000100000001001000010000000100000001001000010010000100000001000000010000000100100001001000010010000100000001001000010000000100000001001000010010000100000001001000010000000100000001001000010000000 
8 0 0 2 0 0 0 0  10000000100000001001000010010000100000001000000010010000100000001000000010000000100100001000000010010000100000001001000010000000100000001000000010000000100000001001000010000000100000001001000010000000 
4 0 0 3 0 2 0 0  10010000100101001001010010010100100101001001010010010100100100001001000010010000100101001001000010010000100100001001000010010000100100001001000010010000100100001001000010010000100101001001000010010100 
4 0 0 3 0 2 0 0  10010000100101001001010010010000100100001001000010010100100100001001000010010000100100001001000010010000100100001001000010010000100100001001000010010000100100001001000010010000100100001001000010010000 
4 0 0 3 0 2 0 0  10010100100100001001010010010100100101001001010010010100100100001001000010010100100101001001000010010100100100001001000010010000100101001001000010010000100100001001000010010000100101001001000010010100 
5 0 0 2 0 0 0 0  10000000100000001001000010000000100000001000000010010000100100001001000010000000100100001000000010010000100100001001000010000000100000001001000010000000100000001001000010000000100000001001000010000000 
4 0 0 3 0 2 0 0  10010100100101001001010010010000100100001001000010010000100100001001000010010000100100001001000010010000100100001001000010010000100100001001000010010000100100001001000010010000100101001001000010010000 
5 0 0 2 0 0 0 0  10000000100000001001000010000000100000001000000010010000100100001001000010000000100100001000000010010000100100001001000010010000100000001001000010010000100000001001000010000000100000001001000010000000 
4 0 0 3 0 2 0 0  10010000100101001001010010010100100101001001010010010100100100001001010010010000100101001001000010010100100100001001000010010100100101001001000010010000100100001001000010010000100100001001000010010100 
5 0 0 3 0 0 0 0  10010000100000001000000010010000100100001000000010010000100000001000000010000000100100001000000010010000100000001001000010000000100000001000000010000000100000001001000010000000100000001001000010000000 
5 0 0 2 0 0 0 0  10000000100100001001000010010000100000001001000010010000100000001001000010010000100000001000000010010000100000001001000010010000100000001000000010010000100000001001000010000000100000001001000010000000 
4 0 0 3 0 2 0 0  10010000100100001001000010010100100101001001010010010100100100001001010010010000100100001001000010010100100100001001000010010000100100001001000010010000100100001001000010010000100100001001000010010000 
5 0 0 3 0 0 0 0  10010000100000001000000010000000100000001000000010010000100000001001000010000000100100001000000010010000100000001000000010000000100000001000000010000000100000001001000010000000100000001001000010000000 
4 0 0 3 0 2 0 0  10010000100101001001010010010100100101001001010010010000100100001001000010010000100100001001000010010100100100001001000010010000100100001001000010010000100100001001000010010000100100001001000010010000 
5 0 0 2 0 0 0 0  10000000100000001001000010000000100000001001000010010000100000001001000010000000100100001001000010010000100100001001000010010000100000001001000010010000100000001001000010000000100000001001000010000000 
0 2 0 0 1 2 2 1  11111111111111011111110111111111111111111111110111111110111111111111011111111101111101111111111111111111011111111111110011011011111111011111111111110101111111111111110111111111111111101111110111111100 
0 2 0 3 1 2 2 1  11010101110101011101110111011110111111011101110011110100110101101111010111011111110100111011101011011101110101011111111111011100110101111001111011111111111101011101110111011100100101101101110111011100 
5 0 0 2 0 0 0 0  10000000100100001000000010000000100000001001000010010000100100001001000010010000100100001000000010010000100000001001000010010000100000001000000010010000100100001001000010000000100000001001000010010000 
8 0 0 2 0 0 0 0  10000000100000001000000010000000100000001000000010010000100000001000000010000000100000001000000010010000100000001001000010000000100000001000000010000000100000001000000010000000100000001001000010000000 
5 0 0 2 0 0 0 0  10000000100100001001000010010000100000001000000010010000100000001001000010000000100100001000000010010000100000001001000010010000100000001000000010000000100000001001000010000000100000001001000010000000 
8 0 0 2 0 0 0 0  10000000100000001000000010010000100000001000000010000000100000001000000010000000100000001000000010010000100000001001000010010000100000001001000010000000100000001000000010000000100000001001000010000000 
5 0 0 2 0 0 0 0  10000000100100001001000010000000100000001000000010010000100000001000000010000000100000001000000010010000100000001001000010000000100000001000000010000000100000001000000010000000100000001001000010000000 
5 0 0 2 0 0 0 0  10000000100100001001000010010000100000001000000010010000100000001001000010000000100000001000000010010000100000001001000010000000100000001000000010000000100000001000000010000000100000001001000010000000 
8 0 0 2 0 0 0 0  10000000100000001000000010000000100000001001000010010000100100001001000010010000100000001000000010010000100000001001000010010000100000001000000010000000100000001000000010000000100000001001000010000000 
5 0 0 2 0 0 0 0  10000000100000001001000010010000100000001001000010010000100100001001000010000000100100001001000010010000100100001001000010010000100000001001000010010000100000001001000010000000100000001001000010000000 
8 0 0 2 0 0 0 0  10000000100000001000000010010000100000001001000010010000100000001001000010000000100100001000000010010000100000001001000010010000100000001000000010000000100000001001000010000000100000001001000010000000 
8 0 0 2 0 0 0 0  10000000100000001000000010000000100000001000000010000000100000001000000010000000100100001000000010010000100000001000000010000000100000001000000010000000100000001000000010000000100000001001000010000000 
4 0 0 3 0 2 0 0  10010000100100001001000010010000100101001001000010010000100100001001000010010000100100001001000010010000100100001001000010010000100100001001000010010000100100001001000010010000100100001001000010010000 
8 0 0 2 0 0 0 0  10000000100000001000000010010000100000001000000010000000100000001000000010000000100100001001000010010000100000001001000010010000100000001001000010000000100000001000000010000000100000001001000010000000 
4 0 0 3 0 2 0 0  10010000100101001001010010010100100101001001000010010000100100001001000010010000100100001001000010010000100100001001000010010000100100001001000010010000100100001001000010010000100100001001000010010000 
4 0 0 3 0 2 0 0  10010100100101001001000010010100100101001001010010010100100100001001000010010000100101001001000010010100100100001001000010010000100100001001000010010000100100001001000010010000100101001001000010010000 
5 0 0 2 0 0 0 0  10000000100000001001000010010000100100001001000010010000100100001001000010000000100100001001000010010000100100001001000010010000100000001001000010010000100000001001000010000000100000001001000010000000 
5 0 0 2 0 0 0 0  10000000100100001000000010000000100000001001000010010000100100001001000010010000100100001000000010010000100000001001000010010000100000001000000010010000100000001001000010000000100000001001000010000000 
0 2 0 3 1 2 2 1  11110101111111011111110111111111111111111111110111111110111101111111010111111111110101111111111111111111011101111111111011011111111101011111111111110101101111111111110111111111110111101101111111111110 
4 0 0 3 0 2 0 0  10010000100100001001000010010100100101001001010010010100100100001001000010010100100101001001000010010100100100001001000010010000100100001001000010010000100100001001000010010000100101001001000010010100 
4 0 0 3 0 2 0 0  10010000100100001001000010010100100101001001010010010100100100001001010010010100100100001001000010010100100100001001000010010100100101001001000010010000100100001001000010010000100101001001000010010100 
