5 0 0 1 0 0 0 0  10000000100000001000000010000000100000001000000010000000100000001000000010000000100000001000000010010000100000001000000010000000100000001000000010000000100000001000000010000000100000001000000010000000 
0 0 0 0 0 0 3 0  11111111111111111111111111111111111111111111111111111111111111111111111111111111111111111111111111111111111111111111111111111111111111111111111111111111111111111111111111111111111111111111111111111111 
5 0 0 3 0 0 0 0  10010000100100001001000010010000100100001001000010010000100100001001000010010000100100001001000010010000100100001001000010010000100100001001000010010000100100001001000010010000100100001001000010010000 
5 0 0 2 0 0 0 0  10010100100101001001010010010100100101001001010010010100100100001001000010010000100100001001000010010100100101001001000010010000100101001001000010010000100101001001010010010100100100001001000010010100 
5 0 0 2 0 0 0 0  10010101100101001001010110010100100101001001010010010100100100001001000010010000100101001001000010010000100100001001000010010000100101001001000010010000100101001001000010010100100100001001000010010100 
2 3 2 2 2 1 2 2  01010101010101010101010101011100110101000101010101010100111101011101010001011101011101000101011011110100110101011101010101110101010111011111010111110100111101010101010111011101011011011101110111010100 
5 0 0 3 0 0 0 0  10010000100100001000000010000000100000001000000010000000100000001000000010000000100000001000000010010000100000001000000010000000100000001000000010010000100000001000000010000000100000001000000010000000 
2 3 2 2 2 1 2 2  11111111111111111111111111111111111111011011111111111111111101111111111111111111110111000011111111111111111111111111011111111111111111111111110111011111111111011111010111011110111111111111111111111111 
5 0 0 3 0 0 0 0  10010000100100001001010010010000100100001001000010010000100100001001000010010000100100001001000010010000100100001001000010010000100100001001000010010000100100001001000010010000100100001001000010010000 
7 0 0 2 0 0 0 0  10000000100000001000000010010000100000001000000010010000100100001001000010010000100000001000000010010000100000001001000010010000100100001001000010000000100000001001000010010000100100001001000010010000 
5 0 0 3 0 0 0 0  10010101100101001001010110010100100101001001010010010100100100001001000010010000100100001001000010010000100100001001000010010000100101001011001010010000100101001001010010010100100100001001001010010100 
5 0 0 3 0 0 0 0  10010000100100001001000010010000100101001001010010010100100100001001000010010000100101001001000010010100100100001001000010010000100100001001000010010000100100001001010010010100100100001001000010010100 
5 0 0 3 0 0 0 0  10010000100000001001000010010000100000001001000010010000100000001001000010000000100000001001000010010000100000001001000010000000100100001001000010010000100000001001000010000000100000001000000010000000 
5 0 0 3 0 0 0 0  10010000100000001001000010000000100000001000000010000000100000001001000010000000100000001000000010000000100000001000000010000000100000001000000010000000100000001000000010000000100000001000000010000000 
2 3 2 2 2 1 2 2  11111101111111011111111111111111111111011111111111111111111101111111111111111110111111000011111111111111111111111101011111111101111111111111110111011111111111011111010111011111111111111111111111111111 
2 3 2 2 2 1 2 2  11111111111111011111110111011111111111011111110011111111111101111111110111111101111101001111011011111101110111111111011111111101111111111111110111111101111111011111010111011111111111011111110111110111 
7 0 0 2 0 0 0 0  10000000100000001000000010010000100000001000000010010000100100001001000010000000100000001000000010010000100000001001000010010000100100001001000010000000100000001001000010000000100100001001000010000000 
5 0 0 3 0 0 0 0  10010000100101001001010010010100100101001001010010010100100100001001010010010000100100001001000010010100100101001001000010010000100101001001000010010000100101001001010010010100100100001001000010010100 
2 3 2 2 2 1 2 2  11111101111111011111110111011111111101011101110011110101111101011111110011111101111101001111011011011101110111111111011111111101110111011111110111111101111111011111010111111111111111011111110111110100 
5 0 0 3 0 0 0 0  10010100100100001001000010010000100100001001010010010000100100001001000010010000100100001001000010010100100100001001000010010000100100001001000010010000100100001001000010010000100100001001000010010000 
5 0 0 3 0 0 0 0  10010000100000001000000010000000100000001000000010000000100000001000000010000000100000001000000010010000100000001000000010000000100000001000000010000000100000001000000010000000100000001001000010000000 
5 0 0 3 0 0 0 0  10010000100000001001000010000000100000001000000010010000100000001000000010000000100000001000000010010000100000001000000010000000100100001001000010010000100000001001000010000000100000001000000010000000 
7 0 0 2 0 0 0 0  10000000100000001001000010000000100000001001000010010000100100001001000010000000100000001000000010010000100000001001000010010000100000001001000010000000100000001001000010000000100100001001000010000000 
5 0 0 3 0 0 0 0  10010000100101001001000010010100100101001001010010010100100100001001000010010000100101001001000010010100100100001001000010010000100101001001000010010000100101001001000010010100100100001001000010010100 
7 0 0 2 0 0 0 0  10000000100000001000000010010000100000001000000010010000100000001001000010000000100000001000000010010000100000001001000010010000100000001001000010000000100000001001000010000000100000001001000010000000 
5 0 0 3 0 0 0 0  10010000100100001000000010000000100000001000000010010000100100001000000010010000100000001000000010010000100000001001000010010000100100001001000010010000100000001001000010000000100000001000000010000000 
5 0 0 3 0 0 0 0  10010000100101001001010010010000100100001001000010010000100100001001000010010000100100001001000010010000100100001001000010010100100100001001000010010000100100001001000010010000100100001001000010010000 
5 0 0 3 0 0 0 0  10010000100100001001000010010000100100001001000010010000100100001001010010010000100100001001000010010100100100001001000010010000100100001001000010010000100100001001000010010000100100001001000010010100 
6 0 0 2 0 0 0 0  10000000100000001001000010000000100000001001000010010000100000001001000010000000100000001000000010010000100000001001000010010000100000001000000010000000100000001001000010000000100000001001000010000000 
2 3 2 2 2 1 2 2  11010101111101011111010111010100110111001101010101010100111101011111110011011100111101001111011011111100110101011101010011111101110101011111110111010100111101011101010111011100111111011101010111010101 
5 0 0 3 0 0 0 0  10010000100101001001010010010100100101001001010010010000100100001001000010010000100100001001000010010000100100001001000010010100100100001001000010010000100100001001000010010100100100001001000010010000 
7 0 0 2 0 0 0 0  10000000100000001001000010010000100000001000000010010000100000001001000010010000100000001001000010010000100000001001000010010000100100001001000010000000100000001001000010000000100100001001000010010000 
5 0 0 2 0 0 0 0  10010100100101001001010010010000100101001001010010010000100100001001000010010000100100001001000010010100100101001001000010010000100101001001000010010000100100001001000010010000100100001001010010010100 
5 0 0 3 0 0 0 0  10010000100101001001010010010100100101001001010010010000100100001001010010010000100100001001000010010100100100001001000010010000100100001001010010010000100100001001010010010100100100001001000010010100 
7 0 0 2 0 0 0 0  10000000100000001000000010000000100000001000000010000000100000001001000010000000100000001000000010010000100000001000000010000000100000001000000010000000100000001001000010000000100000001001000010000000 
5 0 0 3 0 0 0 0  10010000100100001001000010010000100101001001000010010100100100001001000010010000100100001001000010010100100101001001000010010000100100001001000010010000100100001001000010010100100100001001000010010000 
2 3 2 2 2 1 2 0  01010100010101000101010001010100010111000101110001010101010101001101111001011101111101001111011101010101011101001111010101111101011111011101110001011100111101011001011011101101111111011111011011110101 
5 0 0 2 0 0 0 0  10000000100100001001000010000000100000001000000010010000100000001000000010000000100100001000000010000000100000001000000010000000100000001000000010000000100000001000000010000000100000001000000010000000 
5 0 0 3 0 0 0 0  10010000100101001001010010010000100101001001000010010000100100001001000010010000100100001001000010010101100100001001000010010000100100001001000010010000100100001001000010010000100100001001000010010100 
5 0 0 3 0 0 0 0  10010100100101001001010010010100100101001001000010010000100100001001000010010000100100001001000010010100100100001001000010010000100100001001000010010000100100001001000010010000100100001001000010010000 
2 3 2 2 2 1 2 2  11010101110101011101010111010100010111011111010101010100111101011111110011011100111101001111011011110100110101011101010011111101110101011111110111010100111101011101010111011100011111011101010011010101 
6 0 0 2 0 0 0 0  10000000100100001001000010010000100000001001000010010000100100001001000010010000100000001001000010010000100000001001000010010000100100001001000010010000100100001001000010010000100100001001000010010000 
6 0 0 2 0 0 0 0  10000000100100001000000010000000100000001000000010000000100000001000000010000000100000001000000010010000100000001000000010000000100000001000000010000000100000001000000010000000100000001000000010000000 
5 0 0 3 0 0 0 0  10010100100100001001010010010000100100001001000010010000100100001001000010010000100100001001000010010000100100001001000010010000100100001001000010010000100100001001000010010000100100001001000010010000 
6 0 0 2 0 0 0 0  10000000100000001001000010010000100000001001000010010000100100001001000010000000100000001001000010010000100000001001000010010000100000001001000010010000100100001001000010000000100100001001000010010000 
2 3 2 2 2 1 2 2  01010101010101000101010001010100110101010101010101010100010101000101010001011101111101001111000011110100010101011101110101111101010111011111110001010111111101011001010011111101011111011111110011001101 
6 0 0 2 0 0 0 0  10000000100000001001000010000000100000001000000010000000100000001000000010000000100000001000000010000000100000001000000010000000100000001000000010010000100000001000000010000000100000001000000010000000 
5 0 0 2 0 0 0 0  10010100100101001001010010010000100100001001000010010000100100001001000010010000100100001001000010010000100100001001000010010000100100001001000010010000100100001001000010010000100100001001000010010000 
5 0 0 3 0 0 0 0  10010000100100001001000010010000100100001001000010010000100100001001000010010000100000001001000010010000100100001001000010010000100100001001000010010000100100001001000010000000100000001001000010010000 
5 0 0 3 0 0 0 0  10010000100100001001000010000000100000001000000010000000100000001000000010000000100000001000000010000000100000001000000010000000100000001000000010010000100000001000000010000000100000001000000010000000 
5 0 0 3 0 0 0 0  10010000100101001001000010010100100101001001010010010000100100001001000010010000100101001001000010010000100100001001000010010000100101001001000010010000100101001001000010010100100100001001000010010000 
6 0 0 2 0 0 0 0  10000000100100001001000010000000100000001001000010010000100000001001000010000000100100001000000010000000100000001000000010000000100000001000000010010000100000001001000010000000100000001001000010000000 
2 3 2 2 2 1 2 2  01010101111101011111010111010100110111010101010101010100111101011101010011011101111101000111011011110101110101011101010011111101110101011111110111111100111101010101010111011101111111011101110111011100 
5 0 0 3 0 0 0 0  10010000100000001000000010010000100000001001000010010000100000001001000010000000100000001000000010010000100000001000000010010000100000001000000010010000100100001001000010000000100100001001000010000000 
5 0 0 3 0 0 0 0  10010100100100001001010010010100100101001001010010010100100100001001000010010000100100001001000010010100100100001001000010010000100100001001000010010000100101001001000010010100100100001001000010010100 
7 0 0 2 0 0 0 0  10000000100000001000000010000000100000001000000010000000100100001001000010000000100000001000000010010000100000001001000010000000100000001000000010010000100000001001000010000000100100001001000010000000 
2 3 2 2 2 1 2 2  11110101111101011111010111010100110101001101010101010100111101011101010011011100111101001111011011111101110101011101010011011101110101011111110111010101111101011101010111011100111111011101110111010101 
5 0 0 2 0 0 0 0  10000000100100001001000010000000100000001000000010010000100000001001000010000000100000001000000010000000100000001000000010000000100000001000000010000000100000001001000010000000100000001001000010000000 
5 0 0 3 0 0 0 0  10010000100100001001010010010000100100001001010010010000100100001001000010010000100100001001000010010100100100001001000010010000100100001001000010010000100100001001000010010000100100001001000010010000 
2 3 2 2 2 1 2 2  01010101111101010101010111010101110101010111010101010100111101011101110001011101111111001111011001110101010101011101010111111101010111011111110101010101111101010101010111011100111111011101110011011101 
5 0 0 3 0 0 0 0  10010000100000001000000010010000100000001001000010010000100000001001000010000000100000001000000010010000100000001000000010000000100000001000000010000000100000001001000010000000100000001001000010000000 
5 0 0 3 0 0 0 0  10010000100000001000000010000000100000001000000010010000100000001001000010000000100000001000000010010000100000001000000010000000100000001000000010010000100000001001000010000000100000001000000010000000 
6 0 0 2 0 0 0 0  10000000100000001001000010000000100000001000000010000000100000001001000010000000100000001000000010010000100000001000000010000000100000001000000010000000100000001001000010000000100000001001000010000000 
5 0 0 3 0 0 0 0  10010000100100001001010010010000100100001001010010010000100100001001010010010000100100001001000010010100100100001001000010010000100100001001000010010000100100001001010010010000100100001001000010010100 
2 3 2 2 2 1 2 2  01010101010101011101010101010100010111010111010101010100111101011101110001011101111111001111011011110100110101011111110111111101010111011111110111010100111101011101010111011101011111011101010011011101 
6 0 0 2 0 0 0 0  10000000100100001000000010000000100000001001000010010000100100001000000010000000100000001000000010000000100000001000000010010000100000001000000010000000100000001001000010000000100100001001000010000000 
5 0 0 3 0 0 0 0  10010100100100001001000010010000100101001001010010010000100100001001000010010000100100001001000010010100100100001001000010010000100100001001000010010000100100001001000010010000100100001001000010010100 
5 0 0 3 0 0 0 0  10010100100100001001000010010100100101001001010010010100100100001001000010010000100100001001000010010100100100001001010010010100100100001001000010010000100100001001010010010100100100001001000010010100 
5 0 0 3 0 0 0 0  10010000100100001001000010000000100000001000000010010000100000001000000010010000100000001001000010000000100000001000000010010000100000001000000010010000100000001001000010000000100000001000000010000000 
2 3 2 2 2 1 2 2  01011101010101010101010101010100010101000111010101011100111101011101110001011101111101001111011111110100110101011111010111110101010111011111010111010101111101011101010111011101011111011111010011011100 
5 0 0 3 0 0 0 0  10010100100100001001010010010100100101001001000010010100100100001001010010010000100100001001000010010100100100001001000010010000100100001001000010010000100100001001000010010000100100001001000010010000 
5 0 0 3 0 0 0 0  10010000100100001001010010010100100100001001010010010100100100001001000010010000100100001001000010010100100100001001010010010000100100001001000010010000100100001001000010010100100100001001000010010100 
6 0 0 2 0 0 0 0  10000000100100001001000010010000100000001001000010010000100100001001000010000000100000001000000010010000100000001000000010010000100000001000000010010000100100001001000010000000100100001001000010010000 
5 0 0 3 0 0 0 0  10010000100100001001000010010000100000001000000010010000100100001001000010010000100000001001000010010000100000001001000010010000100000001001000010010000100000001001000010000000100000001000000010000000 
5 0 0 2 0 0 0 0  10010100100101001001000010010000100100001001000010010000100100001001000010010000100100001001000010010000100100001001000010010000100100001001000010010000100100001001000010010000100100001001000010010000 
2 3 2 2 2 1 2 2  11111101111101011111010111010100110101001101010001010100111101011101110001011101111101001111011011110100110101011101010011111101010101011111110111010101111101011101010111011101110111011101110011110101 
5 0 0 3 0 0 0 0  10010100100100001001010010010000100100001001010010010000100100001001000010010000100100001001000010010100100100001001000010010000100100001001000010010000100100001001000010010000100100001001000010010100 
6 0 0 2 0 0 0 0  10000000100100001001000010010000100000001001000010010000100000001001000010000000100000001000000010010000100000001000000010000000100000001001000010010000100000001001000010000000100000001001000010000000 
5 0 0 3 0 0 0 0  10010000100101001001000010010000100101001001010010010000100100001001000010010000100100001001000010010100100100001001000010010000100100001001000010010000100100001001000010010000100100001001000010010100 
2 3 2 2 2 1 2 2  11111101111111011111010111011101110101011101010101010101111101011101110011001101111101001111011011011101110101011111010111111101110111011111110111111101111101011101010111111101111111011101110011010100 
7 0 0 2 0 0 0 0  10000000100000001000000010000000100000001000000010010000100000001001000010000000100000001000000010010000100000001000000010000000100000001000000010000000100000001001000010000000100000001001000010000000 
5 0 0 2 0 0 0 0  10010100100101001001000010010000100101001001010010010000100100001001000010010000100100001001000010010100100100001001000010010000100101001001000010010000100101001001000010010100100100001001000010010100 
5 0 0 3 0 0 0 0  10010000100100001001010010010100100101001001010010010100100100001001000010010000100101001001000010010100100100001001000010010000100101001001000010010000100101001001000010010100100100001001000010010000 
6 0 0 2 0 0 0 0  10000000100100001001000010010000100000001001000010010000100100001001000010000000100000001000000010010000100000001001000010010000100100001001000010010000100100001001000010000000100100001001000010010000 
5 0 0 2 0 0 0 0  10010100100100001001000010010000100101001001010010010100100100001001000010010000100101001001000010010000100100001001000010010000100101001001000010010000100100001001000010010100100100001001000010010100 
6 0 0 2 0 0 0 0  10000000100100001000000010010000100000001000000010010000100000001001000010010000100000001001000010000000100000001000000010010000100000001001000010000000100000001001000010000000100000001001000010000000 
6 0 0 2 0 0 0 0  10000000100100001000000010010000100000001001000010010000100100001001000010000000100000001000000010010000100000001000000010010000100000001001000010000000100100001001000010000000100000001001000010000000 
6 0 0 2 0 0 0 0  10000000100100001000000010000000100000001000000010000000100000001001000010010000100000001000000010000000100000001000000010010000100000001000000010000000100000001001000010000000100000001001000010000000 
5 0 0 2 0 0 0 0  10010100100101001001000010010100100101001001010010010100100100001001000010010000100101001001000010010100100100001001000010010000100101001001000010010000100101001001000010010100100100001001000010010100 
5 0 0 2 0 0 0 0  10010100100101001001000010010000100100001001010010010000100100001001000010010000100100001001000010010100100100001001000010010000100100001001000010010000100100001001000010010000100100001001000010010100 
6 0 0 2 0 0 0 0  10000000100100001000000010000000100000001000000010000000100000001000000010000000100000001000000010000000100000001000000010010000100000001000000010000000100000001001000010000000100000001001000010000000 
6 0 0 2 0 0 0 0  10000000100000001001000010000000100000001000000010000000100000001000000010000000100100001000000010010000100000001000000010000000100000001000000010010000100000001000000010000000100000001000000010000000 
2 3 2 2 2 1 2 2  11010101110101010101010101010100110101010101010101010100111101001101010001011100111101001111010011110100010101011101110001111101010101011111110111010111111101011001010011111100011111011111110011010101 
2 3 2 2 2 1 2 2  11110101111111011111010111010100110101001101010101010100111101011101010001011100011101001111011011011101110101011101010011011101010111011111110111010101111101011101010111111100111111011101110011010101 
5 0 0 3 0 0 0 0  10010000100101001001000010010000100100001001000010010000100100001001000010010000100100001001000010010000100100001001000010010000100100001001000010010000100100001001000010010000100100001001000010010000 
5 0 0 2 0 0 0 0  10010100100101001001000010010000100101001001010010010000100100001001000010010000100100001001000010010000100100001001000010010000100100001001000010010000100101001001000010010100100100001001000010010000 
5 0 0 3 0 0 0 0  10010000100101001001000010010000100100001001010010010000100100001001000010010000100100001001000010010000100100001001000010010000100100001001000010010000100100001001000010010000100100001001000010010000 
5 0 0 3 0 0 0 0  10010000100101001001000010010000100101001001000010010000100100001001000010010000100100001001000010010100100100001001000010010100100100001001000010010000100100001001000010010000100100001001000010010000 
6 0 0 2 0 0 0 0  10000000100100001000000010010000100000001001000010010000100100001001000010000000100000001000000010010000100000001001000010010000100000001001000010010000100000001001000010000000100100001001000010010000 
7 0 0 2 0 0 0 0  10000000100000001001000010000000100000001000000010010000100000001001000010000000100000001000000010010000100000001001000010000000100000001000000010000000100000001001000010000000100000001001000010000000 
