7 0 0 2 0 0 0 0  10000000100000001000000010000000100000001000000010000000100000001000000010000000100000001000000010000000100000001000000010000000100000001000000010000000100000001000000010000000100000001000000010000000 
3 0 0 2 0 0 0 0  10010000100100001001000010010000100100001001000010010000100100001001000010010000100100001001000010010000100100001001000010010000100100001001000010010000100100001001000010010000100100001001000010010000 
3 0 0 2 0 3 0 0  10010000100101001001010010010000100101011001010010010100100100001001000010010000100100001001000010010100100101001001000010010100100101001001010010010000100100001001000010010000100100001001000010010100 
0 0 0 0 0 0 0 0  11111111111111111111111111111111111111111111111111111111111111111111111111111110111111111111111011111111111111111111111111111111111111111111111111111111111111111111111111111111111111111111111111111111 
3 0 0 2 0 0 0 0  10010000100100001001010010010000100100001001000010010000100100001001000010010000100100001001000010010000100100001001000010010000100100001001000010010000100100001001000010010000100100001001000010010000 
3 0 0 2 0 3 0 0  10010000100101001001010010010000100100001001000010010000100100001001000010010000100100001001000010010000100100001001000010010000100100001001000010010000100100001001000010010000100100001001000010010000 
3 0 0 2 0 3 0 0  10010000100101001001000010010000100101001001010010010000100100001001000010010100100100001001000010010100100101001001000010010000100101001001000010010000100100001001010010010000100100001001000010010100 
2 2 0 3 2 2 2 2  11111111111111111111111111111111111111111111111111111110111111111111111011110110111111111111111011111101111111111111111111111111111111110111111111011011111111111111101111111110111111111111111111111101 
3 0 0 2 0 3 0 0  10010100100100001001010010010000100100001001000010010000100100001001000010010000100100001001000010010000100100001001000010010000100100001001000010010000100100001001000010010000100100001001000010010000 
3 0 0 2 0 3 0 0  10010100100101001001010010010000100101011001010010010100100100001001000010010000100100001001000010010100100101001001000010010100100101001001010010010000100100001001000010010000100100001001000010010100 
2 2 2 3 2 2 2 2  11111101111111011111010111111111111111011111110111111111110111011101011111010100110111011111011011111100110101011111110111111101111111010111111111011111111101011111110111110101111111111011111111111101 
3 0 0 2 0 3 0 0  10010100100100001001000010010000100100001001000010010000100100001001000010010000100100001001000010010000100100001001000010010000100100001001000010010000100100001001000010010000100100001001000010010000 
6 0 0 2 0 0 0 0  10010000100100001000000010000000100000001000000010000000100000001000000010000000100000001000000010000000100000001001000010000000100000001000000010000000100000001001000010000000100000001000000010000000 
3 0 0 2 0 3 0 0  10010100100100001001010010010000100101001001010010010100100101001001000010010100100100001001000010010100100100001001000010010000100100001001000010010000100100001001000010010000100100001001000010010000 
6 0 0 2 0 0 0 0  10010000100000001000000010000000100000001001000010010000100100001001000010000000100100001000000010010000100000001001000010010000100100001000000010010000100100001001000010010000100000001001000010000000 
3 0 0 2 0 3 0 0  10010100100101001001000010010000100100001001000010010000100100001001000010010000100100001001000010010000100100001001000010010000100100001001000010010000100100001001000010010000100100001001000010010000 
2 4 2 3 2 2 2 2  01010101010101010101010101010100010101000101010001010101010111011111110101010100110101010101010001010100010101010101110111111100011101010111110101011100010111100101010011110100010101011101011111101100 
2 4 2 3 2 2 2 2  01010100010101000101010001010100011101000101010101010101010111111101110101011100010111010101010001010000010111010101010111110100010101010111111111010100010101100101100011110100010101010111001101001100 
2 4 2 3 2 2 2 2  01010100010101010101010001010100010101001111010001010101010111011111010101010100010111010101010001010101010101010101110111111100011101010101110101011100010101010111110011110100010101011101001101111100 
3 0 0 2 0 3 0 0  10010000100100001001000010010000100101011001010010010100100100001001000010010000100101001001000010010100100100001001000010010100100101001001000010010000100100001001000010010000100100001001000010010100 
3 0 0 2 0 0 0 0  10010000100100001000000010010000100100001001000010000000100000001001000010000000100000001000000010000000100000001001000010010000100000001000000010010000100000001000000010010000100000001001000010000000 
2 2 2 3 2 2 2 2  11111101110111011111010111011101111111011111010110011111110111011101010111011100110111010101010011010101110101010101110111110101111111010111111111011100111101011101110011110100110111011111111111111100 
2 4 2 3 2 2 2 2  11010101110101011101010101011100011111001101010111010101010111011111110001010100010111000101010001010100110101011111110111111100011101010111110111011100110101011101110011110100110111011101011011111100 
7 0 0 2 0 0 0 0  10000000100000001001000010000000100000001000000010000000100000001000000010000000100000001000000010000000100000001000000010000000100000001000000010000000100000001000000010000000100000001001000010000000 
6 0 0 2 0 0 0 0  10000000100100001000000010000000100000001001000010010000100000001001000010000000100100001000000010000000100000001001000010010000100100001000000010010000100100001001000010000000100000001001000010010000 
3 0 0 2 0 3 0 0  10010100100101001001010010010000100100001001000010010000100100001001000010010000100100001001010010010000100100001001000010010000100100001001000010010000100100001001000010010000100100001001000010010000 
3 0 0 2 0 0 0 0  10010000100100001001000010000000100000001000000010000000100000001000000010000000100000001000000010000000100000001001000010000000100000001001000010010000100000001000000010010000100000001001000010000000 
3 0 0 2 0 3 0 0  10010000100101001001000010010000100101001001010010010000100100001001000010010000100100001001000010010100100100001001000010010000100101001001000010010000100100001001000010010000100100001001000010010000 
3 0 0 2 0 3 0 0  10010000100101001001010010010000100101001001000010010100100100001001000010010000100100001001000010010100100100001001000010010000100100001001000010010000100100001001000010010000100100001001000010010000 
3 0 0 2 0 3 0 0  10010000100101001001010010010000100101001001010010010100100101001001000010010000100100001001000010010000100100001001000010010000100100001001000010010000100100001001000010010000100100001001000010010100 
6 0 0 2 0 0 0 0  10010000100000001001000010000000100000001001000010000000100000001001000010000000100000001000000010000000100000001000000010000000100000001000000010000000100000001000000010000000100000001000000010000000 
2 2 2 3 2 2 2 2  11111101111111111111110111011101111111111111111111111111111111111111101011110110111111001111111011111100110111111111111111111101111111010111111111011011111111111111111111111111111111111111111111111111 
2 2 2 3 2 2 2 2  11111101111111011111110111111111111111111111111111111111111111111111111011010110111111011111111011111100110111111111111111111101111111110111111111011011111111111111111111111111111111111111111111111101 
2 4 2 3 2 2 2 2  01010101110101011101010101011100111111001111010101010101010111011111010101010100010111010101010001010100111101010111110111111100011101010111010111011100010101010111110111110100010111011101001011111100 
7 0 0 2 0 0 0 0  10000000100000001000000010010000100000001001000010010000100100001000000010000000100000001000000010000000100000001001000010010000100000001001000010000000100000001001000010000000100000001001000010000000 
6 0 0 2 0 0 0 0  10010000100000001000000010010000100000001000000010010000100000001000000010000000100000001000000010010000100000001000000010000000100000001000000010000000100000001000000010000000100100001001000010000000 
3 0 0 2 0 3 0 0  10010100100101001001000010010100100101001001000010010000100100001001000010010000100100001001000010010000100100001001000010010000100100001001000010010000100100001001000010010000100100001001000010010000 
3 0 0 2 0 3 0 0  10010100100101001001000010010000100101001001010010010100100100001001010010010000100100001001000010010100100100001001000010010000100101001001000010010000100100001001000010010000100100001001000010010000 
3 0 0 2 0 3 0 0  10010100100100001001010010010000100100001001010010010000100100001001000010010000100100001001000010010100100100001001000010010000100100001001000010010000100100001001000010010000100100001001000010010100 
7 0 0 2 0 0 0 0  10000000100100001000000010000000100000001001000010010000100000001000000010000000100000001000000010000000100000001001000010010000100100001000000010000000100000001001000010000000100000001001000010010000 
6 0 0 2 0 0 0 0  10000000100100001001000010010000100100001001000010010000100100001001000010010000100000001001000010010000100000001001000010010000100100001001000010010000100100001000000010000000100100001001000010010000 
2 2 2 3 2 2 2 2  11010101110101011111010111011101111111011111010111111101110111111111010101011100110111111111010011110101110111010111110111110101111101010111111111011101111111011101111011110100110111011101111111111100 
6 0 0 2 0 0 0 0  10000000100100001000000010000000100000001000000010000000100000001000000010000000100000001000000010010000100000001000000010000000100000001000000010000000100000001000000010000000100000001000000010000000 
7 0 0 2 0 0 0 0  10000000100000001000000010010000100000001001000010000000100000001000000010000000100000001000000010000000100000001001000010010000100000001001000010000000100000001001000010000000100000001001000010000000 
7 0 0 2 0 0 0 0  10000000100000001001000010000000100000001000000010010000100000001000000010000000100000001000000010000000100000001001000010000000100000001000000010000000100000001000000010000000100000001001000010000000 
6 0 0 2 0 0 0 0  10010000100000001000000010000000100000001000000010000000100000001000000010000000100000001000000010000000100000001000000010000000100000001000000010000000100000001000000010010000100000001001000010000000 
7 0 0 2 0 0 0 0  10000000100000001001000010000000100000001000000010010000100000001001000010000000100100001000000010010000100000001001000010010000100000001001000010010000100100001001000010000000100000001001000010000000 
6 0 0 2 0 0 0 0  10000000100100001001000010000000100000001000000010010000100100001001000010000000100000001000000010000000100000001001000010000000100000001000000010000000100100001001000010000000100000001001000010000000 
2 2 2 3 2 2 2 2  11111111111111011111110111111111111111111111111111111111111111111111111011010110111111011111111011111100110111111111111111111101111111110111111111011111111111111111101111111111111111111111111111111101 
6 0 0 2 0 0 0 0  10010000100000001000000010010000100000001001000010010000100000001001000010000000100000001000000010000000100000001001000010000000100000001000000010000000100100001001000010000000100000001001000010000000 
7 0 0 2 0 0 0 0  10000000100000001000000010000000100000001000000010010000100100001000000010000000100000001000000010000000100000001001000010010000100000001000000010000000100100001000000010000000100000001001000010000000 
6 0 0 2 0 0 0 0  10000000100100001001000010000000100000001000000010000000100000001000000010000000100100001000000010000000100000001001000010000000100000001000000010000000100000001000000010000000100000001000000010000000 
3 0 0 2 0 3 0 0  10010100100100001001000010010000100101001001010010010100100101001001010010010000100100001001000010010000100100001001000010010100100101001001000010010000100100001001000010010000100100001001000010010000 
7 0 0 2 0 0 0 0  10000000100000001001000010000000100000001001000010010000100100001001000010000000100100001001000010010000100000001001000010000000100000001000000010010000100100001001000010000000100000001001000010010000 
7 0 0 2 0 0 0 0  10000000100100001000000010000000100000001000000010000000100000001000000010000000100100001000000010000000100000001001000010000000100000001000000010000000100000001001000010000000100000001001000010000000 
6 0 0 2 0 0 0 0  10010000100000001001000010000000100000001001000010010000100000001001000010000000100100001000000010010000100000001001000010010000100000001000000010010000100100001000000010000000100000001001000010000000 
6 0 0 2 0 0 0 0  10000000100100001001000010000000100000001001000010010000100100001001000010010000100100001001000010010000100000001001000010010000100100001000000010010000100100001001000010000000100000001001000010010000 
3 0 0 2 0 0 0 0  10010000100101001001000010010000100100001001000010010000100100001001000010010000100100001001000010010000100100001001000010010000100100001001000010010000100100001001000010010000100100001001000010010000 
3 0 0 2 0 3 0 0  10010100100101001001000010010000100101001001010010010100100101001001000010010100100100001001000010010100100101001001000010010100100101001001010010010000100100001001000010010000100100001001000010010000 
3 0 0 2 0 3 0 0  10010000100101001001000010010000100101001001000010010000100100001001000010010000100100001001010010010000100100001001000010010000100100001001000010010000100100001001000010010000100100001001000010010000 
7 0 0 2 0 0 0 0  10000000100000001000000010000000100000001000000010000000100000001000000010000000100000001000000010000000100000001001000010000000100000001000000010010000100100001000000010000000100000001001000010000000 
7 0 0 2 0 0 0 0  10000000100000001000000010000000100000001000000010000000100000001000000010000000100000001000000010000000100000001000000010000000100000001000000010000000100100001000000010000000100000001001000010000000 
3 0 0 2 0 3 0 0  10010000100100001001010010010000100100001001000010010100100100001001000010010000100100001001000010010100100100001001000010010000100101001001000010010000100100001001000010010000100100001001000010010000 
3 0 0 2 0 3 0 0  10010100100100001001000010010100100101001001000010010000100100001001000010010000100100001001000010010000100100001001000010010000100100001001000010010000100100001001000010010000100100001001000010010000 
6 0 0 2 0 0 0 0  10010000100000001001000010010000100100001001000010010000100000001001000010000000100100001000000010010000100000001001000010010000100100001000000010010000100100001000000010000000100000001001000010000000 
6 0 0 2 0 0 0 0  10000000100100001000000010010000100000001001000010000000100100001001000010000000100100001000000010000000100000001001000010010000100100001001000010010000100100001001000010000000100100001001000010010000 
6 0 0 2 0 0 0 0  10000000100100001001000010000000100000001000000010000000100000001001000010000000100000001000000010000000100000001001000010000000100000001000000010000000100000001001000010000000100000001001000010000000 
7 0 0 2 0 0 0 0  10000000100000001001000010000000100000001000000010010000100000001001000010000000100100001000000010010000100000001001000010000000100000001000000010010000100100001001000010000000100000001001000010000000 
2 4 2 3 2 2 2 2  11010101010101010101010101010100111111000111010001010101010111011111010101010101010111010101010001010100110101010111110111111100011101010101110111011100010101010101110111010100110101011101011011111100 
7 0 0 2 0 0 0 0  10000000100000001001000010000000100000001000000010010000100100001001000010000000100000001000000010000000100000001001000010010000100000001000000010000000100100001000000010000000100000001001000010000000 
3 0 0 2 0 0 0 0  10010000100100001001000010010000100101001001000010010000100100001001000010010000100100001001000010010000100100001001000010010000100100001001000010010000100100001001000010010000100100001001000010010000 
7 0 0 2 0 0 0 0  10000000100000001000000010010000100000001001000010010000100100001001000010000000100000001000000010000000100000001001000010010000100000001001000010000000100100001001000010000000100000001001000010000000 
6 0 0 2 0 0 0 0  10010000100000001001000010000000100000001000000010010000100000001001000010000000100100001000000010010000100000001000000010000000100000001000000010010000100000001000000010000000100000001001000010000000 
7 0 0 2 0 0 0 0  10000000100000001000000010010000100000001001000010010000100100001001000010000000100100001000000010010000100000001001000010010000100000001001000010010000100100001001000010000000100100001001000010000000 
3 0 0 2 0 3 0 0  10010000100100001001010010010000100100001001010010010100100100001001000010010000100100001001000010010100100100001001000010010000100101001001000010010000100100001001000010010000100100001001000010010100 
3 0 0 2 0 3 0 0  10010100100101001001010010010000100101001001000010010000100100001001000010010000100100001001000010010100100100001001000010010100100100001001010010010000100100001001000010010000100100001001000010010000 
6 0 0 2 0 0 0 0  10000000100100001001000010000000100000001001000010000000100100001001000010000000100100001000000010000000100000001001000010010000100100001000000010010000100100001000000010000000100000001001000010010000 
7 0 0 2 0 0 0 0  10000000100000001001000010000000100000001000000010010000100000001000000010000000100000001000000010010000100000001001000010000000100000001000000010000000100100001000000010000000100000001001000010000000 
7 0 0 2 0 0 0 0  10000000100100001000000010000000100000001001000010000000100000001000000010000000100100001000000010000000100000001001000010010000100000001000000010000000100000001001000010000000100000001001000010000000 
7 0 0 2 0 0 0 0  10000000100000001000000010010000100000001001000010010000100100001001000010000000100100001000000010000000100000001001000010010000100000001001000010010000100100001001000010000000100000001001000010000000 
3 0 0 2 0 0 0 0  10010000100100001001000010010000100100001001000010010000100100001001000010010000100100001001000010010000100000001001000010010000100100001001000010010000100100001001000010000000100100001001000010010000 
2 2 2 3 2 2 2 2  11110101110101011111010111011100111111001101010111011101110111011111010101010100110111110101010011010101110101010111110111111101111101010111111011010100111111011101111011010100110111011111111011111100 
3 0 0 2 0 3 0 0  10010000100100001001000010010000100101001001010010010100100100001001000010010000100101001001000010010000100100001001000010010000100100001001000010010000100100001001000010010000100100001001000010010100 
2 4 2 3 2 2 2 2  01010101010101011111110101111100111111001111010101011101110111011111010101010100010111010101010001011100111101010111111111111101011101010111110111011100111111011111110111110100110111010101011111111100 
6 0 0 2 0 0 0 0  10000000100100001001000010000000100000001001000010010000100100001001000010000000100100001000000010000000100000001001000010010000100100001000000010010000100100001001000010000000100000001001000010010000 
2 4 2 3 2 2 2 2  01010101010101011101010101011100111111001111010001011101010111011111010101010100010111010101010001011100111101010111110111111101011101010111110111011100111111010111110111110100010111011101011011111100 
7 0 0 2 0 0 0 0  10000000100100001001000010010000100100001001000010010000100100001001000010010000100100001001000010010000100100001001000010010000100100001001000010010000100100001001000010000000100100001001000010010000 
3 0 0 2 0 3 0 0  10010000100100001001010010010000100101011001010010010100100100001001000010010000100101001001000010010100100100001001000010010000100101001001000010010000100100001001000010010000100100001001000010010100 
2 2 2 3 2 2 2 2  11110101111111011111010111111100111111011101010101011110110111011111010101010100110111101111010011010101110101011111110111111101111101010111111011011101110111011101111011010100110011001101111111011100 
2 4 2 3 2 2 2 2  11010101010101011101010101011100111111001111010101011101111111011111010101010100010111010101010101010100110101010111110111011101011101010111110111011100111101011101110111010100110111010101011111111100 
3 0 0 2 0 0 0 0  10010000100100001001000010000000100000001000000010010000100100001001000010010000100000001000000010000000100000001001000010000000100000001000000010010000100100001000000010010000100100001001000010010000 
3 0 0 2 0 3 0 0  10010100100101001001010010010000100101001001000010010100100100001001000010010000100100001001000010010100100100001001000010010100100101001001010010010000100100001001000010010000100100001001000010010100 
3 0 0 2 0 0 0 0  10010000100100001001000010010000100101001001000010010100100100001001000010010000100100001001000010010000100100001001000010010000100101001001000010010000100100001001000010010000100100001001000010010000 
3 0 0 2 0 3 0 0  10010000100100001001010010010000100101011001010010010100100100001001000010010000100100001001000010010100100101001001000010010100100101001001010010010000100100001001000010010000100100001001000010010100 
2 4 2 3 2 2 2 2  01010101010101010101010101010100111111001111010001110101010111011111010101010100010111010101010001010100111101010111110111111100011101010111110111011100010101010111110111110100010101011101011011111100 
3 0 0 2 0 3 0 0  10010100100101001001110010010000100101001001010010010100100101001001000010010000100100001001000010010100100100001001000010010100100101001001010010010000100100001001000010010000100100001001000010010100 
3 0 0 2 0 3 0 0  10010100100100001001000010010000100101001001010010010100100100001001000010010000100100001001000010010100100100001001000010010100100100001001000010010000100100001001000010010000100100001001000010010000 
2 2 2 3 2 2 2 2  11110101111101011111010111011100111111001101010111011111110111011111010101010101110111101101010011010101110101010111110111111101111101010111111011011100111111011101111111110100110011011111111111111100 
7 0 0 2 0 0 0 0  10000000100000001001000010010000100000001001000010010000100100001001000010000000100100001000000010010000100000001001000010010000100000001001000010010000100100001001000010000000100100001001000010000000 
7 0 0 2 0 0 0 0  10000000100000001001000010010000100100001001000010010000100100001001000010000000100100001000000010010000100000001001000010010000100000001001000010010000100100001001000010000000100100001001000010000000 
