7 0 0 1 0 0 0 0  10000000100000001000000010000000100000001000000010000000100000001000000010000000100000001000000010000000100000001000000010000000100000001000000010000000100000001000000010000000100000001000000010000000 
0 0 0 0 0 0 0 3  11111111111111111111111111111111111111111111111111111111111101111111111011111111111111111111111111111111111111111111111111111111111111111111111111111111111111111111111111111111111111111111111111111111 
5 0 0 3 0 2 0 0  10010101100101011001010010010100100101001001010010010100100101001001010010010000100100001001000010010000100100001001000010000000100101001001000010010100100100001001000010010100100101001001000010010000 
5 0 0 4 0 0 0 0  10010000100100001001000010010000100100001001000010010000100100001001000010010000100100001001000010010000100100001001000010010000100100001001000010010000100100001001000010010000100100001001000010010000 
5 0 0 3 0 2 0 0  10010100100101001001010010010101100101001001010010010100100101001001010010010100100100001001000010010000100100001001000010010000100101001001000010010100100100001001010010010100100100001001010010010000 
2 2 2 3 2 1 2 1  11111111111111111111111111011111111111011111111111111101111111111101110011111110111111111111111111011111110111111111011011110111111111111111110111011111011111111111111111011111111111111111111011110101 
2 4 2 3 2 1 2 0  01010100010101000101010001010101110111000101110001011101110101001111010011011101111101000101110111011101111101000101010111011110010101011101110001011100011111001101010011111101111111001101110001110101 
2 4 2 3 2 1 1 2  01010101010101010101010111010101110111001101110001010101110101001111110011111101110111000111110011011100111101010101010111011101010101011111110001011101111111010111110111111100011111001111110001110100 
5 0 0 3 0 0 0 0  10010000100000001001000010000000100000001000000010010000100000001000000010000000100000001000000010010000100000001000000010000000100000001000000010000000100000001001000010000000100000001001000010000000 
5 0 0 3 0 0 0 0  10010000100100001001000010000000100000001000000010010000100000001000000010000000100000001000000010000000100000001000000010000000100000001000000010010000100000001001000010000000100000001000000010000000 
2 2 2 3 2 1 2 1  11110101111101011111010111011101110111001101110011011101111101001111110011111101110101000111110011011100110101011111010111011101010101001111110111011100011111011111110111011100111111001111110011110100 
5 0 0 3 0 2 0 0  10010000100100001001010010010000100100001001010010010000100100001001000010010000100100001001000010010000100100001001000010010000100100001001000010010000100100001001000010010000100100001001000010010000 
2 2 2 3 2 1 1 1  11111101111101011111110111011101110111001111110011111101110101011111110011111101110101000111110011010100110101011111010111110111110101011111010101011100111101111111110111111101111011001111110011111101 
7 0 0 1 0 0 0 0  10000000100100001000000010000000100000001000000010000000100000001000000010000000100000001000000010000000100000001000000010000000100000001000000010000000100000001000000010000000100000001000000010000000 
5 0 0 3 0 2 0 0  10010000100100001001000010010100100101001001010010010100100100001001000010010100100100001001000010010100100100001001000010010000100101001001000010010000100100001001000010010100100101001001000010010000 
5 0 0 3 0 0 0 0  10010000100000001001000010010000100100001001000010010000100100001000000010000000100100001000000010010000100000001001000010010000100100001001000010000000100100001001000010000000100000001001000010000000 
2 2 2 3 2 1 2 1  11111101111111111111111111111111111111011111111111111101111111111101110011111110111111111111111111011110110111111111111011111111111111011111110111011101111111111111111111011111111111011101111011111101 
5 0 0 3 0 0 0 0  10010000100100001000000010010000100100001000000010000000100100001000000010000000100000001000000010010000100000001000000010000000100100001000000010000000100000001000000010000000100000001000000010000000 
2 4 2 3 2 1 1 2  01010101010101000101010001010101110111001101110001011101110100001111010011011101111101000101110011011101111101010101010111011100010101011101110001011100011111011101010011111101111111001101110001110101 
2 2 2 3 2 1 2 1  11111101111111011111110111111101111111011111111111111101111101111111110011111111111111010111111111111100110101111111110011111111110111111111110111011100111101111111011111011101111111011111111011110101 
5 0 0 3 0 0 0 0  10010000100000001000000010000000100100001000000010010000100000001001000010000000100000001000000010010000100000001001000010000000100000001000000010000000100000001000000010000000100000001001000010000000 
2 4 2 3 2 1 1 2  01010101010101011101010101011101110111001111110011010101111101011111110011111101110111000111110011011100111101011111010111011101011101011111110101011100111101010111110111011100011111001111110011111100 
5 0 0 3 0 2 0 0  10010100100100001001000010010000100100001001000010010100100100001001000010010000100100001001000010010000100100001001000010010000100100001001000010010000100100001001000010010000100100001001000010010000 
5 0 0 3 0 2 0 0  10010000100101001001000010010000100100001001000010010100100100001001000010010000100100001001000010010000100100001001000010010000100100001001000010010000100100001001000010010000100100001001000010010000 
5 0 0 3 0 2 0 0  10010000100101001001010010010101100101001001010010010100100101001001010010010100100100001001000010010000100100001001000010010000100101001001000010010100100100001001010010010100100100001001010010010000 
5 0 0 3 0 2 0 0  10010100100101001001010010010100100101001001000010010000100100001001010010010000100100001001000010010000100100001001000010010000100100001001000010010000100100001001000010010100100100001001010010010000 
5 0 0 3 0 2 0 0  10010100100100001001000010010000100101001001010110010100100100001001000010010000100100001001000010010000100100001001000010010000100100001001000010010000100100001001000010010000100100001001000010010000 
5 0 0 3 0 2 0 0  10010100100101001001000010010000100101001001000010010000100100001001010010010000100100001001000010010000100100001001000010010000100100001001000010010000100100001001000010010000100101001001010010010000 
5 0 0 3 0 0 0 0  10010000100000001000000010010000100100001001000010010000100000001001000010000000100100001000000010010000100000001001000010000000100000001001000010000000100100001001000010000000100000001001000010000000 
7 0 0 1 0 0 0 0  10000000100000001000000010000000100000001000000010000000100000001000000010000000100000001000000010010000100000001000000010000000100000001000000010000000100000001001000010000000100000001000000010000000 
5 0 0 3 0 2 0 0  10010100100100001001000010010000100101001001010010010100100100001001010010010000100100001001000010010000100100001001000010010000100101001001000010010000100100001001000010010100100101001001000010010000 
5 0 0 3 0 0 0 0  10010000100000001001000010010000100000001000000010010000100000001001000010000000100100001000000010010000100000001001000010000000100000001000000010010000100100001000000010000000100000001001000010000000 
5 0 0 3 0 2 0 0  10010100100101001001010010010000100100001001000010010000100100001001000010010000100100001001000010010000100100001001000010010000100100001001000010010000100100001001000010010101100100001001000010010000 
7 0 0 1 0 0 0 0  10000000100000001000000010000000100000001000000010010000100000001000000010000000100000001000000010010000100000001000000010000000100000001000000010010000100000001001000010000000100000001000000010000000 
7 0 0 1 0 0 0 0  10000000100000001001000010000000100000001000000010000000100000001000000010000000100000001000000010010000100000001000000010000000100000001000000010000000100000001000000010000000100000001000000010000000 
5 0 0 3 0 2 0 0  10010100100100001001010010010100100101001001010010010000100100001001000010010000100100001001000010010000100100001001000010010000100101001001000010010000100100001001000010010100100100001001010010010000 
5 0 0 3 0 0 0 0  10010000100100001001000010000000100100001000000010010000100100001000000010010000100100001000000010010000100000001001000010000000100000001001000010000000100100001001000010000000100100001000000010000000 
7 0 0 1 0 0 0 0  10000000100100001000000010010000100000001001000010010000100100001000000010000000100100001001000010010000100000001001000010000000100000001001000010010000100000001001000010000000100100001001000010000000 
5 0 0 1 0 0 0 0  10000000100100001001000010000000100000001000000010000000100000001000000010000000100000001000000010010000100000001000000010000000100000001000000010000000100000001000000010000000100000001000000010000000 
5 0 0 1 0 0 0 0  10000000100100001001000010000000100000001001000010010000100000001001000010010000100000001001000010010000100000001001000010010000100100001000000010010000100100001001000010000000100000001001000010010000 
5 0 0 3 0 2 0 0  10010000100101001001000010010100100101001001010010010100100100001001000010010100100100001001000010010000100100001001000010010000100101001001000010010000100101001001000010010100100101001001000010010000 
5 0 0 3 0 2 0 0  10010100100101001001000010010100100101001001010010010100100100001001000010010000100100001001000010010000100100001001000010010000100101001001000010010000100100001001000010010100100100001001010010010000 
5 0 0 3 0 2 0 0  10010000100100001001000010010000100100001001010010010100100100001001000010010000100100001001000010010000100100001001000010010000100100001001000010010000100100001001000010010000100100001001000010010000 
2 2 2 3 2 1 1 1  11010101111101011111010111011101110111001101110011011101111101001111110011111101110101000111110011011100110111011111010111010101011101001111010111011100111111111111110111111101011111001111110011110101 
7 0 0 1 0 0 0 0  10000000100100001000000010000000100000001000000010010000100000001001000010000000100100001000000010010000100000001001000010000000100000001000000010010000100000001001000010000000100000001001000010000000 
5 0 0 1 0 0 0 0  10000000100100001001000010010000100100001001000010010000100100001001000010000000100100001001000010010000100100001001000010010000100100001001000010010000100100001001000010000000100100001001000010010000 
7 0 0 1 0 0 0 0  10000000100100001000000010000000100000001000000010000000100000001000000010000000100000001000000010010000100000001001000010000000100000001000000010000000100000001000000010000000100000001001000010000000 
5 0 0 1 0 0 0 0  10000000100100001001000010010000100100001001000010010000100000001001000010000000100100001000000010010000100000001001000010010000100000001001000010010000100100001001000010000000100100001001000010010000 
5 0 0 3 0 2 0 0  10010100100100001001000010010100100101001001010010010100100101001001010010010100100100001001000010010000100100001001000010010000100101001001010010010000100100001001000010010100100100001001010010010000 
5 0 0 3 0 2 0 0  10010100100101001001010010010100100101001001010010010100100100001001010010010000100100001001000010010000100100001001000010010000100101001001000010010000100100001001000010010100100100001001010010010000 
7 0 0 1 0 0 0 0  10000000100100001000000010000000100000001000000010010000100000001000000010000000100000001000000010010000100000001001000010000000100000001000000010000000100000001001000010000000100000001001000010000000 
7 0 0 1 0 0 0 0  10000000100100001000000010000000100000001001000010010000100000001000000010010000100100001000000010010000100000001001000010000000100100001000000010000000100000001001000010000000100100001001000010010000 
7 0 0 1 0 0 0 0  10000000100000001001000010000000100000001001000010010000100100001001000010000000100100001000000010010000100000001001000010000000100000001001000010010000100000001001000010000000100000001001000010000000 
5 0 0 3 0 2 0 0  10010100100100001001010010010000100100001001010010010100100100001001000010010000100100001001000010010000100100001001000010010000100100001001000010010000100100001001000010010100100100001001000010010000 
5 0 0 3 0 2 0 0  10010000100101001001010010010000100101001001010010010100100100001001010010010100100100001001000010010100100100001001000010010000100100001001000010010000100100001001000010010100100101001001010010010000 
5 0 0 3 0 2 0 0  10010000100100001001010010010000100101001001010010010100100100001001000010010000100100001001000010010000100100001001000010010000100100001001000010010000100100001001000010010000100100001001000010010000 
5 0 0 3 0 2 0 0  10010000100100001001010010010100100101001001010010010100100100001001000010010000100100001001000010010000100100001001000010010000100101001001000010010000100100001001000010010100100100001001010010010000 
5 0 0 3 0 2 0 0  10010000100101001001010010010000100101001001010010010100100100001001000010010000100100001001000010010000100100001001000010010000100100001001000010010000100100001001000010010000100100001001000010010000 
5 0 0 3 0 2 0 0  10010000100101001001000010010100100101001001010010010100100100001001010010010000100100001001000010010000100100001001000010010000100100001001000010010000100100001001000010010100100100001001010010010000 
7 0 0 1 0 0 0 0  10000000100000001001000010010000100000001001000010010000100100001001000010000000100100001001000010010000100000001001000010000000100000001000000010010000100000001001000010000000100100001001000010000000 
5 0 0 1 0 0 0 0  10000000100100001001000010010000100000001001000010010000100000001001000010000000100000001001000010010000100000001001000010000000100000001000000010000000100000001001000010000000100000001001000010000000 
5 0 0 3 0 2 0 0  10010000100101001001010010010000100100001001000010010000100100001001000010010000100100001001000010010000100100001001000010010000100100001001000010010000100100001001000010010000100100001001000010010000 
5 0 0 3 0 0 0 0  10010000100100001001000010010000100100001001000010000000100000001000000010010000100100001001000010010000100100001001000010010000100100001001000010010000100100001001000010010000100100001001000010010000 
5 0 0 3 0 2 0 0  10010100100101001001000010010100100101001001010010010100100100001001010010010100100100001001000010010100100100001001000010010000100101001001000010010000100100001001000010010100100101001001000010010000 
7 0 0 1 0 0 0 0  10000000100000001001000010000000100000001000000010010000100000001000000010000000100000001000000010010000100000001000000010000000100000001000000010010000100000001001000010000000100000001000000010000000 
7 0 0 1 0 0 0 0  10000000100000001001000010000000100000001000000010010000100100001001000010000000100100001000000010010000100000001001000010000000100000001000000010000000100000001001000010000000100000001001000010000000 
5 0 0 3 0 2 0 0  10010100100100001001010010010000100100001001000010010100100100001001000010010000100100001001000010010000100100001001000010010000100100001001000010010000100100001001000010010000100100001001000010010000 
7 0 0 1 0 0 0 0  10000000100000001000000010000000100000001000000010010000100000001000000010000000100000001000000010010000100000001001000010000000100000001000000010000000100100001001000010000000100000001001000010000000 
7 0 0 1 0 0 0 0  10000000100000001000000010000000100000001000000010010000100100001001000010000000100100001001000010010000100000001001000010000000100000001000000010010000100000001001000010000000100000001001000010000000 
5 0 0 3 0 2 0 0  10010000100100001001000010010100100101001001010010010100100100001001000010010000100100001001000010010000100100001001000010010000100100001001000010010000100100001001000010010000100100001001000010010000 
5 0 0 3 0 2 0 0  10010000100101001001000010010000100101001001010010010100100100001001010010010000100100001001000010010000100100001001000010010000100100001001000010010000100100001001000010010000100100001001000010010000 
7 0 0 1 0 0 0 0  10000000100000001000000010000000100000001000000010010000100000001001000010000000100100001000000010010000100000001001000010000000100000001000000010000000100100001001000010000000100000001001000010000000 
2 2 2 3 2 1 2 1  11111101111111011111111111111111111111011111111111111101111101111111110011111111111111110111111111111101110101111111110011110111110111111111110111011111111101111111111111011101111111111111111011110101 
7 0 0 1 0 0 0 0  10000000100000001000000010010000100000001001000010010000100100001001000010000000100100001001000010010000100000001001000010000000100000001001000010010000100000001001000010000000100100001001000010000000 
5 0 0 3 0 0 0 0  10010000100000001000000010010000100100001000000010010000100000001001000010000000100100001000000010010000100000001001000010000000100000001000000010000000100100001000000010000000100000001001000010000000 
5 0 0 3 0 2 0 0  10010000100101001001010010010000100101001001010010010100100100001001010010010100100100001001000010010100100100001001000010010000100100001001000010010000100100001001000010010000100100001001000010010000 
7 0 0 1 0 0 0 0  10000000100000001001000010000000100000001000000010010000100100001001000010000000100100001000000010010000100000001001000010000000100000001001000010010000100000001001000010000000100000001001000010000000 
5 0 0 3 0 2 0 0  10010100100100001001010010010100100101001001010010010100100100001001010010010000100100001001000010010100100100001001000010010000100101001001000010010000100100001001010010010100100100001001010010010000 
7 0 0 1 0 0 0 0  10000000100000001001000010000000100000001000000010010000100000001000000010000000100000001000000010010000100000001000000010000000100000001000000010000000100000001000000010000000100000001000000010000000 
7 0 0 1 0 0 0 0  10000000100000001001000010000000100000001000000010010000100100001000000010000000100000001000000010010000100000001001000010000000100000001000000010000000100000001001000010000000100000001001000010000000 
5 0 0 3 0 0 0 0  10010000100100001000000010010000100100001000000010000000100000001000000010010000100100001001000010000000100100001001000010000000100100001001000010000000100000001000000010010000100000001000000010000000 
7 0 0 1 0 0 0 0  10000000100000001000000010010000100000001001000010000000100000001001000010000000100100001001000010010000100000001001000010000000100000001000000010010000100000001001000010000000100100001001000010000000 
2 4 2 3 2 1 1 2  11010101110101011101010111011101110111001101010001011101110101011111110111011100110101000111110011010101111101011101010111010100011101011111110001011100111111010111110111111101011111001111110001110101 
5 0 0 3 0 2 0 0  10010000100100001001000010010100100101001001010010010100100100001001000010010100100100001001000010010000100100001001000010010000100100001001000010010000100100001001000010010000100101001001000010010000 
5 0 0 3 0 2 0 0  10010100100101001001000010010000100100001001000010010000100100001001000010010000100100001001000010010000100100001001000010010000100100001001000010010000100100001001000010010000100101001001000010010000 
5 0 0 3 0 2 0 0  10010000100101001001010010010000100101001001000010010000100100001001000010010000100100001001000010010000100100001001000010010000100100001001000010010000100100001001000010010000100100001001000010010000 
5 0 0 3 0 2 0 0  10010000100101001001000010010000100101001001000010010000100100001001000010010000100100001001000010010000100100001001000010010000100100001001000010010000100100001001000010010000100101001001010010010000 
7 0 0 1 0 0 0 0  10000000100000001001000010000000100100001001000010010000100100001001000010000000100100001001000010010000100100001001000010000000100100001001000010010000100000001001000010000000100000001001000010000000 
5 0 0 1 0 0 0 0  10000000100100001001000010000000100000001000000010010000100000001000000010000000100000001000000010000000100000001001000010000000100000001000000010000000100000001000000010000000100000001001000010000000 
2 4 2 3 2 1 1 2  01010101110101011101010101011101110111001111110001010101111101011111110011111101110111000111110011010100111101010111010111010101011101011111110101011100111101010111110111011100011111001111110001111100 
7 0 0 1 0 0 0 0  10000000100000001000000010010000100000001001000010010000100000001001000010000000100100001001000010010000100000001001000010000000100000001001000010010000100000001001000010000000100000001001000010000000 
2 2 2 3 2 1 2 1  11110101111111011111010111011111110111001101110011011101111101001111110011111111111101000111110011011100110101111111110111110101010101111111110111011101011101111111110111011101111111111111110011110100 
2 4 2 3 2 1 1 2  01010101110101010101010111011101110111001111110001010101111101011111110011111101110111000111110011011100111101010111010111010101011101011111110101011100111101010111110111111100011111001111110001110100 
2 4 2 3 2 1 1 2  11010101010101010101010111011101110111001101110001011101110101001111110011011100110101000111110011011101111101010101010111010100010101011111110001011100011111010111110111111101011111001111110001110100 
5 0 0 1 0 0 0 0  10010000100000001000000010000000100000001000000010000000100000001000000010000000100000001000000010010000100000001000000010000000100000001000000010000000100000001000000010000000100000001000000010000000 
2 4 2 3 2 1 1 2  11010101110101011111010111011101110111001101110011011101110101011111110011111101110101000111110011010100111101011111010111010100111101011111110101011100110101011111110111111101011111001111110001111101 
2 4 2 3 2 1 1 2  11010101010101011101010111011101110111001101010011010101110101011111110011111101110111000111110011010101101101011111010111010100011101011111110101011100111111010111110111011100011111001111110011111100 
5 0 0 1 0 0 0 0  10000000100100001001000010000000100000001000000010010000100000001001000010000000100000001000000010010000100000001000000010000000100000001000000010000000100000001001000010000000100000001001000010000000 
5 0 0 3 0 2 0 0  10010000100100001001010010010100100101001001010010010100100100001001000010010100100100001001000010010000100100001001000010010000100100001001000010010000100100001001000010010000100100001001000010010000 
5 0 0 1 0 0 0 0  10000000100100001001000010000000100000001001000010010000100000001001000010000000100000001000000010010000100000001001000010000000100000001000000010000000100000001001000010000000100000001001000010000000 
