6 0 0 0 0 0 0 0  10000000100000001000000010000000100000001000000010000000100000001000000010000000100000001000000010000000100000001000000010000000100000001000000010000000100000001000000010000000100000001000000010000000 
5 0 0 0 2 0 0 0  10001000100010001000000010000000100000001000000010001000100000001000100010000000100000001000000010000000100000001000000010000000100010001000000010000000100010001000000010000000100000001000100010000000 
2 3 2 2 2 1 2 0  11010101110101011101010101010101110101001101010011110100111111011111010111111111100101101101110111111100111111001111010111110101100111011110110111010011111111011111101111111101111011001101110111011100 
3 0 0 0 2 0 0 0  10001000100010001000100010000000100010001000100010001000100010001000100010001000100010001000100010001000100010001000000010000000100010001000100010001000100010001000100010000000100010001000100010001000 
0 0 0 0 1 0 0 0  11111111111111111111111111111111111111111111111111111110111111111111111011111111111111111111111111111111111111111111111111111111111111111111111111111111111111111111111111111111111111111111111111111111 
2 0 0 2 2 1 0 0  10010100100111001001110010011100100111011000110010001100100011001101010010011100100111001001100010001100100010001001010010010100100101011000110010001000101111001000110010001100001010001000100010001100 
5 0 0 0 2 0 0 0  10001000100000001000100010000000100000001000000010001000100000001000100010000000100000001000000010000000100000001000000010000000100010001000000010000000100010001000100010000000100000001000100010000000 
2 3 2 2 2 1 2 0  11111101111111011101110111011101110111001111110011111101110111011111010111111110100111100111110111011111111101011111010111110101101111011110111111011101111101011111111111111101111011111111110101111101 
3 0 0 0 2 1 0 0  10001000100011001000110010001000100010001000100010001000100010001000110010001000100010001000100010001000100010001000100010001000100010001000100010001000100010001000100010001000100010001000110010001100 
2 3 2 2 2 1 1 0  10011101100101011001110111010101110101001001110011111101110101011101010111011100101111101111110011111100101101011001010110110101110111011110110110111100100111011110101110011101001110111101010111011100 
3 0 0 0 2 1 0 0  10001000100010001000110010001000100011001000100010001000100010001000100010001100100010001000100010001100100010001000100010001000100010001000100010001000100010001000100010001000100010001000100010001000 
3 0 0 0 2 1 0 0  10001000100011001000100010001100100011001000110010001100100010001000110010001100100011001000100010001100100010001000110010001000100011001000100010001000100010001000100010001000100010001000100010001100 
4 0 2 2 2 1 1 0  10010100100101001001110011110101110101001001110011001111100001001111010010001101100101000111110010011100101101001001010010110100100111011111110010111000101111011111110110011101101100101001010010001100 
2 3 2 2 1 1 2 0  11111111111111111111111111111111111111111111111111111111111111111111011011111011111111110111111111111111111111111111110111111101111111111111111111111101111101111111101111111101111111111111101111111110 
3 0 0 2 2 1 0 0  10001100100111001000110010011100100011001000110010001100100011001001010010001100100011001000100010001100100110001001110010010100100111001000100010011000100011001000110010001100100011001000110010001100 
3 0 0 2 2 1 0 0  10001100100011001000110010001100100011001000110010001100100011001001010010001100100011001000100010001100100010001000110010011100100111001000100010001100100011001000110010001100100010001000110010001100 
2 3 2 2 2 1 2 0  11111101111111111111111111111111111111111111111111110111111111111111011111111011111111100111110111111111111111111111110111111101111111111110111111111101111101011111111110111101111111111111101111111110 
3 0 0 0 2 0 0 0  10001000100010001000000010001000100010001000100010001000100010001000100010000000100010001000100010000000100010001000100010000000100010001000000010001000100010001000000010000000100010001000100010000000 
6 0 0 0 2 0 0 0  10000000100010001000100010001000100010001000100010001000100010001000100010001000100010001000100010001000100010001000100010000000100010001000100010001000100010001000100010000000100010001000100010001000 
3 0 0 0 2 1 0 0  10001000100011001000100010001000100010001000100010001000100010001000100010001100100011001000100010001100100010001000100010001000100011001000100010001000100010001000100010001000100010001000100010001100 
3 0 0 0 2 1 0 0  10001100100011001000110010001100100011001000110010001000100011001000110010001100100010001000100010001100100010001000110010001100100011001000110010001000100010001000100010001100100010001000110010001100 
3 0 0 0 2 1 0 0  10001000100010001000100010001000100010001000100010001000100010001000100010001000100010001000100010001000100010001000100010001000100010001000100010001000100010001000100010001000100010001000110010001000 
2 3 2 2 2 1 2 0  11010101111101011101010101111101111111001111010011110101111111011111010101111111101111101111110111011101111111011111010111110101100111011110110111011111111111011111101111111101111011111111010111011100 
3 0 0 0 2 1 0 0  10001000100011001000100010001000100010001000110010001000100010001000100010001101100010001000100010001000100010001000110010001100100011001000100010001000100011001000100010001000100011001000100010001100 
3 0 0 0 2 1 0 0  10001100100010001000110010001000100011001000100010001000100010001000110010001100100011001000110010001100100010001000110010001000100011001000100010001000100011001000100010001000100010001000100010001100 
2 3 2 2 2 1 1 0  10010100100101011001110011010101110101001001110011011101100101001101010010001101100111000111110011111100101101011011010010110100110111011111110010111100101111011111111110011101001100101001010110001100 
3 0 0 0 2 1 0 0  10001000100010001000100010001000100010001000110010001000100010001000110010001000100011001000100010001100100010001000100010001000100010001000100010001000100010001000100010001000100010001000100010001100 
6 0 0 0 2 0 0 0  10000000100010001000100010000000100000001000000010000000100000001000000010000000100000001000000010000000100000001000000010000000100000001000000010000000100000001000000010000000100000001000100010000000 
3 0 0 0 2 1 0 0  10001000100010001000110010001000100011001000110010001000100010001000100010001100100011001000100010001100100010001000100010001000100011001000100010001000100010001000100010001000100010001000100010001100 
3 0 0 0 2 1 0 0  10001000100011001000110010001100100010001000100010001000100010001000110010001100100011001000100010001100100010001000100010001000100011001000100010001000100010001000100010001000100010001000100010001100 
3 0 0 0 2 1 0 0  10001100100011001000100010001000100010001000100010001000100010001000100010001000100010001000100010001100100010001000100010001000100010001000100010001000100010001000100010001000100010001000110010001000 
2 3 2 2 2 1 2 0  11011101111111011101010101011101111111001101110011111101111111011111010111111111100111100111110111011110111101011111010111110101100111011110111111111101111101011111111111111101111011111111010101111100 
7 0 0 0 2 0 0 0  10000000100000001000000010001000100010001000100010001000100000001000000010000000100010001000100010001000100000001000000010000000100000001000100010000000100010001000100010000000100000001000100010000000 
6 0 0 0 2 0 0 0  10000000100010001000100010000000100000001000000010001000100000001000000010000000100000001000000010001000100000001000000010000000100000001000100010000000100000001000000010000000100000001000100010000000 
3 0 0 0 2 0 0 0  10001000100010001000100010000000100000001000100010001000100000001000100010000000100000001000000010000000100000001000000010000000100010001000000010001000100010001000100010000000100000001000100010000000 
7 0 0 0 2 0 0 0  10000000100000001000100010000000100000001000000010000000100000001000000010000000100000001000000010000000100000001000000010000000100000001000000010000000100000001000000010000000100000001000100010000000 
6 0 0 0 2 0 0 0  10001000100010001000100010001000100010001000100010001000100010001000100010001000100010001000100010001000100010001000100010000000100010001000100010001000100010001000100010001000100010001000100010001000 
7 0 0 0 2 0 0 0  10000000100000001000000010000000100000001000000010001000100000001000000010000000100000001000000010001000100000001000000010000000100000001000100010000000100000001000100010000000100000001000100010000000 
3 0 0 0 2 1 0 0  10001000100011001000110010001100100011001000100010001100100010001000110010001100100011001000100010001100100010001000100010001000100011001000100010001000100010001000100010001000100010001000100010001100 
7 0 0 0 2 0 0 0  10000000100000001000000010000000100000001000000010000000100000001000000010000000100000001000000010001000100000001000000010000000100000001000000010000000100000001000100010000000100000001000100010000000 
3 0 0 0 2 1 0 0  10001000100010001000110010001100100011001000110010001100100010001000110010001100100011001000100010001100100010001000110010001100100011001000100010001000100010001000100010001000100010001000110010001100 
6 0 0 0 2 0 0 0  10001000100000001000000010000000100000001000000010000000100000001000000010000000100000001000000010001000100000001000000010000000100000001000000010000000100000001000000010000000100000001000100010000000 
3 0 0 0 2 1 0 0  10001100100010001000100010001100100011001000110010001000100010001000110010001100100011001000100010001100100010001000110010001100100010001000100010001000100010001000100010001000100010001000100010001100 
7 0 0 0 2 0 0 0  10000000100000001000100010000000100000001000100010001000100000001000000010000000100010001000000010001000100000001000000010000000100000001000100010000000100010001000100010000000100000001000100010000000 
6 0 0 0 2 0 0 0  10000000100010001000100010000000100000001000100010001000100000001000000010000000100010001000000010001000100000001000000010000000100000001000100010000000100000001000100010000000100000001000100010000000 
6 0 0 0 2 0 0 0  10000000100010001000100010001000100010001000100010001000100000001000100010000000100010001000000010001000100000001000000010000000100010001000100010001000100010001000100010000000100010001000100010001000 
7 0 0 0 2 0 0 0  10000000100000001000000010001000100000001000100010001000100000001000100010000000100000001000000010001000100000001000000010000000100000001000100010000000100010001000100010000000100000001000100010000000 
7 0 0 0 2 0 0 0  10000000100000001000100010000000100000001000000010001000100000001000100010000000100000001000000010001000100000001000000010000000100000001000000010000000100010001000100010000000100000001000100010000000 
7 0 0 0 2 0 0 0  10000000100000001000000010001000100010001000100010001000100000001000100010001000100000001000000010001000100000001000000010000000100010001000100010000000100000001000100010000000100010001000100010001000 
2 3 2 2 2 1 2 0  11011101110111011101010101011101110101001101110011111101111111011101010111111111100111100111110111111110111101011111010111110101110111011100111111111011111101011111111111111101111011111101110101111101 
7 0 0 0 2 0 0 0  10000000100010001000000010001000100000001000100010001000100000001000100010001000100010001000000010001000100000001000000010000000100010001000100010000000100010001000100010000000100010001000100010000000 
7 0 0 0 2 0 0 0  10000000100000001000100010001000100000001000100010001000100000001000100010000000100000001000000010001000100000001000000010000000100000001000100010000000100010001000100010000000100000001000100010000000 
6 0 0 0 2 0 0 0  10001000100000001000000010001000100010001000100010001000100000001000100010000000100000001000000010001000100000001000000010000000100000001000100010000000100000001000100010000000100000001000100010001000 
6 0 0 0 2 0 0 0  10001000100000001000000010001000100000001000100010001000100000001000000010000000100000001000000010001000100000001000000010000000100000001000100010000000100000001000100010000000100000001000100010000000 
3 0 0 0 2 1 0 0  10001000100010001000110010001000100010001000100010001000100010001000100010001000100010001000100010001100100010001000100010000000100010001000100010001000100010001000100010001000100010001000100010001000 
3 0 0 2 2 1 0 0  10001100100011011000110010001100100011001000110010001100100011001001010010001100100011001000100010001100100110001001110010010100100111001000100010001100100011001000110110001100100010001000110010001100 
2 3 2 2 2 1 1 0  10010101100101011001110011010101110101001001010011011101100101001101010010001101100111001111110011111100101101011011010010110100110111011111110010111100101111011111111110011101001100101001010110001100 
6 0 0 0 2 0 0 0  10000000100010001000100010001000100010001000100010001000100000001000100010000000100000001000000010001000100000001000000010000000100000001000100010001000100010001000100010000000100000001000100010000000 
6 0 0 0 2 0 0 0  10001000100000001000000010001000100010001000100010001000100000001000100010001000100000001000000010001000100000001000000010000000100010001000100010000000100010001000100010000000100010001000100010001000 
3 0 0 0 2 1 0 0  10001100100010001000100010001100100011001000110010001100100010001000110010001100100011001000100010001100100010001000110010001100100011001000100010001000100011001000100010001000100011001000100010001100 
3 0 0 0 2 1 0 0  10001100100011001000110010001000100011001000110010001000100010001000110010001000100010001000100010001100100010001000100010001000100011001000110010001000100010001000100010001000100010001000110010001100 
6 0 0 0 2 0 0 0  10000000100010001000100010001000100000001000100010001000100000001000100010000000100000001000000010001000100000001000000010000000100000001000100010001000100000001000100010000000100000001000100010000000 
7 0 0 0 2 0 0 0  10000000100010001000000010000000100000001000000010001000100000001000000010000000100000001000000010001000100000001000000010000000100000001000000010000000100000001000100010000000100000001000100010000000 
3 0 0 0 2 1 0 0  10001100100011001000100010001100100011001000110010001000100010001000110010001100100011001000100010001100100010001000110010001100100010001000100010001000100010001000100010001000100010001000100010001100 
6 0 0 0 2 0 0 0  10001000100000001000000010000000100000001000000010001000100000001000000010000000100000001000000010001000100000001000000010000000100000001000100010000000100000001000100010000000100000001000100010000000 
6 0 0 0 2 0 0 0  10001000100000001000100010001000100010001000100010001000100000001000000010000000100000001000000010001000100000001000000010000000100000001000100010000000100010001000100010000000100000001000100010000000 
3 0 0 0 2 1 0 0  10001100100010001000110010001000100010001000110010001000100010001000100010001000100010001000100010001100100010001000110010001000100011001000100010001000100010001000100010001000100010001000100010001100 
7 0 0 0 2 0 0 0  10000000100000001000100010001000100010001000100010001000100010001000100010000000100010001000100010001000100000001000000010000000100010001000100010000000100010001000100010000000100010001000100010000000 
3 0 0 0 2 1 0 0  10001000100010001000110010001100100011001000110010001000100010001000100010001100100010001000100010001100100010001000110010001000100011001000100010001000100010001000110010001000100010001000110010001100 
2 3 2 2 2 1 2 0  10010101100101011001110111010101100101001001110011111101100111001101010010111101100111001111110011111100111101011011010110110100110111011111111010011100101111011110101110011101111100101101010111011100 
7 0 0 0 2 0 0 0  10000000100000001000100010000000100000001000000010001000100000001000000010000000100000001000000010001000100000001000000010000000100000001000000010000000100000001000100010000000100000001000100010000000 
7 0 0 0 2 0 0 0  10000000100010001000000010001000100000001000100010001000100000001000000010000000100000001000100010001000100000001000000010000000100010001000100010000000100000001000100010000000100000001000100010001000 
7 0 0 0 2 0 0 0  10000000100000001000000010000000100000001000100010001000100000001000100010000000100010001000000010001000100000001000000010000000100000001000100010000000100000001000100010000000100000001000100010000000 
7 0 0 0 2 0 0 0  10000000100000001000000010000000100000001000100010001000100000001000100010000000100000001000000010001000100000001000000010000000100000001000000010000000100000001000100010000000100000001000100010000000 
7 0 0 0 2 0 0 0  10000000100010001000000010001000100000001000000010001000100000001000000010000000100000001000000010001000100000001000000010000000100000001000100010000000100000001000100010000000100000001000100010000000 
3 0 0 0 2 1 0 0  10001100100011001000100010001000100010001000110010001000100010001000100010001000100011001000100010001000100010001000100010001000100011001000100010001000100011001000100010001000100010001000100010001100 
3 0 0 0 2 1 0 0  10001100100010001000100010001000100010001000110010001000100010001000110010001100100010001000100010001000100010001000100010001100100011001000100010001000100011001000100010001000100010001000100010001100 
7 0 0 0 2 0 0 0  10000000100000001000100010001000100010001000100010001000100000001000100010000000100000001000000010001000100000001000000010000000100010001000100010001000100010001000100010000000100000001000100010000000 
7 0 0 0 2 0 0 0  10000000100010001000000010000000100000001000000010000000100000001000000010000000100000001000000010000000100000001000000010000000100000001000000010000000100000001000100010000000100000001000100010000000 
3 0 0 0 2 1 0 0  10001100100011001000110010001000100011001000100010001000100010001000100010001000100010001000100010001000100010001000100010001100100011001000100010001000100010001000100010001000100010001000100010001100 
7 0 0 0 2 0 0 0  10000000100000001000100010000000100000001000000010000000100000001000000010000000100000001000000010001000100000001000000010000000100000001000000010000000100000001000100010000000100000001000100010000000 
2 3 2 2 2 1 2 0  10010101100101011001110111110101110101001011010011111101111101011101010101111110101111101111110011011100111111011011010111110101100111011110110111111111101111011111101110011101001110111101010111011100 
3 0 0 0 2 1 0 0  10001100100011001000100010001000100011001000100010001000100010001000100010001100100010001000110010001100100010001000100010001000100011001000100010001000100011001000100010001000100010001000100010001100 
3 0 0 0 2 1 0 0  10001000100011001000110010001100100011001000110010001100100011001000110010001100100011001000100010001000100010001000110010001100100011001000100010001000100010001000110010001000100011001000100010001101 
3 0 0 0 2 1 0 0  10001100100010001000100010001000100010001000100010001000100010001000100010001000100010001000100010001100100010001000100010001000100010001000100010001000100010001000100010001000100010001000110010001100 
3 0 0 0 2 1 0 0  10001100100011001000110010001000100011001000110010001000100011001000110010001100100010001000100010001100100010001000110010001100100011001000100010001000100010001000110010001000100010001000110010001100 
7 0 0 0 2 0 0 0  10000000100000001000100010000000100010001000000010001000100010001000100010000000100010001000100010001000100000001000000010000000100010001000100010000000100010001000100010000000100000001000100010000000 
3 0 0 0 2 1 0 0  10001000100010001000100010001000100010001000110010001000100010001000100010001100100010001000100010001100100010001000110010001100100011001000100010001000100010001000100010001000100010001000100010001101 
6 0 0 0 2 0 0 0  10000000100010001000000010000000100000001000000010000000100000001000000010000000100000001000000010000000100000001000000010000000100000001000000010000000100000001000000010000000100000001000000010000000 
3 0 0 0 2 1 0 0  10001000100010001000100010001100100011001000110010001000100010001000110010001100100010001000100010001100100010001000100010001100100011001000100010001000100011001000100010001000100010001000100010001100 
3 0 0 0 2 1 0 0  10001100100010001000110010001000100010001000100010001000100010001000100010001000100010001000100010001100100010001000100010001000100011001000100010001000100010001000100010001000100010001000100010001100 
3 0 0 0 2 1 0 0  10001100100010001000100010001000100010001000100010001000100011001000100010001100100010001000100010001100100010001000100010001000100011001000100010001000100010001000100010001000100010001000100010001100 
3 0 0 0 2 1 0 0  10001000100011001000110010001100100011001000110010001000100011001000110010001100100010001000100010001100100010001000110010001100100011001000100010001000100010001000110010001000100010001000100010001100 
3 0 0 0 2 1 0 0  10001000100010001000100010001000100011001000110010001000100010001000110010001100100011001000100010001100100010001000110010001000100011001000100010001000100010001000100010001000100010001000100010001100 
6 0 0 0 2 0 0 0  10001000100000001000100010001000100010001000100010001000100000001000100010000000100010001000000010001000100010001000100010000000100000001000100010000000100010001000000010000000100000001000100010001000 
7 0 0 0 2 0 0 0  10000000100010001000000010000000100000001000100010001000100000001000100010000000100000001000000010001000100000001000000010000000100000001000100010000000100000001000100010000000100010001000100010000000 
3 0 0 0 2 1 0 0  10001100100011001000110010001000100010001000100010001000100010001000110010001000100010001000100010001100100010001000100010001000100010001000100010001000100010001000100010001000100010001000110010001000 
3 0 0 0 2 1 0 0  10001100100011001000100010001100100011001000110010001100100011001000110010001100100011001000100010001100100010001000110010001100100011001000100010001000100010001000110010001000100010001000100010001100 
7 0 0 0 2 0 0 0  10000000100000001000000010000000100000001000000010000000100000001000000010000000100000001000000010000000100000001000000010000000100000001000000010000000100000001000000010000000100000001000100010000000 
2 3 2 2 2 1 1 0  11111101111111011111110111011111111111111111111111110111111111111111010111111111111111111111110111111101111111111111010111110111111111111110111111111101111111011111111111111101111111111111111111111110 
