6 0 0 0 0 0 0 0  10000000100000001000000010000000100000001000000010000000100000001000000010000000100000001000000010000000100000001000000010000000100000001000000010000000100000001000000010000000100000001000000010000000 
4 0 0 3 0 0 0 0  10010000100100001001000010010000100100001001000010010000100100001001000010010000100100001001000010010000100100001001000010010000100100001001000010010000100100001001000010010000100100001001000010010000 
0 0 0 1 0 0 0 0  11111111111111111111111111111111111111111111111111111111111111111111111111111110111111101111111111111110111111111111111111111111111111111111111111111111111111111111111111111111111111111111111111111110 
2 0 0 3 0 2 0 0  10010101100101001001010110010100100101001001010010010101100101001001001010010100100100001001010010010100100100001001110010010100100101001001010010010000100101001001010010010100100101001001001010011100 
2 0 2 3 2 2 2 2  11111111111111111111111111011111111111111111111111111110111111111111010111111110110111111111011111111101111111011101111111111111111111011111111111011111110111111111110110111111111111011111110011111111 
2 0 2 3 2 2 2 2  11010101110101011101010111010111110111011111110111010101111111011101010010111100110111111111001011111101111111011101101111111101111111011101010111011111110111001101110011111111110111011101110111111101 
2 1 2 3 2 2 2 2  10010101100101011001010110010100100101001101010010011010101101111011010011010100110111101101011010011101110101001111111010011100100111011001011111110111100101111001110111111101110111001101001110011101 
4 0 0 3 0 0 0 0  10010000100100001001000010010000100000001000000010010000100100001000000010010000100100001001000010010000100100001000000010000000100000001000000010010000100100001001000010010000100100001001000010010000 
4 0 0 3 0 2 0 0  10010100100101001001010010010100100101001001010010010100100100001001010010010000100100001001010010010100100100001001000010010000100100001001000010010000100100001001000010010000100101001001000010010000 
4 0 0 3 0 2 0 0  10010100100101001001010010010100100101001001010010010101100100001001010010010100100100001001010010010100100100001001010010010100100100001001010010010000100101001001010010010100100101001001000010011100 
6 0 0 1 0 0 0 0  10000000100100001000000010000000100000001000000010010000100100001001000010000000100000001001000010000000100000001001000010010000100000001001000010010000100100001001000010000000100100001001000010010000 
6 0 0 1 0 0 0 0  10000000100000001001000010000000100000001000000010010000100000001001000010000000100000001000000010000000100000001000000010000000100000001000000010000000100000001001000010000000100000001000000010000000 
6 0 0 1 0 0 0 0  10000000100000001001000010000000100000001000000010000000100000001001000010000000100000001000000010000000100000001000000010000000100000001000000010000000100000001000000010000000100000001000000010000000 
6 0 0 0 0 0 0 0  10000000100100001000000010000000100000001000000010000000100000001000000010000000100000001000000010000000100000001000000010000000100000001000000010000000100000001000000010000000100000001000000010000000 
2 0 2 3 2 2 2 2  11010101110101011101010111011100110101011101010110010100111101001101010011111100100111111111001011011100111111001100100111011001110111010101010111010111110101101101110011111100111011001001100111011100 
4 0 0 3 0 2 0 2  10010101100101001001010010010100100101011001010010010101100101001001000010010100100100001001010010010100100100001001010010010100100100001001010010010000100101001001010010010100100101001001001010011100 
4 0 0 3 0 2 0 2  10010101100101001001010010010100100101001001010010010100100100001001010010010100100100001001010010010100100100001001000010010000100100001001010010010000100101001001010010010100100101001001000010010100 
6 0 0 1 0 0 0 0  10000000100100001001000010000000100000001000000010000000100000001000000010000000100000001000000010000000100000001001000010010000100000001000000010000000100000001000000010000000100000001001000010000000 
6 0 0 3 0 0 0 0  10010000100000001000000010000000100000001000000010000000100000001000000010000000100000001000000010000000100000001000000010000000100000001000000010000000100000001000000010000000100000001001000010000000 
6 0 0 1 0 0 0 0  10000000100000001001000010000000100000001000000010010000100000001001000010000000100100001000000010000000100000001001000010000000100000001000000010000000100000001001000010000000100000001001000010000000 
4 0 0 3 0 2 0 0  10010000100100001001000010010100100101001001000010010000100100001001000010010000100100001001010010010000100100001001000010010000100100001001000010010000100100001001000010010000100100001001000010010000 
6 0 0 3 0 0 0 0  10010000100000001000000010010000100000001001000010010000100100001001000010010000100000001001000010010000100000001001000010010000100100001001000010010000100000001001000010000000100000001001000010000000 
4 0 0 3 0 2 0 0  10010100100101001001010010010100100101001001000010010000100100001001000010010000100100001001010010010100100100001001000010010000100100001001000010010000100100001001000010010000100100001001000010010000 
4 0 0 3 0 0 0 0  10010000100100001001000010000000100000001000000010010000100000001001000010010000100000001000000010010000100000001001000010000000100000001000000000010000100000001001000010000000100000001000000010000000 
4 0 0 3 0 2 0 0  10010000100101001001000010010100100101001001010010010100100100001001000010010100100100001001010010010100100100001001010010010000100100001001000010010000100100001001000010010000100100001001000010010100 
6 0 0 1 0 0 0 0  10000000100100001000000010010000100000001000000010010000100100001001000010000000100100001001000010010000100000001001000010000000100100001001000010010000100100001001000010000000100100001001000010010000 
4 0 0 3 0 2 0 0  10010100100101001001010010010100100101001001010010010101100100001001010010010100100100001001010010010100100100001001010010010100100100001001010010010000100100001001000010010100100100001001000010010100 
4 0 0 3 0 0 0 0  10010000100100001000000010000000100000001000000010010000100000001001000010000000100000001000000010010000100000001001000010000000100000001000000010010000100000001000000010000000100000001000000010000000 
6 0 0 1 0 0 0 0  10000000100100001000000010000000100000001000000010000000100000001000000010000000100000001001000010000000100000001001000010010000100000001000000010000000100000001000000010000000100000001001000010000000 
2 0 2 3 2 2 2 2  11111101111101011111010111011110111101011111110111111100111101011101010011111100110110111111001011111101111101111111111111111100111111011001110111111111110111011101110011111111111111011101110111011101 
4 0 0 3 0 2 0 0  10010000100100001001010010010100100101001001010010010000100100001001010010010000100100001001010010010100100100001001000010010000100100001001000010010000100100001001000010010000100100001001000010010100 
4 0 0 3 0 2 0 0  10010100100100001001010010010100100101001001010010010100100100001001010010010100100100001001010010010100100100001001010010010000100100001001000010010000100100001001000010010000100100001001000010010100 
4 0 0 3 0 2 0 0  10010000100101001001010010010000100100001001000010010100100100001001000010010000100100001001000010010100100100001001000010010000100100001001000010010000100100001001000010010000100100001001000010010000 
4 0 0 3 0 2 0 0  10010100100100001001010010010000100101001001010010010100100100001001000010010000100100001001010010010100100100001001000010010000100100001001000010010000100100001001000010010000100100001001000010010100 
4 0 0 3 0 2 0 0  10010000100101001001010010010100100100001001010010010100100100001001000010010000100100001001000010010000100100001001000010010000100100001001000010010000100100001001000010010000100100001001000010010100 
4 0 0 3 0 2 0 0  10010000100101001001010010010100100101001001010010010101100100001001010010010100100100001001010010010100100100001001010010010000100100001001010010010000100100001001000010010100100101001001000010010100 
4 0 0 3 0 2 0 0  10010100100100001001000010010000100100001001000010010100100100001001000010010000100100001001000010010100100100001001000010010000100100001001000010010000100100001001000010010000100100001001000010010000 
2 0 2 3 2 2 2 2  10010101100101011111010111010100110101011111010110111110111101011111010011101100110110111111001010011101111101001111111010011100111111011001011110010101100101111101110111111111111111001101111111111101 
6 0 0 1 0 0 0 0  10000000100000001000000010000000100000001000000010010000100000001001000010000000100000001000000010000000100000001000000010000000100000001000000010000000100000001001000010000000100000001000000010000000 
4 0 0 3 0 2 0 0  10010100100100001001010010010000100101001001000010010100100100001001000010010000100100001001000010010100100100001001000010010000100100001001000010010000100100001001000010010000100100001001000010010000 
4 0 0 3 0 2 0 0  10010000100101001001010010010000100101001001010010010100100100001001010010010100100100001001010010010100100100001001000010010000100100001001000010010000100100001001000010010100100101001001000010010100 
4 0 0 3 0 2 0 0  10010000100101001001010010010000100101001001010010010000100100001001010010010000100100001001010010010100100100001001000010010000100100001001000010010000100100001001000010010000100101001001000010010100 
4 0 0 3 0 0 0 0  10010000100100001000000010010000100000001001000010010000100100001001000010000000100000001000000010010000100000001001000010000000100100001000000010010000100000001001000010000000100000001001000010000000 
6 0 0 1 0 0 0 0  10000000100000001000000010000000100000001000000010010000100000001000000010000000100000001000000010000000100000001000000010000000100000001000000010000000100000001000000010000000100000001000000010000000 
4 0 0 3 0 2 0 0  10010100100100001001010010010000100100001001000010010000100100001001000010010000100100001001000010010000100100001001000010010000100100001001000010010000100100001001000010010000100100001001000010010000 
4 0 0 3 0 2 0 0  10010100100100001001000010010100100101001001010010010100100100001001000010010000100100001001010010010000100100001001000010010000100100001001000010010000100100001001000010010000100100001001000010010100 
6 0 0 1 0 0 0 0  10000000100100001000000010000000100000001001000010010000100100001001000010000000100000001000000010010000100000001001000010000000100000001000000010010000100000001000000010010000100000001000000010000000 
4 0 0 3 0 2 0 0  10010000100101001001000010010000100101001001010010010100100100001001000010010000100100001001010010010100100100001001000010010000100100001001000010010000100100001001000010010000100100001001000010010100 
4 0 0 3 0 2 0 0  10010100100101001001000010010000100101001001000010010100100100001001000010010000100100001001010010010100100100001001000010010000100100001001000010010000100100001001000010010000100100001001000010010100 
4 0 0 3 0 2 0 0  10010000100101001001000010010100100101001001010010010100100101001001010010010100100100001001010010010100100101001001010010010000100100001001010010010000100100001001000010010000100100001001000010010100 
4 0 0 3 0 2 0 0  10010100100100001001010010010100100101001001010010010100100100001001010010010100100100001001010010010100100100001001010010010000100100001001010010010000100100001001010010010100100101001001000010010100 
4 0 0 3 0 2 0 0  10010000100100001001010010010000100101001001010010010000100100001001000010010000100100001001010010010000100100001001000010010000100100001001000010010000100100001001000010010000100100001001000010010100 
6 0 0 1 0 0 0 0  10000000100100001001000010000000100000001000000010010000100000001000000010000000100000001000000010000000100000001001000010010000100000001000000010000000100100001001000010000000100000001001000010000000 
4 0 0 3 0 2 0 0  10010000100101001001000010010000100101001001000010010100100100001001000010010000100100001001010010010100100100001001000010010000100100001001000010010000100100001001000010010000100100001001000010010000 
6 0 0 1 0 0 0 0  10000000100000001001000010000000100000001000000010010000100000001001000010000000100000001000000010010000100000001001000010000000100100001000000010010000100000001001000010000000100000001001000010000000 
4 0 0 3 0 2 0 0  10010000100100001001010010010000100101001001010010010100100100001001010010010100100100001001010010010100100100001001010010010000100100001001000010010000100100001001000010010100100101001001000010010100 
2 0 2 3 2 2 2 2  11110101110101011101010111010111110111011111110111010101111101011101010010011100110111111101001011111101110111011101110111111101111111011111010111011110110111001101010011111111110111011101110111111101 
6 0 0 1 0 0 0 0  10000000100100001001000010010000100000001000000010010000100000001001000010000000100100001000000010010000100000001000000010000000100000001000000010010000100100001000000010000000100000001001000010000000 
6 0 0 3 0 0 0 0  10000000100100001001000010010000100000001001000010010000100100001000000010000000100100001001000010010000100000001001000010000000100100001001000010010000100100001001000010010000100100001001000010010000 
4 0 0 3 0 2 0 0  10010100100100001001000010010100100101001001010110010100100100001001010010010000100100001001010010010100100100001001000010010000100100001001010010010000100100001001000010010100100100001001000010010100 
6 0 0 3 0 0 0 0  10010000100000001000000010000000100000001000000010010000100000001001000010000000100000001000000010000000100000001000000010000000100000001000000010000000100100001000000010000000100000001001000010000000 
6 0 0 1 0 0 0 0  10000000100000001000000010000000100000001000000010010000100100001001000010000000100000001001000010000000100000001001000010010000100000001001000010010000100100001001000010000000100000001001000010010000 
4 0 0 3 0 2 0 0  10010000100100001001010010010000100100001001000010010000100100001001000010010000100100001001000010010000100100001001000010010000100100001001000010010000100100001001000010010000100100001001000010010000 
6 0 0 1 0 0 0 0  10000000100100001001000010010000100000001000000010010000100000001001000010000000100100001000000010010000100000001001000010010000100100001000000010010000100100001001000010000000100000001001000010000000 
4 0 0 3 0 2 0 0  10010100100101001001000010010100100101001001010010010100100100001001000010010000100100001001010010010000100100001001000010010000100100001001000010010000100100001001000010010000100101001001000010010100 
4 0 0 3 0 2 0 0  10010000100100001001010010010000100101001001000010010000100100001001000010010000100100001001010010010000100100001001000010010000100100001001000010010000100100001001000010010000100100001001000010010000 
2 0 2 3 2 2 2 2  11111101111111111111111111011110111111111111111111111111111111111111110011111110111111111111111111111111111111111111110111111111111111111111111111011111111111111111110111111110111111011111111111111111 
4 0 0 3 0 2 0 0  10010000100100001001000010010100100101001001010010010100100100001001000010010000100100001001000010010100100100001001000010010000100100001001000010010000100100001001000010010000100100001001000010010000 
6 0 0 1 0 0 0 0  10000000100100001000000010000000100000001000000010010000100000001001000010000000100100001000000010000000100000001001000010000000100000001000000010000000100000001000000010000000100100001001000010000000 
6 0 0 3 0 0 0 0  10010000100000001000000010010000100000001001000010010000100100001001000010000000100000001000000010010000100000001001000010000000100000001000000010010000100000001000000010000000100000001001000010010000 
6 0 0 3 0 0 0 0  10010000100000001001000010000000100000001000000010010000100000001001000010000000100000001000000010000000100000001000000010000000100000001000000010000000100000001000000010000000100000001001000010010000 
4 0 0 3 0 2 0 0  10010100100101001001010010010000100100001001000010010100100100001001000010010000100100001001000010010000100100001001000010010000100100001001000010010000100100001001000010010000100100001001000010010000 
6 0 0 1 0 0 0 0  10000000100000001001000010010000100000001001000010010000100100001000000010000000100000001001000010010000100000001000000010000000100100001001000010000000100100001000000010000000100100001001000010000000 
4 0 0 3 0 2 0 0  10010100100100001001000010010000100101001001000010010100100100001001000010010000100100001001000010010100100100001001000010010000100100001001000010010000100100001001000010010000100100001001000010010100 
6 0 0 1 0 0 0 0  10000000100000001000000010010000100000001001000010010000100100001000000010000000100000001001000010010000100000001001000010000000100000001001000010010000100100001001000010010000100000001001000010000000 
2 0 2 3 2 2 2 2  10010101100111011111010111010100111101011111010010111110111111011111110011101110110110111111001010011101111101001101111110011100111111011001111011010100100101111101110111111111111111001111111111111101 
6 0 0 1 0 0 0 0  10000000100000001001000010010000100000001001000010000000100000001001000010000000100000001001000010000000100000001001000010000000100100001000000010000000100100001001000010000000100000001001000010000000 
2 0 2 3 2 2 2 2  11110101111101011111110111011111111111111111110111110101111111011111010111111110110111111111111011111101110111011101110111111111110111011111110111110111110111001111110011111111111111010111110111111101 
4 0 0 3 0 2 0 0  10010000100101001001000010010000100100001001000010010000100100001001000010010000100100001001010010010100100100001001000010010000100100001001000010010000100100001001000010010000100100001001000010010000 
6 0 0 3 0 0 0 0  10010000100000001000000010000000100000001001000010010000100100001001000010000000100000001000000010010000100000001000000010000000100000001000000010010000100000001000000010000000100000001001000010000000 
2 0 2 3 2 2 2 2  11110101111101011101010111010110111111011111110111011101111101011101010010111100110111111111001011111101110111011101110111111101111111011001010111011111110111001101110011111111111111011101110111111101 
2 0 2 3 2 2 2 2  11111101111111111111110111011111111111111111111011111100111111011101010111111110110111111111111111111101111111011111110111111111111111111111111111011111110111011111110111111101111111011111111111111111 
4 0 0 3 0 2 0 0  10010100100101001001000010010100100101001001010010010100100100001001010010010100100100001001010010010100100100001001010010010000100100001001000010010000100100001001000010010100100100001001000010010100 
6 0 0 1 0 0 0 0  10000000100000001001000010010000100100001001000010010000100100001001000010000000100000001001000010010000100000001001000010000000100100001001000010000000100100001001000010000000100000001001000010000000 
4 0 0 3 0 2 0 0  10010000100100001001000010010100100101001001010010010100100100001001010010010000100100001001010010010100100100001001000010010000100100001001000010010000100100001001000010010000100100001001000010010100 
2 0 2 3 2 2 2 2  11111101111111011111110111011111111111111111111111111100111111011101010111111110110111111111111111111101111111011111110111111111111111111111111111011111110111011111110111111101111111011111111111111111 
4 0 0 3 0 0 0 0  10010000100000001001000010010000100100001001000010010000100000001001000010000000100000001000000010010000100000001001000010000000100000001000000010000000100100001000000010000000100000001001000010010000 
4 0 0 3 0 0 0 0  10010000100000001001000010010000100100001001000010010000100100001001000010000000100100001000000010010000100000001001000010000000100000001001000010010000100100001001000010000000100000001001000010000000 
6 0 0 1 0 0 0 0  10000000100000001000000010000000100000001000000010010000100000001000000010000000100000001000000010000000100000001001000010010000100000001000000010000000100100001001000010000000100000001001000010010000 
2 1 0 3 2 2 0 2  10010101100101011001010010010100100101001101010010010010100101011001001011010100100101001101010010010101100100001001110010011101100111011001010110010010100100101001010110011100100101001101001010011101 
4 0 0 3 0 2 0 0  10010000100100001001000010010100100101001001010010010100100100001001010010010000100100001001010010010100100100001001010010010000100100001001000010010000100101001001010010010000100100001001000010010100 
4 0 0 3 0 0 0 0  10010000100000001001000010010000100000001001000010010000100000001001000010000000100000001000000010000000100000001000000010000000100000001000000010000000100100001000000010000000100000001001000010000000 
2 0 2 3 2 2 2 2  11111101111111011111110111011111111101111111110111110101111111011101010010111100110111011111011011111101111111011101111111111101110111011111110111011111110111011111110011111111110111010111110111011101 
6 0 0 1 0 0 0 0  10000000100000001000000010010000100100001001000010010000100000001001000010000000100000001001000010010000100000001001000010000000100100001000000010010000100100001001000010000000100000001001000010000000 
6 0 0 1 0 0 0 0  10000000100000001001000010010000100100001001000010010000100000001001000010000000100000001001000010010000100000001001000010000000100100001000000010000000100100001001000010000000100000001001000010000000 
2 1 0 3 2 2 2 2  10010101100101011001010010010100100101001101010010010010100101011001011011010100100101001101010010010101100101001011110010001101100111011001010111110011100100101001010110011110100111001101001110011101 
6 0 0 3 0 0 0 0  10000000100100001001000010010000100000001000000010010000100100001001000010000000100000001001000010010000100000001001000010010000100100001000000010010000100100001001000010000000100000001001000010010000 
6 0 0 1 0 0 0 0  10000000100000001000000010000000100000001001000010000000100100001001000010000000100000001001000010000000100000001001000010010000100000001001000010000000100000001000000010010000100000001001000010000000 
6 0 0 1 0 0 0 0  10000000100000001000000010000000100000001000000010000000100000001001000010000000100000001000000010000000100000001001000010010000100100001000000010010000100100001000000010000000100000001000000010000000 
4 0 0 3 2 2 2 2  10010101100101011001010010010100100111001101010010010100100111011001100010010000100101001101101010010101100111001001000010010101100101011001010010010011100100101001010010011100100101001101001110011101 
