6 0 0 0 0 0 0 0  10000000100000001000000010000000100000001000000010000000100000001000000010000000100000001000000010000000100000001000000010000000100000001000000010000000100000001000000010000000100000001000000010000000 
0 0 0 0 0 0 0 0  11111111111111111111111111111111111111111111111111111111111111111111111111111111111111111111111011111111111111111111111111111111111111111111111111111111111111111111111111111111111111111111111111111111 
4 0 0 3 0 0 0 0  10010000100100001001000010010000100100001001000010010000100100001001000010010000100100001001000010010000100100001001000010010000100100001001000010010000100100001001000010010000100100001001000010010000 
2 3 0 1 1 2 1 1  11010101110101011101010110010100100101011001010010010100110100001101110010010100100101001101010110010100110101011001001010011100110101001101100010010101100111001001010010011100100101001101010010010100 
2 3 0 1 2 2 1 1  11111101111111011101010111111100111011011101110111111101110111001101110111111100111101101111001111110101111101111101001110011101110101011101110011010101111101001111110110111101100111001101110111010101 
2 3 0 1 2 2 1 1  11110101111111011101010111011101111011011001110111111101110101001111010111111100111101001111001111110100110101011101001011011101110101001101110011010101101101001111010110110101100101001101110111011101 
4 0 0 3 0 2 0 0  10010100100101001001010010010100100101001001010010010100100100001001000010010100100101001001010010010100100101011001010010010000100101001001010010010000100101001001010010010100100101001001010110010100 
2 0 0 1 1 2 1 1  11111101111111011111110111111111111111011111111111111111110111111111110111110101111101110111111011111111111101111111111111111111111111111111111111010111111111111111111111111101111111111101110111011010 
2 0 0 4 1 2 1 1  10011101100101011001010110010101100101011001010110010100100101101001010010011100100111101001010010110100100101011101111010011100100101001011010010010100100111001001110010010101100101001101010010001100 
4 0 0 3 1 2 0 1  10010101100101011001010010010100100101011001010010010100100101001001010010010100100111001001010010010100100101011101010010011100100101001001010010010100100111001001110010010100100101001001010010011100 
0 0 0 1 1 2 1 1  11111111111111111111110111111111111111111111111011111111111111111101111111111111111111111111111111111111111111011111101111111101111101111111110111111101110111111111111111110101111111101111111011111011 
4 0 0 3 1 2 0 1  10010101100101011001010010010100100101001001010010010100100100001001010010010100100111001001010010010100100101011001010010010100100111001001000010010100100111001001010010010100100101001001010010011100 
6 0 0 2 0 0 0 0  10000000100000001001000010000000100000001000000010000000100000001000000010000000100000001000000010000000100000001000000010000000100000001001000010000000100000001000000010000000100000001000000010000000 
5 0 0 3 0 0 0 0  10010000100100001000000010000000100000001000000010000000100000001000000010000000100000001000000010000000100100001000000010000000100000001000000010000000100000001000000010000000100000001001000010000000 
4 0 0 3 0 2 0 0  10010100100101001001010010010100100101001001010010010100100100001001000010010100100100001001000010010100100100001001010010010000100101001001000010010000100101001001000010010100100100001001010010010100 
6 0 0 2 0 0 0 0  10000000100100001000000010000000100000001000000010000000100000001000000010000000100000001000000010000000100100001000000010000000100000001000000010000000100000001000000010000000100000001001000010000000 
5 0 0 3 0 0 0 0  10010000100000001001000010000000100100001001000010010000100000001001000010000000100000001000000010010000100000001001000010010000100100001001000010010000100000001001000010000000100000001001000010000000 
6 0 0 2 0 0 0 0  10000000100000001001000010000000100000001000000010000000100000001000000010000000100000001001000010000000100000001000000010000000100000001001000010010000100000001001000010000000100000001000000010000000 
4 0 0 3 0 2 0 0  10010000100101001001000010010100100101001001010010010100100100001001000010010000100100001001000010010000100100001001000010010000100100001001000010010000100100001001000010010100100101001001000010010100 
6 0 0 2 0 0 0 0  10000000100000001001000010000000100000001000000010010000100100001001000010000000100000001000000010010000100000001001000010010000100000001001000010010000100000001001000010000000100000001001000010000000 
4 0 0 3 0 2 0 0  10010100100101001001000010010000100101001001010010010000100100001001000010010000100100001001000010010000100100001001000010010000100100001001000010010000100100001001000010010000100101001001010010010000 
6 0 0 2 0 0 0 0  10000000100000001001000010010000100000001001000010010000100100001001000010010000100100001001000010000000100000001001000010010000100100001001000010010000100100001001000010000000100100001001000010000000 
6 0 0 2 0 0 0 0  10000000100000001000000010000000100000001000000010010000100000001001000010000000100000001001000010000000100000001001000010010000100000001000000010010000100100001001000010000000100000001001000010000000 
4 0 0 3 0 2 0 0  10010000100101001001000010010100100100001001010010010100100100001001000010010000100100001001000010010100100100001001000010010000100100001001000010010000100100001001000010010100100100001001000010010000 
5 0 0 3 0 0 0 0  10010000100000001001000010000000100000001000000010010000100000001000000010000000100000001000000010000000100000001000000010000000100000001000000010010000100000001000000010000000100000001001000010000000 
4 0 0 3 0 2 0 0  10010000100101001001000010010100100101001001010010010100100100001001000010010100100100001001000010010100100100001001000010010000100101001001000010010000100100001001000010010100100101001001010010010100 
4 0 0 3 0 2 0 0  10010000100100001001010010010000100100001001000010010000100100001001000010010000100100001001000010010100100100001001000010010000100100001001000010010000100100001001000010010000100100001001010010010000 
4 0 0 3 0 2 0 0  10010100100101001001000010010100100101001001000010010000100100001001000010010000100100001001000010010100100100001001010010010000100101001001000010010000100100001001010010010100100100001001010010010100 
4 0 0 3 0 2 0 0  10010100100100001001000010010100100101001001010010010100100100001001000010010100100100001001000010010100100100001001000010010000100101001001000010010000100100001001000010010100100101001001010010010100 
4 0 0 3 0 2 0 0  10010000100101001001010010010100100101001001010010010100100100001001000010010100100100001001000010010100100100001001010010010000100101001001000010010000100101001001010010010100100101001001010110010100 
0 0 0 1 1 1 1 0  11111101111111111111110111111111111111011111111111111111111111111111111111110111111111111111111111111110111111111111111111111111111111111111111111111111111111111111111111111101111111111111111111111011 
4 0 0 3 0 2 0 0  10010100100100001001010010010100100101001001010010010100100100001001000010010100100100001001000010010100100100001001010010010000100101001001000010010000100100001001010010010100100101001001010010010100 
6 0 0 2 0 0 0 0  10000000100000001000000010000000100000001001000010010000100100001001000010010000100000001001000010010000100000001000000010010000100000001000000010010000100000001001000010000000100000001001000010000000 
4 0 0 3 0 2 0 0  10010000100100001001010010010000100101001001010010010000100100001001000010010000100100001001000010010000100100001001000010010000100100001001000010010000100100001001000010010000100101001001000010010000 
6 0 0 2 0 0 0 0  10000000100100001001000010000000100000001000000010000000100000001000000010000000100000001000000010000000100000001000000010000000100000001001000010000000100000001000000010000000100000001001000010000000 
6 0 0 2 0 0 0 0  10000000100000001000000010000000100000001000000010010000100000001000000010000000100100001000000010010000100000001001000010000000100000001000000010010000100000001001000010000000100000001001000010000000 
6 0 0 2 0 0 0 0  10000000100100001000000010010000100000001000000010010000100000001001000010000000100000001001000010000000100000001001000010010000100100001001000010010000100100001001000010000000100000001001000010000000 
6 0 0 2 0 0 0 0  10000000100100001001000010000000100000001000000010010000100000001001000010000000100000001000000010000000100000001001000010000000100000001001000010000000100000001000000010000000100000001001000010000000 
4 0 0 3 0 2 0 0  10010100100101001001000010010100100101001001010010010100100100001001000010010100100100001001000010010100100100001001010010010000100100001001000010010000100100001001010010010100100101001001010010010100 
6 0 0 2 0 0 0 0  10000000100100001001000010010000100100001000000010010000100100001001000010000000100000001001000010010000100000001001000010010000100100001001000010010000100100001001000010000000100000001001000010010000 
2 3 0 1 1 2 1 1  11010101111101011101010111011101111111011001010010010101110101001111010110111100111101001101001111110100110101011101001011011101110101001101110011010101101101001101110110010101100101001101110011011100 
5 0 0 3 0 0 0 0  10010000100000001001000010000000100000001000000010010000100100001001000010000000100000001000000010000000100000001001000010000000100000001000000010010000100000001001000010000000100000001001000010000000 
6 0 0 2 0 0 0 0  10000000100000001001000010000000100100001001000010010000100000001001000010000000100100001000000010010000100000001001000010010000100100001001000010010000100000001001000010000000100000001001000010000000 
4 0 0 3 0 2 0 0  10010000100101001001010010010100100101001001010010010100100100001001000010010100100100001001000010010100100100001001000010010000100100001001000010010000100100001001000010010100100101001001010010010101 
6 0 0 2 0 0 0 0  10000000100000001000000010010000100000001001000010010000100100001001000010000000100100001000000010010000100000001001000010010000100000001000000010010000100000001001000010000000100000001001000010010000 
4 0 0 3 0 2 0 0  10010100100101001001010010010000100100001001010010010000100100001001000010010000100100001001000010010000100100001001000010010000100100001001000010010000100100001001000010010000100101001001000010010000 
4 0 0 3 0 2 0 1  10010101100101001001010010010100100101001001010010010100100100001001000010010100100101001001000010010100100101011001010010010000100101001001000010010000100101001001010010010100100101001001010010010100 
6 0 0 2 0 0 0 0  10000000100000001001000010010000100000001000000010010000100100001001000010000000100100001000000010010000100000001001000010010000100000001001000010010000100000001001000010000000100000001001000010000000 
5 0 0 3 0 0 0 0  10010000100000001000000010000000100000001000000010010000100000001000000010000000100000001001000010010000100000001000000010000000100000001000000010010000100000001000000010000000100000001000000010000000 
6 0 0 2 0 0 0 0  10000000100100001000000010010000100000001000000010010000100000001001000010000000100000001000000010000000100000001001000010000000100000001001000010000000100000001000000010000000100000001001000010000000 
2 3 0 1 1 2 1 1  11010101110101011101010111010101111111011001010010010101110100101101110010011100110101001101000111110100110101011001001011011101110101001101110011010101101101001101110010011101100101001101110011011100 
4 0 0 3 0 2 0 0  10010100100101001001010010010100100101001001010010010100100100001001000010010100100100001001000010010100100100001001000010010000100100001001000010010000100100001001000010010000100101001001000010010100 
4 0 0 3 0 2 0 0  10010100100101001001010010010000100101001001010010010000100100001001000010010000100100001001000010010100100100001001000010010000100100001001000010010000100100001001000010010000100100001001010010010100 
6 0 0 2 0 0 0 0  10000000100100001000000010000000100000001000000010010000100000001000000010000000100000001000000010000000100100001000000010000000100000001000000010010000100000001000000010000000100000001001000010000000 
4 0 0 3 0 2 0 0  10010100100100001001000010010000100101001001000010010000100100001001000010010000100100001001000010010000100100001001000010010000100100001001000010010000100100001001000010010000100100001001000010010000 
4 0 0 3 0 2 0 0  10010000100100001001000010010000100101001001000010010000100100001001000010010000100100001001000010010000100100001001000010010000100100001001000010010000100100001001000010010100100101001001010010010100 
4 0 0 3 0 0 0 0  10010000100100001001000010010000100100001001000010010000100100001001000010010000100000001001000010000000100100001000000010010000100100001001000010010000100100001001000010000000100100001001000010010000 
4 0 0 3 0 2 0 0  10010000100101001001000010010000100100001001000010010000100100001001000010010000100100001001000010010000100100001001000010010000100100001001000010010000100100001001000010010100100100001001010010010100 
4 0 0 3 0 2 0 0  10010000100101001001010010010000100101001001000010010000100100001001000010010000100100001001000010010000100100001001000010010000100100001001000010010000100100001001000010010000100101001001010010010000 
4 0 0 3 0 2 0 0  10010000100101001001010010010000100100001001000010010000100100001001000010010000100100001001000010010100100100001001000010010000100100001001000010010000100100001001000010010000100100001001000010010000 
4 0 0 3 0 2 0 0  10010100100100001001010010010000100100001001000010010000100100001001000010010000100100001001000010010100100100001001000010010000100100001001000010010000100100001001000010010000100100001001010010010000 
4 0 0 3 0 2 0 0  10010100100100001001000010010100100100001001010010010100100100001001000010010000100100001001000010010000100100001001000010010000100100001001000010010000100100001001000010010000100100001001000010010100 
6 0 0 2 0 0 0 0  10000000100100001000000010000000100000001000000010010000100100001001000010000000100100001000000010010000100000001001000010000000100000001001000010010000100000001001000010000000100000001001000010000000 
4 0 0 3 0 0 0 0  10010000100100001000000010010000100000001001000010010000100000001001000010010000100000001001000010000000100100001000000010010000100100001001000010010000100000001001000010000000100000001001000010000000 
4 0 0 3 0 2 0 0  10010000100100001001010010010100100101001001010010010100100100001001000010010100100100001001000010010100100100001001010010010000100100001001000010010000100100001001010010010100100101001001010010010100 
6 0 0 2 0 0 0 0  10000000100000001001000010000000100000001000000010010000100100001000000010000000100100001000000010010000100000001001000010010000100000001000000010000000100000001001000010000000100000001001000010000000 
5 0 0 3 0 0 0 0  10010000100000001000000010000000100000001000000010010000100000001001000010010000100000001000000010000000100000001001000010000000100000001001000010010000100000001001000010000000100000001001000010000000 
6 0 0 2 0 0 0 0  10000000100100001001000010000000100000001000000010010000100000001001000010000000100000001001000010000000100000001001000010000000100000001001000010010000100000001001000010000000100000001001000010000000 
4 0 0 3 0 2 0 0  10010100100100001001010010010100100101001001010010010100100100001001000010010000100100001001000010010100100100001001000010010000100100001001000010010000100100001001000010010100100101001001010010010100 
4 0 0 3 0 2 0 0  10010000100100001001010010010100100101001001010010010100100100001001000010010000100100001001000010010100100100001001000010010000100100001001000010010000100100001001000010010100100101001001000010010100 
5 0 0 3 0 0 0 0  10010000100000001000000010010000100000001001000010010000100100001001000010000000100100001001000010010000100100001001000010010000100000001000000010010000100000001001000010000000100000001001000010000000 
4 0 0 3 0 2 0 0  10010000100101001001010010010000100101001001010010010000100100001001000010010000100100001001000010010100100100001001000010010000100100001001000010010000100100001001000010010000100101001001000010010100 
4 0 0 3 0 2 0 0  10010000100100001001000010010000100100001001010010010000100100001001000010010000100100001001000010010100100100001001000010010000100100001001000010010000100100001001000010010000100100001001000010010000 
4 0 0 3 0 0 0 0  10010000100100001001000010000000100000001000000010010000100000001001000010000000100000001001000010010000100100001000000010000000100000001000000010010000100000001000000010000000100000001001000010000000 
5 0 0 3 0 0 0 0  10010000100000001000000010000000100000001000000010000000100000001000000010000000100000001000000010000000100000001000000010000000100000001000000010000000100000001000000010000000100000001001000010000000 
6 0 0 2 0 0 0 0  10000000100100001001000010010000100000001001000010010000100100001001000010000000100100001000000010010000100000001000000010000000100000001000000010010000100000001001000010000000100000001001000010000000 
4 0 0 3 0 2 0 0  10010000100100001001000010010100100101001001010010010100100100001001000010010100100100001001000010010100100100001001010010010000100100001001000010010000100100001001010010010100100101001001010010010100 
4 0 0 3 1 2 0 1  10010101100101001001010010010100100101001001010010010100100100001001000010010100100101001001010010010100100101011001010010010100100111001001000010010100100101001001010010010100100101001001010010010100 
6 0 0 2 0 0 0 0  10000000100000001001000010000000100000001000000010010000100000001000000010000000100100001000000010010000100000001000000010010000100000001000000010000000100000001001000010000000100000001001000010000000 
4 0 0 3 0 2 0 0  10010000100100001001010010010000100101001001010010010100100100001001000010010100100100001001000010010100100100001001000010010000100100001001000010010000100100001001000010010000100101001001000010010000 
4 0 0 3 0 2 0 0  10010100100100001001010010010000100100001001010010010100100100001001000010010000100100001001000010010100100100001001000010010000100100001001000010010000100100001001000010010000100100001001000010010100 
6 0 0 2 0 0 0 0  10000000100100001000000010010000100000001001000010010000100000001001000010010000100100001001000010010000100100001001000010000000100100001001000010010000100000001001000010000000100000001001000010000000 
4 0 0 3 0 2 0 0  10010000100101001001010010010100100101001001010010010100100100001001000010010000100100001001000010010100100100001001000010010000100100001001000010010000100100001001000010010000100101001001000010010100 
2 0 0 3 1 2 1 1  10010101100101011001010110010100100101001001010010010100100100101001010010011100100111101001010010010100100101011101011010011100100111001011010010010100100011001001010010010101100101001101010010001100 
5 0 0 3 0 0 0 0  10010000100000001000000010010000100000001001000010010000100100001001000010000000100000001000000010010000100000001000000010010000100000001000000010010000100000001001000010000000100000001001000010000000 
6 0 0 2 0 0 0 0  10000000100000001000000010010000100000001000000010010000100000001000000010000000100000001000000010010000100000001000000010000000100000001000000010000000100000001001000010000000100000001000000010000000 
4 0 0 3 0 2 0 0  10010100100100001001010010010000100101001001010010010100100100001001000010010000100100001001000010010100100100001001000010010000100100001001000010010000100100001001000010010000100101001001000010010100 
4 0 0 3 0 2 0 0  10010000100100001001000010010100100101001001010010010100100100001001000010010000100100001001000010010000100100001001000010010000100100001001000010010000100100001001000010010100100101001001000010010000 
6 0 0 2 0 0 0 0  10000000100000001000000010010000100000001001000010010000100100001001000010010000100100001001000010000000100000001001000010010000100100001001000010010000100000001001000010000000100000001001000010000000 
2 3 0 1 2 2 1 1  11110101110101011111010111010101111011011001110111010101100110001101110111111100110111101111001111110100110101010101010011011101110101001101110011010100100101001110110010111101110101001101110111011100 
4 0 0 3 0 2 0 0  10010000100100001001000010010100100101001001010010010100100100001001000010010000100100001001000010010100100100001001000010010000100100001001000010010000100100001001000010010100100101001001010010010100 
2 0 0 1 1 2 1 1  10010101100101011101010110010101100101011001010110010100100100101001010010011100100111101001010010010100100101011101111010011100100111001011010010010100100111001001010010010101100101001101010010001100 
6 0 0 2 0 0 0 0  10000000100000001000000010000000100000001000000010010000100000001000000010000000100000001000000010010000100000001000000010000000100000001000000010000000100000001001000010000000100000001000000010000000 
4 0 0 2 0 0 0 0  10000000100100001001000010010000100000001001000010010000100100001001000010010000100100001001000010010000100100001001000010010000100100001001000010010000100100001001000010010000100100001001000010000000 
6 0 0 2 0 0 0 0  10000000100100001001000010000000100100001001000010010000100100001001000010000000100100001000000010010000100000001001000010000000100100001001000010010000100000001001000010000000100000001001000010000000 
6 0 0 2 0 0 0 0  10000000100000001000000010000000100000001000000010000000100000001000000010000000100000001000000010000000100100001000000010000000100000001000000010000000100000001000000010000000100000001001000010000000 
4 0 0 3 0 0 0 0  10010000100100001000000010010000100000001001000010000000100100001001000010000000100000001000000010000000100000001000000010000000100000001000000010010000100000001000000010010000100100001000000010000000 
4 0 0 3 0 0 0 0  10010000100100001001000010010000100000001000000010010000100000001001000010000000100000001000000010000000100100001001000010010000100100001001000010010000100100001001000010000000100100001000000010000000 
2 0 0 0 1 0 1 0  11111101111111011111111111111111111111011111111011111111111111111111110111110101111111110111111011111111111101111111111011111101110111011111111111111111111111011111111111111101111111011101111111011111 
4 0 0 3 0 2 0 0  10010100100100001001000010010000100101001001010010010100100100001001000010010000100100001001000010010100100100001001000010010000100100001001000010010000100100001001000010010100100101001001000010010100 
