6 0 0 0 0 0 0 0  10000000100000001000000010000000100000001000000010000000100000001000000010000000100000001000000010000000100000001000000010000000100000001000000010000000100000001000000010000000100000001000000010000000 
2 1 0 2 1 1 2 2  11010101110111011111010111010100101111011101111001011101111101111111110011111101111101101101110111011111100111110111110111111111111111101111110111111100110101011111110111111101111111111111101111111111 
4 0 0 2 0 0 0 0  10010000100100001001000010000000100100001001000010010000100000001001000010010000100000001001000010010000100100001001000010000000100000001001000010010000100100001001000010000000100000001001000010000000 
4 0 0 2 3 1 0 0  10001100100011001000110010001100100011011000110010001100100111001000110010001100100011001000110010011100100110001000110010001100100111011000110010001100100011001000110010001100100011001000110010001100 
3 0 0 0 0 0 0 0  11111111111111111111111111111111111111111111111111111111111111111111111111111111111111111111111111111111111111111111111111111111111111111111111111111111111111111111111111111111111111111111111111111111 
3 0 0 2 3 1 0 0  10011101100111001001110010001100100011001000110010001101100111011000110010011100100011001000110010001100100100001000100010001100100111011000110010011100100011001000110010001100100011001000110010011100 
3 0 0 2 3 1 2 0  10011101100111011001110010001100100011001001110010001101100111001000110110011100100011001000111010001111100101001000100010011101100111011000110010001100100010001000110010010100100111001000110010001100 
3 0 0 2 2 1 2 2  10011101100111011101010110010100101111101101111001111101110101111101110011111100111101001101111011011111110111001111110010011100111101011011110111011100110101011111110011010111110111101010111111111101 
4 0 0 2 3 2 0 0  10001100100011001000110010001100100011001000100010001100100010001000110010001100100011001000100010001100100010001000100010001000100011011000100010001000100010001000110010001100100010001000110010001100 
2 1 0 2 2 1 2 2  11111111111111111111111111111111111111111101111011111101111111111111111111111111110111111111111111011111110111111111111111111111111111111111111111111111111111011111111111111111111111111111111011111110 
4 0 0 2 3 1 0 0  10001000100010001000100010001000100010001000100010001100100010001000100010001000100010001000100010001100100010001000100010001000100011011000100010001000100010001000100010001000100010001000100010001000 
4 0 0 2 3 2 0 0  10001100100011001000110010001000100010001000100010001100100010001000100010001100100011001000100010001100100010001000100010001000100011011000100010001000100010001000100010001000100010001000110010001100 
3 0 0 2 3 1 0 2  10011101100111011001110010011100101111001001110010101101110111011101110011001100101101011101111010001100100110001001110010011100110101011001110111011100100111011110110010011101100111001010110110101100 
4 0 0 2 3 2 0 0  10001000100011001000100010001000100011001000100010001100100010001000110010001000100011001000100010001100100010001000100010001000100011011000100010001000100010001000100010001000100010001000110010001000 
6 0 0 2 0 0 0 0  10000000100100001001000010000000100100001001000010010000100000001001000010010000100000001001000010010000100100001001000010000000100100001000000010010000100100001001000010010000100000001001000010000000 
4 0 0 2 3 2 0 0  10001000100011001000110010001100100011001000110010001100100010001000100010001100100011001000110010001100100010001000110010001000100011011000100010001000100010001000100010001000100011001000110010001100 
3 0 0 2 3 1 0 0  10011100100111001001110010001100100011001000110010001101100111001000100010011100100011001000110010011100100100001000100010011100100111011000110010001100100011001000110010001100100011001000110010011100 
4 0 0 2 3 2 0 0  10001000100011001000110010001000100010001000100010001000100010001000100010001100100011001000100010001100100010001000100010001100100011011000100010001000100010001000100010001000100010001000110010001100 
4 0 0 2 3 2 0 0  10001100100010001000110010001100100011001000100010001100100010001000110010001100100011001000110010001100100010001000100010001000100011011000100010001000100011001000110010001100100011001000110010001100 
4 0 0 2 0 0 0 0  10010000100000001001000010000000100100001001000010010000100000001001000010000000100000001001000010000000100100001001000010000000100000001000000010010000100100001001000010000000100000001001000010000000 
4 0 0 2 2 1 0 0  10001100100011001000110010001100100011001000110010001100100010001000110010001100100011001000110010001100100010001000110010001100100011011000100010001000100010001000100010001100100011001000110010001100 
4 0 0 2 0 0 0 0  10010000100100001001000010000000100000001000000010010000100000001001000010010000100000001001000010000000100100001001000010000000100000001001000010010000100100001001000010000000100000001001000010000000 
4 0 0 2 3 2 0 0  10001000100011001000110010001000100010001000100010001100100010001000110010001100100011001000110010001100100010001000100010001100100011011000100010001000100010001000100010001000100011001000110010001100 
4 0 0 2 3 2 0 0  10001000100011001000100010001000100011001000100010001100100010001000100010001100100011001000110010001100100010001000110010001100100011011000100010001000100010001000100010001000100011001000110010001100 
4 0 0 2 3 1 0 0  10001100100111001000110010001100100011001000110010001100100011001000110010001100100011001000110010001100100110001000110010001100100011011000110010011100100011001000110010011100100011001000110010001100 
6 0 0 2 0 0 0 0  10010000100000001000000010000000100000001000000010000000100000001000000010000000100000001000000010000000100000001000000010000000100000001000000010000000100000001000000010000000100000001000000010000000 
2 1 0 2 2 1 2 2  11110101111111011111110111011101111111111101111011111101111101111111110111111111110111101111111111010111110111110111110111111101111111111111111111111111111111011111111111111101111111111111010011111110 
4 0 0 2 3 2 0 0  10001000100010001000100010001100100011001000110010001100100010001000100010001100100011001000110010001100100010001000110010001100100011011000100010001000100010001000100010001000100011001000110010001100 
2 1 0 2 2 1 2 2  11111101111111111111111111111111111111111101111111111101111111111111111111111111111101111111111111011111110111111111111111111111111111111111111111111111111111011111111111111111111101111111111011111110 
6 0 0 2 0 0 0 0  10010000100000001000000010000000100000001001000010010000100000001001000010000000100000001001000010010000100100001001000010010000100000001000000010000000100100001001000010010000100000001001000010000000 
6 0 0 2 0 0 0 0  10010000100000001000000010000000100000001000000010010000100000001000000010000000100000001000000010010000100000001000000010000000100000001000000010000000100000001001000010000000100000001001000010000000 
4 0 0 2 3 2 0 0  10001100100010001000100010001000100011001000110010001000100010001000110010001100100011001000100010001100100010001000110010001000100011011000100010001000100011001000110010001000100011001000110010001100 
2 1 0 2 0 1 2 2  11110101110111011111010111010101101111111101111001111101111101111111110011011101111101101111011011011111110111110111110011111101111101111111110111110100111101011111101111011111111111111101011111111101 
6 0 0 2 0 0 0 0  10010000100000001000000010000000100000001001000010010000100000001001000010000000100000001001000010000000100000001001000010000000100000001000000010000000100000001001000010000000100000001001000010000000 
4 0 0 2 0 0 0 0  10010000100100001000000010000000100100001001000010010000100000001001000010010000100000001000000010010000100100001001000010000000100000001000000010000000100100001001000010000000100000001001000010000000 
4 0 0 2 3 2 0 0  10001100100010001000110010001000100010001000100010001000100010001000100010001100100011001000100010001100100010001000100010001100100011011000100010001000100010001000100010001000100010001000110010001100 
4 0 0 2 3 2 0 0  10001100100011001000100010001100100010001000100010001100100010001000100010001000100011001000100010001100100010001000110010001000100011011000100010001000100010001000100010001000100011001000110010001000 
6 0 0 2 0 0 0 0  10000000100000001001000010000000100000001001000010010000100000001001000010000000100000001001000010010000100000001001000010000000100000001000000010010000100100001001000010000000100000001001000010000000 
6 0 0 2 0 0 0 0  10000000100000001001000010000000100100001001000010010000100000001001000010000000100000001001000010010000100100001001000010000000100000001000000010010000100100001001000010000000100000001001000010000000 
6 0 0 2 0 0 0 0  10000000100100001000000010000000100000001000000010000000100000001000000010000000100000001000000010000000100000001000000010000000100000001000000010000000100000001000000010000000100000001000000010000000 
4 0 0 2 3 2 0 0  10001000100011001000100010001100100011001000100010001100100010001000100010001101100011001000110010001100100010001000110010001100100011011000100010001000100010001000110010001100100011001000110010001100 
6 0 0 2 0 0 0 0  10000000100100001000000010000000100000001000000010010000100000001001000010000000100000001000000010000000100000001000000010000000100000001000000010000000100000001000000010000000100000001000000010000000 
6 0 0 2 0 0 0 0  10000000100100001000000010000000100000001000000010010000100000001001000010000000100000001000000010000000100000001001000010000000100000001000000010000000100000001001000010000000100000001001000010000000 
4 0 0 2 3 2 0 0  10001000100010001000110010001000100011001000100010001000100010001000100010001000100011001000100010001100100010001000100010001000100011011000100010001000100010001000100010001000100010001000110010001101 
3 0 0 2 0 0 0 0  10010000100100001001000010000000100100001001000010010000100000001001000010010000100000001001000010000000100101001001000010000000100100001001000010010000100100001001000010000000100100001001000010000000 
6 0 0 2 0 0 0 0  10000000100000001001000010000000100000001000000010000000100000001000000010000000100000001000000010000000100000001000000010000000100000001000000010000000100000001000000010000000100000001000000010000000 
4 0 0 2 3 1 0 0  10001000100011001000110010001100100011001000110010001100100010001000110010001100100011001000110010001100100010001000110010001000100011011000100010001000100010001000110010001100100011001000110010001100 
4 0 0 2 3 2 0 0  10001000100010001000110010001000100011001000100010001100100010001000100010001100100011001000110010001100100010001000100010001100100011011000100010001000100010001000100010001000100011001000110110001000 
6 0 0 2 0 0 0 0  10010000100000001001000010000000100000001000000010000000100000001001000010000000100000001000000010000000100000001000000010000000100000001000000010000000100000001000000010000000100000001000000010000000 
6 0 0 2 0 0 0 0  10010000100100001000000010000000100000001000000010000000100000001000000010000000100000001000000010000000100000001000000010000000100000001000000010000000100000001000000010000000100000001000000010000000 
6 0 0 2 0 0 0 0  10000000100000001000000010000000100000001000000010010000100000001000000010000000100000001001000010000000100000001001000010000000100000001000000010000000100000001001000010000000100000001001000010000000 
6 0 0 2 0 0 0 0  10000000100000001001000010000000100100001001000010010000100000001001000010010000100000001001000010010000100100001001000010000000100100001001000010000000100100001001000010010000100000001001000010000000 
4 0 0 2 3 2 0 0  10001000100010001000100010001100100010001000100010001100100010001000100010001000100011001000100010011100100010001000110010001000100011011000100010001000100010001000100010001000100010001000100010001000 
6 0 0 2 0 0 0 0  10000000100100001001000010000000100000001000000010000000100000001000000010000000100000001000000010000000100000001000000010000000100000001000000010000000100000001000000010000000100000001000000010000000 
6 0 0 2 0 0 0 0  10000000100000001000000010000000100000001001000010010000100000001001000010010000100000001001000010010000100000001001000010010000100000001001000010000000100100001001000010000000100000001001000010000000 
4 0 0 2 3 2 0 0  10001000100010001000100010001100100010001000100010001100100010001000100010001100100011001000100010001100100010001000110010001000100011011000100010001000100010001000100010001000100011001000110010001100 
6 0 0 2 0 0 0 0  10000000100100001000000010000000100000001001000010010000100000001001000010010000100000001001000010010000100000001001000010010000100000001000000010000000100000001001000010000000100000001001000010000000 
6 0 0 2 0 0 0 0  10000000100100001001000010000000100000001000000010010000100000001000000010000000100000001000000010000000100000001000000010000000100000001000000010000000100000001000000010000000100000001001000010000000 
6 0 0 2 0 0 0 0  10000000100000001001000010000000100000001001000010010000100000001001000010000000100000001001000010010000100000001001000010000000100000001000000010000000100000001001000010000000100000001001000010000000 
6 0 0 2 0 0 0 0  10000000100100001000000010000000100000001001000010010000100100001000000010010000100000001001000010000000100000001001000010010000100000001000000010000000100000001001000010000000100000001000000010000000 
6 0 0 2 0 0 0 0  10000000100000001000000010000000100100001001000010010000100000001001000010010000100000001001000010010000100100001001000010000000100000001000000010010000100100001001000010000000100000001001000010000000 
6 0 0 2 0 0 0 0  10000000100000001001000010000000100000001000000010010000100000001001000010000000100000001000000010010000100000001001000010000000100000001000000010000000100000001000000010000000100000001001000010000000 
6 0 0 2 0 0 0 0  10000000100000001001000010000000100000001000000010010000100000001001000010000000100000001000000010010000100000001001000010010000100000001000000010000000100000001001000010000000100000001001000010000000 
6 0 0 2 0 0 0 0  10000000100100001000000010000000100000001001000010010000100000001001000010010000100000001001000010010000100000001001000010010000100000001001000010010000100100001001000010000000100000001001000010000000 
4 0 0 2 3 2 0 0  10011100100111001001110010001000100011001000100010001101100110001000110010001100100011001000100010011100100100001000100010001100100011011000110010001000100011001000100010001100100011001000110010011100 
4 0 0 2 3 2 0 0  10001000100010001000100010001100100011001000100010001100100010001000110010001100100011001000110010001100100010001000100010001000100011011000100010001000100010001000100010001000100011001000100010001100 
2 1 0 2 2 1 2 2  11111101111111011111010111010111111111111101111011111101111101111111110001111101111101101111101111011111110111110111111111111101111101111111110111111100111111011111111111111111111111111111010011111101 
4 0 0 2 3 2 0 0  10001100100011001000100010001100100011001000100010001100100010001000110010001000100011001000110010001100100010001000110010001000100011011000100010001000100010001000100010001000100011001000100010001000 
6 0 0 2 0 0 0 0  10000000100000001000000010000000100000001000000010010000100000001000000010000000100000001000000010010000100000001000000010000000100000001000000010000000100000001001000010000000100000001000000010000000 
4 0 0 2 3 2 0 0  10001100100011001000100010001000100011001000110010001000100010001000110010001100100011001000100010001100100010001000110010001000100011011000100010001000100011001000110010001001100011001000110010001100 
6 0 0 2 0 0 0 0  10000000100000001000000010000000100000001000000010010000100000001001000010000000100000001000000010010000100000001001000010010000100000001000000010000000100000001001000010000000100000001001000010000000 
3 1 3 2 2 1 2 2  10011101100111011001110010011110101011101011110010011101100011011101111110111010110111001001111110010111101101101101111010011111110110111101110010011100100101111101001110101100010111101101101111011111 
6 0 0 2 0 0 0 0  10000000100000001000000010000000100000001000000010010000100000001001000010010000100000001001000010010000100000001001000010010000100000001000000010000000100000001001000010000000100000001001000010000000 
6 0 0 2 0 0 0 0  10000000100000001000000010000000100000001001000010010000100000001001000010010000100000001001000010010000100000001001000010010000100000001000000010000000100000001001000010000000100000001001000010000000 
6 0 0 2 0 0 0 0  10000000100000001001000010000000100000001000000010000000100000001000000010000000100000001001000010000000100000001000000010000000100000001000000010000000100000001000000010000000100000001001000010000000 
6 0 0 2 0 0 0 0  10000000100100001001000010000000100000001001000010010000100000001001000010010000100000001001000010010000100000001001000010000000100000001000000010010000100000001001000010000000100000001001000010000000 
4 0 0 2 3 2 0 0  10001000100010001000110010001100100011001000100010001100100010001000110010001100100011001000110010001100100010001000100010001000100011011000100010001000100010001000100010001000100011001000110010001100 
6 0 0 2 0 0 0 0  10000000100100001001000010000000100100001001000010010000100000001001000010000000100000001001000010010000100100001001000010000000100000001000000010010000100100001001000010000000100000001001000010000000 
4 0 0 2 3 2 0 0  10001100100010001000100010001000100010001000100010001100100010001000110010001100100011001000100010001100100010001000110010001100100011011000100010001000100010001000100010001000100011001000110010001100 
6 0 0 2 0 0 0 0  10000000100000001000000010000000100000001000000010000000100000001000000010000000100000001000000010000000100000001001000010000000100000001000000010000000100100001000000010000000100000001000000010000000 
4 0 0 2 3 1 0 0  10001100100010001000100010001100100011001000110010001100100010001000110010001100100011001000100010001100100010001000110010001100100011011000100010001000100010001000100010001100100011001000110010001100 
6 0 0 2 0 0 0 0  10000000100000001001000010000000100000001000000010010000100000001000000010000000100000001001000010000000100000001000000010000000100000001000000010000000100000001000000010000000100000001001000010000000 
3 0 0 2 0 0 0 0  10010000100100001001000010000000100100001001000010010000100000001001000010010000100000001001000010010000100101001001000010000000100100001000000010010000100100001001000010000100100100001001000010000000 
4 0 0 2 3 1 0 0  10001000100011001000100010001100100011001000110010001100100010001000110010001100100011001000110010001100100010001000110010001100100011011000100010001000100010001000100010001100100011001000110010001100 
4 0 0 2 3 2 0 0  10001000100010001000110010001100100011001000110010001100100010001000100010001100100011001000110010001100100010001000110010001000100011011000100010001000100010001000100010001100100011001000110010001100 
4 0 0 2 3 2 0 0  10001100100010001000100010001100100010001000100010001100100010001000100010001100100011001000100010011100100010001000100010001000100011011000100010001000100010001000100010001000100011001000100010001000 
4 0 0 2 3 2 0 0  10001100100010001000110010001000100011001000100010001100100010001000110010001100100011001000100010001100100010001000100010001000100011011000100010001000100010001000100010001100100011001000110010001100 
3 0 0 2 3 1 0 0  10011100100111001001110010001100100011001001110010001101100111001000110110011100100011001000110010011100100100001000100010001100100111011000110010001100100011001000110010001100100011101000110110001100 
4 0 0 2 0 0 0 0  10010000100100001000000010000000100100001000000010010000100000001000000010000000100000001000000010000000100100001001000010000000100000001000000010000000100100001000000010000000100000001001000010000000 
4 0 0 2 0 0 0 0  10010000100000001001000010000000100000001000000010010000100000001001000010000000100000001000000010000000100000001001000010000000100000001000000010010000100100001001000010000000100000001001000010000000 
4 0 0 2 3 1 0 0  10001000100010001000110010001000100010001000100010001000100010001000100010001000100010001000100010001100100010001000100010001000100011011000100010001000100010001000100010001000100010001000110010001100 
2 1 0 2 0 1 2 2  11111101111111011111111111111111111111111101111011111101111101111111111111111101111100111111111111011111111111111111110111111111111111111111110111111011111111011111111111110101111111111111111011111111 
2 1 0 2 2 1 2 2  11111101111111011111110111011111111111111101111011111101111101111111110111111111110111101111111111011111110111110111111111111101111111111111111111111111111111011111111111111111111111111111010011111110 
4 0 0 2 3 1 0 0  10001100100011001000100010001100100011001000110010001100100010001000110010001100100011001000110010001100100010001000110010001000100011011000100010001000100010001000100010001100100011001000110010001100 
6 0 0 2 0 0 0 0  10000000100100001001000010000000100000001001000010010000100000001001000010000000100000001000000010010000100000001000000010000000100000001000000010010000100000001001000010000000100000001001000010000000 
4 0 0 2 3 2 0 0  10001100100010001000110010001000100011001000100010001100100010001000100010001100100011001000100010001100100010001000100010001100100011011000100010001000100010001000100010001000100011001000110110001000 
4 0 0 2 0 0 0 0  10010000100000001001000010000000100000001000000010010000100000001001000010000000100000001001000010000000100000001001000010000000100000001000000010010000100000001000000010000000100000001000000010000000 
4 0 0 2 3 1 0 0  10001100100010001000100010001000100010001000100010001100100010001000100010001000100011001000100010011100100010001000100010001000100111011000100010001000100010001000100010001000100010001000100010001000 
4 0 0 2 3 1 0 0  10001000100010001000110010001100100011001000110010001100100010001000110010001100100011001000110010001100100010001000100010001000100011011000100010001000100011001000100010001100100011001000110010001100 
6 0 0 2 0 0 0 0  10000000100100001001000010000000100000001000000010010000100000001001000010000000100000001000000010000000100000001001000010000000100000001000000010000000100000001001000010000000100000001001000010000000 
