6 0 0 0 0 0 0 0  10000000100000001000000010000000100000001000000010000000100000001000000010000000100000001000000010000000100000001000000010000000100000001000000010000000100000001000000010000000100000001000000010000000 
3 0 0 0 1 0 0 0  10001000100010001000100010001000100010001000100010001000100000001000100010001000100010001000100010001000100000001000100010001000100010001000000010001000100010001000000010001000100000000000100010001000 
0 0 0 0 0 0 0 0  11111111111111111111111111111111111111111111111111111111111111111111111111111111111111111111111111111111111111111111111111111111111111111111111111111111111111111111111111111111111111111111111111111111 
3 0 0 3 0 1 0 0  10010000100100001001000010010000100100001001000010010000100100001001000010010000100101001001000010010100100100001001000010010000100100001001000010010000100111001001000010010000100100001001000010010100 
3 3 2 2 0 1 2 1  11010101110101011101010110011100111111011111010011011100111101111111110111011101111111011011111110011101110100111101010010111101110101011111110111110100110111010111110111011101111111011111111011011101 
6 0 0 0 1 0 0 0  10000000100010001000100010001000100010001000100010001000100000001000100010001000100010001000100010001000100000001000000010001000100010001000000010001000100010001000000010001000100010001000100010000000 
5 0 0 0 1 0 0 0  10001000100000001000000010000000100000001000000010000000100000001000000010000000100000001000000010001000100000001000000010001000100000001000000010000000100000001000000010000000100000001000000010000000 
6 0 0 0 1 0 0 0  10000000100010001000000010000000100000001000000010000000100000001000000010000000100000001000000010000000100000001000000010000000100000001000000010000000100000001000000010000000100000001000000010000000 
4 0 0 3 0 1 0 0  10010101100101011001010010010100100101001001010010010100100101001001000010010100100111011001010010010100100101001001010010010000100101001001000010010100100101001101010010010100100101001001010010010100 
3 3 2 2 0 1 2 1  11011101110111011111010111111100110111011111010011011101110100111011010111011101111111001011110110011101110100111101010011111101111111011111110111110100110111110111010111011101111111011111110011011101 
6 0 0 0 1 0 0 0  10000000100000001000100010000000100000001000000010000000100000001000000010000000100000001000000010000000100000001000000010000000100000001000000010000000100000001000000010000000100000001000000010000000 
4 0 0 3 0 1 0 0  10010000100100001001000010010100100101001001010010010000100100001001010010010100100101011001000010010100100100001001010010010000100101001001000010010000100101001001010010010000100100001001000010010100 
6 0 0 0 1 0 0 0  10000000100000001000100010000000100000001000000010000000100000001000000010000000100010001000000010001000100010001000000010000000100000001000000010000000100000001000000010000000100000001000000010000000 
3 0 0 3 0 1 0 0  10010100100101001001010010010100100101001001010010010000100111001001010010010100100111001001010010010100100101001001010010010100100101001001000010010100100101001001010010010100100101001001000010010100 
3 0 0 3 0 1 0 0  10010000100100001001010010010000100100001001000010010000100100001001000010010000100101001001000010010000100100001001000010010000100100001001000010010000100101001001000010010000100100001001000010010100 
3 0 0 3 0 1 0 0  10010000100101001001010010010000100101001001000010010000100100001001000010010000100101001001000010010000100100001001000010010000100100001001000010010000100101001001000010010000100100001001000010010100 
4 0 0 3 0 1 0 0  10010100100100001001010010010100100101001001010010010000100100001001010010010000100101001001000010010000100100001001010010010000100101011001000010010000100101001001010010010000100100001001000010010100 
4 0 0 3 0 1 0 0  10010100100101001001000010010100100101001001010010010100100100001001000010010100100101001001000010010100100100001001010010010000100101001001000010010000100101001001000010010000100101001001010010010100 
2 3 2 2 0 1 2 1  11111101111111011111010111011101110111011111011111111100111101111011110111011101110101011111111111011111110100111101110011111101111111011101111111110100110111011111110111111101111111011111111011011100 
4 0 0 3 0 1 0 0  10010100100100001001010010010100100101001001010010010100100101001001010010010100100101001001010010010100100101001001010010010000100101001001000010010100100101001001010010010100100101001001010010010100 
0 3 2 2 0 1 2 1  11111111111111111111111111111111111111111111111111111011111101111111110111111111111111111111111111011111111111111111111111111111111111111101111111110110110111111111111011111101111111011111111011111111 
6 0 0 0 1 0 0 0  10000000100000001000100010000000100000001000000010001000100000001000000010000000100010001000000010001000100000001000000010000000100000001000100010000000100000001000000010000000100000001000100010000000 
4 0 0 3 0 1 0 0  10010000100100001001010010010100100100001001010010010000100101001001000010010100100101001001000010010000100100001001000010010000100100001001000010010000100100001001000010010000100100001001000010010000 
3 0 0 3 0 1 0 0  10010100100101001001010010010100100100001001000010010000100101001001000010010000100101001001000010010000100100001001000010010000100100001001000010010000100100001001010010010000100100001001000010010100 
0 3 2 2 0 1 2 1  11111101111111011111110111111111110111111111111111111101111101111111110111111101111111111111011111011111110101111111110011111111111111111101111111110111110111111111111111111101111111011111111011111110 
4 0 2 2 0 1 2 1  10011101100111011001010111111101100101001101010011011100100100101011110011011100111111011011110111010100101100111001110010111101110111001011010111110100100111011111010010011101100111001111110011010101 
4 0 0 3 0 1 0 0  10010100100100001001000010010100100100001001000010010100100100001001010010010000100101001001000010010100100100001001010010010000100100001001000010010000100100001001010010010000100100001001000010010100 
6 0 0 0 1 0 0 0  10000000100010001000100010001000100010001000100010001000100000001000100010001000100010001000000010001000100000001000000010001000100000001000100010000000100000001000100010000000100010001000000010000000 
4 0 0 3 0 1 0 0  10010000100100001001010010010100100101001001010010010000100101001001000010010100100101001001000010010000100100001001000010010000100100001001000010010000100101001001000010010000100100001001000010010100 
5 0 0 0 1 0 0 0  10001000100010001000000010000000100000001000000010000000100000001000000010000000100000001000000010000000100000001000000010000000100000001000000010000000100000001000000010000000100000001000000010000000 
6 0 0 0 1 0 0 0  10000000100010001000100010000000100000001000000010000000100000001000000010000000100000001000000010000000100010001000000010000000100000001000000010000000100000001000000010000000100000001000000010000000 
3 3 2 2 0 1 2 1  11110101110101011101010110011100111111011111010011011100111101111111110111011101111101011111111110010100110100101111110010111101110101011111110111010100010111010111110111111101111111011011111011011101 
4 0 2 3 0 1 2 1  10010101100101011001010111111100100101001001010011010100100100101011010010011100100101011011110110010100100100111001010010011101100101001011010011010100100101011101010010010100100101001111010011010100 
3 0 0 3 0 1 0 0  10010100100100001001000010010100100100001001000010010000100100001001000010010000100101001001000010010000100100001001010010010000100100001001000010010000100100001001000010010000100100001001000010010100 
6 0 0 0 1 0 0 0  10000000100010001000000010000000100000001000000010001000100000001000000010000000100000001000000010001000100000001000000010000000100000001000000010000000100000001000000010000000100000001000100010000000 
3 0 0 3 0 1 0 0  10010100100100001001010010010000100100001001000010010000100100001001000010010100100101001001000010010100100100001001000010010000100100001001000010010000100101001001000010010000100100001001000010010100 
5 0 0 0 1 0 0 0  10001000100000001000100010000000100000001000000010000000100000001000000010000000100000001000000010000000100000001000000010000000100000001000000010000000100000001000000010001000100000001000000010000000 
4 0 0 3 0 1 0 0  10010000100100001001000010010100100101001001010010010000100100001001000010010100100101001001000010010000100100001001010010010000100100001001000010010000100101001001000010010000100100001001000010010100 
6 0 0 0 1 0 0 0  10000000100010001000100010001000100000001000000010001000100000001000100010001000100010001000100010001000100000001000000010001000100000001000100010000000100000001000100010000000100000001000000010000000 
3 3 2 2 0 1 2 1  11111101110111011111010111111100110111001111010011011101110100111011110111011101110111001011110110011101110100111101110011111101111111011111110111110100110111110111010111011100111111011111110011011101 
4 0 0 3 0 1 0 0  10010000100101001001010010010000100101001001010010010000100101001001000010010000100101001001000010010000100100001001000010010000100101001001000010010000100101001001000010010000100100001001000010010100 
0 3 2 2 0 1 2 1  11111101111111111111110111111111111111111111111111111101111101111111110111111101111111111111011111011111110111111111110011111111111111111101111111110111110111110111111111111101111111111111111011111110 
5 0 0 0 1 0 0 0  10001000100010001000000010000000100010001000100010001000100000001000000010001000100010001000000010000000100000001000000010001000100010001000100010000000100010001000100010001000100000001000000010001000 
4 0 0 3 0 1 0 0  10010100100100001001010010010100100101001001010010010100100101001001010010010100100101001001000010010100100101001001010010010000100101001001000010010000100101001001010010010000100100001001000010010100 
5 0 0 0 1 0 0 0  10001000100000001000000010001000100000001000000010001000100000001000000010000000100000001000000010001000100000001000000010001000100000001000000010000000100000001000100010000000100000001000000010000000 
4 0 0 3 0 1 0 0  10010000100100001001010010010100100101001001010010010100100101001001010010010100100101001001000010010100100101001001010010010000100101001001000010010000100101001001010010010000100100001001000010010100 
4 0 0 3 0 1 0 0  10010000100100001001000010010100100101001001000010010000100100001001000010010000100101001001000010010000100100001001010010010000100100001001000010010000100101001001000010010000100100001001000010010100 
3 0 0 3 0 1 0 0  10010101100101011001010110010100100101001001010010010100100101001001010010011100100101000011010010010100100101111001010010011100100101001001000010010100100101011101010010010100100101001111010010010100 
6 0 0 0 1 0 0 0  10000000100010001000100010001000100000001000000010001000100000001000100010000000100010001000000010001000100000001000000010000000100000001000000010000000100000001000000010000000100000001000100010000000 
4 0 0 3 0 1 0 0  10010000100100001001010010010100100101001001010010010000100101001001010010010100100101001001000010010100100100001001000010010000100101001001000010010000100101001001000010010000100100001001000010010100 
5 0 0 0 1 0 0 0  10001000100000001000100010000000100000001000100010001000100000001000000010000000100000001000000010000000100000001000100010000000100000001000000010000000100000001000000010001000100000001000000010001000 
6 0 0 0 1 0 0 0  10000000100010001000100010000000100000001000000010001000100000001000000010000000100010001000000010001000100000001000000010000000100000001000000010000000100000001000100010000000100000001000000010000000 
3 0 0 3 0 1 0 0  10010000100101001001000010010100100100001001000010010000100100001001000010010000100101011001000010010100100100001001000010010000100100001001000010010000100101001001010010010000100100001001000010010100 
3 0 0 3 0 1 0 0  10010000100101001001000010010100100101001001010010010100100111001001010010010100100101001001000010010100100101001001010010010000100101001001000010010000100101001001010010010000100100001001000010010100 
3 0 0 3 0 1 0 0  10010000100101001001010010010100100101001001010010010100100111001001010010010100100101001001000010010100100101001001010010010000100101001001000010010000100101001001010010010000100100001001000010010100 
4 0 2 2 0 1 2 1  10010101100111011001010111111100110101001001110011010100100100111011010010011100101101011011110110010100100100111001010010011101111101001011010111010100100111011111010011010100100101001111010011011100 
4 0 0 3 0 1 0 0  10010100100101001001000010010100100101001001000010010100100100001001010010010000100101001001000010010100100100001001010010010100100101001001000010010000100100001001000010010000100100001001000010010100 
0 3 2 2 0 1 2 1  11111111111111011111110111111111110111111111111111111101111101111111110111111101111111111111111111011111110101111111110011111111111111111101111111110111110111111111111111111101111111011111111011111110 
4 0 2 2 0 1 2 1  10011101100111011101010111111101110101001101110011011100100100111011010010011101101111001011110110010100110100111101010010111101111111001111010111110100100111011111010011011100111111001111110011011101 
4 0 0 3 0 1 0 0  10010100100100001001000010010100100101001001010010010100100101001001010010010100100101001001000010010100100100001001000010010000100100001001000010010000100101001001010010010000100100001001010010010100 
6 0 0 0 1 0 0 0  10000000100010001000000010000000100000001000100010001000100000001000100010000000100000001000100010001000100000001000000010001000100000001000000010000000100000001000100010000000100010001000000010000000 
5 0 0 0 1 0 0 0  10001000100010001000100010000000100000001000000010001000100000001000000010000000100000001000000010001000100000001000000010000000100000001000000010000000100000001000000010000000100000001000000010000000 
5 0 0 0 1 0 0 0  10001000100010001000100010001000100000001000000010001000100000001000000010001000100010001000000010000000100000001000000010001000100010001000100010001000100000001000100010000000100000001000000010000000 
6 0 0 0 1 0 0 0  10000000100010001000000010000000100000001000000010001000100000001000000010000000100010001000000010001000100000001000000010000000100000001000000010000000100010001000100010000000100000001000100010000000 
3 0 0 3 0 1 0 0  10010100100100001001010010010100100101001001000010010000100100001001000010010100100101001001000010010000100100001001000010010000100100001001000010010000100101001001000010010000100100001001000010010100 
6 0 0 0 1 0 0 0  10000000100000001000000010000000100000001000000010001000100000001000000010000000100000001000000010001000100000001000000010000000100000001000000010000000100010001000100010000000100000001000000010001000 
6 0 0 0 1 0 0 0  10000000100000001000000010001000100000001000100010001000100000001000100010001000100010001000000010001000100000001000000010001000100010001000000010000000100010001000100010000000100010001000100010000000 
6 0 0 0 1 0 0 0  10000000100000001000100010000000100000001000000010001000100000001000100010000000100010001000000010001000100000001000000010000000100000001000100010000000100000001000100010000000100000001000100010000000 
6 0 0 0 1 0 0 0  10000000100010001000000010001000100000001000100010001000100000001000100010001000100000001000000010001000100000001000000010001000100000001000000010000000100010001000100010000000100000001000100010000000 
6 0 0 0 1 0 0 0  10000000100010001000000010001000100010001000100010001000100000001000100010001000100010001000100010001000100000001000000010001000100000001000000010000000100010001000100010000000100000001000000010000000 
5 0 0 0 1 0 0 0  10001000100000001000100010001000100000001000100010001000100000001000100010000000100010001000000010001000100000001000000010000000100010001000100010000000100010001000100010000000100000001000100010000000 
6 0 0 0 1 0 0 0  10000000100000001000000010000000100000001000000010001000100000001000100010000000100010001000000010001000100000001000000010001000100000001000000010000000100000001000100010000000100000001000100010000000 
6 0 0 0 1 0 0 0  10000000100000001000000010000000100000001000000010000000100000001000000010000000100000001000000010001000100000001000000010000000100000001000000010000000100000001000000010000000100000001000000010001000 
3 1 2 2 0 1 2 0  10011101100101011001010110110101100101001001010011011100100100101011010110011100110111011001010010010100101100111011010010010101110111001111010011010100100101011111010010011100100101001111010011110100 
5 0 0 0 1 0 0 0  10001000100000001000000010001000100010001000100010001000100000001000100010000000100000001000000010001000100000001000000010000000100010001000100010000000100010001000100010000000100000001000000010000000 
4 0 0 3 0 1 0 0  10010100100101001001010010010100100101001001010010010100100101001001010010010100100101001001000010010100100101001001010010010000100101001001000010010000100101001001010010010100100100001001000010010100 
5 0 0 0 1 0 0 0  10001000100000001000000010001000100010001000100010001000100000001000000010000000100000001000000010000000100000001000000010000000100010001000100010000000100010001000000010000000100000001000000010000000 
6 0 0 0 1 0 0 0  10000000100000001000000010001000100000001000000010001000100000001000100010000000100010001000000010001000100000001000100010001000100000001000100010000000100000001000100010000000100000001000100010000000 
6 0 0 0 1 0 0 0  10000000100000001000000010000000100000001000000010001000100000001000000010000000100000001000000010001000100000001000000010000000100000001000000010000000100000001000100010000000100000001000000010000000 
3 0 0 3 0 1 0 0  10010000100101001001000010010100100101001001010010010100100101001001000010010100100101001001000010010100100100001001000010010000100101001001000010010000100101001001010010010000100100001001000010010100 
6 0 0 0 1 0 0 0  10000000100000001000000010001000100000001000100010001000100000001000100010001000100010001000000010001000100000001000000010001000100000001000000010000000100010001000100010000000100000001000100010000000 
3 0 0 3 0 1 0 0  10010101100101011001010010010100100101001001010010010100100101001001010010011100110101001011010010010100100101001001010010010100100101001011000010010100100101001101010010010100100101001111010010010100 
4 0 0 3 0 1 0 0  10010100100100001001000010010100100101001001010010010100100101001001010010010000100101011001000010010100100100001001000010010000100100001001000010010000100100001001010010010000100100001001010010010100 
4 0 0 3 0 1 0 0  10010000100101001001010010010100100101001001010010010000100101001001010010010100100101001001000010010100100100001001000010010000100100001001000010010000100101001001000010010000100100001001000010010100 
4 0 0 3 0 1 0 0  10010000100101001001000010010100100101001001000010010100100100001001000010010000100101001001000010010100100100001001000010010000100101001001000010010000100101001001000010010000100100001001000010010100 
4 0 0 3 0 1 0 0  10010100100101001001010010010100100100001001000010010100100101001001010010010100100101001001000010010000100100001001010010010000100100001001000010010000100100001001010010010000100100001001000010010100 
6 0 0 0 1 0 0 0  10000000100000001000100010001000100000001000000010001000100000001000100010000000100010001000000010001000100000001000100010001000100000001000100010000000100000001000100010000000100000001000100010000000 
6 0 0 0 1 0 0 0  10000000100000001000100010001000100000001000000010001000100000001000100010000000100010001000000010001000100000001000000010000000100000001000100010000000100000001000100010000000100000001000100010000000 
6 0 0 0 1 0 0 0  10000000100000001000100010001000100000001000100010001000100000001000100010000000100010001000000010001000100000001000100010001000100000001000100010000000100000001000100010000000100000001000100010000000 
6 0 0 0 1 0 0 0  10000000100000001000000010001000100000001000000010001000100000001000100010000000100010001000000010001000100000001000100010000000100000001000000010000000100000001000100010000000100000001000100010000000 
4 0 0 3 0 1 0 0  10010000100101001001010010010100100101001001010010010100100100001001010010010100100101001001000010010100100101001001000010010000100100001001000010010000100101001001010010010000100100001001000010010100 
4 0 0 3 0 1 0 0  10010100100101001001010010010100100101001001010010010100100100001001010010010100100101001001000010010100100101001001000010010000100101011001000010010000100100001001010010010000100100001001000010010100 
6 0 0 0 1 0 0 0  10000000100000001000100010001000100010001000100010001000100000001000100010001000100010001000100010001000100000001000000010001000100000001000000010001000100010001000100010001000100000001000000010000000 
6 0 0 0 1 0 0 0  10000000100000001000100010001000100010001000100010001000100000001000100010001000100010001000000010001000100000001000000010001000100010001000000010000000100000001000100010000000100010001000000010000000 
4 0 0 3 0 1 0 0  10010000100101001001000010010100100101001001000010010100100100001001010010010100100101001001000010010100100100001001000010010000100100001001000010010000100101001001010010010000100100001001000010010100 
3 0 0 3 0 1 0 0  10010101100101001001010010010100100101001001010010010100100101001001000010010100100101011001000010010100100101001001010010010000100101001001000010010100100101001001010010010100100101001001000010010100 
5 0 0 0 1 0 0 0  10001000100000001000100010000000100000001000100010001000100000001000000010001000100000001000000010001000100000001000000010000000100000001000000010001000100010001000000010001000100000001000000010001000 
3 0 0 3 0 1 0 0  10010101100101001001010010010100100101001001010010010000100111001001010010010100100111001001010010010100100101001001010010010100100101001001000010010100100111001001010010010100100101001001000010010100 
4 0 0 3 0 1 0 0  10010100100101001001010010010100100100001001010010010100100101001001010010010000100101001001000010010100100100001001010010010000100101011001000010010000100100001001010010010000100100001001000010010100 
5 0 0 0 1 0 0 0  10001000100010001000000010001000100000001000000010001000100000001000100010000000100010001000000010000000100000001000000010000000100000001000000010000000100000001000100010000000100000001000000010000000 
