13998.287007903873 3.947968556740176 
12932.956725544738 7.351273198746702 
13983.471246214534 3.963686026064505 
13936.671689993553 3.9800399268489115 
13053.418874376286 6.728650781672123 
13561.513239415843 4.611332428132682 
13347.5864358838 5.561369593409867 
13544.283933916207 4.694912876587904 
13327.347414015556 5.667630728660319 
12961.297832525719 7.118952355339729 
12942.58309319039 7.261765413479037 
12971.350405588773 7.029833816471368 
13124.226329261037 6.526305801744934 
13904.77582655688 4.04635241370988 
13712.259476501295 4.21291858308656 
13166.964810676172 6.40426401238706 
13526.119185612442 4.821487473209307 
13150.345321307264 6.4377083300173625 
13797.147509368384 4.130182290073718 
13179.249277163508 6.2729123310320105 
13392.647633985178 5.331054076204717 
13578.642511028673 4.5424694038175195 
13656.193329216747 4.3250328071491335 
13671.342027729248 4.281812873758421 
13594.506759941007 4.490184490110469 
13388.21125630497 5.489192148908655 
13738.645437014187 4.19147666934842 
13879.734606964801 4.063085586406392 
13613.021547485178 4.437804185068351 
13767.498589688625 4.138607142618975 
12951.590092282544 7.21707628503545 
13213.765870900068 6.168454716286609 
13069.106051546954 6.683292030854869 
13536.768804185265 4.755419696346434 
13447.030558699635 5.075668396774848 
13269.862573148035 5.915360142788762 
13104.569368027254 6.559219230039426 
13005.35834054883 6.881864327620889 
13220.694398221187 6.099725678938296 
13237.55015650347 6.0278633064997145 
13426.516988742826 5.199538723087489 
13312.183490497453 5.698026325990163 
13643.752719218024 4.34238713036281 
12955.898773522022 7.165626121149783 
13569.949578778173 4.569345240682756 
13366.045933181138 5.502484705505277 
13633.725074043998 4.383243477986805 
13493.774723053744 4.930872250574533 
13627.543509502506 4.412435604784819 
12938.742577326553 7.349276069473316 
13490.770466379943 4.999592326389713 
13456.43357312895 5.043717211200542 
13522.466969674004 4.872779627612398 
13295.583660579032 5.803677557818728 
13081.781280396017 6.592843063314289 
13859.304406853 4.091319579236021 
13919.357610795172 4.021774324305902 
13422.981083829318 5.265798977951434 
13469.135284297203 5.027531411299516 
13208.129214409977 6.198024212477114 
13599.10339993622 4.461536753272347 
13418.32931178332 5.287741865261501 
13255.754784393042 6.009134003257619 
13820.019624227663 4.116645197448165 
13745.415379611883 4.176141965032298 
13757.824301332608 4.144176249481122 
12980.569080015348 7.007972580976191 
13514.288290977785 4.901357387127439 
13096.696322070646 6.571277876542122 
13389.719749953465 5.432456201181893 
13266.898221390557 5.960981709447493 
13194.436581170141 6.24014258100663 
13701.692044822219 4.239182841508251 
13138.53119233265 6.474796573830307 
13684.301855432157 4.266600706214652 
13138.301509499657 6.498802133248905 
13484.41776972371 5.019762563224528 
13925.425150521154 3.9976291176498364 
13507.093685240668 4.930539210476599 
13868.997403927788 4.074133187984813 
13301.800204698804 5.73085481540578 
13171.544770679706 6.326614880582713 
13299.4982211395 5.750616917840425 
13027.148310895029 6.803767502449524 
13167.75269873496 6.329018935289628 
13010.380965577593 6.838954974262557 
13443.062642431882 5.135386770805226 
13015.671093990071 6.822950195787047 
13360.078073614803 5.522024442483372 
13032.414529394762 6.783855673166436 
13812.28405109088 4.120518606496963 
13081.66985705505 6.639447486895618 
13199.553926206101 6.236256901687811 
13229.661081020613 6.056324915454515 
13540.639048381348 4.732181755054289 
13844.212426097774 4.1138544814475955 
13260.911369191736 5.991580164947491 
13696.981659911633 4.2649650706217646 
13000.95714097415 6.941601733501309 
12990.349692314923 6.9830744050370575 
