21.769546164342387
16.69547393836777
14.318631645548066
15.846219105417987
19.49692745338382
16.33204630592968
15.200585203040987
15.753145709599096
14.275024366719094
16.581482647457847
15.304418349291382
12.971018985758406
13.351179858996147
16.657950166133105
15.736698001332456
15.448733706260441
29.678787674390975
13.519181170064485
12.911737213745823
15.512251240778028
13.250202799893714
12.749216685686747
17.087551726159944
13.374567258040997
12.634358869875683
18.922764821902177
22.13549347186074
15.571668128481747
13.660982915847569
12.63785877595717
