528.0265170604986 587.9957255926498 
497.9214889775235 818.9719827226621 
639.6270467381382 145.8872373305298 
494.5521708611748 820.397148943912 
628.8779242391827 155.5620848295324 
605.7463546826342 253.6630708028994 
532.763007275093 478.9221206421203 
534.0932665234958 428.1926337334789 
670.117830984909 120.35981713331489 
517.8797403690884 747.7730008465849 
607.8060032863475 251.82313672317065 
651.418450786078 138.2411284429787 
647.4604549448629 139.52435655824547 
532.8548008145721 476.5599157154581 
573.744760464743 310.7182415682301 
643.7753590917399 145.28322899272877 
551.1691809929567 370.5483598767762 
508.1049079736226 787.2171035086462 
534.1500919624935 425.83042880681666 
514.0402940257777 777.226008835346 
500.99218905353626 808.8184187473395 
623.3165095171611 166.0647451292326 
532.3890541567923 576.4169953960773 
548.3158062326147 373.45600113590075 
540.9317401646393 395.0125882982119 
545.7808246002489 386.1907357238773 
601.4192869786057 255.28970541617443 
645.8406711256423 142.82395813671266 
660.7599801171425 134.05426587442957 
554.6422863215325 361.8730488347246 
603.636034157282 254.25033889214444 
546.3576192074951 379.01732538707864 
586.0708807078847 277.4368950530902 
511.27441873135615 778.9898364759389 
528.2012098047417 585.6335206659878 
592.2897831451269 267.79867894109464 
622.0828065193351 171.37633251632334 
624.6055317560363 161.72816146986213 
552.5310151296907 362.4166433832397 
635.9851240332704 152.9001165918572 
626.3225259377722 157.3961927461054 
557.9531542745193 350.0138890938418 
515.3848002538931 768.8262133817834 
509.69561231851964 781.6557792574686 
540.6180930230171 404.42937190784437 
568.8303139004321 322.84358347802157 
503.0135974782091 800.239998133985 
637.9876640589669 149.18683890899692 
573.1606886072352 317.1022754179974 
570.4634795152381 318.97715555232486 
556.6936775220933 355.86388200166897 
599.5408997799176 258.2135815953274 
531.1395133764466 582.3113754425727 
505.0847092883002 797.6083770492473 
519.1091923051201 742.088650696508 
559.8289980407977 346.02487996811647 
520.8344947825522 733.1875224726576 
502.13300706820195 803.0771151063357 
506.22433826060114 794.8498480736281 
564.4091777980403 332.58803848483683 
666.5557286332619 123.95406778166202 
538.4519062605009 408.20665711437204 
612.0629157808369 232.31749286225363 
621.0073769898644 175.79880070780848 
613.1837549525085 209.8723704757645 
561.5702189126062 340.4577548428241 
663.4470993797252 133.02082018506232 
652.9920021286121 134.94152686451116 
537.0518622765427 413.689370921549 
632.5194996509925 153.53735499169872 
609.1741230357806 247.52100798218436 
500.31057073156916 814.712798793835 
595.3449182838017 263.0492740750685 
593.9012584577943 266.30291924761667 
668.8689177641303 123.65941871178212 
597.4739634952842 260.61165184491716 
581.4955898827363 291.39417203078943 
576.7543423850942 296.0629765787151 
576.0341985208833 302.73899966322205 
563.0051668845915 336.226243171199 
574.4189794901192 305.46320694204934 
579.1185045212344 293.50111912034373 
565.3415638216662 326.3580079015136 
542.9017357892892 389.4512640470347 
590.1902961297951 273.2845662407837 
665.0169622467087 128.1199077988799 
526.987227201776 717.7173415574471 
620.2814645640387 181.63084956745314 
618.2523234847439 186.42833172693773 
616.4772363732562 193.09793424505355 
609.4993278104134 233.8156737737272 
588.3862299270982 276.4862212908049 
527.5939346774369 712.093202258962 
522.3787003278374 727.7870242274793 
524.463957753976 722.3182861703909 
582.1945295170118 284.42334075396275 
584.3101346744041 281.9756208269584 
612.3750825798975 219.6758659091979 
615.8628556103941 205.53833660651122 
520.1521076262521 738.9694922076333 
