495.81628045021586 820.397148943912 
533.7799136286245 473.79990150923936 
508.17655747628015 768.8730350132392 
529.0998965640302 585.1950780698354 
531.5416331111311 533.6709641391573 
531.1342655289088 579.3831859100977 
620.5586803844942 154.57556539085357 
625.0375259561424 152.16220921807962 
534.6988094205823 417.3705351549581 
663.8634611719998 129.54659055094356 
622.7915613898676 153.67321232442487 
668.111822836464 120.35981713331489 
511.61417299327644 763.0611428535011 
649.4578842501026 129.76820324870226 
633.9398445670602 148.2201116678566 
635.8374584166345 146.13917090145915 
628.6565021006352 149.6088581104484 
618.7003799963119 156.64962221037885 
540.1054140580444 391.93469976237594 
538.4248344846383 409.64205028420577 
563.6571468845199 316.06768058813174 
567.1191756748682 308.68674181057855 
571.8164331165999 294.2511508357552 
554.8267228305324 340.28257067237945 
556.2481074419753 336.72954550559126 
514.9856056615615 761.4418858456404 
589.9914752527891 235.2656451517532 
579.4309905855066 272.99873971460227 
499.44302818478695 817.4680190524579 
583.5057490470347 262.20806700558046 
582.3360318961551 265.841931946373 
529.029426185992 724.404263729645 
550.4007569726377 351.1837397076594 
643.3802117805287 133.06224408408798 
627.0607073286413 151.6126001591787 
587.0745302816101 251.55594357780447 
631.2853656939324 148.61042752285 
517.2218942391155 757.7730411296078 
507.7905350603331 808.8556913536065 
551.8905200734774 347.65029338404213 
588.8187642827619 238.97211985560543 
609.8960954010267 171.5823321028005 
639.3011094321301 139.03250217711636 
553.5596626887318 344.7024896065756 
536.3830116185723 411.66446622362724 
542.3682280628226 387.94391023608006 
581.1198142243887 270.55910008771815 
533.3277438866079 527.8590719794194 
525.2193370147215 731.5496454068838 
575.9492333986906 280.60533179425767 
574.6569690480341 285.06755845368565 
543.6159921679482 380.83470587874444 
545.2383819273191 367.1117635649176 
585.3273383733755 255.16258117091667 
520.9253634364893 747.7497452194078 
615.1922651360484 161.65499445044532 
523.5170828246445 737.0207636300345 
562.3053438139897 321.1117359973807 
594.1121362660873 213.05983429713805 
604.2989396350388 182.2803531259286 
637.7505327371911 143.16388914708205 
549.2438159708253 354.90731014404815 
544.308774175025 376.1621792507148 
538.7693730651264 398.6232610115346 
526.6290025403302 727.5588558805885 
573.6778639872656 291.23333227530907 
665.1098437180782 126.87151342674618 
595.4450747056273 204.7656133766405 
590.1995339813657 227.51057507402692 
646.6298508428431 133.03579497213437 
591.6134420324097 225.17711693962687 
611.2900285444248 168.60840716456437 
570.3365734475802 298.8300752261403 
666.4244293766881 124.01057527066914 
548.1225870563824 360.3655321287864 
502.686967269829 813.0365196679782 
501.1230552988494 816.3586648913937 
505.58933825366336 810.5944672578784 
560.7575976274871 323.43279670190776 
641.2609618976825 135.78473556628492 
597.2593093020765 200.13622664136028 
591.7164509015362 219.28185446658685 
557.3569427205041 331.76514670078996 
522.7365120848885 744.7624162120605 
565.3662154395003 313.30262330117193 
545.9692912391035 363.12097403862145 
598.9820047949418 196.03963232524507 
613.4874175994313 165.0944712586552 
600.4771132700477 191.39920804985186 
616.6769670107519 158.95047031872113 
568.7133153041685 305.0687987704422 
558.723256592407 329.06875272814017 
577.9637864168511 276.0429073485669 
648.7581636321257 129.95668946844046 
587.5709553727299 241.68216375645684 
519.8241028341573 754.5393521184502 
584.3325819366098 259.15337069721335 
608.101685786531 173.1706417797864 
606.6145038213572 178.59308161114498 
601.843583337281 186.6183787676005 
