506.79244788723906 768.8730350132392 
530.5257427001723 533.6709641391573 
670.1059816698405 120.35981713331489 
668.394535272757 123.11885830495376 
494.5521708611748 820.397148943912 
628.5790534906761 150.50841804906452 
497.0331447303242 818.0324412605058 
653.643977993687 130.35621902831582 
584.8151816852848 251.67357051412523 
526.7684445092357 585.1950780698354 
531.55646157383 473.79990150923936 
621.5242293584303 155.9508471700353 
618.8634146832634 158.46796360542905 
527.2176926133345 576.4705800429641 
599.1258720999717 192.65485412231635 
616.7665293518702 161.68634430172665 
579.7131656051491 271.9152856993638 
570.5119633035431 297.688838796414 
531.1176459464727 521.9397179349305 
551.2619953363314 345.9837197722205 
559.1779985786286 324.57277327910464 
557.5671397256668 330.06568836734857 
573.2378589604477 289.58984347235173 
660.6735114027802 130.22447939390074 
590.8387420772568 226.14193696664336 
625.7389841634451 152.06443470662654 
598.0810115716271 199.15924656364362 
623.1830160556254 153.51705678141718 
520.0683636065535 738.1376263797196 
587.626846852488 239.68036901366432 
535.9463077322132 387.40199240976807 
580.8707305486213 266.0995668680774 
583.627826906104 255.55312286351298 
633.3493832127739 143.08540460419474 
546.9074812145079 357.5310003443196 
518.1891605681112 741.0934336888221 
549.6608068311415 350.537485905985 
571.894803821813 294.30634680107505 
534.4216985624566 410.5445413743361 
614.7150582503392 164.03450107854516 
581.7266919616391 260.44302643234187 
635.7420771962192 139.49457952517224 
607.758925006746 174.87621871816646 
564.7847570523888 314.43067983376824 
530.3490554216976 565.2082700144892 
504.38082584220473 803.095804712386 
552.76384504614 342.7061778169666 
665.1545501558442 126.30816489723358 
526.2308188098691 724.6477915467455 
631.0844038114426 147.9862551455314 
510.4948511980702 757.5255317895475 
606.3345700382067 178.8994289783332 
532.8512743731385 422.27578757856276 
638.6548378913266 137.3050173080561 
524.9090828777387 726.3875733696927 
537.6617388652156 381.72034411564005 
500.41460762081454 809.2501738679193 
498.2960977971941 814.7102960370905 
567.9916915742208 300.5474754491104 
508.1411046888732 763.1861821064177 
592.3400380359076 219.56992118093197 
577.9399312557465 273.6680760523632 
576.3799727459012 278.01185814897605 
649.2255896577236 133.633320864666 
574.8250117732168 282.2220411226487 
594.0704814515515 213.79416064284683 
540.518318074945 377.43949618827486 
586.1289359062437 246.49379640900608 
595.113091617312 208.58127097344493 
516.3927441024631 746.6242739142419 
541.7629057985273 372.7115253604137 
603.1296922989816 183.84283991122084 
528.3129400077461 571.0104578737929 
600.9348182887518 185.51262617923885 
506.7847683602985 796.8222872177208 
523.562249290121 731.6823255782213 
521.8773438124886 735.6744185499533 
565.7389867555847 307.45389876560483 
511.52591675837465 754.3463491270647 
560.7340414099607 320.3625903054319 
562.1851642290069 317.4007155317462 
544.8705458160663 364.4309536403292 
543.3555351475776 369.34566169457554 
548.8401452081547 353.055060852278 
556.0585577786624 334.7860386469338 
604.1950621332126 179.85030888442662 
596.5920069725975 203.91237779313994 
642.1741845232984 137.29929387535833 
611.6403469130358 171.3044305887524 
661.5235094376424 127.93193201603121 
609.6209498023286 172.73686059630197 
533.0249512902203 413.5512895516911 
651.8101190352301 133.50544283766126 
513.355699865026 748.8862269578933 
612.3793615663652 166.65994430864677 
643.4834448953532 134.727768695508 
535.7473016354517 401.75624381081417 
554.3479831236881 339.83024843593523 
589.0525545908973 231.87570164721873 
500.9945308726417 806.2125287478693 
