495.42011606665426 820.397148943912 
655.9305187014986 126.76196837996874 
668.4344200260049 120.35981713331489 
527.2189102626603 585.1950780698354 
520.4268951506708 740.2463119010963 
531.8989273272547 473.79990150923936 
498.53156027852293 817.0750037204965 
499.9757007140698 816.3133262795703 
510.627242407787 768.8730350132392 
647.2389311439214 129.42419231477027 
532.7109045946297 470.4777562858237 
518.0838302966595 748.3422006241026 
626.7553742633461 151.81927799229098 
532.8457401265631 422.27578757856276 
557.2443533964646 331.18396162119456 
526.7201025303256 719.7154775119603 
519.2718801050704 744.2047823011548 
578.4271024537622 273.2411915045845 
665.3204441132922 126.54382012275764 
502.676603020098 813.1036891259773 
512.0719875954642 762.7143960502384 
574.1379420779863 289.8969129273097 
503.858835508058 806.0222310934456 
666.8414378490222 123.2789268499265 
541.1261859037579 391.2109533362626 
574.8053102208225 283.2841009781614 
593.7549998961514 208.7021117984683 
506.0461861632286 801.3035458342777 
576.9385955826897 278.93687570529505 
630.6428056636324 147.4106152589115 
529.9230448560378 581.1112554054939 
628.7409028002769 148.95593430169308 
541.8732824974387 376.0483358507362 
621.6774049441397 155.36073738681472 
619.3642044059534 156.84091668416843 
570.3327525405665 300.01271360272307 
641.9665593770412 130.94984471267728 
516.4226841830109 750.9216626095632 
608.9580720380112 167.1175045082156 
588.1024157638001 233.69989281785746 
600.0234023901871 190.01350466674572 
597.8726981305356 192.2697528544384 
589.7265160443303 226.0583176198519 
554.9009391266488 333.85917744349837 
636.6582930295203 138.20562389836158 
571.9905610282948 291.71161788058197 
594.6449837340863 201.34293064608286 
624.6678903451069 154.33277122497717 
632.8691478849528 144.1046038233664 
652.5628955960822 128.14947199148565 
522.7200510478078 736.1624892367546 
601.3923271764327 181.92233206871754 
617.5596191917905 159.5878763134325 
542.4786406406174 372.09736102908596 
614.8649489013222 160.44368426757822 
579.9189382664896 268.40904977630913 
539.9472543252554 391.6022769883224 
537.5917239473393 411.66446622362724 
514.7139383868547 753.2035002468983 
581.0031879217914 259.99951478879336 
639.4296256297469 132.8171134794359 
604.9469018240449 173.37961857352738 
552.9138734439731 339.7822607951348 
650.6921992445839 129.41492422955034 
545.4185089302812 371.52489079459133 
545.7388483008589 364.9663024235029 
606.8074861368782 170.08329523369582 
548.6566834326752 358.83964668501505 
561.2008248395775 312.47399194789136 
533.7034205965649 414.04838993154243 
634.9281299249149 142.14237378359647 
547.3049396864805 363.4810318963684 
637.9384474570627 134.0430902040213 
612.7772663729356 161.6866045406786 
510.37543880371084 784.7385526593516 
509.2233143247118 795.8455816096789 
507.6344741089157 796.6627103977742 
563.8104991942157 310.0036428921424 
528.1981841035649 581.8729328464201 
602.9557609730301 177.09144927607935 
583.1244659268112 254.03917846329045 
550.2457359969155 347.7576132577823 
551.6097284764713 345.3487107929172 
559.9326411191826 316.9617891948703 
537.9198439442066 399.99869170959806 
509.86594209405933 785.5062630968696 
566.5711347136198 309.874653110677 
523.9418759991918 724.5767771347556 
587.084609910902 239.30226924359644 
549.0284720727556 350.2017489885522 
591.3164649048292 218.1884071243197 
610.2523631645347 163.44537254879177 
596.9913610784521 199.55832641254258 
644.7690985813655 130.69865724031945 
567.6674403520971 304.71404218100287 
512.9157205123522 758.7634212285884 
558.723638947873 324.1710770240557 
584.8218836126932 239.31603196392268 
571.0310236431986 294.64569890621004 
592.7270105896018 212.67342639298778 
