496.57819825843507 820.397148943912 
650.001098924607 130.35621902831582 
527.6241797725647 657.3328936485344 
518.1633556524379 744.186136413599 
635.2663478910339 138.08075714400985 
657.8896961677435 127.91986045510868 
504.625722605896 809.7062852578065 
566.345523000381 311.1849657735165 
665.8536231487058 120.35981713331489 
629.8908783140778 143.25727239191966 
615.7181214406456 156.51893117992722 
639.0814690832539 134.75672139064577 
533.6048086197138 422.27578757856276 
596.2762411065221 220.97356226798277 
570.3243041156402 302.8458889352628 
502.3791083518763 814.6422026203252 
532.9640116752419 574.5042143837303 
628.5169375462119 146.1766767549851 
515.6250440891729 745.4107959199231 
553.7084157678728 342.82471324287826 
522.4896338457809 737.5723416904832 
548.4522550500835 356.39076114955293 
601.4759041451672 196.3947596817262 
594.4564018541445 225.01743102935754 
636.8400604232611 137.30678224001466 
574.0792411303677 291.79194720786063 
564.2671026628556 313.1181733138413 
648.3346681014673 132.6856796484081 
543.9878288774993 385.1741368521509 
527.3948308042966 720.215898469964 
592.4622733252038 229.20211318761577 
535.2583846734417 418.90281825608906 
604.741728121055 187.51777566983475 
513.5528322626232 785.2244309254085 
500.9412127572719 816.406359417616 
626.5004241994527 148.90564143753122 
602.6821560288008 190.198132915197 
656.815524668895 130.14096674529446 
545.8212311943041 373.59141791063945 
584.3128859760501 260.4158593045469 
583.6307475073666 264.5380945964472 
599.5260360794916 209.41668568058398 
511.9384749156641 790.4267809478649 
662.1699462593615 124.01764224408939 
542.914761076816 390.11485030767324 
664.2659868486212 123.79097983167436 
589.5946580978186 239.36017301436368 
660.4427890477605 127.73493082717218 
539.6896776320925 406.17710413169067 
510.83815991046805 796.5669122440642 
580.2276996296403 275.9994071114002 
568.5373306236753 306.0192793849621 
578.6471865000836 280.1009272378769 
519.6165454613965 740.1953468873035 
631.0907535708913 140.35338213589682 
617.7109506768523 152.49294862396044 
646.3163585636224 134.40365717125337 
514.468751594789 782.8103147354715 
557.628695257693 331.4673226220608 
523.0198981875124 732.6479474641518 
530.5186065536666 581.7696299223984 
576.4154590426778 282.67245241772713 
572.13341869967 295.47379805794037 
546.8807299477289 367.76330459750375 
538.3609431892048 411.5849238924572 
610.8691137614175 165.52629408719707 
598.4731228683436 214.72589153072178 
507.20164197860146 806.6244282710396 
552.5529614381769 346.60672282444386 
526.0678749975261 725.0703215443128 
620.9280615847342 150.0160916272311 
548.1333912953137 362.822957474345 
540.4537132275352 397.91280025382065 
524.7575755085883 729.2224993167146 
633.1375389803757 139.30828500484967 
555.4047725567682 339.5561597891294 
622.836702643541 149.49290952677634 
606.7779872585098 179.79442903218586 
556.528335408918 337.67787519503196 
575.2953872391896 286.09790056516437 
609.2157465840634 169.51192931057142 
562.8161146153707 320.5282641347935 
611.7596189098765 163.04314486302323 
536.6438721717063 413.94508700752056 
600.1833129096659 202.39764168889297 
528.8218691667699 585.1950780698354 
608.2427257507436 173.29373728449792 
509.2257449363132 801.7112728820897 
559.3002307183035 328.88495708311586 
582.2671454297979 269.38561238828436 
614.1930722195912 159.6014303847727 
532.1290788404841 581.2042885435401 
584.9667534226922 248.69923939137666 
586.1933478370472 243.5057789164434 
561.4319679640485 325.03651122379193 
587.7289712992326 241.03672571335338 
545.1666449755566 381.15411133247704 
590.1608632150355 234.42884113387436 
542.2917131096851 394.7227340238373 
550.8756136114356 354.37286514525346 
