512.1460635868588 763.4229123739426 
495.4702530529556 820.397148943912 
525.17230778724 657.4778584526462 
667.3457327377469 120.35981713331489 
623.5998100146576 157.28690254470024 
649.3006161561112 138.52353105607395 
604.1983693234755 207.50099105458253 
633.3733143711792 147.21074408955587 
502.2373926937967 811.6104645494648 
530.0960609475918 585.1950780698354 
530.016177521451 640.9774269325234 
642.3461902491351 139.58744571368283 
645.8878156110685 139.30098239240982 
579.0755614795588 290.97905715295633 
559.5390290776573 336.98322647866763 
522.3436504409499 735.3107751992578 
561.2232698301735 331.76808264915985 
529.1796237040431 647.6272423069282 
527.6450873064546 651.7910055458244 
659.6046089489098 127.55614656474151 
636.4005712302185 147.1042783015419 
534.430836016974 422.27578757856276 
650.1546828530003 138.16867537536598 
653.6063347372576 137.75272008016563 
638.4275889353576 144.31276905728998 
581.9375775116367 283.77433820221995 
536.5636869174275 419.84544282058755 
606.4686609968211 197.86609321873814 
538.0511128826181 411.3561246518761 
580.6263824552096 286.5191719156087 
663.4236303860997 123.95406778166202 
657.108860029296 130.30532413721807 
655.1713902765815 134.13517635192366 
614.1715974549218 168.45614626547516 
516.7739512314485 751.8711585485818 
532.2977662136993 576.4083936753882 
524.770297263088 725.9177031243739 
607.8338203498553 193.8324699524037 
575.1900728959678 298.7666526241451 
519.9707949199951 747.8816558038543 
665.8045712232372 123.08003974691968 
625.8800430657777 155.63190129745055 
661.1001253809636 126.7163899791385 
499.21417998897493 814.7102960370905 
514.9402323657681 756.9072247881373 
497.951226922105 818.0324412605058 
510.46001793067103 791.6343234484474 
563.6450340274669 327.78972563176393 
573.0674123240628 301.5907469745239 
542.2575851410386 401.51126879612553 
513.2269085362759 757.7360594671211 
621.4533538913031 158.8136543925998 
539.0805039935723 402.0354068042632 
568.5205421195865 316.0547503480614 
507.9609797342596 804.6799196513483 
610.8933092369401 180.61380442732758 
545.0344960125545 382.59329915641143 
566.9352224347346 319.5421321417448 
533.2511854733775 575.4514242960918 
615.9955423062316 165.11187131094061 
605.2954262701923 200.52866988698472 
628.9485868642619 150.95693745916728 
631.1657586853696 149.14480437228883 
602.1267031590005 216.30521780972632 
504.7853827122262 806.3138813158147 
551.4069505036913 365.76697804304746 
598.056346090275 224.25078159781086 
599.7214949254786 218.66014488536305 
509.06358899715576 794.5032656911294 
617.8342194905168 162.40161335923278 
520.0468373696701 740.2396623422845 
639.9887916160596 141.50613965932897 
569.282540700083 309.0907417940715 
597.0169451476283 230.20728540425347 
553.719367366599 355.23299847444497 
551.7737717810479 360.94597131269103 
584.3615382828374 279.098375117468 
547.3167130577158 375.2097094606172 
593.8039576283506 236.4195494391553 
612.2228668789073 175.4677516426786 
556.9024439179983 346.89034511878674 
558.6037678391531 342.24666987651995 
555.289573669389 350.6893241224598 
549.5577613859938 370.39443803353186 
619.3466823390089 161.0330959143118 
589.0602569326289 256.9252730013402 
543.5592116770317 393.51296208309753 
523.8291467189613 734.6600868784775 
603.2950003553747 212.7980872881697 
594.7329567613124 233.07913473648875 
627.4771591937538 153.5992939115942 
571.3361326221896 306.542292615467 
591.8208435841082 243.13397620309996 
577.4746050141869 296.3697178174257 
587.7536468389751 270.73942292326933 
589.2703335672157 247.7704127065973 
609.7961393284367 189.76626570837698 
565.0397577825936 323.5097316451969 
585.2557195020363 272.18548071099497 
587.8748395868479 264.8780709696965 
