527.617978755811 585.1950780698354 
519.3954834617075 741.1609112180408 
632.6872989110215 145.8785749003051 
624.857603833089 153.22419452845273 
530.597525132888 575.2989528279501 
520.6920262609495 737.2099363963908 
636.2185740485581 141.30954525045428 
521.5747375663398 733.1200807354569 
537.8198947193561 397.07076506026254 
610.7547248108629 165.2495780762531 
613.4642561849375 163.47929655972007 
500.58070586761363 813.1240288988465 
661.9979321968104 125.38479979791336 
620.5547145525921 157.97355341377195 
655.1034747671309 136.00136030437625 
504.2614805535386 806.107358934937 
622.6270959527307 156.92548376393322 
515.6167588206185 766.6014691895119 
545.5246397821767 368.87709307511943 
604.8031577810274 177.08701300410954 
656.5969778177133 131.87528464010637 
559.7793899089573 319.94068346020885 
578.5919538777579 267.3442114928227 
608.5040232245192 169.03071020220156 
565.5243631102641 303.8010289377416 
524.2947289649857 724.6828145910805 
589.5989590607072 224.99347933636565 
606.7668246196579 174.0350490716137 
581.2792826408805 259.460086532049 
666.9453705893053 123.28978359933225 
631.1545975720767 148.69055360675318 
618.2815773691452 160.16865162554677 
540.5802740189882 395.0151359386971 
615.6164910918511 161.00799820125383 
568.6975167403687 301.5538335541828 
562.8757428764708 311.39149185730395 
658.1229634043497 129.2642977244866 
564.4912616075217 307.6466374445794 
668.5495125862262 120.35981713331489 
580.1351760136761 263.465112266435 
522.5036581295512 727.8285125599099 
527.9612546433593 576.2122825295498 
571.819272473919 287.4377469362924 
541.9757734689751 382.1905227118589 
511.01585094204995 787.7292361005927 
509.5701226116441 795.0023561456576 
498.31667178482826 814.6910800125813 
546.4755567829427 362.3019235190124 
547.4961429869653 353.7507130076822 
592.9174103179101 206.7567900386429 
507.23343914547974 797.9654717116065 
570.7456032304904 296.3841509503312 
504.7346546278102 800.0973788492169 
494.9261434639145 820.397148943912 
502.82464267950775 809.6592304851289 
496.90527001235296 817.6526181656507 
629.548718200219 150.45854222279772 
533.9288746322709 411.66446622362724 
525.5749610082784 720.4990424726349 
591.2072358008096 219.29899294802368 
585.6886512810922 232.92312723643647 
511.79400075491543 782.5572673265303 
544.36145712079 377.8440906924546 
525.8615720362377 712.7997890492732 
518.9528989104598 756.922322964098 
548.6187779898327 346.60798432361946 
592.0749534884583 214.9347663818801 
600.8839253216538 184.49545744580118 
551.99518553323 339.6907194537629 
626.8730090459704 151.3596404772815 
553.4046102307481 329.2533548292175 
527.2514248206733 709.4227933833434 
638.6990347279266 140.4504959443788 
583.9120060292491 242.2490420732631 
634.3370156338159 143.52045654919118 
602.3241633585109 179.30561675331552 
517.6612639828396 760.2192214050397 
663.9225810436413 123.58434534999871 
541.0969746205391 387.447610446495 
513.3173025961341 778.4631352772324 
582.8979517041133 254.00509636354747 
574.6354151947585 276.10436003178773 
556.2263675201204 327.9253852043875 
558.3729617769665 322.95120370915754 
593.4325472261138 196.8606647967561 
532.9120937181372 468.0938325779084 
577.3044816605342 275.5285242686567 
572.931705323847 279.9103386859778 
514.1826300448519 771.0157635214788 
594.8777700952218 194.65915868913586 
533.6048086197138 422.27578757856276 
643.2192824286393 136.12700292168364 
641.1559522753181 140.20091381307788 
587.4276129798554 230.4206133290975 
561.7517542883719 317.8792564251126 
537.0530589952541 401.7683409817416 
549.5455536129368 343.4105055786495 
660.0156901094037 127.6987930315038 
599.249192713989 187.9962787313101 
596.4084397488314 191.08169356106924 
