494.9261434639145 820.397148943912 
533.6048086197138 422.27578757856276 
504.20508658318596 805.4762802629751 
621.3679667067458 153.06443299489644 
596.1121056569039 223.05794124600348 
507.2799261010761 796.908113930679 
668.1743241355939 120.35981713331489 
515.9930266997619 775.2892131545466 
500.83439422942604 813.8814613581068 
534.42015247327 411.0122597552242 
594.1775883204618 235.43085835568417 
581.6344434981099 277.0024647964382 
536.5268177318035 406.8612798528251 
499.4249926025951 816.3984795960395 
508.95599935281973 791.481119806019 
550.8589164707869 366.69333872369526 
601.4649540515998 204.14857949591425 
616.5836190458533 158.4547433441274 
547.5668505126895 376.21337435629596 
502.9621165165327 809.3824576104842 
592.1326551193081 239.37481103236806 
551.6609170396443 360.2514977854444 
580.176751606769 282.4962409547523 
619.1977394419962 156.32166081895974 
576.4862909880901 287.83717306343283 
594.9508260544517 227.47016872028044 
505.40804441189096 801.0551413555812 
602.9403689850124 192.9846636140625 
567.7624574209234 311.763477518178 
516.6733911747903 753.100876004565 
517.8482196761454 747.2397009846825 
526.5424171119754 585.1950780698354 
650.6784022323433 131.11160004098636 
510.8780565084195 787.842742629863 
588.9380406389093 248.9023183873693 
574.8061625993336 291.07073515731344 
587.5773135212629 256.03894935360654 
526.1543916372026 726.9238921961829 
599.5735679995539 205.87390112857486 
519.5039575338601 741.622773195999 
514.6636830891648 779.7284654704694 
625.5572434664546 150.41226228421405 
520.7647762456576 738.9752546695535 
610.0668729464687 170.93990677943486 
602.396188639433 199.89282758102863 
532.2979958204054 473.79990150923936 
568.8827729195514 306.8071886186754 
607.9270200853312 175.69207010430057 
639.1410629590065 140.90780771187087 
539.764260368854 395.97507666567293 
648.9403756821232 133.96329602133974 
663.5995501071174 127.32487136840231 
597.3105344731114 217.28295646713278 
566.4182603636606 314.3520266811233 
563.4615561726091 324.0616432528653 
512.5768736068932 782.6571362146594 
565.4481250229595 318.14405351010754 
529.443506863449 576.0563852872101 
541.6747915230521 386.90454200704534 
637.8638453020986 143.74256606972602 
578.0515188482568 284.90514839857286 
598.76254614736 211.6160037714407 
632.657622031786 144.23335620147216 
665.4382116923198 124.21027616183278 
524.0493470229206 730.0080364747128 
526.7156369218435 582.8303703864296 
643.9466702604852 135.191628199105 
590.078948084708 243.716711972165 
561.7024849655473 326.73529388394724 
623.5681800439338 152.50145345037905 
641.3219065760017 138.3039071597586 
540.8212326502178 390.7700782348189 
559.4108111478405 332.2711429747077 
570.892558222443 305.11195477224396 
585.947868059322 262.9757669286077 
555.1205767240903 339.599780289582 
615.1384600543129 162.21452606134315 
613.6544644063559 166.6893892675185 
546.3827711631321 380.6981132654881 
611.284413733294 168.37194777443264 
557.3230465772805 337.0823223599198 
666.6474578840888 121.86255249415602 
604.7228759139953 188.5512334200106 
548.8376875262342 367.5151561886836 
582.511214283326 267.92667585205646 
522.3240364606884 731.9854618245779 
630.6288780681358 146.8409062738456 
628.3040092312382 147.8321048539415 
571.8032276869798 298.6133574313145 
544.8824821430482 385.2705803425787 
554.6039653861094 348.06744020549115 
530.7063211410884 567.4064016371877 
660.4459974205299 129.45515539721106 
661.1456290336807 129.41534069256522 
583.7458921867229 264.9038037554903 
538.1626936917769 399.2821127150612 
553.1647814333478 351.016593690978 
572.7383250379947 294.8034749119154 
605.893656060927 180.52717386692674 
553.0352238031234 358.0007997347408 
