513.0073391211747 767.3024577592807 
516.0417873941674 763.4275472257184 
495.91408866939395 820.397148943912 
528.6059239612905 585.1950780698354 
667.1156118068268 120.35981713331489 
532.7491294875048 580.9976179133946 
517.9031549941362 759.3006069609423 
502.9521607800677 813.359066951705 
562.7846060966234 319.3702174152094 
539.0665381557178 397.9214655161593 
627.9163364717103 147.17320459116368 
662.5509918344306 124.29665711162369 
537.1823544578824 417.1377331085541 
542.3751144958965 388.2172825361697 
632.0313733045895 143.87841623282657 
540.9923320642769 395.18879541947314 
614.424848756963 155.896948744455 
553.9839061703381 339.87466883210897 
622.0531752753625 149.40593425976132 
612.2075724115498 158.98243738493414 
640.4120700106143 132.9113213604104 
500.8406502625126 816.270208679136 
642.8203983302968 131.05277910368886 
506.19314921336513 807.3023662646401 
654.6117104823205 126.76196837996874 
661.1195577593123 126.75951848229117 
593.9128323695927 214.57994224254648 
594.8753166762926 207.6123680560436 
533.2718908959995 470.4777562858237 
665.1945419125485 124.10232634689491 
599.3073912781833 190.4478833348957 
601.0400344258818 186.449213987023 
624.7325932413171 148.15735543369834 
519.9940269067488 736.7240559514628 
499.0255328812627 817.0750037204965 
637.5865132680698 134.84761251313952 
555.266073692595 335.1355113301843 
521.3287658863702 732.0550258737563 
524.777893849819 716.8180244518973 
629.762199646568 146.07657927742565 
573.8566328203972 283.12193438920724 
609.3351550929171 165.95678656560037 
543.2779694789846 381.3505718885314 
604.1638613635756 178.74480441436242 
647.750191340951 131.00277600042466 
597.5615526137336 194.67492812688107 
572.4775533749029 288.95066288979064 
551.7407256374449 345.442489277855 
635.8360629810172 137.9547774875976 
633.6392323048252 140.4534449959834 
649.4987152207963 129.99092864687398 
581.5013002932059 253.6503192514985 
581.139642754925 260.43574950542353 
545.7770738849431 366.67228334895276 
607.7509366173751 169.91960171540168 
605.386755084297 173.72139430900103 
557.0229892540623 330.49736853970074 
583.6770529797525 250.70818580762548 
528.6921567063047 581.8729328464201 
560.7574123994164 321.5665833918799 
534.1765098653925 418.9536423551474 
610.9768885480014 163.23104695139185 
510.1868309353163 798.0365666578342 
568.9754321827965 296.73558033615745 
576.0896082107197 278.9122246722913 
619.5714242985797 151.22594703431471 
563.7705600167958 314.05135723770996 
616.9403012174837 153.5186654039391 
532.2653478052882 581.0681378050596 
548.6669456834821 354.3424573624876 
549.8703376979427 349.3583073216713 
596.2132061823867 200.91700251740124 
537.4857030098739 410.97847091278766 
523.5137627343272 720.3317893070371 
571.5232020425694 294.9516837468577 
504.6104601494671 810.0369217282895 
591.4743612216301 230.51374439498008 
588.4219311070854 237.85092750853315 
547.6658698493177 361.5813477499594 
544.4753955686913 373.9437292515954 
579.5318647266962 268.1128254736376 
522.4300022058396 725.9341525223965 
564.9857014692133 306.99269002586317 
511.26409997278006 793.7446564265344 
558.2832675182483 325.47266654566295 
507.05164213973416 800.0278700527148 
591.5044137979327 221.56112829732413 
585.6984770043962 247.57340296384257 
512.1781142935318 767.3748541017662 
587.3476630328537 244.72546809859767 
528.5731310375708 707.8923783224742 
592.2277982832292 216.5620931171556 
518.0121694905625 747.1635995580765 
578.0861947276981 273.3892569586165 
602.503743950581 179.88991582214751 
651.9754603749632 128.84694267701073 
567.0945677397892 302.1902545356215 
589.0511883178642 231.03852480215895 
527.1191671804417 712.6042032449776 
519.0001730749118 742.025545088068 
