527.8440061530713 585.1950780698354 
494.5521708611748 820.397148943912 
668.41892687532 120.35981713331489 
498.98992263581664 815.4894114059183 
531.8989273272547 473.79990150923936 
534.589877913733 417.3705351549581 
532.8457401265631 422.27578757856276 
514.1822369179781 757.3774706845777 
621.534416565145 157.19288211318872 
538.297698344237 407.5519791797044 
520.472439245769 729.0421868913905 
501.18105552257134 811.0913399809011 
557.07117406069 330.20142944785056 
518.4130835752933 742.420725019394 
508.2237646362647 784.5362568114373 
538.6365362614112 398.50156349390744 
521.6141780157186 725.0513973650952 
579.8812400247926 262.42777275392297 
611.0554091244156 163.75892707321742 
551.4629095992054 342.7563821905571 
525.6943709572779 715.1180980248402 
584.1730238886199 246.6324016662154 
555.3871341707114 334.20111696269964 
509.4024505443143 781.5657296638523 
534.9688325507107 411.5427687060002 
590.5640580068713 211.73808753093644 
504.72965049527147 796.8157861800163 
616.5335670622645 159.87045363347295 
582.4890592321489 253.36892699138832 
608.4564509526391 166.15381719563072 
549.7995355554849 346.9491002470022 
593.7470181509688 200.29084188043453 
568.763630926008 296.1339043423342 
605.1460257519811 170.98404914380203 
641.3672111003689 141.32699514319407 
606.8737117025194 168.6925502491176 
618.705136505613 158.0783683605326 
636.6151735216298 145.09277415510093 
639.0469916256782 143.1581471077332 
571.4063447479286 292.2755148320509 
573.0857549372571 287.7427553828954 
553.2845120543955 337.0629985749229 
523.3163108943456 721.8159849248485 
511.3639192355464 779.6285192734438 
603.4815063479545 174.6831085183304 
578.8073677783236 265.98119344940693 
576.9029933857277 271.9673047210822 
564.8506994610499 304.83622514144537 
531.2987800759319 575.2591381233041 
503.8574658671029 802.9736101898293 
589.1721175277569 218.9584728126511 
596.8527549835609 188.48901391001513 
540.9830363389556 383.90277989584956 
542.5285294728727 379.1965911101152 
566.5801526969145 299.68996952859084 
575.405108647799 276.2218967983508 
543.4708500832868 370.645939285473 
530.4709317350555 582.2609970442079 
544.4146765830586 366.65514975917677 
586.839220090492 236.23803915675018 
527.3473915300078 711.4496201289522 
563.1687518647451 310.5817173338559 
561.8670360139521 316.9660856209728 
588.925313624269 221.54129981448943 
601.6153104860476 177.75366659826048 
502.4818612612341 807.1005504546051 
516.7967603705682 746.6367356966852 
515.7321001924886 750.5298419462104 
595.9725112455473 198.7088045362644 
520.0053288896237 735.8493835692581 
644.9700024610372 131.7514401123354 
549.1055701956133 350.03531764301715 
546.0127267386475 361.94312690687934 
548.0692734255263 356.67652250927927 
587.7254116033928 231.26829431887597 
625.7372594316178 151.6429476494882 
629.5245144743972 149.43670050283092 
623.8649829435383 155.61843573906668 
513.3818038463239 772.3461328969125 
538.701093978163 389.04528313212865 
598.1699374190811 185.19020543078082 
586.0814050354116 243.09697024898597 
592.7328643356408 206.71242883969902 
613.591292462419 162.85332197982956 
631.4550188656838 146.54481878886756 
633.9913379181272 146.26226504496861 
646.4591738419612 129.76563124959986 
513.2173046370974 778.8237242320832 
599.9239754954895 181.536707812373 
537.2930937036364 411.53505259067026 
573.4772841819465 279.7244058600842 
580.8653891861945 256.26395406696525 
663.903524671612 125.05377346307363 
506.5241330041282 791.2913949277162 
559.8626976797383 321.0684144450306 
558.4008584854308 325.0456651641253 
665.596051852071 124.07028188589342 
667.3453115443212 122.60288300357527 
661.8601398318608 127.09508081911663 
642.2673570966671 136.76960341528905 
