495.42011606665426 820.397148943912 
528.1119513585508 585.1950780698354 
523.8070534813126 711.3235439933877 
532.7919684231451 473.79990150923936 
528.0136541866758 700.9239519290437 
498.53156027852293 817.0750037204965 
650.353610076426 136.07011045105875 
533.6825372626529 418.9536423551474 
596.1331944568428 212.82588102244682 
628.8612442622132 151.59257954369366 
529.0326566977893 579.1284020681585 
522.6119772822526 735.990304399575 
564.9904481036018 310.4493354244887 
668.6063241355939 120.35981713331489 
533.6370997053126 467.7332255075623 
534.5858223725036 411.30385915328105 
512.3749663526426 793.1935959379889 
569.1485855558569 303.5624096225074 
522.4119777793674 759.9249968445845 
557.777315215932 331.4982602554246 
504.175689472461 807.4394230337331 
502.91384398215774 813.0365196679782 
500.26365352013494 814.3304729422354 
594.6224664590876 217.20270295885402 
523.6632097311203 733.0562233739469 
583.6246197446656 259.55343511531015 
667.6119697542775 121.86776615215864 
614.9668057011436 161.38374552362626 
536.5367525181464 405.49196699354314 
664.870495855845 122.13025183568453 
570.937241347561 300.1407477176872 
554.1754476317032 341.4759982966413 
598.1077455539178 198.96614825383534 
606.7034020499266 173.39362626695677 
550.5916972288201 350.688086794641 
660.6893168276214 125.83146485600571 
525.2260724888664 704.0106092436761 
549.0668830334477 355.77125067920275 
657.2541690121254 130.63896282531954 
658.7692494929723 128.0545481777627 
555.8081297226854 334.33407858027823 
531.2736909045616 572.2373521596573 
538.19360427763 398.60091708504143 
518.083027732757 774.6724811301839 
593.2757976960885 223.402900878838 
552.198840675182 348.11226606842615 
601.1799428225912 188.2618467435737 
509.8463640482159 796.086532196265 
572.6310810942277 295.76847162405744 
639.204630357176 139.93911007773582 
573.8731844249116 289.5595383046301 
547.4789812432991 368.92604791879785 
548.4054078741931 359.8668064887563 
597.1062688529057 205.39705200103276 
621.4099504392442 156.64407170837475 
561.0674541607394 322.24707661953295 
541.7925578160313 387.24802624757336 
608.6201517085073 170.24302890814894 
610.1997072762942 166.44477080189483 
649.475236350981 136.57991507912226 
541.0428672539097 394.6101275587455 
646.2604624217151 136.70507306652652 
576.6451050478876 278.8413860543326 
617.0588402327897 160.1244349778736 
589.9216593674549 231.7217354850243 
584.7561636594494 253.5064829994665 
643.2733904473185 139.88047812134423 
563.3727995526542 317.1220010936549 
655.302179473655 135.7355198003271 
575.268018694422 283.14840539124816 
559.5891934574214 326.62064256313016 
520.6721937989317 766.4305852191676 
546.5505455597364 379.2352258478893 
508.5618313503396 801.7957695194734 
506.5714805945808 806.0203930610201 
631.2835644987535 150.75263327719816 
519.481992669192 768.5426710374235 
612.6818326066231 163.35386730386048 
587.8902464403423 243.90348167157097 
662.7983287220474 124.50777850730042 
636.9295724853098 142.12287749819652 
582.133241714371 264.8755265537643 
591.6694719003091 223.80114283455742 
604.6652816311364 176.69403917098953 
589.3811396427377 240.60789540712545 
567.1836241285299 307.0773163081688 
602.7772310647875 183.05171344963208 
623.5580163207276 154.93829953365176 
543.7946574718459 379.3274335971063 
586.8428694058025 250.81065161464213 
626.1623808016087 153.17690690926437 
619.2397470006332 159.5527206756013 
580.3644527725813 268.3697449135378 
514.7451247695361 777.4487949624577 
514.3239093710049 786.4283912247224 
542.2892421790004 383.64495660934097 
634.8831191707974 143.69256217977264 
633.1630215676332 146.78798390157235 
578.601944873203 275.3301709087005 
599.6925968438061 192.71780848253985 
