522.9235162099869 703.3728460832483 
533.9790361741375 416.56971864723215 
667.8191847925414 120.35981713331489 
533.05194569052 470.4777562858237 
495.9316229159693 820.397148943912 
530.7595969634798 577.5333189920666 
636.7173944493052 142.79428307036272 
497.2245967851187 818.0324412605058 
500.14827334868886 816.4461741222618 
525.059716105411 700.4387650576203 
505.56343714535393 796.8333887981137 
607.8216002654469 167.09552934856393 
529.4907054149942 582.8303703864296 
611.6623869272955 163.17803773726516 
519.1751493717235 711.3235439933877 
502.4354547389921 816.3313329206015 
639.3008979443863 141.3565849295463 
522.1463376793349 707.3725691717376 
535.342387911114 396.69082147893914 
504.3671598800947 807.9751071700291 
540.7135449588565 382.32107616749573 
576.6015748187325 275.55172251015745 
545.0343662189274 365.9823194188636 
617.5557941769631 155.7596826199898 
532.2394653571098 561.6313179240352 
609.6692563631078 164.97089008438354 
569.797073319444 299.87685841372763 
592.5890487352169 207.52194763068633 
538.0187934809204 388.03879640361953 
555.2358659979242 334.9330507960489 
581.1516896156589 256.6425309732829 
613.8548164428693 161.9127269204329 
615.5832032397977 156.82435777419053 
514.7523520449263 766.8095858702658 
507.7532176471302 788.5205318849635 
583.7660770617133 250.67470861184302 
587.9896385393741 232.51250564107048 
546.2855598481324 357.85856620192936 
587.5488462424903 241.5285887092887 
621.5535746465598 152.31484932998254 
603.827982104655 175.41556323631247 
518.5357548964907 756.8065004411759 
582.2044743447367 252.24323299949407 
565.6186760946441 306.6105379401811 
548.2144424730659 353.7179769780108 
513.7826416879647 770.7605606919158 
541.8253493634207 376.3818796695298 
629.8484791127562 145.49384100121318 
619.2940075438771 152.9392892418417 
551.7046345782509 342.6738299082013 
516.9806616515077 761.0558224127122 
600.1244243459054 181.87997196084524 
605.8963968989451 171.61733875234998 
552.9949136628193 337.40626272339495 
589.7574551278557 220.85558890698073 
652.1743409605049 127.92569536295595 
626.1422016560313 147.4906201809772 
503.3609733461892 812.2733957269777 
596.7025381723568 191.43345537229814 
649.4250854725344 129.54541086237575 
627.9983923706777 146.6762750908728 
659.8799034404312 122.82512840165997 
525.0964396383358 695.7110870054793 
657.9690563201873 123.65688161304188 
601.8710060344678 179.76099900438217 
591.7713484183298 216.06125508590893 
563.8364851070776 309.54274006139156 
598.1374190524197 187.14753914565173 
549.91067503348 347.1422614949218 
577.5576917372147 268.0889880628234 
594.9471750463911 192.65652048219502 
557.4409958689545 319.7383017061365 
634.9830949317422 143.15446408407587 
632.3900057163459 144.53415940434815 
527.1714582078658 585.1950780698354 
572.3880853149017 283.0457920934985 
622.4790899958786 150.5741453800405 
624.8547653138455 150.2553726253225 
572.0110804106727 293.60590752836004 
593.3095073156852 199.69385551365608 
666.4786747935715 122.12380244892826 
645.5379728650037 134.4605367951423 
555.603574968379 325.4378495473593 
643.1112611252577 137.38218581650088 
512.3970197769833 778.4040860605289 
539.2002821718654 384.80716313149827 
647.498261346162 133.2334428169284 
640.4903146820661 139.167438384643 
571.2113626112565 298.6505239362865 
568.3089297777267 305.77703053571446 
510.56708716997235 785.6722957623944 
574.6631527320527 280.47804325342906 
588.5874398775591 225.07723713676563 
656.107713100794 126.39049674222922 
586.2794704468342 246.35371904975847 
542.2444909504014 370.3864359803508 
544.8128733809359 368.192075925077 
560.2832660203048 314.8013289950586 
559.4676682611898 319.32752688293664 
578.4592031003317 263.2873800693035 
