497.07217086117475 820.397148943912 
531.4950376084438 587.9957255926498 
517.961870284871 708.6065194897803 
510.601722545079 794.5653703414903 
668.7360612250973 120.35981713331489 
499.69813159523096 814.2263291726405 
511.63029330794166 790.6073217563513 
509.0926929517469 797.5131430700734 
506.5097403639429 806.0939299887143 
517.7345811400588 774.8212784584731 
537.7109561477603 462.7050148717739 
635.5320106102424 138.96254722634148 
538.829761055364 457.5746393959466 
531.9797700662309 580.6444059454379 
533.9711982782368 471.2973586005184 
502.1192991636758 811.7726462189014 
574.987826839263 297.52242220676226 
657.23467752134 126.41937905000714 
570.5391650779652 314.74118317124726 
590.2516863810125 252.74483455495383 
568.8492570508246 317.3890317662265 
513.3701272617814 788.1483771112987 
550.0369696593486 423.84909756504453 
591.9567755916842 249.12402404668669 
588.6231779579417 254.47431983821156 
542.4176258945871 450.95954567743763 
585.2309707285268 271.54629342009764 
583.4745677710663 274.0489044681933 
559.8348943571126 339.7682531315352 
536.0334141246785 465.752810784057 
603.512804733058 203.81065081525526 
516.6560720931685 781.5859335880339 
520.8615810735517 704.6961654308636 
553.1141902802807 416.29795940505835 
548.8743124859946 430.480294695174 
551.3643119120081 419.31575466984384 
561.560890922484 335.8211415454212 
571.9614341560124 306.48616607219793 
601.9462604302854 207.79171910773096 
588.343575832668 264.3756071879631 
633.8681786560462 143.51550409925784 
572.8149847878049 300.90550887639006 
629.672339683909 148.2860922940973 
665.4525168697012 125.96381384034662 
667.0528849199522 123.64628138905782 
546.7137065843455 434.9699785428462 
514.7990006253024 785.0675090228438 
611.0889095668629 175.7706817340003 
604.6097995650233 189.3786259843686 
523.6668094998811 704.4610730652879 
614.0311193148054 167.62100768586606 
619.0154814589717 160.35660980533493 
504.84701386643655 811.7546591172604 
631.7725562281626 145.35001451306658 
654.2632600739349 130.06446989578555 
565.4104582472017 326.43517417506615 
596.8567192020115 234.11229763336283 
540.580087725743 455.1029693405664 
564.1766321601451 329.5723578482978 
597.9889847034746 229.96334750743026 
562.5590185022113 332.0683473542986 
499.55314473032416 818.0324412605058 
638.7891893148245 134.7268133488259 
567.0776188441787 324.3221916517918 
557.1000828245324 348.38596963091754 
544.1404970975651 442.5637786172039 
578.7421302363057 288.0623511508768 
545.9160758422972 441.3349015707584 
600.5857763792956 213.06790332646057 
621.3418445552736 157.81327456148554 
576.384749244072 294.22066109492283 
600.0160301315939 220.53927408738096 
581.1991233851978 278.1219329240617 
527.2777202977207 688.2687065667005 
528.4816686210426 685.7888688967824 
643.2066506887296 130.31027589628778 
616.1499995289549 165.4678983794396 
641.5688277585374 134.4124986384203 
586.0280057277413 267.4828626805152 
554.8060729913458 369.74578955926495 
624.0272155231082 156.79132628576662 
612.4184276350982 170.99005492073763 
554.45622786441 384.81264288494754 
628.2958955650519 151.30375265177526 
577.7138438033522 290.9725789379376 
524.2731830250156 691.5236657387037 
594.8028821250838 235.78607400247526 
626.3458511464586 153.85257073355928 
637.2385632714537 136.3974844558267 
617.8939000555232 163.0056940457072 
606.932806503188 185.04675741034492 
593.5023633045554 243.32908227117636 
655.4839854762176 128.5805040941863 
558.388944323438 343.2261403131146 
599.328912852463 225.9822792149544 
580.503850218678 284.7694440584668 
555.6451863098602 358.4010598716378 
609.3698093548874 178.5675817594372 
530.5721352893602 681.5903444357498 
608.1895910701578 182.56818599987201 
