495.42011606665426 820.397148943912 
668.4364063273748 120.35981713331489 
497.9010899358036 818.0324412605058 
505.4564950404955 807.1468679251907 
528.1119513585508 585.1950780698354 
501.7073515560766 814.7486757625876 
531.3542714255253 584.0853715337335 
539.6481508904968 402.97922151995965 
507.0006083834404 803.847296455691 
643.2328244308957 137.21043433481677 
526.2327003079909 720.5921950976535 
541.5742598221321 398.8522812551835 
503.6859280097985 812.255379515217 
582.080416138052 267.0475757779531 
628.0169310420633 154.59845404294202 
499.7831305654911 816.406359417616 
524.6709606975822 727.9613551862075 
549.4523690551697 359.0226553104906 
583.9259903506343 266.0154197351784 
629.2535862394734 149.27827519604338 
532.300020973723 478.9221206421203 
541.7874943715686 390.7632813469115 
580.7131736864419 272.0346344976097 
570.591106791433 304.973870555963 
534.2272391262355 428.1926337334789 
654.0767098451671 126.39894351505636 
596.0816997998622 203.87367285951322 
546.9261582259007 369.6459068296246 
599.7026524799965 196.55377496466397 
543.721470528066 379.3338419573873 
542.6647627062825 386.71608609904024 
593.3188487714225 215.65786042035825 
550.2848668612431 353.07704298939063 
559.6921544853336 325.7527682598803 
585.8661415595091 255.41328597069136 
537.9081858759574 409.7336964043217 
590.3000246116384 231.5007287777011 
571.560155650849 298.7662201882506 
536.9118353087256 414.88243322144706 
535.4468829735599 423.05457926346975 
594.6095516025016 208.67876688086804 
591.5124566771009 230.7665299098504 
635.3852053362556 141.39195307240902 
601.7429216546707 193.67011386810836 
666.1047529646743 126.37402383823687 
551.5719417113876 348.38162831642137 
526.983614740699 719.7127149469335 
508.3502979971106 797.7628074349914 
509.4568283377072 792.4716030747566 
562.053397556845 322.403985215567 
520.4839817371676 735.7508048048198 
514.574286795335 754.9860765964606 
531.4191610322649 581.2042885435401 
584.4035487766703 258.91779513823855 
632.4330437516202 143.0690550948345 
552.9236894944113 345.5702207494509 
578.0139447356672 280.16359789995175 
603.9663593362523 189.29688029443577 
565.5219434896384 317.15286375838286 
621.3757987792748 170.73646931457614 
651.6171980958837 129.88178038325526 
614.1177723245108 175.53757941408392 
517.8750454813545 745.8500615536798 
649.3231752819465 132.03723177974004 
624.0602247469668 163.1866186028326 
623.1602107827584 169.10267708452525 
516.7018320471044 751.7148514319676 
554.6151247621729 343.39704944647093 
588.3954358193954 238.6977284023504 
587.0591984768063 247.83374344513132 
571.888326071242 289.6262463664405 
513.912811308052 783.8364715399177 
609.6543500339134 181.45892498841098 
579.650976295698 278.6987361088995 
548.2184326905898 362.89849660952007 
519.3231538033274 741.604610002481 
544.530404662115 374.36093505413896 
626.0392986841566 158.93912515917393 
573.3173954202057 287.6204731533961 
616.5029799309907 173.46049333297213 
619.1230473596462 172.65224247306307 
641.0960596068229 138.52027308330284 
604.7943301906189 186.01810378803407 
597.8720606289079 200.4585025969552 
611.5425953376483 177.7091662828858 
638.1440007015964 141.12753586610665 
567.8731818719483 316.1312045068138 
521.8912267554235 731.5568009223806 
563.869009599244 320.2021077033584 
569.5799884361371 312.84326640821 
645.333937875592 136.6567126051051 
510.5157198495112 786.7978352765903 
513.70569451061 784.7159516906378 
592.6246009951872 223.62410561135283 
646.7512258065567 135.58299171188892 
575.9731025796287 284.75673857473356 
607.3889930322649 183.7912209470079 
556.4573797566666 328.6084473503866 
555.7284946764297 339.1527944896596 
631.0382296206684 147.53702432822985 
