494.6442256556953 820.397148943912 
527.1651158726078 702.2175769667292 
669.0843757239552 120.35981713331489 
667.1267465824749 122.42595989535359 
527.2189102626603 585.1950780698354 
531.6223197971331 571.9862469850905 
665.3381124103487 126.08891984635196 
516.4892670546441 741.2228208922498 
654.143723109278 127.37529969753145 
531.8989273272547 473.79990150923936 
512.8418074320298 777.8503320697021 
645.0241425531119 132.22183828035887 
499.0072401545322 816.406359417616 
609.4968876290953 166.5011387702537 
546.6201706949662 362.5889566706895 
543.8760510912269 375.77319888242835 
545.557906734873 368.3218190680851 
538.2516478598918 397.4966327174282 
503.88760862463585 805.5622360162771 
536.9748132182477 406.0438113350006 
568.3776285428231 298.1076185824181 
611.496656449757 163.77763217927847 
511.33891288728836 782.825791254908 
560.9464086565371 317.14775991439984 
510.0801201544818 790.0967929491551 
662.2251269382775 127.15271686036198 
593.0193790752893 214.2834104734887 
516.1980925833403 763.5331840445992 
564.093039871445 312.2749414452558 
549.508493438377 347.8810886861637 
613.5065649200178 160.35463622539515 
530.5261199363746 581.2042885435401 
532.8457401265631 422.27578757856276 
535.7647339627869 411.43166417722335 
541.3615781160717 389.7835138295353 
539.2230766587852 393.90492832177995 
589.7851534312939 226.28554965520678 
599.1057908685905 188.62362898891163 
570.6060422712733 296.5119992325745 
588.9533410214152 234.29613043736978 
638.6519597424292 142.6317350789804 
547.5740573557364 356.61280713279825 
633.7877718058941 146.3881920938215 
581.9848061906932 253.85091753308103 
559.5746592629657 322.7795270012794 
517.8025251392851 734.7831239404694 
591.9998038512649 221.355797801195 
628.0329078084488 149.20808779109194 
523.3260822492241 724.9084099051572 
584.0905823493678 253.41953438325675 
501.05305946968537 809.5530255425729 
625.16002345621 150.01943694020693 
505.1777761426329 801.1460368980726 
604.2486102447663 175.66387525192215 
636.3998717325619 143.90391882298547 
616.261893947849 157.17649804676495 
561.9729918224969 313.0637396675635 
521.1535868609731 729.0202610974835 
652.1780666042744 130.5563661714441 
565.7987932749646 308.1847438649454 
542.3941473816632 381.14540278789417 
507.03877456849267 797.5772157875962 
587.5713690664209 239.95244595057974 
598.0251968454963 195.22077214513757 
507.74206430606176 790.4053019101807 
550.9521373111985 341.51294234356374 
607.2382133203297 170.6171211974459 
576.3431386228256 274.95116390973243 
623.0202771529266 152.08088104634086 
618.1774585778945 154.16096930243822 
594.2513108966003 208.93332770662428 
596.1471207333371 204.92819614738738 
553.2961504591541 341.35828544536736 
520.7933090757294 733.1570420975798 
597.381672442444 200.64329915364988 
578.2629392687836 269.46207588762104 
567.1915223520526 300.1436602517551 
572.6676512421309 293.8669097130799 
574.2744288060303 289.8761201867837 
558.4312353168955 329.374269164673 
605.2735046518304 172.95456269125614 
553.9544152750037 335.8087013649486 
620.7219091088913 152.92537211261347 
585.1763009607556 245.3781044562415 
535.0588041347546 415.005827471552 
580.2163242216556 259.9573311853859 
514.8584783038114 770.2816335241188 
532.9378231192125 417.3705351549581 
648.3808098038473 130.65038124327006 
524.771416914726 720.4850113726935 
513.9744494244649 775.4984748396058 
526.7888052409496 713.8960278801911 
639.9642063195271 138.7624105950619 
630.7472849985503 148.77750965366678 
548.1240059806933 350.3402335678704 
556.5504995587586 333.4537155040165 
575.0445205772738 281.61922081591246 
600.5838223657516 180.28241060239904 
580.0406005205352 269.3608738056143 
642.5334309621342 135.52415274523813 
