528.2525444577589 587.9957255926498 
494.5521708611748 820.397148943912 
519.4140207874959 746.1280733158538 
528.5279986842603 582.1882872340335 
652.6865233023686 130.35621902831582 
550.9011100145617 523.4271927532706 
640.2404423340979 137.18778781826617 
497.0331447303242 818.0324412605058 
534.1546006527866 573.3786868084665 
579.0984311875203 292.1974632010683 
501.44087475623644 814.5525095660585 
525.2715370852229 727.6945598243547 
499.2532636113835 817.925478888532 
552.9114901127364 401.2947374133472 
597.7817798666955 239.79935980831812 
573.6639119023888 307.6342037112025 
503.56719520424735 811.8283022872313 
505.7617546357183 810.3047402693472 
607.3536827043762 201.19048643050368 
554.38807349181 388.399685087935 
561.493592260171 339.7658334750028 
590.0872122634626 263.16737247853604 
528.1841123818876 722.850632791821 
578.0732277669599 299.04752948036486 
630.3160817143583 147.26394627341108 
625.294108639749 151.2007862517201 
531.7750129090477 577.3045877071688 
530.9643253123675 579.8235795506273 
552.0932280254466 416.55312337069216 
628.0817466007145 150.05820726126876 
633.5306344288202 147.07812645979766 
559.9433994515704 346.9864974454973 
645.6138901527147 135.47273865317788 
668.7525269785219 120.35981713331489 
588.8044550582405 265.53415460771447 
563.4780350043459 334.8504801827495 
507.6663261362616 807.3485619686754 
575.8319632454795 302.809909159647 
643.4255141549821 136.94948917968895 
585.4847628771405 272.89723416282663 
623.1523883801406 153.99504723957745 
543.8981069234512 543.620827026122 
520.8781132657149 737.50674783421 
539.4690439519486 563.7801953362211 
558.0782482762727 364.6430787522898 
513.2833042287638 790.7303394311433 
620.089721644074 160.40979950139533 
618.2375705866361 164.06189955157413 
540.5946686265406 555.2971133498404 
547.309448475741 536.4139095546018 
555.967035485133 371.472471730433 
523.7763103772303 735.920480695966 
650.9170838065376 132.14200498654577 
527.4219868960063 726.2579548660332 
545.8897926106935 539.4619022624535 
608.6641457808614 188.97257859504734 
537.9426920928934 566.2535780971016 
568.2826646394033 321.7539076602138 
635.5452774009714 145.3635044326309 
616.510212838571 168.0845000955031 
558.8969709889188 353.9171418689147 
598.957720602738 226.10413367370106 
591.7114566294816 259.7014319432176 
571.4952387479822 312.0915022726845 
582.4093074512991 284.30732398314785 
580.9201557971104 287.9034481096735 
612.0225467582779 177.37848416271785 
567.0824867237293 327.0875315318528 
552.0675126055291 521.8409256150264 
587.0258931919227 269.6272908699659 
600.8710075694025 222.9182401342136 
660.6316136604801 128.829933085241 
602.5429437376946 217.86470900240508 
583.9141929500543 279.40317550375585 
608.6201299977878 197.30679528874353 
637.7794943807899 140.1523070370537 
614.5963272870092 171.4031594746052 
542.9152369582924 546.6757878681949 
606.6193858196112 209.58362054203738 
604.9259278808419 213.65498436153754 
554.4494896053194 374.3293676980573 
516.8860357325827 775.9026353083028 
516.7964884646037 787.7551618608002 
509.14162096682895 797.8023277319516 
511.9577280003894 795.3141909875902 
537.0198840620735 573.1591412826768 
598.2505282910928 227.57878076690446 
549.361298361639 531.2460963013141 
621.5288725045758 155.55803315237293 
515.2589817312736 788.0172679806246 
593.5816779359537 247.56233110796083 
593.1548918384188 257.66348529429035 
595.673097615721 244.86002768710142 
664.5853240122921 128.61460128437278 
610.1530761354576 182.2077719793968 
613.3466049142468 173.82621536186568 
569.916886751144 318.28768961083205 
564.9314404996745 332.07614743433805 
649.498427882548 135.33300953958457 
666.3958024285515 123.1024220485349 
