495.2302530529556 820.397148943912 
633.0817349972007 149.03258964536948 
497.71122692210497 818.0324412605058 
668.3954313678838 120.35981713331489 
649.7517718217908 136.10573878770637 
510.0025848735404 768.8730350132392 
502.3198277768655 812.3405433943058 
510.4950047003459 766.5083273298333 
513.4330453300335 764.8822454869435 
533.6742012356056 419.9110798951568 
514.8504840767537 753.5974656141142 
528.1119513585508 585.1950780698354 
532.762315582482 471.43519382583327 
516.7154147324312 750.6072573363158 
531.5760222168178 531.3062564557509 
520.9415148441257 737.6257817350546 
544.6519938624899 368.0586972869815 
562.0552347850075 320.93680453495904 
607.5333666643048 172.24361957879958 
576.4728676851805 278.17391994276034 
534.0074400217414 409.0562741467008 
595.202386692301 206.80971022967705 
499.95863741480616 816.406359417616 
563.2681011978038 315.3036553319093 
528.3684980738822 579.5082251630141 
514.5648894630652 760.8164294636332 
575.1973707795607 283.9880476514245 
504.92991367351135 809.6684465576562 
578.0808400748235 277.1623905961282 
582.143101200726 258.5104158573524 
590.1440679198331 221.06890254661994 
569.8251607583599 295.9453250010769 
560.0946904333349 325.7079651305261 
508.947152647723 796.7007218415002 
542.5390611841693 371.51746342607316 
523.3223936634616 736.4443059617232 
656.5989203820311 124.6990317923094 
526.6140579362393 715.5757601031075 
605.1582497258836 175.84734318785883 
611.0939451664929 165.384045123905 
584.3284692006252 250.77104674293605 
609.2885133815256 168.15236743926266 
548.213392989279 355.23236098581816 
639.0123693363439 143.7484801343781 
517.8730491489957 748.9811754934258 
519.4587396750728 743.460880805667 
586.5177542095176 238.73613436090955 
581.240153334986 266.2779400965687 
643.1551917611743 138.13225741424014 
653.1349075372178 130.79330635827563 
540.5559377494781 383.5523758080995 
636.7085670954168 146.71045944060282 
535.7932750449794 388.23281810502766 
603.6913441419415 180.4675411317346 
648.2626972257705 137.53702888033106 
525.3048345238625 733.4851056015738 
593.5290438930776 212.88070481754485 
588.5139100039933 228.0260850455503 
602.0158905015078 186.2503093073643 
585.3236568993468 243.6453532066335 
555.6672797453331 335.99383189428437 
508.68669100246694 802.2039585858593 
618.7528623046543 156.20019180793227 
635.4496282998085 148.32378783664947 
641.1147819847922 140.91726568251335 
556.9671629696086 331.1642714899353 
614.8331798268621 159.9451690534986 
598.3795621763265 192.7601734074673 
547.4269667689567 361.4305222323406 
506.9106801911491 805.1652931307918 
534.0666411768045 396.13130057820166 
571.3040511279952 293.66364217701926 
572.4333860858062 288.81353933347896 
651.5258456606549 133.45565476081623 
541.5124922352534 377.8604779418989 
531.4438796864736 533.6709641391573 
590.6817749406276 215.0446094442891 
597.0555799173828 202.08143248523572 
613.3185266865497 164.1048296390937 
538.631506412863 386.6067362621378 
566.7161843117968 306.0824488147574 
626.6701583303029 149.53896440963737 
554.3410837303467 338.296057157533 
579.6174051962278 270.9999253236349 
553.4351800793627 344.11213199526225 
531.1945474035958 579.400194193554 
584.054834852526 257.65269345760515 
550.4322168413028 351.3891495322638 
551.9377967517433 347.52248511888297 
654.6584389910732 126.28782784625365 
600.1690697299828 187.519934461736 
616.759295423135 158.04550483628395 
666.0987426261395 123.78166515480729 
567.9137603252149 302.3295083203766 
564.7839974527552 309.7311065765717 
622.3093582582331 152.7900249708326 
620.0476556097796 154.1779454937917 
558.2023978237196 328.22016805038277 
526.5711236367495 729.0837137104993 
545.4308703497572 364.5715666102726 
