509.6958387017082 769.667662035275 
496.4080612721337 820.397148943912 
622.9206576638212 156.87828132473234 
529.0998965640302 585.1950780698354 
503.8815593362781 812.4521475993396 
534.6317957219521 417.3705351549581 
528.4595911113291 722.5413281618569 
625.3331581838448 155.78411389412318 
668.3678190436386 120.35981713331489 
533.7799136286245 473.79990150923936 
502.0886840667468 814.0479912578168 
533.1555713092421 578.7537743575458 
545.8504605400556 381.31491984424576 
516.3076975248546 756.1625371898045 
648.909777922412 127.66072333037684 
539.6240163236507 399.780018340526 
541.8131838497661 397.2193730148127 
505.5398932839932 807.308586475626 
520.8364484524893 743.7179283013218 
579.6636212612104 281.2323722352796 
580.9532527789286 276.79551963213197 
645.5251670552411 130.99375072307362 
544.5667754431138 385.4604048165003 
499.51950548400237 817.0750037204965 
595.4724579200476 219.3278427378031 
572.1529826165348 296.34407614342274 
643.3877442032283 133.31713377730046 
576.3307764484769 287.2325514709524 
588.7597683842041 246.7752846876264 
615.8277377194113 161.61005699393777 
526.3761222193089 733.7828878932278 
527.368243796043 727.414770555756 
557.2919560935711 337.3512573564728 
556.0156009831779 341.7981423575467 
522.576925617943 741.0527918478198 
587.5642671397359 251.7779240650206 
547.0434961967685 377.27643579172724 
641.2364258668956 135.12413471853708 
538.7542321019865 406.5896175883143 
536.9874095613034 408.34232100021194 
530.0121567063046 581.8729328464201 
646.9742152765903 129.6462535601068 
593.7164680776448 224.32841280013454 
603.6440493858636 184.87924012785132 
564.7690659425549 315.9498466024936 
635.3427751032119 142.30512803230343 
592.8857712071773 229.64310617979694 
582.4683311954099 270.49290226143023 
563.7807418765066 322.5280342937993 
639.2731427313928 137.83235070555972 
633.7651291939503 146.05742538384115 
562.1745963725064 326.6200823500109 
512.7969186751467 766.3455168118595 
599.1674506899546 203.48349415733057 
609.5763408296427 167.66663905081623 
543.1573067055077 391.3654152177985 
554.8658275996609 347.24848461720535 
517.2076885604572 750.3441131127926 
524.6197225812554 736.4315272829294 
515.6719056603405 763.8212376846104 
553.191742959111 351.1310273096358 
662.4924372784993 127.0985102216249 
592.5762106221388 236.6073512446348 
573.4002245161087 292.1986297189304 
637.4136184657361 139.6035861121591 
549.7589396910348 364.311791498354 
549.165036306651 373.83618039348164 
606.1756585810313 175.56594664508802 
596.7226632285831 210.6502372206116 
614.040045533391 164.2380742707231 
599.5315718886803 194.36383222420577 
601.6124643955643 191.82499203264774 
611.8791850353591 166.44621047889962 
631.8024225243544 149.1158506163053 
604.8614445014684 179.5805162057258 
571.0996414780393 300.50565173608413 
597.6292562554713 206.53480268510094 
574.6307640550036 289.2830344003666 
534.5918908959995 470.4777562858237 
607.6262675445519 171.28847726542853 
568.0108326206562 308.29255031371235 
663.2982191866231 125.42854524375697 
534.86377874186 411.66446622362724 
626.8711467351767 154.8611868663649 
586.5334684261449 256.81788770849784 
551.0631885894464 356.67566614354087 
507.8700502617721 801.4524748209151 
519.4460828385419 747.7834677870792 
590.4917657394193 239.7047331976379 
583.187659411197 265.6075082408061 
565.7650554228862 310.667827878015 
569.4970211250837 305.87756842635645 
558.5962389350196 331.88087799760484 
578.1768998939554 284.81529562305525 
620.6134933502753 159.6146303498102 
629.550738112658 151.0102931075565 
666.4696271495552 124.01096848563454 
618.2904262652842 160.24400353788633 
584.9355662132789 260.7173243950099 
560.209081711597 329.57504170237763 
