507.8818660989685 769.667662035275 
511.67640125296793 765.7096134501359 
499.7196176646992 818.0349440172503 
668.455862839381 120.35981713331489 
530.9033388242117 580.0983176795252 
501.43518536001164 816.406359417616 
502.92921006634543 812.443446295806 
513.6710451132035 764.5709016449644 
515.9933889666655 756.5168910827018 
607.8031749447332 172.21065240175588 
528.1055007916524 653.2235756262249 
539.1255754280287 392.4333111402372 
591.3879637918587 223.6653574825962 
569.2216631854128 298.6747911172514 
547.0005192637728 357.8260273333597 
528.1119513585508 585.1950780698354 
514.6664928885159 761.6110564856688 
544.4617689336393 368.364503030382 
495.42011606665426 820.397148943912 
648.5141211475583 127.4904363122705 
536.3517468342858 399.2263583635486 
576.8522052608491 275.3559763317141 
532.7919684231451 473.79990150923936 
518.1374163938093 746.5953067968212 
507.2836465885838 802.4130206797485 
618.7289233743329 151.6150300808341 
522.0417324447742 657.4778584526462 
517.2000141699018 752.0343179537351 
592.2411640557812 217.15370390885028 
610.3480512236606 164.4346356851181 
646.0892003331985 129.21780872340574 
538.5756504686043 398.26381065101 
625.1694438978145 148.23389299252094 
616.9295354337779 153.65143214854797 
595.1104065813086 202.95300177687585 
505.4818505199737 808.242891104282 
595.9768023512138 191.79958286971367 
545.8502062105885 364.069740508271 
621.031764340474 150.73275896787868 
580.2786864287904 269.7982483954838 
582.013919387352 266.1245024791122 
660.5165814872709 122.82512840165997 
609.0812156083966 167.35266193310252 
549.4901299418525 346.1184494265592 
644.5799523534088 132.57852664998234 
611.9476965839115 161.62064843521892 
540.4767147791943 387.7747152401244 
588.6285692618369 232.78920765772207 
640.1956895501769 137.44332011854254 
551.3183767293011 344.4266859558061 
637.9729859994975 139.10715127084254 
593.9020056012574 206.50292072228237 
532.8457401265631 422.27578757856276 
622.858316330909 149.8498953013921 
532.9378231192125 417.3705351549581 
590.4610671482025 230.37741413182846 
543.118170712353 375.75311146494295 
615.012636347976 155.78164490581207 
600.8977790871584 185.04215177539913 
659.0667966482692 125.06753057585233 
605.4515677276137 173.01253467672416 
603.9110405328126 175.18117128975283 
584.1875144039436 253.95758145212946 
532.3108055710754 574.4039170565804 
596.7484754869822 186.86461315100735 
599.4245218619778 186.64120809812175 
570.7450088154524 292.68263895329505 
565.4721115729913 307.53565893344506 
541.4894965056188 381.2899246256078 
635.644961368016 141.77375519679674 
578.800714655875 273.0469144395794 
564.2980092761959 311.7375840445001 
587.4811074192087 238.7056607416266 
574.2643431907122 277.7438538086046 
573.1059674259142 281.02275557271764 
585.10757665614 245.72421733282445 
583.4363147403203 259.6519820750746 
556.745753458686 326.5273212606126 
557.6348084202676 320.7672194704147 
613.8420587790467 159.89243691305342 
552.1270779165127 340.31734507007417 
561.1414339928303 318.5210763326863 
642.1500909243717 133.83009735896945 
559.0402982363837 319.64594221617165 
534.0628472350106 411.66446622362724 
667.1393768496764 122.77248695707993 
593.0169268827965 211.99540361124724 
561.9276990923405 313.8222785577302 
555.3883491239661 333.93192705291807 
553.881356865001 339.69648114082815 
548.6748805687056 348.59946435109066 
627.6588869331044 146.21886418600363 
595.1982329500717 195.89723515973728 
602.4588858695164 180.67331499394038 
657.2696168939434 126.8674175405171 
571.5143485794968 285.88381920806626 
521.6370202709338 735.7676823830242 
519.9054863535462 740.8090172903861 
632.934941990714 145.23680435436742 
567.5632038766548 303.48461692938986 
