494.29819825843504 820.397148943912 
517.2233063587098 709.0019723833199 
534.2272391262355 428.1926337334789 
668.5436118068268 120.35981713331489 
575.5760248542382 292.54682994555486 
499.3044030869053 816.2522020381048 
530.7736485748862 581.0501311640284 
604.6185245265148 187.64241525026998 
615.4642780621441 168.3413991630535 
497.620161746085 817.1780129417917 
641.4466874368875 141.81307236851075 
650.2450507246663 129.34494427296121 
661.1484400437578 122.82512840165997 
515.670550264833 768.6943413530445 
556.9687971198038 342.01262987599955 
505.9468345586708 802.6272467379499 
595.4373035053269 213.26527208583008 
647.7442107924774 131.93657583943752 
566.401968630618 313.2131709501882 
509.25234168595665 794.6691032072506 
528.1900335503316 585.1950780698354 
537.7640768712032 409.8117513210341 
588.4856075420381 240.86365600578077 
548.9677504558173 363.7490536599727 
586.283901025971 252.59728377453257 
514.0642761209338 776.3600478688775 
600.0013495051105 196.99900565744082 
533.24442057673 475.70298463999984 
568.1063703672665 309.2223814238922 
504.55704421366863 803.2252948673204 
576.925178713255 286.1583246358924 
573.6100159636721 296.69349591858725 
592.095443629512 223.63740402315884 
619.343598904251 160.56798906475126 
507.6161040147316 799.2345053410246 
603.2344984346648 191.73406576715516 
561.2578736046689 327.676583409941 
518.6488590656562 705.6092309863944 
590.4132685060841 229.59813227609305 
565.3076125119927 320.03671009486874 
594.2069870656818 219.0209693591365 
553.5690130258849 350.7918881634766 
527.7189913560801 683.2739266466588 
596.5932824062481 204.2284549415841 
550.1633813793545 356.7515159563215 
552.0407515045761 354.6811236097089 
546.0529123492405 374.23526391103945 
503.4489406688044 808.675290947906 
512.805729271097 785.0763106497964 
521.1751628755948 702.9379150793981 
545.6833975931762 380.337593568666 
581.8464851986319 269.7825611954167 
583.9125375240848 264.9827090645881 
543.9916081794933 385.8713056232392 
667.5864184189894 122.5900151357588 
526.1073401217576 689.3764353529893 
524.5369643640114 691.7345403116993 
554.7438832019482 345.5312753297725 
607.3571479808083 180.11816378484045 
653.2549226924225 129.27948055592185 
611.6780712084117 174.94339595519278 
589.0118624293244 234.69341211213825 
534.5011789167556 414.2583218347471 
609.5388004500677 178.76552504237853 
598.3276046778354 201.9938025981145 
571.7590962947284 298.3775190662938 
546.9011121048356 368.37427924720714 
585.5414338927183 262.2981644342029 
578.1053727736767 281.38625843432527 
501.3656360605665 811.8794086862513 
587.4783706659044 247.61752413794082 
631.5632981211137 150.26873948999452 
645.4295916355084 133.6109575129213 
539.7288931876651 403.18390297125205 
617.4234589499488 164.38185746477936 
643.3976692518598 139.52313724964907 
638.5873812206211 142.9942627607152 
601.6579894442591 193.8621992833995 
570.5686185703955 305.6197622573281 
563.2832351293127 322.9275553781709 
657.2911818832007 124.6990317923094 
655.1309698767021 126.82065863993299 
606.0493918005342 182.84826172172882 
558.013483056081 333.05076040150396 
541.5336000152622 390.3648648820677 
532.7902973741077 576.6773378121742 
523.4287815635387 697.280114387314 
660.099089904961 123.60280900054698 
635.0833073827384 144.68620290744366 
540.8214505570667 392.5443192494141 
637.6081377218414 143.8383599360413 
629.0383946078426 152.72972082290153 
621.4752546500814 156.96682911533998 
627.3456356763916 154.25127204247076 
580.084552855037 276.643263399148 
510.0200951248993 790.3672392724607 
632.8541556916255 146.95108060049157 
512.5780807295321 785.7756801839472 
613.9618122416239 172.6339481062482 
624.4195649276107 155.74928975398143 
