0.6296478725361907
0.6669810235932936
0.6735638631894698
0.6685623610411052
0.6609976909766379
0.664389050146102
0.6675308779756844
0.66520306330277
0.671844303782682
0.6710419575069974
0.6701920708729695
0.6818332345086344
0.6707021392996734
0.6663323358328048
0.66978062801688
0.6694775412101843
0.6473994895476962
0.6790976442825948
0.6806637685941433
0.6748986476428036
0.681527837479331
0.6828649155651323
0.6687789356746406
0.677679484776481
0.6766986509155669
0.6595263820571875
0.6509475140195373
0.6706967750893167
0.6752417039122109
0.6796433077681394
