0.48291312730425545
0.5407709186723318
0.5260120272034048
0.4639113304271645
0.5018983843174432
0.4910101403811093
0.4893559634890025
0.5036159861667424
0.5073059144921812
0.4903411318775025
0.47380505249277
0.5199916565615899
0.5789767321001064
0.5786660865804962
0.5598961093554378
0.5721487909766327
0.5136041479077155
0.49127703697616854
0.5416922547842754
0.4956261542945681
0.49731511500096154
0.5967016728697134
0.5461543270934133
0.5062689830133849
0.5504061626731096
0.4844544308014587
0.5672466323390124
0.5000093737199198
0.5189668269153359
0.5250851233063911
