6 0 0 0 0 0 0 0  10001000100000001000000010000000100000001000000010000000100000001000000010000000100000001000000010000000100000001000000010000000100000001000000010000000100000001000000010000000100000001000000010000000 
6 0 0 0 0 0 0 0  10000000100000001000000010000000100000001000000010000000100000001000000010000000100000001000000010000000100000001000000010000000100000001000000010000000100000001000000010000000100000001000000010000000 
6 1 2 1 0 1 2 0  10000000100000001001010010000000100000001000000010000000100000001000000010000000100000001000000010000000100000001000000010000000100000001000000010000000100000001000000010000000100000001000000010000000 
6 0 0 0 0 0 0 0  10001000100000001000000010000000100010001000000010000000100000001000000010000000100000001000000010000000100000001000000010000000100000001000000010000000100000001000000010000000100000001000000010000000 
2 2 2 1 0 1 2 0  11010101111111111111111111111111111111111111111111111111111111111111111111111111111111111111111111111111111111111111111111111111111111111111111111111111111111111111111111111110111111111111111111111110 
6 2 2 1 0 0 0 0  10001000100000001101000010000000100000001000000010000000100000001000000010000000100000001000000010000000100000001000000010000000100000001000000010000000011100001000000011000000111100001111000011110000 
2 4 2 1 0 1 2 0  11011101010101011101010111111111111111111111111111111111111111111111111111111111111111111111111111111111111111111111111111111111111111111111111111111111111111111111111111111110111111111111111111111110 
6 0 0 0 0 0 0 0  10000000100000001000000010000000100000001000000010000000100000001000000010000000100000001000000010000000100000001000000010000000100000001000000010000000100000001000000010000000100000001000000010010000 
6 0 0 0 0 0 2 0  10001000100000001000000010000000100010001000000010000000100000001000110010000000100000001000000010000000100000001000000010000000100000001000000010000000100000001000000010000000100000001000000010001110 
2 4 2 1 0 1 2 0  01010000010101001101000011010111111100001111111111110000110100111111111111111101111111111111111111111111111100001111011111111000100100001000110001111110011100001111000011111110111100001011000011110000 
6 0 0 0 0 0 0 0  10000000100000001000000010000000100000001000000010000000100000001000000010000000100000001000000010000000100000001000000010000000100000001000000010000000100000001000000010000000100000001011000011110000 
6 1 2 1 0 0 0 0  10000000100000001001010010000000100000001000000010000000100000001000000010000000100000001000000010000000100000001000000010111000100100001000000010010000100000001000000010000000111100001011000011110100 
6 0 0 0 0 0 0 0  10000000100000001000000010000000100000001000000010000000100000001000000010000000100000001000000010000000100000001000000010000000100000001000000010000000100000001000000010000000100000001000000011110000 
2 4 2 1 0 0 0 0  01010000010100001101000011010000111100001000000010000000100000001000000010000000100000001000000010000000100000001000000010000000100000001000000010000000011100001000000011000000111100001111000011110000 
2 4 2 1 0 1 2 0  01010100010100001101000011010111111100001111111111110000110100111111111111111101111111111111000011111111110000001111011111111111111111111111111111111111111111001001110011111100111101111111000011110000 
2 4 2 1 0 1 2 0  01010000010100001101010011010111111100001111111111110000110100001111111111111111111111111111111111111111111111001111011111111000100100001000110001111110011100111111110111111100111101111111000011110000 
6 0 0 0 0 0 0 0  10000000100000001000000010000000100000001000000010000000100000001000000010000000100000001000000010000000100000001000000010000000100000001000000010000000100000001000000010000000111100001011000011110000 
6 0 2 1 0 1 2 0  10000000100000001000000010000000100000001000000010000000100000001000000010000000100000001000000010000000100000001000000010000000100100001000000010000000100000001000000010000000100000001011000010111110 
2 4 2 1 0 1 2 0  01010100010101001101000011010000111100001111111111110000110100111111111111111101111111111111000011111111110000001111111111111111111111111111111111111111111111001001110011111100111100001011000011110000 
2 4 2 1 0 0 0 0  01010000010100001101000011010000111100001111100011110000110100001000000010000000100000001000000010000000100000001000000010000000100000001000000010000000011100001000000011000000111100001111000011110000 
2 4 2 1 0 1 2 0  01010000010100001101000011010000111100001111100011110000110100001111111111111111111111111111111111111111111111001111011111111000100100001000110001111110011100001111111111110000111100001011000011110000 
2 4 2 1 0 1 2 0  01010000010101001101010011010111111100001111111111110000110100001111111111111111111111111111111111111111111111111111111111111111111111111111110001111110011111001011110011110000111100001011000011110100 
6 2 2 1 0 1 2 0  10000000100000001001010011010111100000001000000010000000100000001000000010000000100000001000000010000000100000001000000010000000100000001000000010000000100000001111111111110000111100001011000011110000 
2 4 2 1 0 1 2 0  01010000010100001101010011111111111101111111111111111111111111111111111111111111111111111111111111111111111111111111111111111111111111111111110001111110011111001011110011110000111100001011000011110100 
2 4 2 1 0 1 2 0  01011101010101011101010111111111111111111111111111111111111111111111111111111111111111111111111111111111111111111111111111111111111111111111111111111111111111111111111111111110111111111111111111111110 
2 4 2 1 0 1 2 0  01010101010101011101010111111111111111111111111111111111111111111111111111111111111111111111111111111111111111111111111111111111111111111111111111111111111111111111111111111110111111111111111111111110 
6 0 0 0 0 0 0 0  10001000100000001000000010000000100010001000000010000000100000001000111110000000100000001000000010000000100000001000000010000000100000001000000010000000100000001000000010000000100000001000000010000000 
6 0 0 0 0 0 0 0  10001000100000001000000010000000100010001000000010000000100000001000000010000000100000001000000010000000100000001000000010000000100000001000000010000000100000001000000010000000100000001000000010010000 
2 4 0 0 0 0 0 0  01010000010100001101000011010000100000001000000010000000100000001000000010000000100000001000000010000000100000001000000010000000100000001000000010000000100000001000000010000000100000001000000010010000 
2 4 2 1 0 1 2 0  01011101010101011101010111111111111111111111111111111111111111111111111111111111111111111111111111111111111111111111111111111111111111111111111111111111111111111111110011111100111101001111000011110000 
2 4 2 1 0 1 2 0  01011101010101011111111111111111111111111111111111111111111111111111111111111111111111111111111111111111111111111111111111111111111111111111111111111111111111001001110011111100111101001011000011110100 
2 4 2 1 0 1 2 0  01010000010100001101000011010000111100001111100011110000110100001111111111000000111111111111000011111111110000001111011111111000100100001000110001111110011100001111111111110000111100001011000011111110 
2 4 2 1 0 1 2 0  11011101010101011111111111111111111111111111111111111111111111111111111111111111111111111111111111111111111111111111111111111111111111111111111111111111111111111111111111111110111111111111111111111110 
2 2 2 1 0 1 2 0  11111111111111111111111111111111111111111111111111111111111111111111111111111111111111111111111111111111111111111111111111111111111111111111111111111111111111111111111111111110111111111111111111111110 
2 4 2 1 0 1 2 0  01010000010101001101010011010111111100001111111111110000110100001111111111111111111111111111111111111111111111001111011111111000100100001000110001111110011100001111100011111100111101001111011111111110 
2 4 2 1 0 1 2 0  01010000010100001101000011010111111100001111111111110000110100001111111111111111111111111111111111111111111111001111011111111000100100001000110001111110011100001111111111110000111100001011000011110000 
6 0 0 1 0 0 0 0  10000000100000001000000010000000100000001000000010000000100000001000000010000000100000001000000010000000100000001000000010000000100000001000000010000000100000001000000011110000111100001011000011110100 
2 4 2 1 0 1 2 0  01010000010100001101010011010111111100001111111111110000111111111111111111111111111111111111111111111111111111111111111111111111111111111111110001111110011111001001110011111100111101001111000011110000 
2 4 2 1 0 1 2 0  11011101010101011111111111111111111111111111111111111111111111111111111111111111111111111111111111111111111111111111111111111111111111111111111111111111111111001001110011111100111101001111000011110100 
2 4 2 1 0 1 2 0  01010000010101001101010011010000111100001111100011110000110100001111111111111101111111111111111111111111111100001111011111111000100100001000110001111110011100001111110011111100111111111111000011110000 
2 4 2 1 0 1 2 0  01010101010101011101010111111111111111111111111111111111111111111111111111111111111111111111111111111111111111111111111111111111111111111111111111111111111111111111110011111100111101001111000011110000 
6 2 2 1 0 0 0 0  10001000100000001000000010000000100010001011100011110000110100001000000010000000100000001111100010001000100000001000000010011000100100001100100010000000101100001100000010000000111100001111000011110000 
6 1 2 1 0 1 0 0  10000000100000001001010010000000100000001000000010000000100000001000000010000000100000001000000010000000100000001000000010000000100000001000000010000000100000001000000010000000111100001111000011110000 
6 2 2 1 3 1 0 0  10001000100000001000000010000000100010001011100011110000110100001000000010000000100000001111100010000000100000001000000010000000100000001000000010000000100000001000000010000000100000001000000010010000 
2 4 2 1 0 1 2 0  01010000010100001101000011010000111100001111100011110000110100001000000010000000111111111111000011111111110000001111011111111000100100001000110001100000011100001000000011000000111100001111000011110000 
6 0 2 1 0 0 0 0  10000000100000001000000011010000111100001000000010000000100000001000000010000000100000001000000010000000100000001000000010000000100000001000000010000000011100001111111111110000111100001011000011110000 
2 4 2 1 0 1 2 0  01010101010101011101010111111111111111111111111111110000110100001111111111111101111111111111111111111111111100001111011111111000100100001000110001111110011111001001110011111100111101111111111111111110 
2 4 2 1 0 1 2 0  01010100010101001101010011010111111111111111111111111111111111111111111111111111111111111111111111111111111111111111111111111111111111111111111111111111111111111111110011111100111101001111000011110000 
6 2 2 1 3 1 0 0  10001000100000001000000010000000100010001011100011110000110100001000000010000000100000001111100010001000100000001000000010011000100100001100100010000000100000001000000010000000100000001000000010000000 
6 2 2 1 0 0 0 0  10001000100000001000000010000000100010001011100011110000110100001000000010000000100000001111100010001000100000001000000010011000100100001100100010000000101100001111111111111000111100001111000011110000 
2 4 2 1 0 1 0 0  01010000010100001101000011010000111100001111100011110000110100001000000010000000111111111111100010001000100000001000000010011000100100001100100010000000101100001100000010000000111100001111000011110000 
6 1 2 1 0 1 2 0  10000000100000001001010010000000100000001000000010000000100000001000000010000000100000001000000010000000100000001000000010000000100000001000000010000000100000001000000010000000111100001111000011110100 
2 2 2 1 0 1 2 0  11010101111111111111111111111111111111111111111111111111111111111111111111111111111111111111111111111111111111111111111111111111111111111111110001111110011111001111110011111100111111111111000011110110 
6 1 2 1 0 1 2 0  10000000100000001001010010000000100000001000000010000000100000001000000010000000100000001000000010000000100000001000000010111000100100001000000010010000100000001000000010000000111101001011000011110110 
6 2 2 1 3 1 0 0  10001000100000001000000010000000100010001011100011110000110100001000000010000000100000001111100010001000100000001000000010011000100100001100100010000000100000001000000010001100111101001111000011110100 
2 4 2 1 0 1 2 0  01010100010101001101010011010000111100001111100011110000110100001111111111111101111111111111000011111111110000001111011111111000100100001000110001111110011100001111111111110000111100001011000011110000 
6 2 2 1 3 0 0 0  10001000100000001000000010000000100010001011100011110000110100001000000010000000100000001111000010000000100000001000000010000000100000001000000010000000100000001000000010000000100000001000000010000000 
2 4 2 1 0 1 2 0  01010000010100001101010011010000111100001111100011110000110100001111111111111101111111111111000011111111110000001111011111111000100100001000110001111110011100001111111111110000111100001011000011110000 
2 4 2 1 0 1 2 0  11011101010101011101010111111111111111111111111111111111111111111111111111111101111111111111111111111111111100001111011111111000100100001000110001111110011100001111110011111100111111111111000011110110 
2 4 2 1 0 1 2 0  01010100010101001101010011111111111100001111111111110000110100001111111111111111111111111111111111111111111111111111111111111111111111111111111111111111111111001001110011111100111111111111111111111110 
2 4 2 1 0 1 2 0  01010000010100001101000011010000111100001111100011110000110100001000000010000000111111111111000011111111110000001111011111111000100100001000110001111110011100001111111111110000111100001111000011110000 
2 4 2 1 0 1 2 0  01010100010100001101010011010000111100001111100011110000110100001111111111111101111111111111000011111111111100001111011111111000100100001000110001111110011100001111110011111100111111111111000011110000 
2 4 2 1 0 1 2 0  01010000010101001101010011010111111100001111111111110000110100001111111111111111111111111111111111111111111111111111111111111111111111111111111111111111111111001001110011111100111101001011000011110100 
2 4 2 1 0 1 2 0  01010000010100001101010011111111111100001111100011110000110111101111111111111101111111111111111111111111111100001111011111111000100100001000110001111110011111001001110011111100111100001111000011110000 
2 4 2 1 0 1 2 0  01010000010101001101000011010111111100001111111111110000110100111111111111111101111111111111111111111111111100001111011111111000100100111111111111111111111111001001110011111100111101001111000011110100 
2 4 2 1 0 1 2 0  01010000010101001101000011010111111100001111111111110000110100111111111111111101111111111111111111111111111100001111011111111000100100001000110001111110011100001111110011111100111111111111000011110110 
2 4 2 1 0 1 2 0  01010100010101001101010011111111111100001111111111110000110100001111111111111111111111111111111111111111111100001111011111111000100100001000110001111110011100001111110011111100111111111111000011110000 
2 4 2 1 0 1 2 0  01010000010100001101000011010000111100001111111111110000110100001111111111111111111111111111111111111111111111111111111111111111111111111111111111111111111111001001110011111100111101001011000011110100 
6 2 2 1 3 1 0 0  10001000100000001101000010000000100000001000000010000000100000001000000010000000100000001000000010000000100000001000000010000000100000001000000010000000011100001000000011000000111100001111000011110100 
2 4 2 1 3 1 2 0  01010000010101001101010011010000111100001111100011110000110100001111111111111101111111111111111111111111111100001111111111111111111111111111110001111110011111001001110011111100111100001111000011110000 
2 4 2 1 0 1 2 0  01010100010100001101010011010000111100001111100011110000110100001111111111111101111111111111000011111111110000001111011111111000111111111111111111111111111111001001110011111100111101001111000011110100 
2 2 2 1 0 1 2 0  11111111111111001101010011111111111111111111111111111111111111111111111111111111111111111111000011111111111111111111111111111111111111111111111111111111111111001001110011111100111111111111111111111110 
2 4 2 1 0 1 2 0  01010100010100001101010011010000111100001111100011110000110100001111111111111101111111111111000011111111111111111111111111111111111111111111111111111111111111001001110011111100111101001011000011110100 
2 4 2 1 0 1 2 0  01010000010101001101010011010000111100001111100011110000110100001111111111111101111111111111000011111111110000001111011111111000100100001000110001111110011100001111111111110000111100001011000011110000 
2 4 2 1 0 1 2 0  01010100010101001101010011111110111100001111100011110000110100001111111111111101111111111111000011111111110000001111011111111000100100001000110001100000011100001000000011000000111100001111000011110000 
2 4 2 1 0 1 2 0  11011101010101011101010111111111111111111111111111111111111111111111111111111111111111111111111111111111111111111111111111111111110100001000110001111110011111111111110011111100111101001111011111111110 
2 4 2 1 0 1 2 0  01010100010101001101010011111110111100001111100011110000110100001111111111111101111111111111111111111111111111111111111111111111111111111111110001111110011111001001110011111100111101111111111111111110 
6 2 2 1 0 0 0 0  10001000100000001000000010000000100010001011100011110000110100001000000010000000100000001111100010001000100000001000000010011000100100001100100010000000100000001000000010000000111100001111000011110000 
2 4 2 1 0 1 2 0  01010100010100001101010011010111111111111111111111111111111111111111111111111111111111111111111111111111111100001111011111111000100100001000110001111110111111001001110011111100111111111111111111111110 
2 4 2 1 0 1 2 0  01010100010100001101010011010111111111111111111111111111111111111111111111111111111111111111111111111111111100001111011111111000100100001000110001111110111111001001110011111100111100001011000011010000 
2 4 2 1 0 0 0 0  01010000010100001101000011010000111100001111100011110000110100001000000010000000100000001111100010001000100000001000000010011000100100001100100010000000101100001100000010000000111100001111000011110000 
6 2 2 1 0 0 0 0  10000000100000001000000010000000100010001111100011110000110100001000000010000000100000001111100010001000100000001000000010011000100100001100100010000000101100001100000010000000111100001111000011110000 
6 0 2 1 0 0 0 0  10000000100000001000000011010000111100001000000010000000100000001000000010000000100000001000000010000000100000001000000010000000100000001000000010000000011100001111111111110000111101001011000011110100 
6 0 2 1 0 0 0 0  10000000100000001000000011010000111100001000000010000000100000001000000010000000100000001000000010000000100000001000000010000000100000001000000010000000011100001000000011000000111100001011000011010000 
6 2 2 1 3 1 0 0  10000000100000001000000011010000111100001000000010000000100000001000000010000000100000001111100010001000100000001000000010011000100100001100100010000000100000001000000010000000100000001000000010000000 
6 0 0 0 0 0 2 0  10001000100000001000000010000000100010001000000010000000100000001000111110000000100000001000000010000000100000001000000010000000100000001000000010000000100000001000000010000000100000001000000011111110 
2 4 2 1 0 1 2 0  01010100010100001101010011010000111100001111100011110000110100001111111111111101111111111111000011111111111100001111011111111000100100001000110001111110011100001111110011111100111100001111000011110000 
6 2 2 1 3 1 2 0  10001000100000001000000010000000100010001011100011110000110100001000000010000000100000001111100010001000100000001000000010011000100100001100100010001110011100001111111111110000111111111111000011110000 
2 4 2 1 0 1 2 0  01010101010101011101010111111111111111111111111111111111111111111111111111111101111111111111000011111111111100001111011111111111111111111111111111111111111111001001110011111100111101001111000011110100 
6 0 2 1 0 0 0 0  10000000100000001000000011010000111100001000000010000000100000001000000010000000100000001000000010000000100000001000000010000000100000001000000010000000011111001001110011111100111100001111000011110000 
2 4 2 1 0 1 2 0  01010100010100001101000011010000111100001111100011110000110100001111111111111101111111111111111111111111111100001111011111111000100100001000110001111110011100001111110011111100111111111111000011110000 
2 4 2 1 0 1 2 0  01010000010101001101010011010111111111111111111111111111111111111111111111111111111111111111111111111111111100001111011111111000100100001000110001111110111111001001110011111100111111111111111111111110 
2 4 2 1 0 1 2 0  01010100010100001101000011010111111100001111111111110000111111111111111111111101111111111111000011111111110000001111011111111000100100001000110001111110011100001111110111111100111101001111000011110000 
2 4 2 1 0 1 2 0  11111111111111111101010111111111111111111111111111111111111111111111111111111101111111111111111111111111111100001111111111111111111111111111110001111110011111001001110011111100111100001111000011110000 
2 4 2 1 0 1 2 0  01010100010101001101010011111000111100001111100011110000110100001111111111111101111111111111111111111111111100001111011111111000100100001000110001111110011100001111110011111100111111111111000011110000 
2 4 2 1 0 1 2 0  01010100010101001101010011111111111111111111111111111000110100001111111111111101111111111111111111111111111100001111011111111000100100001000110001111110011100001111110011111100111111111111000011110000 
2 4 2 1 0 1 2 0  01010000010100001101010011111111111100001111100011110000110111101111111111111101111111111111000011111111110000001111011111111000100100001000110001111110011100001111111111110000111100001111000011110000 
2 4 2 1 0 1 2 0  01010000010100001101000011010000111100001111100011111111111111111111111111111111111111111111111111111111111100001111011111111000100100001000110001111110111111001001110011111100111101001111000011110100 
2 2 2 1 0 1 2 0  11010101111111111111111111111111111111111111111111111111111111111111111111111111111111111111111111111111111111111111111111111111111111111111110001111110011111001001110011111100111100001111000011110000 
2 2 2 1 0 1 2 0  11111111111111111101010111111111111111111111111111111111111111111111111111111111111111111111111111111111111111111111111111111111111111111111111111111111111111111111111011111100111101001111000111111110 
