5 0 0 0 0 0 0 0  10010000100000001000000010000000100000001000000010000000100000001000000010000000100000001000000010000000100000001000000010000000100000001000000010000000100000001000000010000000100000001000000010000000 
5 1 1 2 1 2 0 0  10000000100000001001000010000000100000001000000010000000100101001101010010000000100000001000000010000000100000001000000010000000100000001000000010000000100000001000000010000000100000001000000010000000 
5 0 0 0 0 0 0 0  10010000100100001000000010000000100000001000000010000000100000001000000010000000100000001000000010000000100000001000000010000000100000001000000010000000100000001000000010000000100000001000000010000000 
5 0 0 0 0 0 0 0  10000000100000001000000010000000100000001000000010000000100000001000000010000000100000001000000010000000100000001000000010000000100000001000000010000000100000001000000010000000100000001000000010000000 
2 3 2 2 1 2 3 1  11111111111111011101010111111111111111111111111111111111111111111101010010010101011111111111110101011011111101111101111111111111111111111111111111111111111111111111111111111111111111111111110011111111 
5 0 0 0 0 0 0 0  10000000100000001000000010000000100000001000000010000000100000001000000010000000100000001000000010000000100000001000000010000000100000001000000010000000100000001000000010000000100100001001000010000000 
2 3 2 2 1 2 3 1  11011101111111111111010011111111111111111111111111111111111111111101010110010101011111111111111111111111111111111111111111111111111111111111111111111111111111111111111111111111111111111111111111111111 
5 0 0 0 0 0 0 0  10010000100100001001000010000000100000001000000010000000100000001000000010000000100000001000000010000000100000001000000010000000100000001000000010000000100000001000000010000000100000001000000010000000 
2 3 2 2 1 2 3 1  11011101111111111111111111111111111111111111111111111111111111111111111111111111111111111111111111111111111111111111111111111111111111111111111111111111111111111111111111111111111111111111111011111111 
5 1 2 2 1 2 3 1  10010101100101011001010111111111111111111111111111111111111111111111010010010101011111010111111111111111111111111111111111111110100111111111111111111101111111001001010010011110100111111111110011111111 
5 1 2 2 1 2 0 0  10010000100101001001010011011100100000001001000011110000100101001101010010010101011100001000000010111100100110001001100001111100100000001000000010010000111100001001010010011001100100001001110010000000 
5 1 2 2 1 2 3 1  10010101100101011001010011011100111011001001111111111111111111111101010010010101101111011111110010011111111111111111111111111110100111111111111111111101111111001001010010011110100111111111110011111111 
5 0 0 0 0 0 0 0  10010000100000001000000010000000100000001000000010000000100000001000000010000000100000001000000010000000100000001000000010000000100000001000000010000000100000001000000010000000100100001001000010000000 
5 1 2 2 1 2 0 0  10010000100101001001010011011100111011001001000011110000100101001101010010010101011100001000000010111100100110001001100001111100100000001000000010010000111100001001010010011000100100001001000010011100 
5 1 2 2 1 2 0 0  10000000100000001001000010000000100000001001000011110000100101001101010110010000100000001000000010000000100000001001111111110000100000001001000010011100011100001001010010011000100100001001110010000000 
5 0 0 2 1 2 0 0  10010000100000001000000010000000100000001000000010000000100000001000000010000000100000001000000010000000100000001000000010000000100000001000000010000000100000001001010010011000100100001001000010011100 
5 1 2 2 1 2 3 1  10011101100101011001010111111111111111111111111111110000100101001101010110010100101111011111110010011111111111111111111111111110100111111111111111111101111111001001010010011110100111111111110011111111 
5 1 0 2 1 2 0 0  10010000100100001001000010000000100000001001000011110000100101001101010010010000100000001000000010000000100000001000000010000000100000001000000010000000100000001000000010011000100100001001110010000000 
5 1 0 2 1 2 0 0  10000000100000001001000010000000100000001000000010000000100101001101010010000000100000001000000010000000100000001000000010000000100000001000000010000000100000001001010010010000100100001001000010011100 
5 1 1 2 1 2 0 0  10000000100000001001000010000000100000001000000010000000100101001101010010000000100000001000000010000000100000001000000010000000100000001000000010000000100000001000000010000000100000001001000010011100 
5 1 0 2 1 2 0 0  10010000100100001001000010000000100000001001000011110000100101001101010110010000100000001000000010000000100000001000000010000000100000001001000010010000111100001001010010011001100100001001110010000000 
5 0 0 2 1 2 0 0  10000000100000001000000010000000100000001000000010000000100000001000000010000000100000001000000010000000100000001000000010000000100000001000000010010000100000001001010010011100100100001001110010000000 
5 1 2 2 1 2 0 0  10010000100100001001000010000000100000001001000011110000100101001101010010010000100000001000000010000000100000001000000010000000100000001000000010000000100000001000000010011000100100001001000010011100 
5 1 2 2 1 2 0 0  10010000100100001001010011011100111011001001000011110000100101001101010110010101011111011111110010011111111111111111111111111110100111111111111111111101111111001001010010011110100111111001000010011100 
5 1 0 0 0 0 0 0  10010000100100001000000010000000100000001000000010000000100000001000000010000000100000001000000010000000100000001000000010000000100000001000000010000000100000001000000010000000100100001001000010000000 
5 0 0 0 0 0 0 0  10000000100000001000000010000000100000001000000010000000100000001000000010000000100000001000000010000000100000001000000010000000100000001000000010000000100000001000000010010000100100001001000010011100 
5 1 2 2 1 2 0 0  10010000100100001001000011011100111011001001000011110000100101001101010010010101011100001000000010111100100110001001100010000000100000001001000010011100011100001001010010010000100100001001000010011100 
5 1 1 2 1 2 0 0  10000000100000001001000010000000100000001000000010000000100101001101010010000000100000001000000010000000100000001000000010000000100110001001000010011100011100001001010010011000100100001001000010011100 
5 1 1 2 1 2 0 0  10010000100100001001010011011100111011001001000011110000100101001101010010010101011111010011011111111100100110001011111111111100100111111111111010011100011100001001010010011000100100001001110010011100 
5 3 1 2 1 2 0 0  10010100100100001001010011011100111011001001000011110000100101001101010110010100101111011111000010000000100110001000000010000000100000001000000010011100011100001001010010011000100100001001000010011100 
5 1 2 2 1 2 0 0  10010000100100001001000010000000100000001001000011110000100101001101010110010000100000001000000011111100100110001011111111111100100110001001000010011100011100001001010010011000100100001001000010011100 
5 0 0 0 0 0 0 0  10010000100000001000000010000000100000001000000010000000100000001000000010000000100000001000000010000000100000001000000010000000100000001000000010000000100000001000000010000000100100001001110010000000 
5 1 2 2 1 2 0 0  10010000100100001001010011011100111011001001000011110000100101001101010010010101011111010011011111111100100110001011111111111100100000001001000010011100011100001001010010011000100100001001000010011100 
5 1 0 2 1 2 0 0  10010000100100001001000010000000100000001000000010000000100000001000000010000000100000001000000010000000100000001000000010000000100000001001000010011100111100001001010010011000100100001001000010011100 
5 1 2 2 1 2 0 0  10010101100101011001010011011100111011001001000011110000100101001101010010010101011111010011011111111100100110001011111111111100100110001001000010011101111111001001010010011110100100001001000010011100 
5 1 1 2 1 2 0 0  10010100100100001001010011011100111011001001000011110000100101001101010110010000100000001000000010000000100000001000000010000000100000001001000010010000111100001001010010010000100100001001000010011100 
5 1 2 2 1 2 0 0  10010100100101001001010011011100100000001001000011110000100101001101010010010101011100001000000010000000100000001000000010000000100000001000000010000000100000001001010010010000100100001001000010011100 
5 1 2 2 1 2 0 0  10010100100101001001010011011100100000001001000011110000100101001101010010010101011100001000000010000000100000001000000010000000100110001001000010011100011100001001010010011000100100001001000010000000 
5 0 0 2 1 2 0 0  10010000100100001001000010000000100000001000000010000000100000001000000010000000100000001000000010000000100000001000000010000000100000001000000010000000100000001000000010011000100100001001000010011100 
5 0 0 0 0 0 0 0  10010000100100001001000010000000100000001000000010000000100000001000000010000000100000001000000010000000100000001000000010000000100000001000000010000000100000001000000010000000100100001001110010000000 
5 1 1 2 1 2 0 0  10010000100100001001010011011100111011001001000011110000100101001101010110010000100000001000000010000000100000001000000010000000100000001001000010011100011100001001010010011000100100001001000010011100 
5 1 2 2 1 2 0 0  10010000100100001001000010000000111011001001000011110000100101001101010010010100100000001000000010000000100000001000000010000000100000001001000010011100011100001001010010011000100100001001000010011100 
2 3 2 2 1 2 0 0  10010000100100001001010011011100111011001001000011110000100101001101010110010101011111011111110010011111110110001011111111111100100110001001000010011100011100001001010010011000100100001001000010011100 
5 1 0 0 0 0 0 0  10010000100100001001000010000000100000001000000010000000100000001000000010000000100000001000000010000000100000001000000010000000100000001000000010000000100000001000000010000000100100001001000010000000 
5 1 0 2 1 2 0 0  10000000100000001000000010000000100000001000000010000000100000001000000010000000100000001000000010000000100000001000000010000000100000001001000010010000111100001001010010011000100100001001000010011100 
5 1 1 2 1 2 0 0  10000000100000001000000010000000100000001000000010000000100000001000000010000000100000001001000010000000100000001000000010000000100000001001000010011100011100001001010010010000100100001001000010011100 
5 1 2 2 1 2 0 0  10010100100100001001000011011100111011001001000011110000100101001101010010010101011100001000000010111100100110001001100010000000100000001001000010011100011100001001010010011100100100001001000010011100 
5 1 0 2 1 2 0 0  10010100100101001001010010000000100000001000000010000000100101001101010010000000100000001000000010000000100000001000000010000000100110001111110010011100111100001001010010011000100100001001000010011100 
5 1 2 2 1 2 0 0  10010100100101001001010011011100111011001001000011110000100101001101010110010000100000001000000010000000100000001001100010000000100000001001000010010000111100001001010010011000100100001001000010011100 
5 1 2 2 1 2 0 0  10010000100100001001000010000000100000001001000011110000100101001101010110010000100000001000000010000000100000001000000011111100100110001001000010011100011100001001010010011000100100001001000010011100 
5 1 0 2 1 2 0 0  10010000100100001001000011011100111011001001000011110000100101001101010010010101100000001000000010000000100110001001100001111100100000001000000010010000111100001001010010011000100100001001000010011100 
5 0 0 2 1 2 0 0  10010100100101001001000010000000100000001001000011110000100101001101010110010000100000001000000011111100100110001000000010000000100000001000000010010000100000001001010010011100100100001001110010000000 
5 1 2 2 1 2 0 0  10010100100100001001010011011100111011001001000011110000100101001101010010010101011100001000000010111100100110001001100010000000100000001001000010011100011100001001010010011100100100001001000010011100 
5 1 2 2 1 2 0 0  10010100100100001001000011011100111011001001000011110000100101001101010010010101100000001000000010000000100110001001100001111100100000001000000010010000111100001001010010011000100100001001000010011100 
5 1 2 2 1 2 0 0  10010000100100001001000010000000111011001001000011110000100101001101010010010101011111010011011111111100100110001011111111111100100110001001000010011100011100001001010010011000100100001001000010011100 
2 3 2 2 1 2 3 1  11111111111111111111111111111111111111111111111111111111111111111111111111111111111111111111111111111111111111111111111111111111111111111111111111111111111111111111111111111111111111111111111011111111 
5 1 2 2 1 2 0 1  10011101100101011101010111111111111111111111111111111111111111111101010010010101111111111111111111111111111111111111111111111111111111111111111111111111111111111111111111111111111111111111111011111111 
5 1 2 2 1 2 0 0  10010000100100001001010011011100111011001001110011110000100101001101010110010000100000001011000010111100100110001000000010000000100110001001000010011100011100001001010010011000100100001001000010011100 
2 1 2 2 1 2 3 1  11111111111111011101111111111111111111111111111111111111111111111111010010010101011111111111110101011011111101111111111111111110100111111111111111111101111111001001010010011110100111111111110011111111 
2 3 2 2 1 2 3 1  11011101111111011101010111111111111111111111111111111111111111111111111111111111111111111111111111111111111111111111111111111111111111111111111111111111111111111111111111111111111111111111111011111111 
5 1 2 2 1 2 0 0  10010100100101001001010011011100111011001001000011110000100101001101010010010101011111010011000010000000100000001000000010000000100000001001000010010000111100001001010010011001100100001001110010010000 
5 1 2 2 1 2 0 0  10000000100000001000000010000000100000001000000010000000100000001000000010000000100000001011000010111100100110001000000010000000100110001001000010011100111100001001010010011000100100001001000010011100 
5 1 2 2 1 2 3 1  10010101100101011001010011011100111011001001011111111100100101001101010010010101101111011111110011111100100110001011111111111100100111111111110010011100111100001001010010011000111111111111111011111111 
5 0 0 2 1 2 0 0  10000000100000001000000010000000100000001000000010000000100000001000000010000000100000001000000010000000100110001001100010000000100000001001000010011100011100001001010010011100100100001001000010011100 
5 0 0 0 0 0 0 0  10010000100000001000000010000000100000001000000010000000100000001000000010000000100000001000000010000000100000001000000010000000100000001000000010000000100000001000000010000000100100001001000010011100 
2 3 2 2 1 2 3 1  10011101100101011001010111111111111111111111111111111111111111111101010010010101111111111111110010011111111111111111111111111110100111111111111111111101111111001001010010011110100111111111110011111111 
5 1 2 2 1 2 0 0  10010000100101001001010011011100100000001001000011110000100101001101010010010101011100001000000010111100100110001001100001111100100000001000000010010000111111001001010010011000100100001001110010011100 
5 1 2 2 1 2 0 0  10010000100100001001000010000000100000001001000011110000100101001101010110010000100000001000000010000000100000001000000010000000100000001001000010011100011100001001010010011000100100001001000010011100 
2 3 2 2 1 2 3 0  11111111111111111111111111111111111111111111111111111111111111111111111111111111111111111111111111111111111111111111111111111111111111111111111111111101111111001001010010011110100100001001000010011100 
5 1 2 2 1 2 0 0  10000000100000001001000010000000100000001001000011110000100101001101010110010000100000001000000010000000100000001000000010000000100000001001000010011100011100001001010010011000100100001001000010011100 
5 1 0 2 1 2 0 0  10000000100000001001000010000000100000001000000010000000100101001101010010000000100000001000000010000000100000001000000010000000100000001001000010010000111100001001010010011000100100001001000010011100 
5 1 2 2 1 2 0 0  10010000100100001001010011011100111011001001000011110000100101001101010110010000100000001000000010000000100000001000000011111100100110001001000010011100011100001001010010011000100100001001000010011100 
5 1 2 2 1 2 3 0  10010101100101011001010011011100111011001001011111111100100101001101010010010100101111011111110010011111111110001011111111111100100110001001000010011100011100001001010010011100100111001001000010011100 
2 3 2 2 1 2 3 1  11011101111111011001010011011100111011001001011111111100100101001101010010010101101111011111110011111100100110011111111111111111111111111001000011111101111111001001010010011000111111111111111011111111 
5 1 2 2 1 2 0 0  10010100100101001001010011011100111011001001000011110000100101001101010010010101011111010011000010000100100110001011111111111100100110001001000010011100011100001001010010011000100100001001000010011100 
5 1 2 2 1 2 0 0  10010100100101001001010011011100111011001001000011110000100101001101010010010101011111010011000010111100100110001000000010000000100110001001000011111101111111001001010010011000100100001001000010011100 
5 1 2 2 0 2 0 0  10010000100100001001010011011100111011001001110011110000100101001101010110010000100100001000000010111100100110001001100001111100100000001001000010011100011100001001010010011100100111001001000010011100 
5 1 2 2 1 2 3 1  10010101100101011001010011011100111011001001011111111100100101001101010010010101011111010011000010111100100110011111111111111110100111111111111111111101111111001001010010011110100111111111110011111111 
2 3 2 2 1 2 0 0  11011101111111011001010011011100111011001001011111111100100101001101010010010101101111011111110011111100101110001011111111111100100110001001000010011100011100001001010010011100100111001001000010011100 
2 3 2 2 1 2 3 1  11011101111111111111111111011100111011001001111111111111111111111101010010010101111111111111110010011111111111111111111111111110100111111111110010011100111111111111111111111111111111111111110011111111 
2 3 2 2 1 2 3 1  11011101111111011101010111111111111111111111111111111100100101001101010010010101101111011111110011111100100110001011111111111100100111111111111111111101111111001001010010011110100111111111110011111111 
5 1 2 2 1 2 3 1  10011101100101011101010111111111111111111111111111111111111111111101010010010101111111111111111111111111111111111111111111111110100111111111111111111101111111001001010010011100100111111111110011111111 
5 0 0 2 1 2 0 0  10000000100000001000000010000000100000001000000010000000100000001000000010000000100000001000000010000000100000001000000010000000100000001000000010010000100000001001010010011100100101001001000010011100 
5 1 2 2 1 2 0 0  10010100100100001001010011011100111011001001000011110000100101001101010010010101011111010011000010000100100110001011111111111100100110001001000010011101111110001001010010011000100100001001000010011100 
5 1 1 2 1 2 0 0  10000000100000001001000010000000100000001000000010000000100101001101010010000000100000001000000010000000100000001000000010001100100110001001000010011100011100001001010010011100100111001001000010011100 
5 0 2 2 1 2 0 0  10010100100101001001010011011100111011001001011111111100100101001101010010010100101111011111110010011111111110001011111111111100100110001001000010011100011100001001010010011100100111111111110010011100 
5 1 2 2 1 2 0 0  10010000100100001001000010000000111011001001000011110000100101001101010010010101101111011111110011111100101110001011111111111100100100001001000010010000111100001001010010011000100100001001000010011100 
5 1 1 2 1 2 0 0  10000000100000001001000010000000100000001000000010000000100101001101010010000000100000001000000010000000100000001000000010000000100000001000000010000000100000001001010010011100100111001001000010011100 
5 0 0 2 1 2 0 0  10010000100100001001000010000000100000001000000010000000100000001000000010000000100000001000000010000000100000001000000010000000100000001000000010000000100000001001010010011100100111001001000010011100 
5 0 0 2 1 2 0 0  10010000100101001001010011011100111011001001000011110000100101001101010010010101011111010011000010111100100110001000000010000000100110001001000011111100011100001001010010011100100111001001110010011100 
5 1 0 2 1 2 0 0  10010100100101001001010011011100111011001001000011110000100101001101010010010101011111010011000010000100100110001011111111111100100110001001000010011100011100001001010010011100100101001001000010011100 
5 1 0 2 1 2 0 0  10010100100101001001010011011100111011001001000011110000100101001101010110010101101111011111110011111100100110011111111111111110100110001001000010011101111110001001010010011000100100001001000010011100 
5 0 2 2 1 2 0 0  10010100100101001001010011011100111011001001011111111100100101001101010010010100101111011111110010011111111110001011111111111100100110001001000010011100011100001001010010011100100100001001000010011100 
2 3 2 2 1 2 3 1  11011101111111011101010111111111111111111111111111111100100101001101010010010101011111111111110101011011111101111101111111111111111111111111111111111111111111111111111111111111111111111111110011111111 
2 3 2 2 1 2 3 1  11111111111111011101010111111111111111111111111111111111110101001101010010010101101111111111110010011111111111111111111111111110100111111111111111111101111111001001010010011110100111111111110011111111 
5 0 0 2 1 2 0 0  10010000100101001001010011011100111011001001000011110000100101001101010010010101011111010011000010111100100110001000000010000000100110001001000010011100011100001001010010011000100100001001000010011100 
5 0 2 2 1 2 3 0  10010000100100001001010011011100111011001001011111111100100101001101010010010100101111011111110010011111111110001011111111111100100110001001000010011101111111001001010010011110100100001001000010011100 
5 1 1 2 1 2 0 0  10010100100101001001010011011100111011001001000011110000100101001101010010010101011111010011000010111100100110001000000010000000100000001000000010010000101100001001010010011000100111001001000010011100 
5 0 0 0 0 0 0 0  10000000100000001000000010000000100000001000000010000000100000001000000010000000100000001000000010000000100000001000000010000000100000001000000010000000100000001000000010010000100100001001000010000000 
5 0 0 2 1 2 0 0  10010100100101001001000010000000100000001000000010000000100000001000000010000000100000001000000010000000100000001000000010000000100000001000000010000000100000001001010010011100100111001001000010011100 
