6 2 1 2 2 0 0 0  10000000100000001001100000011000100000001000000010000000100000001000000010000000100000001000000010000000100000001000000010000000100000001000000010000000100000001000000010000000100000001000000010000000 
6 2 1 2 2 0 0 0  10000000100000001001100000011000100000001000000010000000100000001000000010000000100000001000000010001111100000001000000010000000100000001000000010000000100000001000000010000000100000001000000010000000 
3 0 0 0 0 0 0 0  10000000100000001000000010000000100000001000000010000000100000001000000010000000100000001000000010000000100000001000000010000000100000001000000010000000100000001000000010000000100000001000000010000000 
3 0 0 0 0 0 0 0  10010000100000001000000010000000100000001000000010000000100000001000000010000000100000001000000010000000100000001000000010000000100000001000000010000000100000001000000010000000100000001000000010000000 
3 2 1 2 2 2 2 1  11111111111111111111111111111111111111111111111111111111111111111111111111111111111111111111111111111111111111111111111111111111111111111111111111111111111111111111111111111111111111111111111111111110 
3 0 0 0 0 0 0 0  10010000100000001000000010000000100000001000000010000000100000001000000010000000100000001000000010000000100000001000000010000000100000001000000010000000100000001000000010000000100000001101110010000000 
6 2 1 2 2 0 0 0  10000000100000001001100000011000100000001000000010000000100000001000000010000000100000001000000010001111100000001000000010000000100000001000000010000000100000001000000010000000100000001001110010000000 
3 0 0 0 0 0 0 0  10000000100000001000000010000000100000001000000010000000100000001000000010000000100000001000000010000000100000001000000010000000100000001000000010000000100000001000110110011000100000001000000010000000 
3 2 1 2 2 2 2 0  10010000100100001001010010011111110100001001000010010000100111111111111111111100100111100111000010001101110100001001110011110000100111111111000010011100100000001000110110011000100111001101100010000000 
3 0 0 0 0 0 0 0  10010000100100001001000010011000110100001001000010010000100000001001000010000000100000001000000010000000100000001000000010000000100000001000000010000000100000001000000010000000100000001000000010000000 
3 2 1 2 2 2 2 1  10010101110101011001010101111101110111111001111111111111111111111111111111111111111111111111111111111111111111111111110011111111111111111111111010011100100111111100110110011011110111001101110011111110 
3 2 1 2 2 2 2 1  11110111111111111111111111111111111111111111111111111111111111111111111111111111111111111111111111111111111111111111111111111111111111111111111111111111111111111111111111111111111111111111111111111110 
3 0 0 0 0 0 0 0  10010000100100001001000010011000100000001000000010000000100000001000000010000000100000001000000010000000100000001000000010000000100000001000000010000000100000001000000010000000100000001000000010000000 
3 2 1 2 2 0 0 0  10010000100100001001000010011000110100001001000010010000100000001000000010000000100000001000000010000000100000001000000010000000100000001111000010000000100000001000000010011000100111001101100010000000 
3 2 1 2 2 2 2 1  10010101111111011001010101111101110111111011111111111111111111001001111111111100111111111111111111111111111111111111110011111100100111111111111111111111111111111100110110011010110111001101110011111110 
3 2 1 2 0 0 0 0  10010000100100001001000010011000110100001001000010010000100000001001000010000000100111101000000010000000100000001000000010000000100000001000000010000000100000001000000010000000100000001000000010000000 
3 2 1 2 2 2 2 1  10010101100101011001010101111101110111001001110010010000100111001001111111111100100111100011001010001101111111111001111111111111111111111111000010011100111111001000110110011011110111001101001111111110 
3 2 1 2 2 2 2 0  10010000100100001001000010011101110100001001000010010000100011001001000011111100100111100111000010001101110100001001110011110000100100001000000010011100100111111000110110011000100111001101110010010111 
3 2 1 2 2 2 2 1  10010101100111011001010101111101110111111011111111111111111111111111111111111111111111111111111111111111111111111111110011111111111111111111111010011100100111111100110110011011110111001101110011111110 
3 2 1 2 2 2 2 1  10010101100101011001010101111101110111001001110010010000100111001001111111111100100111100011001010001101111111111001110011110000100111111111000010011100100111111000110110011000100111001101001111111110 
3 2 1 2 2 2 2 1  11110101111111011001010101111101110111111011111111111111111111111111111111111100100111100011001010001101111111111111110011111111111111111111111010011100100111111100110110011011110111001101110011111110 
3 0 0 0 0 0 0 0  10000000100000001000000010000000100000001000000010000000100000001000000010000000100000001000000010000000100000001000000010000000100000001000000010000000100000001000000010000000100000001001110010000000 
3 2 1 2 2 2 2 1  11110101111111011001010101111101111111111111111111111111111111111111111111111111111111111111111111111111111111111111111111111111111111111111111111111111111111111111111111111111111111111111111111111110 
3 0 0 0 2 2 0 0  10000000100000001000000010000000100000001000000010000000100000001000000010000000100000001000000010000000100000001000000010000000100000001001000010000000100000001000110110011000100000001001000010000000 
3 2 1 2 2 2 2 1  11110101111111111111111111111111111111111111111111111111111111111111111111111111111111111111111111111111111111111111111111111111111111111111111111111111111111111111111111111111111111111111111111111110 
3 2 1 2 2 2 2 1  11110111111111111111111111111111111111111111111111111111111111111111111111111111111111111111111111111111111111111111111111111111111111111111000010011100111111001000110110011011110111001101110011111110 
3 2 1 2 2 2 0 0  10010100100101001001010010011000110100001001000010010000100011001001000010000100100111100111000010000000100100001000000010000000100100001000000010011100100000001000110110010000100000001000000010000000 
3 2 1 2 2 2 0 0  10010100100101001001010010011000110100001001110010010000100111001001000010000000100111100111000010001101110100001001110010000000100000001001000010000000100000001000110110011000100000001001000010000000 
3 0 0 0 0 0 0 0  10010000100100001000000010000000100000001000000010000000100000001000000010000000100000001000000010000000100000001000000010000000100000001000000010000000100000001000000010000000100000001001000010000000 
3 2 1 2 2 2 2 1  11111111111111111111111111111111111111111111111111111111111111111111111111111111111111111111111111111111111111111111111111110000100111111111000010011100111111111100110110011011110111001101110011111110 
3 2 1 2 2 2 0 0  10010100100101001001010010011000110100001001000010010000100011001001000011111100100111100111000010001101110100001001110011110000100100001000000010011100100111111000110110011000100111001101110010000000 
3 2 1 2 2 2 2 0  10010100100101001001010010011000110100001001000010010000100011001001000011111100100111100111000010001101110100001001110011110000100100001000000010011100100111111000110110011000100111001101110010010111 
3 2 1 2 2 2 2 1  10010101100111011001010101111101110111111111111111111111111111111111111111111111111111111111111111111111111111111111111111111111111111111111111111111111111111111111111111111111111111111111111111111110 
6 2 1 2 2 2 0 0  10000000100000001001100010011000110100001001010010011000100000001000000010000000100000001000000010000000100000001000000010000000100000001000000010000000100000001000000010011000100000001001110010000000 
3 0 0 0 0 0 0 0  10000000100000001000000010000000100000001000000010000000100000001000000010000000100000001000000010000000100000001000000010000000100000001000000010000000100000001000000010000000100000001001000010000000 
3 2 1 2 2 2 2 1  11110101110101011001010101111101110111011011111111111111111111111111111111111111111111111111111111111111111111111111111111111111111111111111111111111111111111111111111111111100100111001101001111111110 
3 2 1 2 2 2 2 0  10010000100100001001000010011101110100001001000010010000100011001001000011111100100111100111000010001101110100001001110011110000100111111111000010011100100111111000110110011000100111001101110010010111 
6 2 1 2 2 2 0 0  10000000100000001001100010011000110100001001010010011000100000001000000010000000100000001000000010000000100000001001110011110000100100001001000010000000100000001000000010000000100000001000000010000000 
6 2 1 2 2 2 0 0  10000000100000001001100010011000110100001001010010011000100000001000000010000000100000001000000010000000100000001001110011110000100100001001000010000000100000001100110010011000100111001101110010000000 
3 2 1 2 2 2 2 1  10010101110101011001010101111101110111011011111111111111111111111111111111111111111111111111111111111111111111111111111111111111111111111111111111111111111111111111111111111011110111001101110011111110 
3 2 1 2 2 2 0 0  10010000100101001001010010011100110100001001000010010000100011001001000011111100100111100111000010001101110100001001110011110000100100001000000010011100100000001000110110011000100111001101110010000000 
3 2 1 2 2 2 2 1  10010100100101001001010010011101110111001001110010010000100111001001111111111100100111100011001010001101111111111111110011111100100111111111000010011100111111111100110110011011110111001101110011111110 
3 0 0 0 2 2 0 0  10010000100100001001000010011000110100001001000010010000100000001001000010000000100000001000000010000000100000001000000010000000100000001001000010000000100000001000110110011000100010001001110010000000 
3 2 1 2 2 2 0 0  10010100100101001001010010011000110111001001110010010000100111001111111111111100100111100111000010001101110100001001110011110000100100001000000010011100100011111100110110011011110111001001110010010000 
3 2 1 2 2 2 2 1  11110101111111111111010101111101110111111001110010010000100111111111111111111111111111111111111111111111111111111111111111111111111111111111111111111111111111111111110110011011110111001101110011111110 
3 2 1 2 2 2 0 0  10010100100101001001010010011000110111001001110010010000100111001001000011111100100111100111000010001101110100001001110011110000100100001001000010000000100000001000110110011000100000001001000010000000 
3 2 1 2 2 2 0 0  10010000100101001001010010011000110100001001000010010000100011001001000011111100100111100111000010001101100000001001110011110000100100001001000010000000100000001100110010011000100111001101110010000000 
3 2 1 2 2 2 0 0  10010000100100001001000010011101110100001001000010010000100011001001000011111100100111100111000010001101110100001001110010110000100100001000000010011100100111111100110010011000100010001001110010000000 
3 2 1 2 2 2 2 1  11110101110101011001010101111101110111001001110010010000100111001001111111111100100111100011001010001101111111111111111111111111111111111111111111111111111111111111111111111111111111111111111111111110 
3 2 1 2 2 2 2 1  11110101110101011001010101111101110111001001110010010000100111001001111111111100100111100011001010001101111111111111110011111100100111111111000010011100111111111100110110011011111111111111111111111110 
3 2 1 2 2 2 2 1  11110101111111111001010101111101110111111111111111111111111111111111111111111111111111111111111111111111111111111111111111111111111111111111111111111111111111111111111111111111111111111111111111111110 
3 2 1 2 2 2 0 0  10010100100100001001000010011101110100001001000010010000100011001001000011111100100111100111000010001101110100001001110011110000100100001001000010011100100100001000110110011000100010001001110010000000 
3 2 1 2 2 2 0 0  10010100100100001001000010011101110100001001000010010000100011001001000011111100100111100111000010001101110100001001110011110000100100001001000010000000100000001000110110011000100010001001110010000000 
3 2 1 2 2 2 0 0  10010000100100001001000010011101110100001001000010010000100011001001000010000000100000001000000010001101110100001001110011110000100100001000000010011100100000001000000010011000100000001001110010000000 
3 2 1 2 2 2 2 1  10010100100101001001010010011100110111001001110010010000100111001111111111111111111111100111000010001101110100001001110011110000100111111111000010011100100111111000110110011011110111001101110011111110 
3 2 1 2 2 2 2 0  10010100100101001001010010011000110111001001110010010000100111001111111111111111111111100111000010001101110100001001110011110000100111111111000010011100100111111000110110011000100111001101110010010111 
3 2 1 2 2 2 0 0  10010000100100001001010010011100110100001001000010010000100011001001000011111100100111100111000010001101110100001001110011110000100100001000000010011100100000001000110110010000100000001001000010000000 
3 2 1 2 2 2 0 0  10010100100100001001000010011101110100001001000010010000100011001001000011111100100111100111000010001101110100001001110011110000100100001001000010011100100111111000110110011000100111001101110010000000 
3 0 0 0 0 0 0 0  10010000100000001000000010000000100000001000000010000000100000001000000010000000100000001000000010000000100000001000000010000000100000001000000010000000100000001000000010000000100000001001000010000000 
3 2 1 2 2 2 2 0  10010000100100001001010010011100110100001001000010010000100011001001000011111100100111100111000010001101110100001001110011110000100100001000000010011100100000001000110110010000100111001101110010010111 
3 0 0 0 0 0 0 0  10010000100100001001000010000000100000001000000010000000100000001000000010000000100000001000000010000000100000001000000010000000100000001000000010000000100000001000000010000000100000001001000010000000 
3 2 1 2 2 2 2 0  10010101100101011001010101111101110111101001110010010000100111001001000011111100100111100111000010001101110100001001110011110000100111111111000010011100100111111000110110011000100111001101110010010111 
3 0 1 2 2 2 0 0  10000000100000001000000010000000100000001000000010000000100000001000000010000000100000001000000010001101110100001001110010000000100100001001000010000000100000001000110110011000100000001000000010000000 
3 2 1 2 2 2 0 0  10010000100101001001000010011000110100001001000010010000100011001001000011111100100111100111000010001101110100001001110011110000100100001111000010011100100111111000110110011000100111001101110010010111 
3 2 1 2 2 2 0 0  10010000100101001001010010011100110100001001000010010000100011001001000011111100100111100111000010001101110100001001110011110000100100001000000010011100100011111100110110011000100111001101110010000000 
3 2 1 2 2 2 2 1  10010101100101011001010101111101110111111111111111111111111111111111111111111111111111111111111111111111111111111111111111111100100111111111111010011100100111111100110110011011100111001101110011111110 
3 2 1 2 2 2 0 0  10010000100101001001000010011000110100001001000010010000100111001001000010000100100111100111000010001101110111001001110011110000100100001001000010000000100000001000110110011000100000001001000010000000 
3 2 1 2 2 2 2 1  10010101100101011001010101111101110111101001110010010000100111001001111111111100100111100011001010001101111111111111111111111111111111111111111111111111111111111111110110011011110111001101110011111110 
3 0 0 0 0 2 0 0  10010000100000001000000010000000100000001000000010000000100000001000000010000000100000001000000010000000100000001000000010000000100000001000000010000000100000001000000010000000100000001001110010000000 
3 2 1 2 2 2 0 0  10010000100100001001000010011101110100001001000010010000100011001001000011111100100111100111000010001101110100001001110011110000100100001001000010000000100000001000110110011000100000001001000010000000 
3 2 1 2 2 2 0 0  10010000100100001001000010011101110100001001000010010000100011001001000011111100100111100111000010001101110100001001110011110000100100001001000010000000100000001100110110011000100111001101110010000000 
3 2 1 2 2 2 0 0  10010100100101001001010010011000110100001001000010010000100011001001000011111100100111100111000010001101110100001001110011110000100100001001000010000000100000001000110110011000100000001001000010000000 
3 0 0 0 0 0 0 0  10010000100100001001000010011000100000001000000010000000100000001000000010000000100000001000000010000000100000001000000010000000100000001000000010000000100000001000000010011000100000001001000010000000 
6 2 1 2 2 2 0 0  10000000100000001001100010011000110100001001010010011000100000001000000010000000100000001000000010000000100000001000000010000000100000001001000010011100100100001000110110011000100010001001110010000000 
3 2 1 2 2 2 2 1  10010000100101001001000010011000110100001001000010010000100011001001000011111100100111100111000010001101110100001001110011110000100100001111000010011100100111111000110110011011110111001101110011111110 
3 0 0 0 0 0 0 0  10000000100000001000000010000000100000001000000010000000100000001000000010000000100000001000000010000000100000001000000010000000100000001000000010000000100000001000110110011000100000001001000010000000 
3 2 1 2 2 2 0 0  10010101100100001001010010011100110100001001000010010000100011001001000011111100100111100111000010001101110100001001110011110000100100001000000010011100100000001000110110010000100010001001110010000000 
3 2 1 2 2 2 0 0  10010100100101001001000010011000110100001001000010010000100000001001000010000000100111100111000010000000100100001000000010000000100100001000000010011100111111001000110010000000100000001101110010000000 
3 2 1 2 2 2 0 0  10010000100100001001000010000000110100001001000010010000100011001001000011111100100111100111000010001101110100001001110011110000100100001001000010000000100000001000110110011000100000001001000010000000 
3 0 0 0 2 2 0 0  10010000100100001001000010011101110100001001000010010000100011001001000010000000100000001000000010000000100000001000000010000000100000001001000010000000100000001000110110011000100010001001110010010000 
3 2 1 2 2 2 0 0  10010100100100001001000010011101110100001001000010010000100011001001000011111100100111100111000010001101110100001001110011110000100100001001000010000000100000001000000010011000100000001001000010000000 
6 2 1 2 2 2 0 0  10000000100000001001100010011000110100001001010010011000100000001000000010000000100000001000000010000000100000001000000010000000100000001000000010011100100000001000110110010000100010001001110010000000 
3 2 1 2 2 2 0 0  10010000100101001001000010011000110100001001000010010000100111001001000010000100100111100111000010001101110111001001110010110000100100001000000010011100100000001000110110011000100010001001110010010000 
3 0 0 2 2 2 0 0  10000000100000001000000010000000100000001000000010000000100000001000000010000000100000001000000010000000100000001001110011110000100100001000000010011100100000001000110110010000100010001001110010000000 
3 2 1 2 2 2 0 0  10010000100100001001010010011100110100001001000010010000100011001001000011111100100111100111000010001101110100001001110011110000100100001000000010011100100000001000110110011000100111001101110010000000 
3 0 0 2 2 2 0 0  10000000100000001000000010000000100000001000000010000000100000001000000010000000100000001000000010000000100000001000000010000000100100001000000010011100100000001000110110010000100010001001110010000000 
3 2 1 2 2 2 0 0  10010100100101001001000010011101110100001001000010010000100011001001000011111100100111100111000010001101110100001001110011110000100100001001000010000000100000001000110110011000100000001001000010000000 
3 2 1 2 2 2 0 0  10010101100100001001000010011101110100001001000010010000100011001001000011111100100111100111000010001101110100001001110011110000100100001001000010011100100100001000110110011000100010001001110010000000 
6 2 1 0 0 0 0 0  10000000100000001001100010000000100000001000000010000000100000001000000010000000100000001000000010000000100000001000000010000000100000001000000010000000100000001000000010000000100000001000000010000000 
3 2 1 2 2 2 2 1  10010100100100001001000010011101110100001001000010010000100011001001000011111100100111100111000010001101110100001001110011110000100100111111000010011100100111111000110110011000100111001101110010011110 
6 2 1 2 2 2 0 0  10000000100000001001100010011000110100001001000010010000100011001001000011111100100111100111000010001101110100001001110011110000100100001001000010011100100000001000000010000000100000001000000010000000 
3 2 1 2 2 2 0 0  10010100100101001001000010011000110100001001000010010000100111001001000010000100100111100111000010001101110111001001110010110000100100001000000010011100100000001000110110011000100010001001110010010000 
6 2 1 2 2 2 0 0  10000000100000001001100010000000100000001000000010000000100000001000000010000000100000001000000010000000100000001000000010000000100000001000000010011100100000001000110110011000100010001001110010010000 
3 2 1 2 2 2 0 0  10010100100100001001000010011101110100001001000010010000100011001001000011111100100111001000000010000000100000001001110011110000100100001001000010000000100000001000110110011000100000001001000010000000 
3 2 1 2 2 2 0 0  10010100100101001001010010011000110111001001110010010000100111001111111111111100100111100111000010001101110100001001110011110000100100001001000010011100100111111000110110011000100111001101110010000000 
3 2 1 2 2 2 2 1  11110101111111111111111111111111111111111111111111111111111111111111111111111100100111100011001010001101111111111111110011111100100111111111110010011100100111111000110110011011110111001101110011111110 
3 2 1 2 2 2 0 0  10010000100101001001000010011000110100001001000010010000100011001001000011111100100111100111000010001101110100001001110011110000100100001111000010011100100111111000110110011000100010001001110010000000 
3 2 1 2 2 2 0 0  10010100100101001001000010011101110100001001000010010000100011001001000011111100100111001000000010000000100000001001110011110000100100001001000010000000100000001000110110011000100000001001000010000000 
6 2 1 2 2 2 0 0  10000000100000001001100010011000110100001001000010010000100011001001000011000000100111100111000010000000100100001000000010000000100100001000000010011100111111001000110010000000100000001101110010000000 
6 2 1 2 2 2 0 0  10000000100000001001100010011000100000001000000010000000100000001000000010000000100000001000000010000000100000001000000010000000100000001000000010011100100000001000110110011000100010001001110010010000 
