4 2 0 0 0 0 0 0  10000000100000001000000010000000100000001000000010000000100000001000000010000000100000001000000010000000100000001000000010000000100000001000000010000000100000001000000010000000100000001000000010000000 
4 2 2 0 2 0 0 0  10001000100000001000000010000000100000001000000010000000100000001000000010000000100000001000000010000000100000001000000010000000100000001000000010000000100000001000000010000000100000001000000010000000 
7 2 0 0 2 0 0 0  10000000100010001000000010000000100000001000000010000000100000001000000010000000100000001000000010000000100000001000000010000000100000001000000010000000100010001000000010000000100000001000000010000000 
7 2 0 0 2 1 2 0  10000000100000001000000010001000100000001000000010001010100000001000000010000000100000001101000010000000100000001000000010000000100000001001100010011000110100000101000010000000100000001000000010000000 
1 2 2 0 2 1 2 0  11111111111111111111111111111111111111111111111111111111111111111111111111111111111111111111111111111111111111111111111111111111111111111111111111111111111111111111111111111110111111111111111111111110 
7 0 0 0 2 0 0 0  10000000100000001000000010000000100000001000000010001010100000001000000010000000100000001000000010000000100000001000000010000000100000001000000010000000100000001000000010000000100000001000000010000000 
7 2 0 0 2 1 2 0  10000000100000001000000010001000100000001000000010001010100000001000000010000000100000001101000010000000100000001000000010000000100000001001100010011000110100000101000010000000100000001000000010001110 
4 2 0 0 2 0 0 0  10000000100000001000000010001000100000001000000010001010100000001000000010000000100000001101000010000000100000001000000010000000100000001001100010011000110100001000000010000000100000001000000010000000 
7 0 0 0 2 1 2 0  10000000100000001000000010000000100000001000000010001010100000001000000010000000100000001000000010000000100000001000000010000000100000001000000010000000100000001000000010000000100000001000111111111110 
7 2 2 0 2 0 2 0  10000000100000001000000010001000100000001000000010001010100000001000000010000000100000001101000000110000110100001111111111111000100010001001100010011000110100000101000011111000100000001000000010010000 
4 2 0 0 2 0 2 0  10001000100010001000000010001000100000001000000010001000100000001000000010000000100000001000000010000000100000001000000010000000100000001000000010000000100010001000000010000000100000001000000010001110 
1 2 2 0 2 1 2 0  11010101111101011101110111111111111101001001110101011100111111111111111111111111111111111111111111111111111111111111111111111111111111111111111111111111110100000101011011111100010011000111110011110000 
4 2 0 0 2 0 0 0  10001000100010001000000010001000100000001000000010001000100000001000000010000000100000001101000010000000100000001000000010000000100000001001100010011000110100001000000010000000100000001000000010000000 
4 2 2 0 2 0 0 0  10001000100000001000000010000000100000001000000010001000100000001000000010000000100000001000000010000000100000001000000010000000100000001000000010000000100010001000000010000000100000001000000010000000 
4 2 0 0 2 0 0 0  10001000100010001000000010001000100000001000000010000000100000001000000010000000100000001000000010000000100000001000000010000000100000001000000010000000100010001000000010000000100000001000000010000000 
7 0 0 0 2 0 2 0  10000000100000001000000010000000100000001000000010001010100000001000000010000000100000001000000010000000100000001000000010000000100000001000000010000000100000001000000010000000100000001000000010011000 
1 2 2 0 2 1 0 0  01010000010101000101000011110100001101011101110101011100010110001001111111110000100111001101000000110000110100001111111111111000100010001001100010011000110100000101000011111000010011000111110011110000 
1 2 2 0 2 1 2 0  11011101111111111111111111111111111111111111111111111111111111111111111111111111111111111111111111111111111111111111111111111111111111111111111111111111111111111111111111111110111111111111111111111110 
1 2 2 0 2 1 2 0  01010000010100000101110010110100001101011101110101011100010110001001111111110000111111111101000000110000110100001111111111111000100010001001100010011000110100000101000011111000011111111111111111111110 
1 2 2 0 2 1 0 0  01010100010100000101000010110100001101011101110101011100010110001111111111110000111111001101000011110000110100001111110010000000100010001001100010011000110100000101000011111000010011000111000011110000 
1 2 2 0 2 1 0 0  01010000010100000101110010110100001101011101110101011100010110001001111111110000111111111101000000110000110100001111111111111000100010001001100010011000110100000101000011111000011011000111000011110000 
7 2 0 0 2 0 0 0  10000000100000001000000010001000100000001000000010001010100000001000000010000000100000001101000010000000100000001000000010000000100000001001100010011000110100000101000010000000100000000100110011110000 
4 2 2 0 2 1 0 0  10001000100010001000000010001000100000001000000010001000100000001011000010000000100011001101000011110000110100001110000010011000100010001001100010001000110110001001000011111000010011000111110011110000 
1 2 2 0 2 1 2 0  01010100010100000101000010110100001101011101110101011100010110001111111111110000111111111101000000110000110100001111111111111000100010001001100010011000110100000101000011111000011111111111111111110000 
1 2 2 0 2 1 0 0  01010100010100000101000010110100001101011101110101011100010110001011000010000000100011001101000011110000110100001111110111111000100010001001100010011000110100000101000011111000010011000111000011110000 
4 2 2 0 2 0 0 0  10001000100010001000000010001000100000001000000010000000100000001000000010000000100000001000000010000000100000001000000010000000100010001001100010001000110110001001000011111000100000001011000011110000 
1 2 2 0 2 1 2 0  01010000010101000101010010110100001101011101110101011100010110001001111111110000100111001101000011110000110100001111111111111000100010001001100010011000110100000101000011111100010011000111111111111110 
1 2 2 0 2 1 0 0  01010000010101000101010010110100001101011101110101011100010110001001111111110000100111001101000011110000110100001111111111111000100010001001100010011000110100000101000011111100010011000111000011110000 
1 2 2 0 2 1 0 0  01010000010100000101000010110100001101011101110101011100010110001111111111110000111111111101000000110000110100001111111111111000100010001001100010011000110100000101000011111000010011000111110011110000 
4 2 0 0 2 0 0 0  10001000100010001000000010001000100000001000000010001000100000001001100010000000100000001000000010000000100000001000000010000000100000001000000010000000100000001000000010000000100000001000000010000000 
1 2 2 0 2 1 2 0  01010100010101000101000010110100001101011101110101011100010110001111111111110000111111111101000000110000110100001111111111111000100010001001100010011000110100000101000011111100010011000111110011111110 
7 2 2 0 2 1 0 0  10000000100000001000000010001000100000001000000010001010100000001000000010000000100000001101000010000000100000001000000010000000100000001001100010011000110110001001000011111000010011000111000011110000 
7 2 0 0 2 0 0 0  10000000100010001000000010000000100000001000000010000000100000001000000010000000100000001000000010000000100000001000000010000000100000001000000010000000100010001000000010000000100000001000000010001100 
4 2 2 0 2 1 0 0  10001000100010001000000010001000100000001000000010001000100000001001110011110000100111001101000000110000110100001111111111111000100010001001100010001000110110001001000011111000010011000111110011110000 
4 2 2 0 2 1 0 0  10001000100010001000000010001000100000001000000010001000100000001000000010000000100000001000000010010000110100001111110111111000100010001001100010011000110100000101000011111000010011000111000011110000 
4 2 2 0 2 1 0 0  10001000100010001000000010001000100000001000000010001000100010001111110010000000111111001101000011110000110100001111110010000000100010001001100010001000110110001001000011111000010011000111110011110000 
1 2 2 0 2 1 2 0  01010000010100000101000010111111111101011101110101011100010110001111111111111111111111111101011011110010110100001111110111111000100010001001100010011000110100000101000011111000010011000111000011110000 
1 2 2 0 2 1 0 0  01010000010101000101000011110100001101011101000001011000110110001111000010000000100111001101000000110000110100001111111111111000100010001001100010011000110100000101000011111000010011000111000011110000 
1 2 2 0 2 1 0 0  01010100010101000101000010110100001101011101110101011100010110001111111111110000111111111101000000110000110100001111111111111000100010001001100010011000110100000101000011111000010011000111000011110000 
1 2 2 0 2 1 2 0  01010000010101000101010010110100001101011101110101011100010110001001111111110000100111001101000011110000110100001111111111111111111111111111111111111111110100000101011011111100010011000111110011110110 
1 2 2 0 2 1 2 0  11010101111101011101110111111110001101011101110101011100010110001001111111110000100111001101011111111111111111111111111111111111111111111111111111111111110100000101011011111100010011000111000011110000 
1 2 2 0 2 1 0 0  01010000010101000101000011110100001101011101110101011100010110001111110010000000100011001101000011110000110100001111110111111000100010001001100010011000110100000101000011111000010011000111000011110000 
1 2 2 0 2 1 2 0  01010101111101011101110111111111111101011101110001011100010110001111111111110011111111111111111111111111111111111111111111111111111111111111111111111111111111111101000011111100010011000111011111111110 
1 2 2 0 2 1 2 2  11111111111111111111111111111111111111111101110001011100010110001001111111111111111111111111111111111111111111111111111111111111111111111111111111111111111111111111111011111000110011000111111000111000 
1 2 2 0 2 1 2 0  11111111111111111111111111111111111111111101110001011100010110001111111111110011111111111101011011110010110100011111111111111111111111111111111111111111111111111111111111111110111111111111111111111110 
4 2 2 0 2 0 0 0  10001000100010001000000010001000100000001001000001011000110110001111000010000000100111001101000010000000100000001000000010000000100010001001100010001000110110001001000011111000100000001000000010000000 
7 2 0 0 2 0 2 0  10000000100000001000000010001000100000001000000010001010100000001000000010000000100000001101000010000000100000001000000010000000100000001001100010011000110100000101000011111000010011000100000010010000 
1 2 2 0 2 1 2 0  01010100010101000101110010110100001101011101110001011100010110001111111111111111111111111111011011110010110100001111111111111111111111111111110010011000110100000101000011111000010011000111000011110000 
1 2 2 0 2 1 0 0  01010100010101000101010010110100001101011101110101011100010110001011000010000000100011001101000011110000110100001111110111111000100010001001100010011000110100000101000011111000010011000111000011110000 
7 2 0 0 2 0 0 0  10000000100010001000000010000000100000001000000010000000100000001000000010000000100000001000000010000000100000001000000010000000100000001000000010000000100010001000000010000000100000001000000011111110 
1 2 2 0 2 1 2 0  01010100010101000101110010110100001101011101110001011100010110001111111111111111111111111111111111111111111111111111111111111100111111111111111111111111110100000101011011111100010011000111110011111110 
1 2 2 0 2 1 2 0  01010101010101000101010010110100001101001001110101011100010111111111111111111111111111111111111111111111111111111111111111111111111111111111111111111111111111111111000011111100010011000111110011111110 
7 0 0 0 2 0 2 0  10000000100000001000000010000000100000001000000010001010100000001000000010000000100000001000000010000000100000001000000010000000100000001000000010000000100000001000000010000000100000001000000011110000 
1 2 2 0 2 1 2 0  01010101111101011101110111111111111101011101110101011100010111111111111111111111111111111111111111111111111111111111111111111111111111111111111111111111111111111111111111111110111111111111111111111110 
1 2 2 0 2 1 2 0  11011101111111111111111111111111111111111111111111111111111111111111111111111100100111001111111111111111111111111111111111111111111111111111111111111110110100000101000011111100010011000111110011111110 
1 2 2 0 2 1 2 0  01010000010100000101000010111111111101011101110101011100010110001111111111111111111111111101011011110010110100001111111111111100111111111111111111111111111100000101011011111100010011000111110011110000 
1 2 2 0 2 1 2 0  01010100010100000101010010110100001101011101000001011000110110001111000010000000100111001101000000110000110100001111111111111000100010001001100010011000110100000101000011111000010011000111000011111110 
4 2 0 0 2 0 0 0  10001000100010001000000010001000100000001000000010001000100000001000000010000000100000001101000010000000100000001000000010000000100000001001100010011000110100001000000010000000100000001000000011110000 
1 2 2 0 2 1 2 0  01010000010100000101000010110100001101011101110101011100010110001111111111110000111111111101000000110000110100001111111111111100111111111111111111111111110100000101011011111100010011000111110011111110 
1 2 2 0 2 1 2 0  01010100010100000101010010110100001101011101000001011000110110001111000010000000100111001101000000110000110100001111111111111100111111111111111111111111110100000101000011111000010011000111000011110000 
1 2 2 0 2 1 2 0  01010000010100000101000010111111111101011101110001011100010110001111111111110011111011001101000011110000110100001111111111111100111111111111111111111000110100000101000011111100010011000111000011110000 
4 2 0 0 0 0 0 0  10000000100000001000000010000000100000001000000010000000100000001000000010000000100000001000000010000000100000001000000010000000100000001000000010000000100000001000000010000000100000001000000010010000 
1 2 2 0 2 1 2 0  11010101111101011101110111111111111101001001111111111111111111111111111111111111111111111111111111111111111111111111111111111111111111111111111111111111111111111111111111111110111111111111111011111110 
1 2 2 0 2 1 2 0  01010000010100000101000010111111111101011101110101011100010110001111111111111111111111111101011011110010110100001111111111111100111111111111111111111111111100000101011111111110111111111111111111111110 
1 2 2 0 2 1 0 0  01010000010100000101000010110100001101011101110101011100010110001011000010000000100011001101000011110000110100001110000010011000100010001001100010011000110100000101000011111000010011000111000011110000 
4 2 0 0 2 0 0 0  10001000100010001000000010001000100000001000000010001000100000001001100010000000100000001101000011110000110100001111111111111000100010001001100010000000100010001000000010000000100000001000000010000000 
1 2 2 0 2 1 2 0  01010000010101000101000011110100001101011101110101011100010110001111111111111111111111111101011011110010110100001111111111111100111111111111111111111111110100000101000011111000010011000111000011110000 
4 2 0 0 2 0 0 0  10001000100010001000000010001000100000001000000010001000100000001001100010000000100000001000000010000000100000001000000010000000100000001000100010011000110100000101000011111000010011000111000011110000 
1 2 2 0 2 1 0 0  01010100010101000101000011110100001101011101110101011100010110001111110010000000100000001101000011110000110100001111111111111000100010001001100010011000110100000101000011111000010011000111000011110000 
1 2 2 0 2 1 2 2  01010101010101000101010010110100001101001011111111111111111111111111111111111111111111111111111111111111111111111111111111111111111111111111111111111111111111111111111111111110111111111111111111111110 
1 2 2 0 2 1 2 0  01010000010101000101000011110100001101011101110101011100010110001001111111110000100111001101000011110000110100001111110111111000100010001001100010011000110100000101000011111100010011000111110011111110 
1 2 2 0 2 1 2 0  01010100010100000101010010110100001101011101110101011100010110001111111111111111111111111111111111111111110100001111111111111000100010001001100010011000110100000101000011111000010011000111110011111110 
1 2 2 0 2 1 0 0  01010000010101000101010010110100001101011101110101011100010110001111110010000000111111001001000011110000110100001111110111111000100010001001100010011000110100000101000011111000010011000111000011110000 
7 2 0 0 2 0 0 0  10000000100010001000000010000000100000001000000010000000100000001000000010000000100000001000000010000000100000001000000010000000100010001001100010001000110110001001000011111000100000001011000011110000 
7 2 2 0 2 0 0 0  10000000100010001000000010000000100000001000000010000000100000001000000010000000100000001000000010000000110100001000000010000000100010001001100010001000110110001001000011111000100000001011000011110000 
1 2 2 0 2 1 2 2  11011101111101011101110111111111111111111111111111111111111111111111111111111111111111111111111111111111111111111111111111111111111111111111111111111111111111111111111111111110111111111111111111111110 
1 2 2 0 2 1 2 0  01010101010101000101010010110100001101011101110101011100010110001011111111111111111111111101011011110010110100001111111111111100111111111111111111111111111100000101011011111100010011000111110011110000 
1 2 2 0 2 1 2 0  11011101111101011101110111111111111111111111111111111111111111111111111111111111111111111101011011110010110100001111111111111100111111111111111111111111110100000101011011111100010011000111110011111110 
1 2 2 0 2 1 2 0  01010000010101000101010010110100001101011101110101011100010110001111111111111111111011001101000011110000110100001111111111111100111111111111111111111000110100000101000011111100010011000111000011110000 
1 2 0 0 2 1 0 0  01010000010100000101000010001000100000001001000001011000110110001111100010000000100111001101000011110000110100001111110111111000100010001001100010011000110100000101000011111000100000001000000010000000 
1 2 2 0 2 1 2 2  01010100010101011101110111111111111111111111111111111111111111111111111111111111111111111111111111111111111111111111111111111111111111111111111111111111111111111111111111111110111111111111111111111110 
1 2 2 0 2 1 2 0  01010100010101000101010010110100001101011101110101011100010110001011111111111111111111111101011011110010110100001111111111111111111111111111111111111110110100000101000011111100010011000111110011111110 
1 2 0 0 2 0 0 0  01010000010100000101000010001000100000001001000001011000110110001111100010000000100111001101000011110000110100001000000010000000100000001001100010011000110100001000000010000000100000001000000010000000 
1 2 2 0 2 1 2 0  01010101111101011101110111111111111101011101110101011100010111111111111111111111111111111101011011110010110100001111111111111100111010001011111111111111110100000101011011111100010011000111110011111110 
1 2 2 0 2 1 2 0  01010000010101000101000011110100001101011101110101011100010110001001111111110000100111001101000011110000110100001111110111111111111111111001100010011000110100000101000011111100010011000111110011111110 
7 2 0 0 2 0 0 0  10000000100010001000000010000000100000001000000010000000100000001000000010000000100000001000000010000000100000001000000010011000100010001001100010001000110110001001000011111000100000001000000010000000 
1 2 2 0 2 1 0 0  01010100010100000101010010110100001101011101000001011000110110001111000010000000100111001101000000110000110100001111111111111000100010001001100010011000110100000101000011111000010011000111000011110000 
1 2 2 0 2 1 2 2  01010101111101011101110111111111111101011101110101011100010111111111111111111111111111111101011011110010110100001111111111111100111111111111111111111111110100000101000011111000010011000111111000111000 
1 2 2 0 2 1 2 0  11010101111101011101110111111111111101001001111111111111111111111111111111111111111111111111111111111111111111111111111111111111111111111111111111111111111111111111000011111100010011000111110011111110 
1 2 2 0 2 1 2 0  01010101010101000101010010110100001101111101110001011100010110001001111111111111111111111111111111111111111111111111111111111111111111111111111111111111111100000101000011111100010011000111110011111110 
1 2 2 0 2 1 0 0  01010100010101000101010010110100001101011101110101011100010110001111111111110000111111111101000000110000110100001111111111111000100010001001100010011000110100000101000011111000010011000111000011110000 
1 2 2 0 2 1 2 0  01010100010100000101000010110100001101011101110101011100010110001111111111110000111111111101000000110000110100001111111111111000111110001011111111111110110100000101000011111100010011000111110011111110 
1 2 2 0 2 1 2 0  11011101111111111111111111111111111111111111111111111111111111111111111111111111111111111111111111111111111111111111111111111111111111111111111111111111110100000101011011111100010011000111110011111110 
1 2 2 0 2 1 0 0  01010000010100000101000011110100001101011101110101011100010110001111110010000000100011001101000011110000110100001111111111111000100010001001100010011000110100000101000011111000010011000111000011110000 
1 2 2 0 2 1 2 0  01010100010100000101010010110100001101011101000001011000110110001111000010000000100111001101000000110000110100001111111111111100111111111111111111111111110100000101000011111100010011000111110011111110 
1 2 2 0 2 1 2 0  01010000010101000101000011110100001101011101110101011100010110001001111111110000101111111101011011110010110100001111111111111100111111111111111111111111110100000101011011111100010011000111110011111110 
1 2 2 0 2 1 0 0  01010000010100000101000010001000100000001001000001011000110110001111100010000000100111001101000011110000110100001111110111111000100010001001100010011000110100000101000011111100010011000111000011110000 
1 2 2 0 2 1 2 0  01010100010101000101010010110100001101011101110101011100010110001111111111110000111111111101000000110000110100001111111111111000100010001001111111111100110100000101000011111100010011000111110011111110 
7 2 0 0 2 0 0 0  10000000100010001000000010000000100000001000000010000000100000001000000010000000100000001000000010000000100000001000000010011000100010001001100010001000110110001001000011111000110011000111000011110000 
1 2 2 0 2 1 2 0  01010100010101000101010010110100001101011101110101011100010110001111111111110000111111111101000000110000110100001111111111111000100010001001100010011000110100000101000011111000010011000111110011111110 
