5 0 0 0 0 0 0 0  10001000100000001000000010000000100000001000000010000000100000001000000010000000100000001000000010000000100000001000000010000000100000001000000010000000100000001000000010000000100000001000000010000000 
6 0 0 0 0 0 0 0  10000000100000001000000010000000100000001000000010000000100000001000000010000000100000101000000010000000100000001000000010000000100000001000000010000000100000001000000010000000100000001000000010000000 
2 1 0 2 0 0 3 2  11010100010111010111110111111110001111111111111111111111111111111111111111111111111111111111111111111111111111111111111111111111111111111111111111111111111111111111111111111111111111111111111111111110 
6 0 0 0 0 0 0 0  10000000100000001000000010000000100000001000000010000000100000001000000010000000100000001000000010000000100000001000000010000000100000001000000010000000100000001000000010000000100000001000000010000000 
2 1 0 2 0 0 3 2  01010100010111010111110111111111111111111111111111111111111111111111111111111111111111111111111111111111111111111111111111111111111111111111111111111111111111111111111111111111111111111111111111111110 
5 1 0 2 0 0 3 2  10001000100011011000111111111111111111111111111111111111111111111111111111111111111111111111111111111111111111111111111111111111111111111111111111111111111111111111111111111111111111111111111111111110 
5 0 0 0 0 0 0 0  10001000100010001000000010000000100000001000000010000000100000001000000010000000100000001000000010000000100000001000000010000000100000001000000010000000100000001000000010000000100000001000000010000000 
5 0 0 0 0 0 0 0  10001000100010001000100010000000100000001000000010000000100000001000000010000000100000001000000010000000100000001000000010000000100000001000000010000000100000001000000010000000100000001000000010000000 
2 1 0 2 0 0 3 2  11111111111111111111111111111111111111111111111111111111111111111111111111111111111111111111111111111111111111111111111111111111111111111111111111111111111111111111111111111111111111111111111111111110 
5 0 0 2 0 0 0 0  10000000100000001000110010000000100000001000000010000000100000001000000010000000100000001000000010000000100000001000000010000000100000001000000010000000100000001000000010000000100000001000000010000000 
5 1 0 2 0 0 3 2  10001000100011011001111111111111111111111111111111111111111111111111111111111111111111111111111111111111111111111111111111111111111111111111111111111111111111111111111111111111111111101000110111111110 
2 1 0 2 0 0 3 2  11111100011101010111111111111111111111111111111111111111111111111111111111111111111111111111111111111111111111111111111111111111111111111111111111111111111111111111111111110000111111111111110111011000 
2 1 0 2 0 0 3 2  11011100011101010111110111111110001111111111111111111111111111111111111111111111111111111111111111111111111111111111111111111111111111111111111111111111111111111111111111111111111111111111111111111110 
5 0 0 0 0 0 0 0  10001000100010001000000010000000100000001000000010000000100000001000000010000000100000001000000010000000100000001000000010000000100000001000000010000000100000001000000010000000100000001000000010001000 
5 1 0 2 0 0 0 0  10001000100011001000100010001111110011001001100010001000100111111111111111001100100000001000111111111110100100001001111111001100100010001001000010010000100100001001100010000000100000001001000010001000 
5 1 0 2 0 0 3 2  11010100011101010111110111111110001111111111111111111111111111111111111111111111111111111111111111111111111111111111111111111111111111111111111111111111110011111111111111010000111111111111110111111110 
5 1 0 2 0 0 0 0  10001000100010001000100010001111110011001001100010001000100100001001100010000000100000001000100010000000100000001000000010000000100000001001000010010000100100001001100010010000111100001001000010001000 
6 0 0 0 0 0 0 0  10000000100000001000000010000000100000001001100010001000100100001111100010000000100000001000000010000000100000001000000010000000100000001001000010010000100100001001100010000000100000001001000010001000 
5 0 0 0 0 0 0 0  10001000100010001000100010000000100000001000000010000000100000001000000010000000100000001000000010000000100000001000000010000000100000001000000010000000100000001000000010000000100000001000000010001000 
5 1 0 2 0 0 0 0  10000000100000001000000010000000100000001001100010001000100100001111100010000000100000001000000010000000100000001001111111001100100010001001000010010000100100001001100010000000100000001001000010001000 
6 0 0 2 0 0 0 0  10000000100000001000000010000000100000001000000010000000100000001000000010000000100000001000000010000000100000001000000010000000100000001000000010000000100100001001100010000000100000001001000010001000 
2 1 0 2 0 0 3 2  01010100010101010111110111111111111111111111111111111111111111111111111111111111111111111111111111111111111111111111111111111111111111111111111111110000100100001001100010010000111100001111110111011000 
5 1 0 2 0 0 0 0  10001000100000001000000010000000100000001000000010000000100000001000000010000000100000001000000010000000100000001000000010000000100000001000000010000000100100001001100010000000100000001001000010001000 
5 1 0 2 0 0 0 0  10001000100010001000100010000000100011001001100010001000100100001111100010001100100000001000100010000000100000001000000010000000100000001001000010010000100100001001100010011000111100001001000010001000 
5 1 0 2 0 0 0 0  10001000100010001000100010000000100000001001100010001000100100001111100010000000100000001000000010000000100000001000000010000000100000001001000010010000100100001001100010000000100000001001000010001000 
5 1 0 2 0 0 0 0  10001000100010001000100010001000100000001001000010001000100000001000000010000000100000001000000010000000100000001001111111001100100010001001000010010000100100001001100010000000100000001001000010001000 
5 1 0 2 0 0 3 2  10001000100011011000110110001111110011001001111111111111111111111111111111111111111111111111111111111111111111111111111111111111111111111111111111111111111111111111111111111111111111111111111111111100 
2 1 0 2 0 0 3 2  11011100011101010111110111111110001111111111111111111111111111111111111111111111111111111111111111111111111111111111111111111111111111111111111111111111111111111111111111110000111111111111110111011000 
2 1 0 2 0 0 3 2  01011111111111111111111111111111111111111111111111111111111111111111111111111111111111111111111111111111111111111111111111111111111111111111111111111111111111111111111111111111111111111111110111111110 
5 1 0 2 0 0 3 0  10001000100010001000100010001111110011001001100010001000100100001001100010000000100000001000111111111110100100001001111111001100100010001001000010000000100100001000000010000000100010001001000010001000 
5 1 0 2 0 0 3 2  10001000100011011000110111111111111111111111111111111111111111111111111111111111111111111111111111111111111111111111111111111111111111111111111111111111111111111111111111111111111111111111111111111110 
5 1 0 2 0 0 0 0  10001000100010001000100010000000100011001001100010001000100100001111100010001100100000001000100010000000100000001000000010000000100000001001000010010000100100001001100010000000100000001001000010001000 
5 1 0 2 0 0 3 0  10001000100011011000110110001111110011001001100010001000100111111111111111001100100010001000111111111110100100001001111111001100100010001001000010010000100100001001100010011000111100001001000010001000 
6 0 0 0 0 0 0 0  10000000100000001000000010000000100000001001100010001000100100001111100010000000100000001000000010000000100000001000000010000000100010001001000010010000100100001001100010011000111100001001000010001000 
5 0 0 0 0 0 0 0  10001000100000001000000010000000100000001000000010000000100000001000000010000000100000001000000010000000100000001000000010000000100000001000000010000000100000001000000010000000100000001000000010001000 
5 1 0 2 0 0 3 2  10001000100011011000110110001111110011001001100010001000100111111111111111001100100011111111111111111110100100001001111111001100100010001001000010010000100111111111111111111111111111111111111111111110 
2 1 0 2 0 0 3 2  01010100010101010111110111111111111111111111111111111111111111111111111111111111111111111111111111111111111100001001111111001000111110001001000010010000100100001011111110010000111100001111110111011000 
2 1 0 2 0 0 3 2  01010100010101010111110111111111111111111111111111111111111111111111111111111111111111111111111111111111111111111111111111111111111111111111111111111111111111111001100011110000111111111111110111011000 
5 1 0 2 0 0 0 0  10001000100010001000100010001111110011001001100010001000100100001111100010001100100000001000100010000000100000001000000010000000100010001001010010010000100100001001100010011000111100001001000010001000 
2 1 0 2 0 0 3 2  01011100011101010111110111111110001111111111111111111111111111111111111111111111111111111111111111111111111111111111111111111111111111111111111111111111111111111111111111110000111111111111110111011000 
2 1 0 2 0 0 3 2  01010100010101010111110111111111110011001111111111111111111111111111111111111111111111111111111111111111111111111111111111111111111111111111111111111111111111111111111111111111111111111111111111111110 
5 1 0 2 0 0 0 0  10001000100010001000110010001111110011001001100010001000100100001001100010001100100000001000100010000000100000001000000010000000100000001001000010010000100100001001100010000000100000001001000010001000 
6 1 0 0 0 0 0 0  10000000100000001000000010000000100011001001100010001000100100001111100010001100100000001000000010000000100000001000000010000000100010001001000010010000100100001001100010010000100000001001000010001000 
6 0 0 2 0 0 0 0  10000000100000001000000010000000100000001001100010001000100100001111100010000000100000001000000010000000100000001000000010000000100000001001000010010000100100001001100010011000111100001001000010001000 
5 1 0 2 0 0 0 0  10001000100010001000100010000000100000001001000010001000100000001000000010000000100000001000000010000000100000001000000010000000100000001001000010000000100000001000000010011000111100001001000010001000 
5 1 0 2 0 0 3 0  10001000100010001000110110001111110011001001100010001000100111111111111111001100100000001000111111111110100100001001111111001100100010001001000010010000100100001001100010011000111100001001000010001000 
6 0 0 2 0 0 0 0  10000000100000001000000010000000100000001000000010000000100000001000000010000000100000001000000010000000100000001000000010000000100000001001000010010000100100001001100010011000100000001001000010001000 
2 1 0 2 0 0 3 2  11010100010111010111110111111110001111111111111111111111111111111111111111111111111111111111111111111111111111111111111111111111111111111111111111111111111111111111111111110000111111111111110111011000 
5 1 0 2 0 0 0 0  10001000100010001000110110001111110011001001100010001000100111111111111111001100100011111111111111111110100100001001111111001100100010001011111111111111100100001001100010011000111100001001000010001000 
5 1 0 2 0 0 0 0  10001000100011011000100010001111110011001001100010001000100100001111100010001100100000001000100010000000100000001000000010000000100010001001010010010000100100001001100010011000111100001001000010001000 
5 1 0 2 0 0 0 0  10001000100010001000100010001111110011001001100010001000100100001001100010000000100000001000111111111110100100001001111111001100100010001001000010000000100100001001100010011000111100001001000010001000 
5 1 0 2 0 0 3 2  10001000100011011000110110001111100011001001100010011111111111111111111111111111111111111111111111111111111111111111111111111111111111111111111111111111111111111111111111111111111111111111111111111110 
5 0 0 0 0 0 0 0  10001000100000001000000010000000100000001000000010000000100000001000000010000000100000001000000010000000100000001000000010000000100000001000000010000000100000001000000010000000100000001001000010001000 
6 0 0 2 0 0 0 0  10000000100000001000000010000000100000001000000010000000100000001000000010000000100000001000000010000000100000001000000010000000100000001001000010010000100100001001100010010000111100001001000010001000 
5 0 0 2 0 0 0 0  10000000100000001000110010000000100000001000000010000000100000001000000010000000100000001000000010000000100000001000000010000000100000001000000010000000100000001000000010000000100000001001000010001000 
5 1 0 2 0 0 0 0  10001000100010001000100010001111110011001001100010001000100111111111111111001100100000001000111111111110100100001001111111001100100010001001000010010000100100001001100010011000111100001001000010001000 
5 0 0 2 0 0 0 0  10000000100000001000110010000000100000001000000010000000100000001000000010000000100000001000000010000000100000001000000010000000100000001000000010010000100100001001100010000000100000001001000010001000 
6 0 0 2 0 0 0 0  10000000100000001000000010000000100000001000000010000000100000001000000010000000100000001000000010000000100000001000000010000000100000001001000010010000100100001001100010000000100000001001000010001000 
6 0 0 2 0 0 0 0  10000000100000001000000010000000100000001000000010000000100000001000000010000000100000001000000010000000100000001000000010000000100010001001000010010000100100001001100010011000111100001001000010001000 
2 1 0 2 0 0 0 0  10001000100011001000100010000000100011001001100010001000100100001111100010001100100000001000100010000000100000001000000010000000100000001001000010010000100100001001100010011000111100001001000010001000 
2 1 0 2 0 0 3 2  11011111111111111111111111111111111111111111111111111111111111111111111111111111111111111111111111111111111111111111111111111111111111111111111111111111111111111111111111111111111111111111111111111110 
5 0 0 2 0 0 0 0  10001000100010001000100010000000100000001000000010000000100000001000000010000000100000001000000010000000100000001000000010000000100010001001000010010000100100001001100010000000100000001001000010001000 
2 1 0 2 0 0 0 2  01010100010101010111100011111100100011001001100010001000100100001111100010000000100000001000000010000000100000001000000010000000100000001001000010010000100100001001100010011000111100001001000011011000 
2 1 0 2 0 0 3 2  01010100010101010111110111111111110011001001100011111111111111111111111111111111111111111111111111111111111100001001111111001100100010001001000010010000100100001001100010011000111100001001000011011000 
2 1 0 2 0 0 0 0  01010100010101010111100011111100100011001001100010001000100100001111100010001100100000001000100011111000101100001001111111001100100010001001000010010000100100001001100010010000111100001001000011011000 
2 1 0 2 0 0 0 0  10001000100010001000110010001111110011001001100010001000100100001111100010001100100000001000100010000000100000001000000010000000100010001001010010010000100100001001100010010000111100001001000011011000 
2 1 0 2 0 0 3 2  11011111111111111111111111111111111111111111111111111111111111111111111111111111111111111111111111111111111100001111111111111000111110001001000010010001110011111111111111111111111111111111110111111000 
2 1 0 2 0 0 3 2  11111100011101010111111111111111111111111111111111111111111111111111111111111111111111111111111111111111111111111111111111111111111111111111111111111111111111111111111111111111111111111111111111111110 
5 0 0 2 0 0 0 0  10001000100010001000100010000000100000001001100010001000100100001000000010000000100000001000000010000000100000001000000010000000100000001000000010000000100000001000000010000000100000001000000010001000 
2 1 0 2 0 0 3 2  01010100011101010111110111111110001111111111111111111111111111111111111111111111111111111111111111111111111111111111111111111111111111111111111111111111111111111111111111111111111111111111111111111110 
2 1 0 2 0 0 0 0  01010100010101010111000010000000100000001001100010001000100100001111100010000000100000001000000010000000100000001000000010000000100010001001000010010000100100001001100010011000111100001001000010001000 
6 0 0 0 0 0 0 0  10000000100000001000000010000000100000001000000010000000100000001000000010000000100000001000000010000000100000001000000010000000100000001000000010000000100000001000000010000000100000001001000010001000 
5 1 0 2 0 0 3 2  10001000100011011000110110001111110011001001100010001000100111111111111111001100100011111111111111111110100100001001111111001100100011111111111111111111111111111111111111111111111111111111111111111110 
2 1 0 2 0 0 3 2  10001000100011011000110110001111110011001001100010001000100111111111111111001100100011111111111111111110100100001001111111001100100111111111111111111111111111111111111111110000111111111111110111011000 
2 1 0 2 0 0 3 2  11111111111111111111111111111111111111111111111111111111111111111111111111111111111111111111111111111111111111111111111111111111111111111111111111111111111111111111111111110000111111111111110111011000 
5 1 0 2 0 0 3 2  10001000100011011000110110001111110011001001100010001000100111111111110010001100101111111111111111111111111111111111111111111111111111111111111111111111111111111111111111111111111111111111111111111110 
5 1 0 2 0 0 0 0  10001000100011011000110110001111110011001001100010001000100111111111110010001100100000001000100011111000100000001000000010000000100010001001000010010000100100001001100010011000111100001001000010001000 
5 1 0 2 0 0 0 0  10001000100011011000110110001100100011001001100010001000100100001111100010001100100000001000100010000000100000001000000010000000100010001001010010010000100100001001100010011000111100001001000010001000 
5 1 0 2 0 0 0 0  10001000100011011000110110001100100011001001100010001000100100001111100010001100100000001000100010000000100000001000000010000000100000001001000010010000100100001001100010000000111100001001000010001000 
5 1 0 2 0 0 0 0  10001000100010001000110110001111110011001001100010001000100100001111100010001100100000001000100011111000100000001000000010000000100010001001010010010000100100001001100010011000111100001001000010001000 
5 1 0 2 0 0 0 0  10001000100011011000110110001100100011001001100010001000100100001111100010001100100000001000100010000000100000001000000010000000100000001001000010010000100100001001100010000000100000001001000010001000 
5 0 0 2 0 0 0 0  10001000100011011000110110001100100011001001100010001000100100111111110010001100100000001000100010000000100000001000000010000000100010001001010010010000100100001001100010011000111100001001000010001000 
5 1 0 2 0 0 0 0  10001000100011001000100010000000100011001001100010001000100100001111100010001100100000001000100010000000100000001000000011001100100010001001000010010000100100001001100010010000111100001001000010001000 
5 1 0 2 0 0 0 0  10001000100010001000100010000000100000001001100010001000100100001111100010000000100000001000000010000000100000001000000010000000100000001001000010010000100100001001100010011000111100001001000010001000 
5 1 0 2 0 0 3 2  10001000100011011000110110001100100011001001100010001000100100001111100010001101111111111111111111111111111100001001111111001100100010001001000010010000100100001001100010011111111111111111111111111110 
2 1 0 2 0 0 3 2  11011111111111111111111111111111111111111111111111111111111111111111111111111111111111111111111111111111111111111111111111111111111111111111111111111111110011111111111111111111111100001001000011011000 
6 1 0 2 0 0 0 0  10000000100000001000110010000000100000001000000010000000100000001000000010000000100000001000000010000000100000001001111111001100100010001001000010010000100100001001100010010000100000001001000010001000 
2 1 0 2 0 0 3 2  01010100010101010111000011111111111111111111111111111111111111111111111111111111111111111111111111111111111111111111111111111111111111111111111111111111111111111111111111111111111111111111110111111110 
2 1 0 2 0 0 3 2  01010100010101010111000011111111111111111111111111111111111111111111111111111111111111111111111111111111111100001111111111111111111111111111111111111111111111111111111111110000111111111111110111011000 
2 1 0 2 0 0 3 2  01010100010101010111000011111111111111111111111111111111111111111111111111111111111111111111111111111111111100001111111111111000111110001001000010010001110011111111111111111111111100001001000011011000 
2 1 0 2 0 0 0 2  01010100010101010111000011111100100011001001100010001000100100001111100010000000100000001000000010000000100000001000000010000000100000001001000010010000100100001001100010011000111100001001000011011000 
5 1 0 2 0 0 3 2  10001000100011011000110110001100100011001001100010001000100100001111100010001101111111111111111111111111111100001001111111001100100010001001000010010000100100001001100010011000111100001001001111111110 
6 1 0 2 0 0 0 0  10000000100000001000110010000000100000001000000010000000100000001000000010001100100000001000100011111000100000001000000010000000100010001001000010010000100100001001100010011000111100001001000010001000 
6 1 0 2 0 0 0 0  10000000100000001000110010000000100000001000000010000000100000001000000010000000100000001000000010000000100000001000000010000000100010001001000010010000100100001001100010000000100000001001000010001000 
6 1 0 2 0 0 0 0  10000000100000001000110010000000100000001000000010000000100000001000000010000000100000001000000010000000100000001000000010000000100010001001000010010000100100001001100010010000111100001001000010001000 
5 1 0 2 0 0 0 0  10001000100011011000110110001100100011001001100010001000100100001111100010001100100000001000100011111000101100001001111111001100100010001001000010010000100100001001100010010000111100001001000011011000 
5 1 0 2 0 0 3 0  10001000100011001000110110001111110011001001100010001000100111111111111111001100100000001000111111111110100100001001111111001100100010001001000010010000100100001001100010011000111100001001000010001000 
2 1 0 2 0 0 0 0  01010100010101010111100011111100100011001001100010001000100100001111100010001100100000001000100011111000100000001000000010000000100010001001000010010000100100001001100010011000111100001001000010001000 
2 1 0 2 0 0 3 0  01010100010101010111000011111111111111111111111111111111111111111111111111111111111111111111111111111111111000001000000010000000100010001001010010010000100100001001100010011000111100001001000010001000 
6 1 0 2 0 0 0 0  10000000100000001000110010000000100000001000000010000000100000001000000010000000100000001000000010000000100000001000000010000000100000001000000010000000100000001001100010000000100000001001000010001000 
