8 0 0 0 0 0 0 0  10000000100000001000000010000000100000001000000010000000100000001000000010000000100000001000000010000000100000001000000010000000100000001000000010000000100000001000000010000000100000001000000010000000 
4 0 0 2 2 1 2 0  10000000100010001000000010000000100000001001000010000000100000001000101100000010100000001000000010000000100000001000000010000000100000001000000010000000100000001000000010000000100000001000000010000000 
0 3 1 2 2 1 2 0  11111111111111111111111111111111111111111111111111111111111111111111111111111111111111111111111111111110111111111111111111111111111111111111111111111111111111111111111111111111111111111111111111111110 
0 3 1 2 2 1 2 0  11111111111111111111010111011110111101011101111111111110100111111111111111111111111111111111111111111110111111111111111111111111111111111111111111111111111111111111111111111111100011111111111010011110 
4 0 0 2 0 0 0 0  10010000100000001000000010000000100000001000000010000000100000001000000010000000100000001000000010000000100000001000000010000000100000001000000010000000100000001000000010000000100000001000000010000000 
4 0 0 2 2 1 0 0  10010000100000001000000010011000100100001000000010000000100000001000000010000000100000001000000010000000100000001000000010000000100000001000000010000000100000001000000010000000100000001000000010010000 
0 3 1 2 2 1 2 0  11111111111111111111010111011110111101011101111111111110100111111111111111111111111111111111111111111110111111111111111111111111111011111001010011110000100111001001110110011000100011111111111111111110 
4 0 0 2 0 0 0 0  10000000100000001001010010010000100000001000000010000000100000001000000010000000100000001000000010000000100000001000000010000000100000001000000010000000100000001000000010000000100000001000000010000000 
4 0 1 2 2 1 2 0  11110101111111111111110111011111111111111111111111111111111111111111111111111111111111111111111111111110111111111111111111111111111111111111111111111111111111111111111111111111111111111111111111111110 
4 0 0 2 0 0 0 0  10010000100100001000000010000000100000001000000010000000100000001000000010000000100000001000000010000000100000001000000010000000100000001000000010000000100000001000000010000000100000001000000010000000 
8 0 0 2 2 1 2 0  10000000100000001000000010000000100000001001100010011111100100101001111110011000100000001000000010000000100000001000100010010000100011111001010010001110100010001000000010000000100000001000000010000000 
0 3 1 2 2 1 2 0  11110101111111011001010011111111111111111111111111111111111111111111111111111111111111111111111111111110111111111111111111111111111111111111111111111111111111111111111111111111111111111111111111111110 
8 0 0 0 0 0 0 0  10000000100000001000000010000000100000001000000010000000100000001000000010000000100000001000000010000000100000001000000010000000100000001000000010000000100000001000000010000000100000001000000010011100 
4 0 0 2 2 1 2 0  10010101100101011001010010011101100111111001100010011111100100101001111110011000100000001000111111111110110111001001000010010000100011111001010010001110100111001001110110011000100011111001111010011100 
4 0 0 2 2 1 2 0  10010000100100001001000010011000100100001001000010011111100100101001111110011000100000001000000010000000100000001000000010000000100000001000000010010000100111001001110110011000100011111001111010011110 
4 0 0 2 2 1 2 0  10010000100100001001000010011000100100001001000010011111100100101001111110011000100000001000000010000000100000001000000010000000100000001000000010000000100000001000000010011000100111111000111010010000 
4 0 0 2 2 1 2 0  10010000100100001001000010011000100100001001000010011111100100101001111110011000100000001000000010001000100000001000000010010000100011111001010010010000100111001000000010000000100000001000000010000000 
4 0 0 2 2 1 0 0  10010000100100001001000010011000100100001001000010011100100000001000000010000000100000001000000010000000100000001000000010000000100000001000000010000000100000001000000010000000100000001000000010010000 
8 0 0 2 2 1 0 0  10000000100000001000000010011000100100001000000010000000100000001000000010000000100000001000000010000000100000001000000010000000100000001000000010000000100000001000000010000000100000001000000010011100 
4 0 0 2 0 0 0 0  10010000100100001001000010011000100100001001100010000000100000001000000010000000100000001000000010000000100000001000000010000000100000001000000010000000100000001000000010000000100000001000000010000000 
4 0 0 2 2 1 2 0  10010000100101001001000010011000100111111001100010011111100100101001111010000000100111111000000010001100100000001001100010010000100011111001010010001111100111001001110110011000100111111001111010011110 
4 3 0 2 2 1 2 0  10010101100101011001010010011100100111111101111110011111100100101001111110011000100000001000111111111110110111001001000010010000100011111001010010001110100011001001110110011000100111111001111010011110 
8 0 0 2 2 1 2 0  10000000100000001000000010000000100000001001100010011111100100101001111110011000100000001000000010000000100000001000000010000000100000001000000010000000100000001000000010011000100111111000111010011110 
4 0 0 2 2 1 2 0  10010000100100001001010010011100100111111001100010011111100100101001100010000000100111111000000010001100100000001001100010010000100011111001010010001111100111001001110110011000100111111001111010011100 
8 0 0 2 2 1 2 0  10000000100000001000000010011000100100001000000010000000100000001000000010000000100000001000000010000000100000001000000010000000100000001000000010000000100000001001110110011000100111111001111010011110 
0 3 1 2 2 1 2 0  11111111111111011001010010011100100111111101111111111110100111111111111111111111111111111111111111111110111111111111111111111111111111111111111111111111111111111001110111111111110111111001111010011100 
4 0 0 2 2 1 2 0  10010100100101001001000010011000100111111001100010011111100100101001111110011000100000001000000010001000100000001000000010010000100011111001010010010000100111001001110110011000100111111000111010010000 
8 0 0 2 2 1 2 0  10000000100000001000000010011000100100001000000010000000100000001001111110011000100000001000000010001000100000001000000010010000100011111001010010010000100111001001110110011000100111111000111010010000 
4 0 0 2 2 1 2 0  10010000100100001001010010011100100111111001100010011111100100101001100010000000100111111000000010001110110111001001000010011111100011111001010010001110100111001001110110011000100111111001111010011100 
4 0 0 2 2 1 2 0  10010000100100001001000010011000100100001001000010011111100100101001111110011000100000001000000010001000100000001000000010010000100011111001010010011110100111001001110110011000100111111001111010011100 
4 3 0 2 2 1 2 0  10010101100101011001010010011100100111111001100010011111100100101001111110011111111111111111111111111110110111001001000010010011111111111001010010001110100011001001110110011000100111111001111010011100 
4 0 0 2 0 0 0 0  10010000100000001000000010000000100000001000000010000000100000001000000010000000100000001000000010000000100000001000000010000000100000001000000010000000100000001000000010000000100000001000000010011100 
4 0 0 2 0 0 0 0  10010000100100001001000010000000100000001000000010000000100000001000000010000000100000001000000010000000100000001000000010000000100000001000000010000000100000001000000010000000100000001000000010000000 
4 0 0 2 2 0 0 0  10010000100100001001000010011000100100001000000010000000100000001000000010000000100000001000000010000000100000001000000010000000100000001000000010000000100000001000000010000000100000001000000010000000 
4 0 0 2 2 1 0 0  10010000100100001001000010011000100100001001000010011111100000001001111110011000100000001000000010000000100000001000000010000000100000001000000010000000100000001000000010000000100000001000000010010000 
4 0 0 2 2 1 0 0  10010000100100001001000010011000100100001001000010011111100000001001000010000000100000001000000010000000100000001000000010000000100000001000000010000000100000001000000010000000100000001000000010010000 
4 0 0 2 2 1 2 0  10010100100101001001000010011000100100001001000010000000100000001000000010000000100111111000000010001100100000001001100010010000100011001001010010001100100111001001110110011000100111111001111010011100 
4 0 0 2 2 1 2 0  10010100100101001001010010011100100111111001100010011111100100101001111110011000100111111000000010001100100000001001100010010000100011111001010010001111100111001001110110010000100000001000000010011110 
4 0 0 2 2 1 2 0  10010000100101001001000010011000100111111001100010011111100100101001111010000000100111111000000010001100100000001001100010010000100111111001010010001110100111001001110110011111111111111001111010011110 
4 0 0 2 2 1 2 0  10010100100101001001000010011000100100001001000010000000100000001000000010000000100111111000000010001100100000001001100010010000100011111001010010001111100111001001110110010000100000001000000010011100 
4 0 0 2 2 1 2 0  11110101111101001001010010011100100111111001111111111111111111111111111111111111111111111111111111111110110111001001000010010010100111111001010010001110100011001001110110011000100111111001111010011100 
4 0 0 2 2 1 2 0  10010000100100001001000010011000100100001001000010011111100100101001111110011000100000001000000010000000100000001000000010010000100011111001010010001111100111001001110110010000100000001001111010010000 
4 3 0 2 2 1 2 0  10010101111111011001010010011101111111111111111111111111111111111111111111111111111111111111111111111110111111111111111111111111111111111111111111111111110011001001110110011000100111111001111010011100 
4 0 0 2 2 1 2 0  10010100100100001001000010011000100100001001000010011111100100101001111110000000100111111000000010001100100000001001100010010000100011111001010010001100100111001001110110011000100111111001111010011100 
4 0 0 2 2 1 2 0  10010000100100001001010010011100100111111001100010011111100100101001100010000000100111111000000010001100100000001001100010010000100011111001010010001111100100001000000010011000100111111001111010011100 
4 0 0 2 0 1 0 0  10000000100000001001010010010000100000001000000010000000100000001000000010000000100000001000000010000000100000001000000010000000100000001000000010000000100111001000000010000000100000001000000010010000 
4 0 0 2 2 1 2 0  10010100100101001001000010011000100111111001100010011111100100101001111110011000100000001000000010001000100000001000000010010000100011111001010010010000100111001000000010000000100011111001111010010000 
4 0 0 2 2 1 2 0  10010101100101011001011111111111111111111111111111111111111111111111111111111111111111111111111111111110111111111111111111111111111111111111111111111111111111111111110111111111111111111001111010011100 
4 0 0 2 0 1 0 0  10000000100000001001010010010000100000001000000010000000100000001000000010000000100000001000000010000000100000001000000010000000100000001000000010000000100111001000000010000000100111111001111010011100 
4 0 0 2 2 1 2 0  10010100100100001001000010011000100100001001000010011111100000001001000010000000100111111000000010001110110111001001000010011111100011111001010010001110100111001001110110011000100111111001111010011100 
8 0 0 2 2 0 0 0  10000000100000001000000010011000100100001000000010000000100000001000000010000000100000001000000010000000100000001000000010000000100000001000000010000000100000001000000010000000100000001000000010000000 
4 3 1 2 2 1 2 0  10010101100111011001010010011100100111111101111111111110101111111111111111111111111111111111111111111110111111111111111111111111111111111111111111111111111111111111111111111111111111111111111111111110 
8 0 0 2 2 1 0 0  10000000100000001000000010011000100100001000000010000000100000001000000010000000100000001000000010000000100000001000000010000000100000001000000010000000100111001001110110000000100000001000000010000000 
4 0 0 2 2 1 2 0  10010100100101001001010010011100100111111001100010011111100100101001111110011000100111111111111111111110100000001001100010010000100011111001010010001111100111001001110110011000100111111001111010011100 
4 0 1 2 2 1 2 0  10010101111111011001010011111111111111111111111111111111111111111111111111111111111111111111111111111110111111111111111111111111111111111111111111111111111111111111111111111111110111111001111010011100 
4 3 0 2 2 1 2 0  10010101100101011001010010011100100111111001101111111110100111111111111111111111111111111111111111111110110111001001000010011111100011111001010010001110100111001001110110011000100111111001111010011100 
4 0 0 2 2 1 2 0  10010000100100001001010010011100100111111001100010011111100100101001111110011000100111111000000010001100100000001001100010010000100011111001010010001111100111001001110110011000100111111001111010011110 
4 0 0 2 2 1 0 0  10000000100000001001010010010000100000001000000010000000100000001000000010000000100000001000000010000000100000001000000010000000100000001000000010001100100111001001110110000000100000001000000010000000 
4 0 1 2 2 1 2 0  11110101111111111111110111011111111111111111111111111111111111111111111111111111111111111111111111111110111111111111111111111111111111111111010010001110100111001001110110011000100111111001111010011110 
4 0 0 2 2 1 2 0  10010000100101001001000010011000100111111001100010011111100100101001111010000000100111111000000010001100100000001001100010010000100111111001010010001110100111001001110110010000100000001000000010010000 
4 0 0 2 2 1 2 0  10010000100100001001000010011000100100001001000010011111100000001001000010000000100000001000000010000000100000001000000010000000100000001000000010000000100000001000000010011000100111111001111010011110 
8 0 0 2 2 1 2 0  10000000100000001000000010011000100100001000000010000000100000001000000010000000100000001000000010000000100000001000000010000000100000001000000010000000100000001000000010011000100100001001111010010000 
4 0 0 2 2 1 0 0  10010100100101001001010010011100100100001001000010011100100000001000000010000000100000001000000010000000100000001000000010000000100000001000000010000000100000001000000010000000100000001000000010010000 
4 0 0 2 2 1 2 0  10010100100101001001010010011100100111111001100010011111100100101001111110011000100000001000000010001000100000001000000010010000100000001000000010001100100111001001110110011000100111111001111010011110 
8 0 0 2 2 1 0 0  10000000100000001000000010011000100100001000000010000000100000001000000010000000100000001000000010000000100000001000000010000000100000001000000010000000100111001001110110000000100100001001110010011100 
4 0 0 2 2 1 2 0  10010000100100001001000010011000100100001001000010011111100100101001111110011000100111111000000010001100100000001001100010010000100011111001010010001111100111001001110110011000100111111001111010011100 
4 0 0 2 2 1 2 0  10010100100101001001010010011100100111111001100010011111100100101001111110011000100111111111111111111110110111001001000010010011111111111001010010001100100111001001110110011000100111111001111010011110 
4 0 0 2 2 1 2 0  10010000100101001001010010011100100111111001100010011111100100101001111110011000100111111000000010001100100000001001100010010000100011001000000010001100100111001001110110011000100111111001111010011110 
4 3 1 2 2 1 2 0  10010101100111011001010010011100100111111101111111111110101111111111111111111111111111111111111111111110111111111111111111111111111111111111111111111111111111111111110110011000100111111001111010011110 
4 3 1 2 2 1 2 0  10010101100111011001010010011100100111111101110010011111100100101001111110011111111111111111111111111110110111001001000010010011110011111001010010001100100111111111110110011111111111111001111010011110 
4 0 0 2 2 1 2 0  10010100100101001001000010011000100111111001100010011111100100101001111110011000100000001000000010001000100000001001100010010000100111111001010010001110100111001001110110011000100111111001111010011100 
4 0 0 2 2 1 2 0  10010100100101001001010010011100100111111001100010011111100100101001111110011000100111111000000010001100100000001001100010010000100011111001000010000000100000001000000010000000100000001000000010011100 
4 0 0 2 2 1 2 0  10010000100100001001000010011000100100001001000010011111100100101001111110011000100111111000000010001100100000001001100010010000100011111001010010001111100111001001110110011000100111111001111111111110 
4 0 0 2 0 1 2 0  10000000100000001001010010010000100000001000000010000000100000001000000010000000100000001000000010000000100000001000000010000000100000001000000010000000100111001000000010000000100000001000000010011100 
4 0 0 2 2 1 2 0  10010100100101001001010010011100100111111001100010011111100100101001111110011000100111111000000010001100100000001000000010000000100000001000000010000000100111001001110110000000100111111001111010011100 
4 0 0 2 2 1 2 0  10010000100101001001010010011100100111111001100010011111100100101001111110011000100111111000000010001100100000001001100010010011100011111001010010001110100111001001110110011000100111111001111010011110 
4 0 0 2 2 1 2 0  10010000100101001001000010011000100111111001100010011111100100101001111010000000100111111000000010001100100000001001100010010000100111111001010010001100100111001001110010011000100111111000111010010000 
4 0 0 2 2 1 2 0  10010000100101001001010010011100100111111001100010011111100100101001111110011000100111111000000010001100100000001001100010000000100000001000000010000000100111001001110110000000100100001001110010000000 
4 0 0 2 2 1 0 0  10010000100101001001010010011100100111111001100010011111100100101001111110011000100111111000000010001100100000001001100010000000100000001000000010000000100111001001110110000000100100001001110010011100 
4 0 0 2 2 1 2 0  10010000100100001001010010011100100111111001100010011111100100101001111110011000100000001000000010001000100000001000000010010000100011111001010010010000100111001000000010000000100011111001111010010000 
4 0 0 2 2 1 2 0  10010101100101001001010010011100100111111001100010011111100100101001111110011000100111111000000010001100100000001001100010010011100011111001010010001110100111001001110110011000100111111001111010011110 
4 0 0 2 2 1 2 0  10010000100100001001000010011100100111111001100010011111100100101001111110011000100111111000000010001100100000001001100010010000100011111001010010001111100111001001110110011000100111111001111010011110 
4 3 1 2 2 1 2 0  10010101100111011001010010011100100111111101110010011111100100101001111110011111111111111111111111111110110111001001000010010011110011111001111111111111111111111111111111111111111111111111111111111100 
4 0 0 2 2 1 2 0  10010100100100001001000010011100100111111001100010011111100100101001111110011000100111111000000010001100100000001001100010010000100011111001010010001111100111001001110110011000100111111001111010011110 
4 0 0 2 0 0 2 0  10010000100100001001000010010000100000001000000010000000100000001000000010000000100000001000000010000000100000001000000010000000100000001000000010000000100000001000000010000000100000001000000010010000 
4 0 0 2 2 1 2 0  10010100100100001001000010011000100100001001000010011111100100101001111110011000100000001000000010001000100000001000000010010000100011111001010010010000100111001001110110011000100100001001111010011100 
8 0 0 2 2 1 2 0  10000000100000001000000010011000100100001000000010000000100000001000000010000000100000001000000010000000100000001001100010010000100111111001010010001110100111001001110110011000100111111001111010010000 
4 0 0 2 0 0 0 0  10010000100100001001000010010000100000001000000010000000100000001000000010000000100000001000000010000000100000001000000010000000100000001000000010000000100000001000000010000000100000001000000010000000 
0 3 1 2 2 1 2 0  11110101111111011001011111111111111111111111111111111111111111111111111111111111111111111111111111111110111111111111111111111111111111111111111111111111111111111111110111111111111111111001111010011100 
4 0 0 2 2 1 2 0  10000000100000001001010010010000100000001000000010000000100000001000000010000000100000001000000010001000100000001000000010010000100011111001010010010000100111001000000010000000100000001000000010000000 
8 0 0 2 2 1 2 0  10000000100000001000000010011000100100001000000010000000100000001000000010000000100000001000000010000000100000001000000010000000100111111001010010001110100111001001110110011000100111111001111010010000 
4 0 0 2 2 1 2 0  10000000100000001001010010010000100000001000000010000000100000001000000010000000100000001000000010000000100000001000000010000000100000001000000010001100100111001001110110011000100111111001111010011110 
0 3 1 2 2 1 2 0  11110101111111011001010011111100100111111101110010011111100100101001111110011000100111111111111111111110110111001001000010010011111111111001010010001100100111001001110111111111111111111001111010011100 
4 3 1 2 2 1 2 0  10010101111111011001010010011100100111111101111111111110100111111001111110011111111111111111111111111110110111001001000010010011110011111001111111111111111111111111111110011000100111111001111010011100 
4 0 0 2 2 1 2 0  10010000100100001001000010011000100100001001000010011111100100101001111110011000100000001000000010001000100000001000000010010000100011111001010010010000100111001001110110011000100100001001111010011110 
4 0 0 2 2 1 2 0  10010000100100001001000010011000100100001001000010011111100100101001111110011000100111111111111111111110110111001001000010010011111111111001010010001100100111001001110010011000100100001001110010011100 
4 0 0 2 2 1 2 0  10010000100101001001010010011100100111111001100010011111100100101001111110011000100111111000000010001100100000001000000010010000100011111001010010010000100111001000000010000000100011111001111010011100 
4 0 0 2 2 1 2 0  10010100100101001001010010011100100111111001100010011111100100101001111110011000100111111000000010001100100000001001100010010000100011111001010010001111100111001001110110011000100111111001111010011110 
4 0 0 2 2 1 2 0  10010000100101001001010010011100100111111001100010011111100100101001111110011000100111111000000010001100100000001001100010010011100011111001010010001110100111001001110110011000111111111001111010011110 
0 3 1 2 2 1 2 0  11110101111111011001010011111111111111111111111111111111111111111111111111111111111111111111111111111110110111001001000010010011110011111001010010001100100111111111110110011111100111111001111010011110 
