4 0 0 0 0 0 0 0  10000000100000001000000010000000100000001000000010000000100000001000000010000000100000001000000010000000100000001000000010000000100000001000000010000000100000001000000010000000100000001000000010000000 
4 0 0 0 0 0 0 0  10010000100000001000000010000000100000001000000010000000100000001000000010000000100000001000000010000000100000001000000010000000100000001000000010000000100000001000000010000000100000001000000010000000 
4 2 0 2 0 2 0 0  10000000100010001000000010000000100000001000000010000000100000001000000010000000100000001000000010000000100000001000000010000000100000001000000010000000100000001000000010000000100000001000000010000000 
4 0 0 0 0 0 0 0  10010000100100001000000010000000100000001000000010000000100000001000000010000000100000001000000010000000100000001000000010000000100000001000000010000000100000001000000010000000100000001000000010000000 
4 2 0 2 0 2 2 0  10000000100010001000000010000000100000001000000010000000100000001000000010000000100000001000000010000000100000001000000010000000100111101000100010000000100000001000000010000000100000001001000010000000 
4 0 0 0 0 0 0 0  10000000100000001000000010000000100000001000000010000000100000001000000010000000100000001000000010000000100000001000000010000000100000001000000010000000100000001000000010000000100000001001000010000000 
0 3 2 2 0 2 2 0  11011100011111011111111111111111111111111111111111111111111111111111111111111111111111111111111111111111111111111111111111111111111111111111111111111111111111111111111111111111111111111111111111111110 
4 0 0 0 0 0 0 0  10010000100100001001000010000000100000001000000010000000100000001000000010000000100000001000000010000000100000001000000010000000100000001000000010000000100000001000000010000000100000001001000010000000 
4 2 2 2 0 2 2 0  10010100100101001001010010010000101100001000000010110000100100001011000011111111100111101001010010000000100000001001000010000000100111001000000010110111111111001000000010010000100000001001000010000000 
4 2 2 2 0 2 2 0  10010100100111011111110111111111111111111111111111111111111111111111111111111111111111111111111111111111111111111111111111111111111111111111111111111111111111111111111111111111111111111111111111111110 
4 2 0 2 0 0 0 0  10010000100000001000000010000000100000001000000010000000100000001000000010000000100000001000000010000000100000001000000010000000100000001000000010000000100000001000000010010000100000001001000010000000 
4 2 0 2 0 2 2 0  10000000100000001001010010000000100000001000000010000000100000001000000010000000100000001000000010000000100000001000000010000000100000001000000010111100100000001000000010010000100000001001000010000000 
4 2 2 3 0 2 2 0  10010000100100001001010010010000101100001001111111110000100100001011000011111111100111101001010010010111100011111001001010111100111111001000111110110000100100001111110010011111111100001001000010011110 
0 2 2 2 0 2 2 0  11111111111111111111111111111111111111111111111111111111111111111111111111111111111111111111111111111111111111111111111111111111111111111111111111111111111111111111111111111111111111111111111111111110 
4 2 0 2 0 0 0 0  10010000100100001000000010000000100000001000000010000000100000001000000010000000100000001000000010000000100000001000000010000000100000001000000010000000100000001000000010010000100000001001000010000000 
4 2 0 2 0 0 0 0  10010000100100001001000010010000100000001000000010000000100000001000000010000000100000001000000010000000100000001000000010000000100000001000000010000000100000001000000010010000100000001001000010000000 
4 0 0 0 0 0 0 0  10000000100000001000000010000000100000001000000010000000100000001000000010000000100000001000000010000000100000001001000010000000100111001000000010110000100100001000000010011100111100001001000010111100 
4 2 2 3 0 2 2 0  10010000100101001001000010010000101100001001111111110000100100001011000011111111100111101001010010010111100011111001001010111100111111001000111110110000100100001000000010010000100000001001000010000000 
4 2 2 2 0 2 2 0  10000000100000001000000010010000101100001001111111110000100100001011000010001111100111101001010101110100100000001001000010000000100111001000000010110000100000001000000010010000100000001001000010000000 
4 2 2 3 0 2 2 0  10010000100100001001000010010000101100001001111111110000100100001111111111111111100111101001010010010111100011111001111111111100111111001000111110110000100100001111110011111100111100001001000010011100 
4 0 0 3 0 0 0 0  10000000100000001000000010000000100000001000000010000000100000001000000010011111100000001000000010000000100000001001000010000000100000001000000010000000100000001000000010010000100000001001000010000000 
4 0 0 0 0 0 2 0  10000000100000001000000010000000100000001000000010000000100000001000000010000000100000001000000010000000100000001000000010000000100000001000000010000000100000001000000010000000100000001001000010011110 
4 2 0 2 0 0 0 0  10000000100000001000000010000000100000001000000010000000100000001000000010000000100000001000000010000000100000001000000010000000100000001000000010000000100000001000000010010000100000001001000010000000 
4 2 2 2 0 2 2 0  10010100100101001001000010010000101100001001111111110000100100001011000011111111100111101001010010000000100000001001000010000000100111001000000010110000100100001111110011111100111100001001000010011100 
4 2 0 2 0 2 2 0  10000000100000001001010010000000100000001000000010000000100000001000000010000000100000001000000010000000100000001000000010000000100000001000000010111100100000001000000010010000100000001001000010000100 
4 2 2 3 0 2 2 0  10010100100100001001000010010000101100001001111111110000100100001011000011111111100111101001010010000000100000001001000010000000100111001000000010110000100100001111110011111100111100001001000010011100 
0 2 2 2 0 2 2 0  11111111111111111111111111111111111111111111111111111111111111111111111111111111111111111111111111111111111111111111111111111111111111111111111111111100111111111111110010011100111111111101000010011100 
4 2 2 3 0 2 2 0  10010100100101001001010010011111111111111111111111111111111111111111111111111111100111101001010010010111100011111001111111111100111111001000111110110011111111111111111111111111111111001001001010111100 
4 2 0 2 0 0 0 0  10010000100100001001000010010000101100001000000010000000100000001000000010000000100000001000000010000000100000001000000010000000100000001000000010000000100000001000000010010000100000001001000010000000 
4 2 2 2 0 2 2 0  11111111111111011111110111111111111111111111111111111111111111111111111111111111111111111111111111111111111111111111111111111111111111111111111111111111111111111111111111111111111111111111111111111100 
4 2 2 3 0 2 2 0  10010000100100001001010010010011111111111111111111110000100100111111111111111111100111101001010010010111100011111001111111111100111111001000111110110000100100001111110011111100111101001001000010011110 
4 2 2 3 0 2 2 0  10010000100100001001000010010000101100001001111111110000100100001111000011111111100111101001010010010000100000001001000010000000100111001000111110110000100100001111110011111100111101001001000010011110 
4 2 2 2 0 2 2 0  10010100100101001001010010010000101100001001111111110000100100001011000011111111100111101001010010010100100000001001000010000000100111001000000010110000100100001000000010011100111100001001000010000000 
4 2 2 2 0 2 2 0  10010100100101001001010010010000101100001001111111110000100100111111111111111111100111101001010010010111100011111001111111111100111111001000111110110000100100001111110011111100111101001001000010011100 
4 2 2 3 0 2 2 0  10010000100100001001000010010000101100001001111111110000100100001111000011111111100111101001010010010000100000001001000010000000100111001000000010110000100100001000000010011100111100001001001111111100 
0 2 2 2 0 2 2 0  11011111111111011111110111111111111111111111111111111111111111111111111111111111111111111111111111111111111111111111111111111111111111111111111111111111111111111111111111111111111111111111111010011100 
4 2 0 2 0 2 0 0  10000000100010001000000010000000100000001000000010000000100000001000000010000000100000001000000010000000100000001000000010000000100000001000000010000000100000001000000010000000100000001001000010011100 
4 2 2 3 0 2 2 0  10010000100100001001000010010000101100001001111111110000100100001111000011111111100111101001010010010000100000001001000010000000100000001000000011110000100100001000000010011100111100001001000010011100 
0 3 2 2 0 2 2 0  11011111111111011111110111111111111111111111111111111111111111111111111111111111111111111111111111111111111111111001001010111100111111001000111110110000100100001111110011111100111101001001000010011100 
0 3 2 2 0 2 2 0  11011111111111011111110111111111111111111111111111111111111111111111111111111111111111101001010101110111100011111001001010111100111111111111111110111111111111111111110010011100111111111101000010011100 
4 2 2 3 0 2 2 0  10010000100100001001000010010000101100001001111111110000100100001011000011111111100111101001010010010111100011111001001010111100111111001000111110110000100100001111000011111100111100001001000010011100 
4 0 0 3 0 0 0 0  10010000100000001000000010000000100000001000000010000000100000001000000010011111100000001000000010000000100000001001000010000000100000001000000010000000100000001000000010010000100000001001000010000000 
4 0 0 3 0 0 0 0  10010000100100001001000010010000101100001000000010000000100000001000000010011111100000001000000010000000100000001001000010000000100000001000000010000000100000001000000010010000100000001001000010000000 
4 2 2 2 0 2 2 0  10000000100000001000000010000000100000001000000010000000100000001001000011111111100111101001010010010000100000001001000010000000100111001000000010110000100100001000000010011100111100001001001111111100 
4 2 2 2 0 2 2 0  10010100100100001001010010010000101100001001111111110000100100001011000011111111100111101001010010010100100000001001000010111100111111001000111110110000100100001111110011111100111101001001000010011100 
4 2 2 3 0 2 2 0  10010000100100001001000010010000101100001001111111110000100101111111111111111111100111101001010010010000100000001001000010000000100111001000000010110000100100001000000010011100111100001001001110011100 
4 2 2 2 0 2 2 0  10010100100101001001010010010000101100001001111111110000100100001011000011111111100111101001010010010100100000001001000010000000100111001000000010110000100100001111110011111100111101001001001111111100 
4 2 2 2 0 2 0 0  10000000100000001000000010000000100000001000000011110000100100001000000010000000100000001001010010010100100000001001000010000000111000001000000010000000100000001000000010010000100000001001000010000000 
4 2 2 3 0 2 2 0  10010000100101001001010010010000101100001001111111110000100100001011000011111111100111101001010010010100100000001001000010000000100000001000000010111100100000001000000010010000100000001001000010011100 
4 2 2 2 0 2 2 0  10010101111111011111110111111111111111111111111111111111111111111111111111111111111111111111111111111111111111111111111111111111111111111111111111111111111111111111111111111111111111111111111111111100 
4 2 2 3 0 2 2 0  10010000100101001001010010010000101100001001111111110000100100001011000011111111100111101001010010010000100000001001000010000000100000001000000010000000100100001111110010011100111100001001000010011100 
4 2 2 3 0 2 2 0  10010000100100001001000010010000101100001001111111110000100100001011000011111111100111101001010010010100100000001001000010000000100000001000000010000000100000001000000010010000100000001001000010000000 
4 2 2 3 0 2 2 0  10010000100100001001000010010000101100001001111111110000100100001111000011111111100111101001010010010000100000001001000010000000100111001000000010110000100100001000000010010000100000001001000010000000 
4 2 2 2 0 2 2 0  10010100100101001001010010010000101100001001111111110000100100001011000011111111100111101001010010010100100000001001000010000000100000001000000010000000100000001000000010010000100101001001000010011100 
4 2 2 2 0 2 2 0  10010100100101011111110111111111111111111111111111111111111111111111111111111111111111111001010101110111100011111001111111111100111111001000111110111100100100001111110011111100111101001001001111111100 
4 2 2 2 0 2 2 0  10010000100100001001010010010000101100001001111111110000100100001011000011111111100111101001010010010000100000001001000010000000100111001000000010110000100100001001110011111100111101001001001111111100 
4 2 2 2 0 2 0 0  10010000100100001001000010010000101100001000000011110000100100001000000010000000100000001001010010010100100000001001000010000000111000001000000010000000100000001000000010010000100000001001000010000000 
4 2 2 2 0 2 2 0  10010100100101001001010010011111111100001001111111110000100100001111000011111111100111101001010010010011100011111001111111111100111111001000111110111111101111101111110011111100111101001001001111111100 
4 2 2 2 0 2 2 0  10010100100101001001010010011111111111111111111111111110100100001111000011111111100111101001010010010011100011111001111111111100111111001000111110111100100100001111110010011100111101001001001111111100 
0 3 2 3 0 2 2 0  11011100011111011111111111111111111111111111111111111111111111111111111111111111111111111111111111111111111111111111111111111111111111111111111111111111111111111111110011111100111101001001001111111100 
4 0 0 3 0 0 2 0  10010000100100001001000010010000101100001000000010000000100000001000000010011111100000001000000010000000100000001001000010000000100000001000000010000000100000001000000010010000100000001001000010011100 
0 3 2 2 0 2 2 0  11011100011111011111110111111111111111111111111111111111111111111111111111111111111111111111111111111111111111111111111111111111111111111111111111111111111111111111111111111111111111111111111111111100 
4 2 2 3 0 2 2 0  10010000100101001001010010010000101100001001111111110000100100001011000011111111100111101001010010010100100000001001000010000000100111001000000010110000100100001111110010011100111101001001001111111100 
4 2 2 3 0 2 2 0  10010100100101001001010010011111111111111111111111111111111111111111111111111111111111111111111111111111111111111111111111111111111111111111111111111111111111111111110011111100111101001001001111111100 
4 2 2 2 0 2 0 0  10010100100101001001010010010000101100001000000011110000100100001000000010000000100000001001010010010100100000001001000010000000111000001000000010000000100000001000000010010000100000001001000010000000 
4 2 2 3 0 2 2 0  10010100100100001001000010010000101100001001111111110000100100001011000011111111100111101001010010010100100000001001000010000000100111001000000010110000100100001111110010011100111101001001001111111100 
0 3 2 2 0 2 2 0  11011100011111011111110111111111111111111111111111111111111111111111111111111111111111111111111111111111100011111001111111111100111111001000111110111100100100001111110011111100111101001001001111111100 
4 2 2 2 0 2 2 0  10010000100100001001010010010000101100001001111111110000100100001011000011111111100111101001010010010000100000001001000010000000100111001000111110111100100100001111110010011100111101001001001111111100 
4 2 2 2 0 2 2 0  10011111111111011111110111111111111111111111111111111111111111111111111111111111111111111111111111111111111111111001001010111100111111001000111110111111111111111111110010011100111111001001000011111100 
4 2 2 3 0 2 2 0  10010000100101001001010010010000101100001001111111110000100100001011000011111111100111101001010010010100100000001001000010000000100111001000000010110000100100001000000010011100111101001001001111111100 
4 2 2 2 0 2 2 0  10010000100100001001010010010000101100001001111111110000100100001011000011111111100111101001010010010000100000001001000010000000100111001000000010110000100100001000000010011100111101001001001111111100 
4 2 2 2 0 2 2 0  10000000100000001000000010000000100000001000000010000000100100001011000011111111100111101001010010010100100000001001000010000000100111001000000010110000100100001111110011111100111101001001000010011100 
4 2 2 2 0 2 0 0  10010000100100001001000010010000101100001001111111110000100100001000000010000000100000001001010010010100100000001001000010000000111000001000000010000000100000001000000010010000100000001001000010000000 
4 0 0 0 0 0 0 0  10000000100000001000000010000000100000001000000010000000100000001000000010000000100000001000000010000000100000001000000010000000100000001000000010000000100000001001110010011100111100001001000010011100 
4 0 0 0 0 0 0 0  10000000100000001000000010000000100000001000000010000000100000001000000010000000100000001000000010000000100000001000000010000000100000001000000010000000100000001000000010011100111100001001000010011100 
4 2 2 2 0 2 2 0  10010101111111011111110111111111111111111111111111110000100100001111000011111111100111101001010010010011100011111001111111111100111111001000111110111100100100001111110010011100111100001001000010011100 
4 2 2 2 0 2 0 0  10000000100000001000000010000000100000001000000011110000100100001000000010000000100000001001010010010100100000001001000010000000100111001000111110111100100100001111110010011100111100001001000010011100 
4 2 2 2 0 2 2 0  10010100100101001001010010111111111111111111111111111111111111111111111111111111100111101001010010010011100011111001111111111100111111001000111110111100100100001111110010011100111101001001001111111110 
4 2 2 2 0 2 2 0  10010100100100001001000010010000101100001001111111110000100100001011000011111111100111101001010010010111100011111001001010111100111111001000111110110000100100001111000011111100111100001001000010011100 
4 2 2 2 0 2 2 0  11111111111111011111110111111111111111111111111111111111111111111111111111111111111111111111111111111111111111111111111111111111111111111111111110111100100100001111110010011100111101001001001111111100 
4 2 2 2 0 2 2 0  10010101111111011111110111111111111111111111111111111111111111111111111111111111111111111111111111111111111111111111111111111111111111111111111111111111100100001111110010011100111101001001001111111100 
4 2 2 3 0 2 2 0  10010000100101001001010010010000101100001001111111110000100100001011000011111111100111101001010010010011100011111001111111111100111111001000111110111100100100001111110010011100111101001001001111111100 
4 2 2 2 0 2 0 0  10010100100101001001010010010000101100001001110011110000100100001000000010000000100000001001010010010100100000001001000010000000111000001000000010000000100000001000000010010000100000001001000010000000 
4 2 2 2 0 2 2 0  10010100100101001001010010010000101100001001111111110000100100001011000011111111100111101001010010010100100011111001111111111100111111001000111110111100100100001111110010011100111100001001000010011100 
4 2 2 2 0 2 2 0  10010100100100001001000010010000101100001001111111110000100100001011000011111111100111101001010010010111100011111001001010111100111111001000111110110000100100001111110010011100111101001001001111111100 
4 2 2 2 0 2 2 0  10010000100100001001010010010000101100001001111111110000100100001011000011111111100111101001010010010011100011111001111111111100111111001000111110111100100100001111110011111100111101001001001111111100 
4 2 2 2 0 2 2 0  10010100100101001001010010010000101100001001111111110000100100001011000011111111100111101001010010010100100000001001000010000000101111001001111111111100100100001111110010011100111101001001001111111100 
4 2 2 2 0 2 2 0  10010100100111011111110111111111111111111111111111111100100101111111111111111111100111101001010101110111100011111001111111111111111111111111111111111111100100001111110010011100111101001001001111111100 
4 2 2 2 0 2 0 0  10010000100100001001000010010000101100001001110011110000100100001000000010000000100000001001010010010100100000001001000010000000111000001000000010000000100000001000000010010000100000001001000010000000 
4 2 2 2 0 2 2 0  10010100100100001001000010010000101100001001111111110000100100001011000011111111100111101001010010010100100000001001000010000000100111001000000010110011111111111111110010011100111101001001001111111100 
4 2 2 2 0 2 2 0  10010100100111011111110111111111111111111111111111111111111111111111111111111111111111111111111111111111111111111111111111111111111111111111111110111111111111111111110010011100111101001001000010011100 
4 2 2 2 0 2 2 0  10010100100101001001010010111111111111111111111111111111111111111111111111111111111111111111111111111111111111111111111111111111111111111111111111111111111111111111111111111111111111111111111111111110 
4 2 2 3 0 2 2 0  10010000100101001001010010010000101100001001111111110000100100001011000011111111100111101001010010010111100011111001001010111100111111001000111110110000100100001111000011111100111100001001001111111100 
4 2 2 2 0 2 0 0  10000000100000001000000010010000101100001001110011110000100100001000000010000000100000001001010010010100100000001001000010000000111000001000000010000000100000001000000010010000100000001001000010000000 
4 2 2 2 0 2 0 0  10000000100000001000000010000000100000001000000010000000100100001011000011111111100111101001010010010100100000001001000010000000100111001000000010000000100000001000000010010000100000001001000010000000 
4 2 2 3 0 2 0 0  10010000100100001001000010010000101100001001110011110000100100001000000010000000100000001001010010000000100000001001000010000000100000001000000010000000100000001000000010010000100000001001000010000000 
4 2 2 2 0 2 2 0  10010101111111011111110111111111111111111111111111111111111111111111111111111111100111101001010010010011100011111001111111111100111111001000111110111100100100001111110010011100111101001001001111111110 
4 2 2 2 0 2 2 0  10010101111111011111110111111111111111111111111111111111100100001011000011111111100111101001010010010011100011111001111111111100111111001000111110111100100100001111110010011100111101001001001111111100 
4 2 2 2 0 2 2 0  10010000100101001001010010010000101100001001111111110000100100001011000011111111100111101001010010010100100000001001000010000000100111001000111110111000100100001111110011111100111101001001000010011100 
4 2 2 3 0 2 2 0  10010100100101001001010010010000101100001001111111110000100100001011000011111111100111101001010010010100100000001001000010000000100111001000000010110000100100001000000010011100111101001001001111111100 
