9 0 0 0 0 0 0 0  10000000100000001000000010000000100000001000000010000000100000001000000010000000100000001000000010000000100000001000000010000000100000001000000010000000100000001000000010000000100000001000000010000000 
4 2 1 3 1 2 2 2  10011100100111011001111111111111111111111111111111111111111111111111111111111111111111111111111111111111111111111111111111111111111111111111111111111111111111111111111111111111111111111111111111111111 
9 0 0 0 0 0 0 0  10000000100000001000000010000000100000001000000010000000100000001000000010000000100000001000000010000000100000001000000010000000100000001000000010000000100000001000000010000000100000001000000010010000 
4 2 1 3 1 2 2 2  11111111111111111111111111111111111111111111111111111111111111111111111111111111111111111111111111111111111111111111111111111111111111111111111111111111111111111111111111111111111111111111111111111111 
4 2 1 3 1 2 2 2  10011101111111111111110011111111111111111111111111111111111111111111111111111111111111111111111111111111111111111111111111111111111111111111111111111111111111111111111111111111111111111111111111111111 
4 1 1 3 0 0 0 0  10000000100000001001000010000000100000001000000010000000100000001000000010000000100000001000000010000000100000001000000010000000100000001000000010000000100000001000000010000000100000001000000010000000 
9 0 0 0 0 0 0 0  10000000100000001000000010000000100000001000000010000000100000001000000010000000100000001000000010000000100000001000000010000000100000001000000010000000100000001000000010000000100000001001010010011100 
4 1 1 3 0 0 0 0  10000000100000001001000010000000100000001000000010000000100000001000000010000000100000001000000010000000100000001000000010000000100000001000000010000000100000001000000010000000100000001000000010010000 
4 1 1 3 0 0 0 0  10000000100000001001000010000000100000001000000010000000100000001000000010000000100000001000000010000000100000001000000010000000100000001000000010000000100000001000000010000000100000001000000010011100 
4 0 0 0 0 0 0 0  10010000100100001001000010000000100000001000000010000000100000001000000010000000100000001000000010000000100000001000000010000000100000001000000010000000100000001000000010000000100000001000000010010000 
4 1 0 0 0 0 0 0  10000000100000001001000010000000100000001000000010000000100000001000000010000000100000001000000010010000100100001000000010011100100000001000000010000000100000001000000010000000100000001001010010010000 
4 0 0 0 0 0 0 0  10010000100000001000000010000000100000001000000010000000100000001000000010000000100000001000000010000000100000001000000010000000100000001000000010000000100000001000000010000000100000001000000010000000 
4 0 0 0 0 0 0 0  10010000100100001000000010000000100000001000000010000000100000001000000010000000100000001000000010000000100000001000000010000000100000001000000010000000100000001000000010000000100000001000000010010000 
4 1 0 0 0 0 0 0  10000000100000001001000010000000100000001000000010000000100000001000000010000000100000001000000010010000100100001000000010011100100000001000000010000000100000001000000010010100111100001000000010010000 
4 1 1 3 0 0 0 0  10010000100000001001000010000000100000001000000010000000100000001000000010000000100000001000000010000000100000001000000010000000100000001000000010000000100000001000000010000000100000001000000010010000 
4 1 1 3 1 2 0 0  10000000100000001001000010000000100000001000000010000000100000001000000010000000100000001000000010010000100100001000000010011100100000001000000010000000100100001011000010010100111111001001010010011100 
4 2 1 3 1 2 0 0  10010000100100001001000010010000010100001001000010010000100000001001100010000000100111111000000010010000100100001000000010000000100000001000000010000000100100001011000010010100111111001001010010011100 
4 1 1 3 1 2 2 0  10010000100100001001010010010000010100001001000010010000100111111111111111111100011111111111110010010000100100001000000010000000100100001011110010111110101100001011000010010100111111001001010010011100 
4 2 1 3 1 2 2 0  10010100100101001001010010111111111111001001000010011111111111111111111111111111111111111111110010010000100100001011111111111100100100001011110010111110101100001011000010010100111111001001010010011100 
4 2 1 3 1 2 0 0  10010100100100001001000010010000010100001001000010010000100111001000000010000000100111111000000010010000100100001000000010000000100000001000000010000000100100001011000010010100111111001001010010011100 
4 0 0 0 0 0 0 0  10010000100100001001000010000000100100001001000010000000100000001000000010000000100000001000000010000000100000001000000010000000100000001000000010000000100000001000000010000000100000001000000010010000 
4 2 1 3 1 2 0 0  10010100100101001001010010010000010100001001000010010000100111111111110010000000100000001000000010010000100100001000000010011100100000001000000010000000100100001011000010010100111111001001010010011100 
9 0 0 0 0 2 0 0  10000000100000001000000010000000100000001000000010000000100000001000000010000000100000001000000010000000100000001000000010000000100000001000000010000000100000001000000010000000100000001000000010011100 
4 2 1 3 1 2 2 0  10010000100100001001010010010000010100001001000010010000100111111111111111111100011111111111110010010000100100001111111111111100100111111011110010111110101100001011000010010100111100001001000010010000 
4 0 0 0 0 0 0 0  10010000100000001000000010000000100000001000000010000000100000001000000010000000100000001000000010000000100000001000000010000000100000001000000010000000100000001000000010000000100000001001000010010000 
4 1 1 3 0 0 0 0  10000000100000001001000010000000100000001000000010000000100000001000000010000000100000001000000010000000100000001000000010000000100000001000000010000000100000001000000010000000100000001001010010011100 
4 2 1 3 1 2 0 0  10010100100100001001000010010000010100001001000010010000100000001000000010000000100000001000000010010000100100001000000010000000100000001000000010000000100100001011000010010100111111001001010010011100 
9 0 0 0 0 0 0 0  10000000100000001000000010000000100000001000000010000000100000001000000010000000100000001000000010000000100000001000000010000000100000001000000010000000100000001000000010000000101100001001010010011100 
4 2 1 3 1 2 2 0  10010000100101001001010010010000010100001001000010010000100111111111111111111100011111111111110010010000100101001000000010011100100111111011100010000000100100001011000010010100111111111001010010011100 
4 2 1 3 1 2 0 0  10010100100100001001010010010000010100001001000010010000100000001000000010000000100111111000000010010000100100001000000010000000100000001000000010000000100100001011000010010100111111001001010010011100 
4 2 0 3 1 2 0 0  10010100100101001001010010010000010100001001000010010000100000001000000010000000100000001000000010010000100100001000000010011100100000001000000010000000100000001000000010010100111111001001010010011100 
4 2 1 3 1 2 2 0  10010000100101001001000010010000100100001001000010010000100111111111111111111100011111111111110010010000100101001000000010011100100111111011110010111110101100001011000010010100111100001001010010011100 
4 2 1 3 1 2 0 0  10010000100101001001000010010000010100001001000010010000100000001001100010000000100111111000000010010000100100001000000010000000100000001000000010000000100100001011000010010100111111001001010010011100 
4 1 0 3 1 2 0 0  10000000100000001000000010000000100000001000000010000000100000001000000010000000100000001000000010000000100101001000000010011100100000001000000010000000100000001000000010010100111111001001010010011100 
4 1 1 3 1 2 0 0  10010000100100001001000010010000100100001001000010010000100000001000000010000000100111111000000010010000100100001000000010000000100000001000000010000000100100001011000010010100111111001001010010011100 
4 1 1 3 1 2 0 0  10000000100000001001000010000000100000001000000010000000100000001000000010000000100000001000000010010000100100001000000010011100100000001000000010000000100100001011001010010100111111001001010010011100 
4 2 1 3 1 2 2 2  11111101111111111111110011111111111111111111111111111111111111111111111111111111111111111111111111111111111111111111111111111111111111111111111111111111111111111111111111111111111111111111111111111111 
4 2 1 3 1 2 0 0  10000000100000001001010010010000010100001001000010010000100000001000000010000000100111111000000010010000100100001000000010000000100000001000000010000000100000001000000010000000100000001000000010010000 
4 2 1 3 1 2 2 0  10010100100101001001010010010000010100001001000010010000100111111111111111111101111111111111110010010000111111111111110010011100100111111011110010111110100100001111111010010100111111001001010010011100 
4 2 1 3 1 2 2 0  10010100100101001001010010010011111111111111111110010000100111111111111111111111111111111111111111111111111111111111110010011100100111111011110010111110100100001111111010010100111111001001010010011100 
4 2 1 3 1 2 0 0  10010100100101001001000010010000100100001001000010010000100000001000000010000000100000001000000010010000100100001000000010011100100000001000000010000000100000001000000010010100111100001000000010010000 
4 2 1 3 1 2 2 0  10010100100101001001010010111111111111111111111110010000100111001001111111111100011111111111110010010000100101111111111111111100100111111011110010111110101100001011000010010100111111111001010010011100 
4 1 1 3 1 2 2 0  10010000100100001001000010010000100100001001000010010000100000001000000010000000100111111000000010010000100100001000000010011100100111111011110010111110100100001011000010010100111111001001010010011100 
4 2 1 3 1 2 2 0  11111101100101001001010010111111111111111111111110010000100111111111111111111111111111111111111111111100111111111111110010011100100111111011110010111110100100001111111010010100111111001001010010011100 
4 1 0 0 0 0 0 0  10000000100000001001000010000000100000001000000010000000100000001000000010000000100000001000000010010000100100001000000010011100100000001000000010000000100000001000000010010100111100001000000010011100 
4 1 0 0 0 0 0 0  10000000100000001001000010000000100000001000000010000000100000001000000010000000100000001000000010010000100100001000000010011100100000001000000010000000100000001011000010010100111100001001010010010000 
4 2 1 3 1 2 0 0  10010100100101001001000010010000100100001001000010010000100000001000000010000000100111111000000010010000100100001000000010000000100000001000000010000000100100001011000010010100111111001001010010011100 
4 2 1 3 1 2 2 0  10010000100101001001010010010000010100001001000010010000100111111111111111111101111111111111110010010000111111111111110010011100100111111011110010111110100100001111111010010100111111001001010010011100 
4 2 1 3 1 2 2 2  11111101100101001001010010111111111111111111111111111111111111111111111111111111111111111111111111111111111111111111111111111111111111111111111111111111111111111111111111111111111111111111111111111111 
4 2 1 3 1 2 2 0  11111101111111111111110011111111111111111111111111111100100111111111111111111101111111111111110010010000111111111111110010011100100111111011110010111110100100001111100010010100111111111001010010011100 
4 2 1 3 1 2 0 0  10010000100100001001000010010000100100001001000010010000100000001000000010000000100000001000000010010000100100001000000010011100100000001000000010000000100000001000000010010100111100001000000010010000 
4 2 1 3 1 2 2 0  10111101100101001001010010111111111111111111111110111111111111111111111111111111111111111111111111111111111111111111111111111111111111111011110010111110100100001111111010010100111111001001010010011100 
4 0 0 0 0 0 0 0  10010000100100001001000010010000100100001001000010010000100000001000000010000000100111111000000010010000100100001000000010000000100000001000000010000000100000001000000010000000100000001001000010010000 
4 2 1 3 1 2 2 0  10010100100101001001010010010000100100001001000010010000100000001001111111111100011111111111110010010000100101111111111111111100100111111011110010111110100100001011000010010100111111111001010010011100 
4 2 1 3 1 2 2 0  10011101111111111111110011111111111111111111111111111111111111111111111110001111111111111111111111111111111101111111111111111100100111111011111111111111111111111111110010010100111111001001010010011100 
4 1 0 0 1 2 2 0  10000000100000001001000010000000100000001000000010000000100000001000000010000000100000001000000010010000100100001000000010011100100000001000000010111110100100001011000010010100111111111001010010011100 
4 2 1 3 1 2 0 0  10010100100101001001010010010000100100001001000010010000100111101000000010000000100111111000000010010000100100001000000010000000100000001000000010000000100100001011000010010100111111001001010010011100 
4 2 0 3 1 2 0 0  10010100100101001001010010010000100100001001000010010000100000001000000010000000100000001000000010010000100100001000000010011100100000001000000010000000100000001000000010010100111100001000000010010000 
4 2 1 3 1 2 2 0  10010100100101001001010010010000010100001001000010010000100000001111111111111100011111111111110010010000100101001000000010011100100111111011110010111110101100001011000010010100111100001001010010011100 
4 2 1 3 1 2 0 0  10010100100101001001000010010000100100001001000010010000100000001000000010000000100000001000000010010000100100001000000010011100100000001000000010000000100000001000000010010100111111001001010010011100 
4 2 1 3 1 2 2 0  10010000100100001001000010010000100100001001000010010000100000001001111111111100011111111111110010010000100101111111111111111100100111111011110010111110100100001011000010010100111111111001010010011100 
9 0 0 0 0 0 0 0  10000000100000001000000010000000100000001000000010000000100000001000000010000000100000001000000010000000100000001000000010000000100000001000000010000000100000001011000010010100111100001001010010011100 
4 2 1 3 1 2 2 0  10010101100101001001010010111111111111111111111111111111111111111111111111111111111111111111111111111111111111111111111111111111111111111111111010111110100100001111111010010100111111001001010010011100 
4 2 1 3 1 2 2 2  10111101100101001001010010111111111111111111111110111111111111111111111111111111111111111111111111111111110101111111111111111100100111111011110010111110100100001011000010010100111111111001010010011111 
4 2 1 3 1 2 2 0  11111101100101001001010010111111111111111111111111111111111111111111111111111111111111111111111111111111111111111111111111111111111111111011110010111110100100001111111010010100111111001001010010011100 
4 2 1 3 1 2 2 0  10010000100100001001000010010000100100001001000010010000100111111111111111111101111111111111110010010000111111111111110010011100100111111011110010111110100100001111111010010100111111111001010010011100 
4 2 1 3 1 2 2 2  10010101100101001001010010111111111111111111111111110000100111111111111111111101111111111111110010010000111111111111110010011100100111111011110010111110100100001111111010010100111111001001111111111111 
4 2 1 3 1 2 2 0  10010100100101001001010010010000100100001001000010010000100111111111000010000000100111111000000010010000100100001000000010011100100111111011110010111110100100001011000010010100111111001001010010011100 
4 2 1 3 1 2 2 0  10010000100100001001000010010000100100001001000010010000100000001001110010000000100000001000000010010000100100001000000010011100100000001000000010111110100100001011000010010100111111111001010010011100 
9 0 0 0 0 2 0 0  10000000100000001000000010000000100000001000000010000000100000001000000010000000100000001000000010000000100000001000000010000000100000001000000010000000100000001000000010000100111111001001010010011100 
4 0 0 0 0 0 0 0  10010000100100001001000010010000100100001001000010010000100000001000000010000000100000001000000010000000100000001000000010000000100000001000000010000000100000001000000010000000100000001001000010010000 
4 2 1 3 1 2 2 0  10010000100101001001000010010000100100001001000010010000100000001111110010000100011111111111110010010000101111111111110010011100100111111011110010111110100100001111111010010100111111001001010010011100 
4 2 1 3 1 2 2 0  10010000100101001001000010010000100100001001000010010000100111111111111111111101111111111111110010010000111111111111110010011100100111111011110010111110100100001111111010010100111111111001010010011100 
4 2 1 3 1 2 2 2  11111101111111111111110011111111111111001001000010010000100111111111111111111111111111111111111111111111111111111111110010011100100111111011110010111110100100001111111010010100111111001001010010011111 
4 2 1 3 1 2 0 0  10010000100100001001000010010000100100001001000010010000100000001000000010000000100000001000000010010000100100001000000010011100100000001000000010000000100000001000000010010100111100001001010010011100 
4 1 1 3 0 0 0 0  10010000100000001001000010000000100000001000000010000000100000001000000010000000100000001000000010000000100000001000000010000000100000001000000010000000100000001000000010000000100000001000000010000000 
4 1 1 3 1 2 0 0  10010100100101001001010010010000100100001001000010010000100000001000000010000000100000001000000010010000100100001000000010011100100000001000000010000000100100001011000010010100111111001001010010011100 
4 2 1 3 1 2 0 0  10010100100101001001010010010000100100001001000010010000100000001001111111111101111111111111110010010000100100001000000010000000100000001000000010000000100100001011000010010100111111001001010010011100 
4 2 1 3 1 2 2 0  10010100100101001001010010111111111111111111111110111111111111111111111111111111111111111111111111111111110101111111111111111100100111111011110010111110100100001011000010010100111111111001010010011100 
4 0 0 0 0 0 0 0  10010000100100001001000010010000100100001001000010010000100000001000000010000000100111111000000010010000100100001000000010000000100000001000000010000000100000001000000010000000100000001001000010011100 
4 1 1 3 1 2 2 0  10010000100101001001000010010000100100001001000010010000100000001000000010000000100111111111110010010000100101001000000010011100100111111011110010111110100100001111111010010100111111001001010010011100 
4 2 1 3 1 2 2 2  10011101100101001001010010111111111111111111111111111111111111111111111111111111111111111111111111111111111111111111111111111111111111111111111111111111111111111111111111111111111111111111111111111111 
4 2 1 3 1 2 2 0  10010000100100001001000010010000100100001001000010010000100111111111111111111100011111111111110010010000100101001000000010011100100111111011110010111110101100001011000010010100111100001001010010011100 
4 2 1 3 1 2 2 0  10010100100100001001000010010000100100001001000010010000100000001001110010000000100000001000000010010000100100001000000010011100100000001000000010111110100100001011000010010100111111111001010010011100 
4 2 1 3 1 2 2 0  10010000100100001001000010010000100100001001000010010000100000001000000010000000100111111111110010010000111111111111110010011100100111111011110010111110100100001111111010010100111111001001010010011100 
4 0 0 0 0 0 0 2  10010000100000001000000010000000100000001000000010000000100000001000000010000000100000001000000010000000100000001000000010000000100000001000000010000000100000001000000010000000100000001001000010010001 
4 2 1 3 1 2 2 0  10010100100100001001000010010000100100001001000010010000100000001000000010000000100111111111110010010000100101001000000010011100100111111011111111111110100100001111111010010100111111001001010010011100 
4 2 1 3 1 0 0 0  10010000100100001001000010010000100100001001000010010000100000001111110010000000101111111111100010010000100100001000000010011100100000001001110010111110100100001011000010010100111111001001010010011100 
4 2 1 3 1 2 2 0  10010000100100001001000010010000100100001001000010010000100000001001110010000000100000001000000010010000111111111111110010011100100111111011110010111110100100001011000010010100111111001001010010011100 
4 2 1 3 1 2 2 2  11111101111111111101010010111111111111111111111111111111111111111111111111111111111111111111111111111111111111111111111111111111111111111111111111111111111111111111111111111110111111001001010010011111 
4 2 1 3 1 2 2 0  10010100100101001001010010010000100100001001000010010000100111111111000010000000100111111000000010010000100101111111110010011100100111111011110010111110100100001011000010010100111111001001010010011100 
4 2 1 3 1 2 2 0  10010101100101001001010010111111111111111111111111111111111111111111111111111111111111111111111111111111111111111111110010011100100111111011110010111110100100001011000010010100111111001001010010011100 
4 2 1 3 1 2 2 2  11111111111111111101010010111111111111111111111111111111111111111111111111111111111111111111111111111111111111111111111111111111111111111111111111111111111111111111111111111111111111111001010010011111 
4 1 1 3 1 2 2 0  10010000100101001001000010010000100100001001000010010000100000001000000010000000100111111111110010010000100101001111110010011100100111111011110010111110100100001111111010010100111111001001010010011100 
4 2 0 3 1 2 2 0  10010000100100001001010010010000100100001001000010010000100111111111111111111101111111111111110010010000111111111111110010011100100111111011110010111110100100001011000010010100111111001001010010011100 
4 2 1 3 1 2 2 2  10011101100101001001010010111111111111111111111111111111111111111111111111111111111111111111111111111111111111111111110010011100100111111011110010111110100100001111111010010100111111001001010010011111 
4 2 1 3 1 2 2 0  10010101100101001001010010111111111111111111111111111111111111111111111111111111111111111111111111111111111111111111111111111111111111111111111111111111111111111111111010010100111111001001010010011100 
4 2 1 3 1 2 0 0  10010000100101001001000010010000100100001001000010010000100000001000000010000000100000001000000010010000100100001000000010011100100000001000000010000000100100001011000010010100111111001001010010011100 
4 1 0 0 1 2 2 0  10000000100000001001000010000000100000001000000010000000100000001000000010000000100000001000000010010000100101001000000010011100100111111011100010000000100100001011000010010100111111101001010010011100 
4 2 1 3 1 2 0 0  10010000100100001001000010010000100100001001000010010000100111111111000010000000100111111000000010010000100100001000000010000000100000001000000010000000100100001011000010010100111111001001010010011100 
