4 0 0 1 1 2 0 0  10000000100010001000000010000000100000001000000010000000100000001000000010000000100000001000000010000000100000001000000010011100100111001000000010000000100000001000000010000000100000001000000010000000 
4 0 0 0 0 0 0 0  10010000100100001001000010000000100100001000000010000000100000001000000010000000100000001000000010000000100000001000000010000000100000001000000010000000100000001000000010000000100000001000000010000000 
1 2 2 2 1 2 1 1  11111111111111111111111111111111111111111111111111111111111111111111111111111111111111111111111111111111111111111111111111111111111111111111111111111111111111111111111111111111111111111111111111111111 
5 0 0 1 0 0 1 0  10010000100100001000000010000000100000001000000010000000100000001000000010000000100000001000000010000000100000001000000010000000100000001000000010000000100000001000000010000000100000001001000010000000 
5 0 0 1 0 0 0 0  10000000100000001000000010000000100000001000000010000000100000001000000010000000100000001000000010000000100000001000000010000000100000001000000010000000100000001000000010000000100000001000000010000000 
5 0 0 1 0 0 1 0  10010000100000001000000010000000100000001000000010000000100000001000000010000000100000001000000010000000100000001000000010000000100000001000000010000000100000001000000010011100100000001001000010000000 
4 2 2 2 1 2 1 0  10011101100101011111111111111111111111111111111111111111111111111111111111111111111111111111111111111111111111111111111111111111111111111111111111111111111111111111111111111111111111111001010111110100 
5 0 0 1 0 0 0 0  10000000100000001000000010000000100000001000000010000000100000001000000010000000100000001000000010000000100000001000000010000000100000001000000010000000100000001000000010000000100000001000000010010000 
5 0 0 1 0 0 1 0  10000000100000001000000010000000100000001000000010000000100000001000000010000000100000001000000010000000100000001000000010000000100000001000000010000000100000001000000010000000100000001000000010010100 
4 0 0 1 1 2 1 0  10000000100010001000000010000000100000001000000010000000100000001000000010000000100000001000000010000000100000001000000010011100100111001000000010000000100000001000000010000000100000001000000010000100 
5 2 0 1 0 0 0 0  10000000100000001000000010000000100000001001000010010000100000001000000010000000100100001001000010010100100100001000000010000000100000001000000010000000100000001000000010000000100000001000000010010000 
4 2 2 2 1 2 1 0  10010100100101001001010010111100100101111001101110011100100011111111111111110000100111111001011010010100100100001011110110011100100111001001110010011100111111111111010010011100110111001001010011110100 
4 2 0 1 0 0 0 0  10010000100000001000000010000000100000001000000010000000100000001000000010000000100000001000000010000000100000001000000010000000100000001000000010000000100000001000000010000000100000001000000010010000 
4 2 2 2 1 2 1 0  10010100100101001001010010111100100101111001101110011100100011111111111111111111111111111001011111110100111111111111111110010100100111001001110010011111111111111111010010011100110111001001010111111110 
4 0 0 2 1 0 0 0  10000000100010001000000010000000100000001000000010000000100000001000000010000000100000001000000010000000100000001000000010000000100000001000000010000000100000001000000010000000100000001000000010000000 
5 0 0 2 1 2 1 0  10000000100000001000000010000000100000001000000010000000100000001000000010000000100000001000000010000000100000001000000010000000100000001000000010000000100000001000000010000000100000001001010110000000 
1 2 2 2 1 2 1 1  11111101100111001001010010111111111111111111011110011100100111111111111111111111111111111001011110010100100100001011110110011100100111001001110010011100111111111111010010011100110111001001010111111111 
4 0 0 2 1 0 0 0  10000000100010001000000010000000100000001000000010000000100000001000000010000000100000001000000010000000100000001000000010000000100000001000000010000000100000001000000010000000100000001000000010010100 
4 0 0 2 0 0 0 0  10010000100100001001000010110000100100001001000010010000100000001000000010000000100100001001000010000000100000001000000010000000100000001000000010000000100000001000000010000000100000001000000010000000 
5 0 0 1 0 2 0 0  10000000100000001000000010000000100000001000000010000000100000001000000010000000100000001000000010000000100000001000000010000000100000001000000010000000100000001000000010011100100000001001010010110100 
4 0 0 1 0 0 0 0  10010000100100001001000010110000100100001001000010010000100000001000000010000000100100001001000010010100100100001000000010000000100000001000000010000000100000001000000010000000100000001001010010110100 
4 2 2 2 1 2 0 0  10010100100100001001000010110000100100001001000010010000100000001000000010000000100100001001000010010100100100001000000010010100100111001001110010011100100000001001010010011100100000001000000010000000 
4 2 2 2 1 2 0 0  10010000100100001001000010110000100100001001000010010000100000001000000010000000100100001001000010010100100100001000000010010100100111001001110010011100100000001001010010011100100000001000000010000000 
4 2 2 2 1 2 1 1  10010101100111001001010010111111111111111111011111111100111111111111111111111111111111001001000010010100100111111111110110011100100111001001110010011100111111111111010010011100110111001001111111111111 
5 2 0 1 0 0 0 0  10010000100000001000000010000000100000001001000010010000100000001000000010000000100100001001000010010100100100001000000010000000100000001000000010000000100000001000000010000000100000001000000010010000 
4 2 2 2 1 2 1 0  10010100100101001001010010111100100101111001101110011100100011111111111111111111111111111001011111110100111111111111111110010100100111001001110010011100111100001001010010011100110111001001010111110100 
4 2 2 2 1 2 1 0  10010000100100001001010010111100100101111001101110011100100011111111111111110000100111111001011010010100100100001011110110011100100111001001110010011100111111111111010010011100110111001001010011110100 
4 0 2 2 1 2 1 0  10010100100101001001010010110000100100001001000010010000100000001000000010000000100100001001000010010100100100001000000010010100100111001001110010011100100000001001010010011100100000001000000010000100 
4 0 2 2 0 0 0 0  10010000100100001001000010110000100100001001000010010000100000001000000010000000100100001001000010010100100100001000000010000000100000001000000010000000100000001000000010000000100000001000000010010000 
4 2 2 2 1 2 1 0  10010000100100001001000010110000100100001001000010010000100000001011111111111111100100001001010010010100100100001011110110010100100111001001110010111100111111111111010010011100110111001001010010110100 
4 2 2 2 1 2 1 0  10010100100100001001000010110000100100001001000010010000100000001000000010000000100100001001000010010100100100001111111110010100100111001001110010011100111100001001010010011100110111001001010111110100 
4 2 2 2 1 2 1 1  10010100100101001001010010111111111111111111011110011100100111111111111111111111111111111001011111110100111111111111111111111100100111001001111111111100111111111111010010011100110111001001010111111111 
4 2 2 2 1 2 1 1  10010101100111001001010010111111111111111111011110011100100111111111111111111110100111111001011010010100100100001011110110011100100111001001110010011100111111111111010010011100110111001001010111111111 
5 2 0 2 1 2 1 0  10000000100000001000000010000000100000001001000010010000100000001000000010000000100100001001000010010100100100001000000010010100100111001001110010011100100000001000000010011100110111001001010010010100 
5 0 0 2 0 0 0 0  10000000100000001000000010000000100000001001000010010000100000001000000010000000100100001001000010010100100100001000000010010100100111001001000010000000100000001000000010000000100000001000000010000000 
4 2 2 2 1 2 1 0  10010100100100001001000010110000100100001001000010010000100000001000000010010000100111111001011010010100100100001011110110011100100111001001110010011100111111111111010010011100110111001001010011110100 
4 0 2 2 1 2 0 0  10010100100101001001010010110000100100001001000010010000100000001000000010000000100100001001000010010100100100001000000010000000100000001000000010000000100000001000000010000000100000001000000010010000 
4 2 2 2 1 2 0 0  10010000100100001001000010110000100100001001000010010000100000001000000010000000100100001001000010010100100100001000000010010100100111001001110010011100100000001001010010011100100000001001010111110100 
4 2 2 2 1 2 1 0  10010100100101001001000010110000100100001001000010010000100000001000000010000000100100001001000010010100100100001000000010010100100000001000000010000000100000001000000010011100100000001001010010110100 
4 2 2 2 1 2 1 1  10011101100111001001010010111111111111111111011111111100111111111111111111111110100111111001011010010100100100001101110110010100100111001001110010111100111111111111010010011100110111001001010111111111 
4 2 2 2 1 2 1 0  10010100100101001001010010110000100100001001000010011100100011111111111111110000100111111001011010010100100100001011110110011100100111001001110010011100111111111111010010011100110111001001010011110100 
5 0 0 1 1 2 1 0  10000000100000001000000010000000100100001001000010010000100000001000000010000000100100001001000010010100100100001000000010010100100111001001110010011100100000001001010010011100110111001001010111110100 
4 2 2 2 1 2 1 0  10010100100100001001000010110000100100001001000010010000100000001000000010010000100111111001011010010100100100001011110110011100100111001001110010011100111100001001010010011100110111001001010111110100 
4 2 2 2 1 2 1 0  10010000100100001001010010110000100100001001000010011100100111001011111111111110100111111001011010010100100100001011111110010100100111001001110010011100111111111111010010011100110111001001010111110100 
4 2 2 2 1 2 1 0  10010000100100001001000010110000100100001001000010010000100000001000000010000000100100001001000010010100100100001000000010010100100111001001110010011100100000001001010010011100110111001001010011110100 
5 0 0 1 1 2 1 0  10000000100000001000000010000000100000001001000010010000100000001000000010000000100100001001000010010100100100001000000010010100100111001001110010011100100000001000000010011100110111001001010010000000 
4 0 2 2 1 2 0 0  10010000100100001001000010110000100100001001000010010000100000001000000010000000100100001001000010010100100100001011110110011100100111001000000010000000100000001000000010000000100000001000000010010000 
4 2 2 2 1 2 1 1  10011101100101011111110010111100100111111111111111111111111111111111111111111111111111111111111111111111111111111111111111111111111111111111111111111111111111111111010010011100110111001001010111111111 
4 2 2 2 1 2 1 1  10010101100111001001010111111111111111111111011111111100111111111111111111111111111111111111111111110100100111111111110110011100100111001001110010011100111111111111010010011100110111001001010111111111 
4 0 2 2 0 2 1 0  10010000100100001001000010110000100100001001000010010000100000001000000010010000100111111001011010010100100100001011110110011100100111001001110010011100111100001001010010011100110111001001010111110100 
5 0 0 2 1 2 1 1  10000000100000001000000010000000100100001001000010010000100000001000000010000000100100001001000010010100100100001000000010010100100111001001110010011100100000001000000010011100110111001001010010010111 
4 2 2 2 1 2 1 0  10010100100101001001010010110000100100001001000010010000100000001111111111110000100111111001011010010100100100001011110110011100100111001001110010011100111100001001010010011100110111001001010111110100 
4 2 2 2 1 2 1 0  10010100100101001001010010111100100101111001101110011100100011111111111111110000100111111001011010010100100100001011110010010100100111001001110010011100100000001001010010011100100111001001010111110100 
4 2 2 2 1 2 1 0  10010000100100001001000010110000100100001001000010010000100000001111111111110000100111111001011010010100100100001011110110011100100111001001110010011100111100001001010010011100110111001001010111110100 
4 0 2 2 1 2 0 0  10010100100101001001010010110000100100001001000010010000100000001000000010000000100100001001000010010100100100001011110110011100100111001000000010000000100000001000000010000000100000001000000010010000 
1 2 2 2 1 2 1 1  11111101011101011111111111111111111111111111111111111111111111111111111111111111111111111111111111111111111111111111111111111111111111111111111111111111111111111111111111111111111111111111111111111111 
4 2 2 2 1 2 1 1  10011101100101011111110010111100100111111111111110011100100011111111111111111111111111111001011111110100111111111111111110010100100111001001110010011100111111111111111111011100110111001001010111111111 
5 0 0 1 0 0 0 0  10000000100000001000000010000000100000001000000010000000100000001000000010000000100000001000000010000000100000001000000010000000100000001000000010000000100000001000000010000000100000001001010111110100 
4 0 2 2 1 2 1 0  10010100100101001001010010110000100100001001000010010000100000001000000010000000100100001001011010010100100100001011000010010100100111001001110010011100111100001001010010011100110111001001010010110100 
1 2 2 2 1 2 1 1  11111101011101011111111111111111111111111111111111111111111111111111111111111111111111111111111111111111111111111111111111111111111111001001110010011100111111111111010010011100110111001001010111110101 
4 2 2 2 1 2 1 1  10011101100101011111110010111100100101111001101110011100100011111111111111111111111111111111111111111111111111111111111111111111111111111111111111111111111111111111010010011100110111001001010111111111 
1 2 2 2 1 2 1 1  11111101111111111111111111111111111111111111111111111111111111111111111111111111111111111111111111111111111111111111111111111111111111111111111111111111111111111111111111111111111111111111111111111111 
4 0 0 1 1 2 0 0  10000000100010001000000010000000100000001000000010000000100000001000000010000000100000001000000010000000100000001000000010011100100111001000000010000000100000001000000010011100100000001001000010000000 
1 2 2 2 1 2 1 1  11111101111111111111111111111111111111111111111111111111111111111111111111111111111111111111111111111111111111111111111111111111111111111111111111111110111111111111010010011100110111001001010111110101 
4 2 2 2 1 2 1 0  10010100100101001001010010110000100100001001000010010000100000001011110010111111111111111001000010010100100100001101110110010100100111001001110010111100111111111111010010011100110111001001010011110100 
4 2 2 2 1 2 0 0  10010100100101001001010010110000100100001001000010010000100000001000000010000000100100001001000010010100100100001011000010011100100000001000000010000000100000001000000010011100100000001001010010110100 
4 2 2 2 1 2 1 0  10010000100100001001010010110000100100001001000010011100100111111111111111111111111100001001011010010100100100001011000010010100100111001001110010011100111100001001010010011100110111001001010010110100 
4 2 2 2 1 2 1 0  10010100100101001001010010110000100100001001000010010000100000001000000010010000100111111001011010010100100100001011110110011100100111001001110010011100111100001001010010011100110111001001010111110100 
4 0 2 2 1 2 1 0  10010000100100001001000010110000100100001001000010010000100000001000000010000000100100001001000010010100100100001011110110011100100111001001110010011100111100001001010010011100110111001001010111110100 
4 2 0 1 1 2 0 0  10010100100100001001000010110000100100001001000010010000100000001000000010000000100100001001000010010100100100001000000010010100100111001001110010011100100000001001010010011100110111001001000010000000 
4 0 2 2 1 2 0 0  10010100100101001001010010110000100100001001000010010000100000001000000010000000100100001001000010010100100100001011000010010100100111001001110010011100111100001001010010011100110111001001010010110100 
4 2 2 2 1 2 0 0  10010000100100001001010010110000100100001001000010011100100111001011000010000000100100001001000010010100100100001000000010010100100111001001110010011100111100001001010010011100110111001001010111110100 
4 2 2 2 1 2 1 1  10011101100101011111111111111111111111111111111111111111111111111111111111111111111111111111111111111111111111111111111111111111111111111111111111111111111111111111010010011100110111001001010111111111 
4 2 2 2 1 2 1 1  10011101100101011111111111111111111111111111111111111111111111111111111111111111111111111111111111111111111111111111111110011100100111001001110010011100111111111111010010011100110111001001010111111111 
5 0 0 1 0 0 0 0  10010000100000001000000010000000100000001000000010000000100000001000000010000000100000001000000010000000100000001000000010000000100000001000000010000000100000001000000010000000100000001000000010000000 
4 2 2 2 1 2 1 0  10010000100101001001010010110000100100001001000010010000100000001000000010000000100100001001000010010100100100001011000010010100100111001001110010011100111100001001010010011100110111001001010111110100 
4 2 2 2 1 2 1 1  10011101100111001001010010111111111111111111111111111111111111111111111111111110100111111111111110010100100111111111110110011100100111001001110010011100111111111111010010011100110111001001010111110101 
4 2 2 2 1 2 1 0  10011101100101011111110010111100100111111111111111111111111111111111111111111111111111111001000010010100100100001011110110011100100111001001110010011100111111111111010010011100110111001001010111110100 
4 2 2 2 1 2 1 0  10010000100101001001010010110000100101111001000010010000100000001000000010000000100100001001000010010100100100001000000010010100100111001001110010011100100000001000000010011100110111001001010010000000 
4 0 2 2 1 2 0 0  10010100100101001001010010110000100100001001000010010000100000001000000010000000100100001001000010010100100100001000000010010100100111001001000010001100100000001001010010011100100111001001010111110100 
1 2 2 2 1 2 1 1  11111111111111111111111111111111111111111111111111111111111111111111111111111111111111111111111111111111111111111111111111111111100111001001110010011100111111111111010010011100110111001001010111110101 
1 2 2 2 1 2 1 1  11111101100101011111111111111100100101111001101110011100100011111111111111111111111111111001011111110100110111111111111111111111111111101001110010011100111111111111010010011100110111001001010111110101 
4 2 2 2 1 2 0 0  10010000100100001001010010110000100100001001000010010000100000001000000010000000100100001001000010010100100100001011000010010100100111001001110010011100111100001001010010011100110111001001010010110100 
1 2 2 2 1 2 1 1  11111101100111001001010010111111111111111111011111111100111111111111111111111111111111111111111111111111111111111111111111111111111111111111111111111111111111111111010010011100110111001001010111111111 
5 2 0 2 1 2 0 0  10000000100000001000000010000000100000001001000010010000100000001000000010000000100100001001000010010100100100001000000010000000100000001000000010000000100000001001010010011100110111001001010111110100 
4 0 2 2 0 2 0 0  10010000100100001001000010110000100100001001000010010000100000001000000010010000100111001001000010010100100100001000000010000000100000001000000010000000100000001000000010000000100000001000000010010000 
1 2 2 2 1 2 1 1  11111101011101011111111111111111111111111111111111111111111111111111111111111111111111111111111111111111110100001011110110011100100111001001110010011100111100001001010010011100110111001001010111110101 
4 2 2 2 1 2 1 1  11111101100111001001010010111111111111111111111111111111111111111111111111111110100111111111111110010100100111111111110110011100100111001001110010011100111111111111010010011100110111001001010111110101 
4 0 0 1 0 0 0 0  10010000100101001001010010110000100100001001000010010000100000001000000010000000100100001001000010010100100100001011110110011100100111001001110010011100111100001001010010000000100000001000000010000000 
4 2 2 2 1 2 1 1  10010000100100001001010010110000100100001001000010011100100111111111111111111111111111111001000011110100100111111111110110011100100111001001110010011100111111111111010010011100110111001001010111110101 
5 0 0 2 1 2 1 0  10000000100000001000000010000000100000001000000010000000100000001000000010000000100000001000000010010100100100001000000010010100100111001001110010011100100000001000000010011100110111001001010010000000 
4 2 2 2 1 2 1 0  10010000100101001001010010110000100100001001000010010000100000001000000010000000100100001001000010010100100100001011110110011100100111001001110010011100111111111111010010011100110111001001010111110100 
4 2 2 2 1 2 0 0  10010100100101001001000010110000100100001001000010010000100000001000000010000000100100001001000010010100100100001000000010010100100111001001110010011100100000001001010010011100100000001001010111110100 
1 2 2 2 1 2 1 1  11111101111111111111111111111111111111111111111111111111111111111111111111111111111111111111111111111111111100001101110110010100100111001001110010111100111111111111010010011100110111001001010111111111 
1 2 2 2 1 2 1 0  10010100100100001001000010110000100100001001000010010000100000001111111111111111111111111001000010010100100100001011110110011100100111001001110010011100111100001001010010011100110111001001010111110100 
4 0 2 2 1 2 0 0  10010000100100001001000010110000100100001001000010010000100000001000000010000000100100001001000010010100100100001011100010010100100111001001110010010000100000001000000010000000100000001000000010010000 
4 0 2 2 0 2 0 0  10010000100100001001000010110000100100001001000010010000100000001000000010010000100111001001000010010100100100001000000010000000100000001000000010000000100000001000010010011100110111001001010010110100 
4 2 2 2 1 2 1 0  10010000100100001001010010110000100100001001000010011100100111001011000010000000100100001001011010010100100100001011110110011100100111001001110010011100111100001001010010011100110111001001010111110100 
4 2 2 2 1 2 1 0  10010000100100001001010010110000100100001001000010011100100111001011000010000000100100001001000010010100100100001000000010010100100111001001111111111100111100001001010010011100110111001001010111110100 
4 2 2 2 1 2 0 0  10010100100100001001000010110000100100001001000010010000100000001000000010000000100100001001000010010100100100001000000010010100100111001001110010011100100000001001010010011100110111001001010111110100 
