7 0 0 0 0 0 0 0  10000000100000001000000010000000100000001000000010000000100000001000000010000000100000001000000010000000100000001000000010000000100000001000000010000000100000001000000010000000100000001000000010000000 
7 1 0 0 0 0 0 0  10000000100100001000000010000000100000001000000010000000100000001000000010000000100000001000000010000000100000001000000010000000100000001000000010000000100000001000000010000000100000001000000010000000 
4 0 0 0 0 0 0 0  10001000100010001000100010000000100000001000000010000000100000001000000010000000100000001000000010000000100000001000000010000000100000001000000010000000100000001000000010000000100000001000000010000000 
0 1 1 2 2 2 2 0  11111111111111111111111111111111111111111111111111111111111111111111111111111111111111111111111111111111111111111111111111111111111111111111111111111111111111111111111111111111111111111111111111111110 
4 1 1 2 2 2 2 0  10001000100011001000100010001100100010001000110010001100111111101001110001011111111111111111111111111111111111111001010110001000101010001000110010001000111011101010110010011100100011001001101010011100 
7 0 0 0 0 0 0 0  10000000100000001000000010000000100000001000000010000000100000001000000010000000100000001000000010000000100000001000000010000000100000001000000010000000100000001000000010000000100000001001101010000000 
4 0 0 0 0 0 0 0  10010000100000001000000010000000100000001000000010000000100000001000000010000000100000001000000010000000100000001000000010000000100000001000000010000000100000001000000010000000100000001001101010000000 
4 1 1 2 2 2 2 0  10001100100011001000110010001100100010001000110010001100111111101001110001011111111111111111111111110000100100001001010110001000101010001000110010001000111011101010100010011100100011001001101010011100 
4 1 1 2 2 2 2 0  10011100100101001000110011111111111111001000110010001100111111101001110001011111111111111111111111110000100100001001010110001000101010001000110010001000111011101111110010011100100011001001101010011110 
7 0 0 0 0 0 0 0  10000000100000001000000010000000100000001000000010000000100000001000000010000000100000001000000010000000100000001000000010000000100000001000000010000000100000001000000010000000100000001000100010000000 
4 1 1 2 2 2 2 0  10011101111111000111110011111111111111011111111111111111111111111111111111111111111111111111111111111111111111111111111111111111111111111111111111111111111111101111110010011100100011001001101010011100 
4 1 1 2 2 2 2 0  11111101111111000111110011111111111111111111111111111111111111111111111111111111111111111111111111111111111111111111111111111111111111111111111111111111111111111111111111111111111111111111111111111110 
4 1 1 2 2 2 2 0  11111101111111111111111111111111111111111111111111111111111111111111111111111111111111111111111111111111111111111111111111111111111111111111111111111111111111111111111111111111111111111111111111111110 
7 1 1 2 2 2 0 0  10000000100000001000000010000000100000001000110010001100100000001001110010000000100111111111110010000000100100001001010111101000100000001000110010000000100000001000100010001100100010001001100010000000 
4 1 1 2 2 2 0 0  10001000100010001000110010001100101010001000110010001100100000001001110010000000100111111111110010000000100100001001010110001000101010001000110010000000100000001000000010011100100010001001100010000000 
7 0 1 2 2 2 0 0  10000000100000001000000010000000100000001000000010000000100000001000000010000000100000001000000010000000100000001000000010000000100000001000110010000000100000001000100010001100100010001000000010011100 
4 1 1 2 2 2 0 0  10001100100011001000110010001100100010001000110010001100100000001001110010000000100111111111110010000000100100001001010110001000101000001000110010000000100000001000100010001100100010001000000010011100 
4 1 1 2 2 2 2 0  11111101111111000111110011111111111111001000110010001100111111111111111111111111111111111111111111111111111111111111111111111111111111111111111111111110111011101010110010011100100011001001101010011100 
4 1 1 2 2 2 0 0  10001000100011001000100010001100100010001000110010001100100000001001110010000000100111111111110010000000100100001001010110001000101010001000110010001000111011111000100010001100100010001001100010000000 
7 0 0 2 2 2 0 0  10000000100000001000000010000000100000001000000010000000100000001000000010000000100000001000000010000000100100001001010111101000100000001000110010000000100000001000100010001100100010001001100010000000 
7 0 0 0 0 0 0 0  10010000100000001000000010000000100000001000000010000000100000001000000010000000100000001000000010000000100000001000000010000000100000001000000010000000100000001000000010000000100000001000000010000000 
4 0 0 0 0 1 0 0  10001000100010001000100010001000100010001000110010000000100000001000000010000000100000001000000010000000100000001000000010000000100000001000000010000000100000001000000010000000100000001000000010000000 
4 0 0 0 2 2 0 0  10001100100011001000110010001100100010001000110010000000100000001000000010000000100000001000000010000000100000001000000010000000100000001000110010000000100000001000100010001100100010001001100010000000 
4 1 1 2 2 2 0 0  10001000100010001000100010001100100010001000110010001100100000001001110010000000100111111111110010000000100100001001010111101000100000001000110010000000100000001000100010001100100010001001100010000000 
4 1 1 2 2 2 0 0  10001100100011001000100010001100100010001000110010001100100000001000000010000000100000001000000010000000100000001000000010000000100000001000110010000000100000001000100010001100100010001001100010011100 
7 1 1 2 2 2 0 0  10000000100000001000000010000000100000001000000010001100100000001001110010000000100111111111110010000000100100001001010111101000100000001000110010000000100000001000100010001100100010001001100010000000 
4 1 1 2 2 2 0 0  10001100100011001000110010001100100010001000110010001100100000001001110010000000100111111111110010000000100100001001010110001000101010001000110010001000111011101111110010011100100011001001101010011100 
4 0 0 0 0 0 0 0  10001000100010001000000010000000100000001000000010000000100000001000000010000000100000001000000010000000100000001000000010000000100000001000000010000000100000001000000010000000100000001000100010000000 
4 1 1 2 2 2 2 0  10001000100011001000100010001100100010001000110010001100100000001001110010000000100111111111110010000000100100001001010110001000101010001000110010001000111011111000100010001100100010001001100010011100 
7 0 0 2 2 2 0 0  10000000100000001000000010000000100000001000000010000000100000001000000010000000100000001000000010000000100000001000000010000000100000001000110010000000100000001000100010001100100010001001100010000000 
4 1 1 0 2 2 0 0  10001000100011001000110010001100100010001000110010001100100000001001110010000000100111111111110010000000100100001001010110001000101010001000110010001000111011101111110010001100100010001001100010011100 
4 1 1 2 2 2 0 0  10001000100011001000110010001100100010001000110010001100100000001001110010000000100111111111110010000000100100001001010111101000101011001000110010000000100000001000100010001100100010001001100010000000 
4 1 1 2 2 2 0 0  10001100100011001000110010001100100010001000110010001100100000001001110010000000100110001000000010000000100000001000000010000000100000001000110010000000100000001000100010001100100010001001100010011100 
4 1 1 2 2 2 2 0  10011100100101001011110011111111111111001000110010001100100111101001111111111111111111111111110010011111111111111111111111101000101011001111110010001000111011101011110010011100100011001001101010011100 
7 0 0 2 2 2 2 0  10000000100000001000000010000000100000001000000010000000100000001000000010000000100000001000000010000000100000001000000010000000100000001000110010000000100000001000100010001100100010001001100010011100 
4 1 1 2 2 2 2 0  10001100100011001000110010001100100010001000110010001100111111001001110010000000100111111111110010000000100100001001010110001000101010111111110010001000111011101011110010011100100011001001101010011100 
4 1 1 2 2 2 0 0  10001000100010001000110010001100100010001000110010001100111111001001110010000000100111111111110010000000100100001001010110001000101010001000110010001000111011101011110010001100100010001001100010000000 
7 1 0 0 0 0 0 0  10000000100100001000000010000000100000001000000010000000100000001000000010000000100000001000000010000000100000001000000010000000100000001000000010000000100000001000000010000000100000001001100010000000 
4 1 0 2 2 2 0 0  10001100100011001000110010001100100010001000110010001100100000001001110010000000100000001000000010000000100000001000000010000000100000001000000010000000100000001000100010001100100010001001100010011100 
4 1 1 2 2 2 2 0  10001000100010001000110010001100100010001000110010001100111111001001110010000000100111111111110010000000100100001001010110001000101010001000110010011111111111111100110010011100100011001001101010011100 
4 1 1 2 2 2 0 0  10001100100011001000110010001100101010001000110010001100100000001001110010000000100100001000000010000000100100001001010111101000100000001000110010000000100000001000100010001100100010001001100010000000 
4 1 1 2 2 2 2 0  10001000100010001000100010001000100010001000110010001100100000001001110010000000100111111111110010000000100100001001010110001000101010001000110010001000111011101111110010001100100010001001100011111110 
7 1 0 2 2 2 0 0  10000000100100001000000010000000100000001000000010000000100000001000000010000000100000001000000010000000100100001001010111101000100000001000110010000000100000001000100010001100100010001001100010000000 
4 1 1 2 2 2 0 0  10001100100011001000110010001100101011001000110010001100100000001001110010000000100111111111110010000000100100001001010110001000101010001000110010000000100000001000100010001100100010001001100010011100 
4 1 0 2 2 2 0 0  10001000100010001000100010001100100010001000110010001100100000001001110010000000100111111111110010000000100100001001010111101000100000001000110010010000100000001000100010001100100010001001100010011100 
4 1 0 2 2 2 0 0  10001000100010001000100010001100100010001000110010001100100000001001110010000000100111111111110010000000100100001001010111101000100000001000110010010000100000001000100010001100100011001001101010011100 
4 1 1 2 2 2 0 0  10001000100010001000100010001000100010001000110010001100100000001001110010000000100111111111110010000000100000001000000010000000100000001000000010000000100000001000100010001100100010001001100010011100 
7 0 0 2 2 2 0 0  10000000100000001000000010000000100000001000000010000000100000001000000010000000100000001000000010000000100000001000000010000000100000001000000010000000100000001000000010011100100011001001100010000000 
7 0 1 2 2 2 0 0  10000000100000001000000010000000100000001000000010000000100000001000000010000000100111111111110010000000100100001001010111101000100000001000110010000000100000001000100010001100100010001001100010011000 
7 1 0 0 0 0 0 0  10000000100100001000000010000000100000001000000010000000100000001000000010000000100000001000000010000000100000001000000010000000100000001000000010000000100000001000000010000000100010001001100010000000 
4 1 1 2 2 2 0 0  10001000100010001000100010001000100010001000110010001100100000001001110010000000100111111111110010000000100100001001010110001000101010001000000010000000100000001000000010000000100000001000000010000000 
4 1 1 2 2 2 0 0  10001100100010001000100010001100101010001000110010001100100000001001110010000000100111111111110010000000100100001001010111101000100000001000110010001000111011001000100010001100100010001001100010000000 
4 1 1 2 2 2 0 0  10001100100010001000100010001100101010001000110010001100100000001001110010000000100111111111110010000000100100001001010111101000100000001000110010001000111011001000100010001100100010001011111010011100 
4 0 0 0 2 2 0 0  10001000100010001000100010001100100010001000110010000000100000001000000010000000100000001000000010000000100000001000000010000000100000001000110010000000100000001000100010001100100010001001101010011100 
0 1 1 2 2 2 2 0  11111111111111111111111111111111111111111111111111111111111111111111111111111111111111111111111111111111111111111111111111111111111111111111111111011000111011101111110010011100100011001001101010011100 
7 1 1 2 2 2 0 0  10000000100100001000000010000000100000001000000010000000100000001000000010000000100000001000000010000000100000001000000010000000100000001000110010000000100000001000100010001100100010001001100010011000 
7 1 0 2 2 2 0 0  10000000100100001000000010000000100000001000000010000000100000001000000010000000100000001000000010000000100000001000000010000000100000001000000010000000100000001000100010001100100010001001100010011100 
4 1 1 2 2 2 2 0  10001000100010001000100010001000100010001000110010001100100000001001110010000000100111111111111111111000100100001001010110001000101010001000110010011000111011101011110010011100100011001001101010011100 
4 1 1 2 2 2 2 0  10001100100011001000110010001100101011001000110010001100100111101001111111111111111111111111110010011111111111111111110110001000101010001000110010011000111011101111110010011100100011001001101010011100 
4 1 1 2 2 2 2 0  11111101111111111111110011111111111111111111111111111111111111111111110001011111111111111111111111111111111111001001010111111111111111001000110010011000111011101011110010011100100011001001100010011100 
4 1 1 2 2 2 2 0  10001100100011001000110010001100101111001000110010001100111111111111111111111111111111111111111111111111111111111001010111111111111111001000110010011111111111111100110010011100100011001001111010011100 
4 0 0 0 2 2 0 0  10001100100011001000110010001100100010001000110010001100100000001000000010000000100000001000000010000000100000001000000010000000100000001000110010000000100000001000100010001100100010001001100010000000 
4 0 0 0 0 0 0 0  10001000100010001000100010001000100010001000000010000000100000001000000010000000100000001000000010000000100000001000000010000000100000001000000010000000100000001000000010000000100000001000100010000000 
4 1 1 2 2 2 2 0  10001100100011001000110010001100101111001000110010001100100111101001110001011111111111111111111111111000100100001001010110001111111111111111111111111111111111101011110010011100100011001001100010011100 
4 1 1 2 2 2 0 0  10001100100011001000110010001100101111001000110010001100100000001001110010000000100111111111110010000000100100001001010110001000101010001000110010000000100000001000100010001100100011001001101010011100 
4 0 0 2 2 2 0 0  10001000100011001000110010001100100010001000110010001100100000001001110010000000100111111111110010000000100100001001010110001000101010001000110010000000100000001000100010001100100010001001100010000000 
4 1 1 2 2 2 0 0  10001000100010001000100010001000100010001000110010001100100000001001110010000000100111111111110010000000100100001001010110000000100000001000110010000000100000001000100010001100100010001001100010000000 
4 1 1 2 2 2 0 0  10001100100010001000100010001100101010001000110010001100100000001001110010000000100111111111110010000000100100001001010111101000100000001000110010001000111011101011110010011100100011001001111010011100 
4 1 1 2 2 2 0 0  10001100100010001000100010001000100010001000110010001100100000001001110010000000100111111111110010000000100100001001010110000000100000001000110010000000100000001000100010001100100010001001100010000000 
7 0 0 0 0 0 0 0  10000000100000001000000010000000100000001000000010000000100000001000000010000000100000001000000010000000100000001000000010000000100000001000000010000000100000001000000010000000100010001001100010011000 
4 1 0 2 2 2 0 0  10001100100010001000110010001100100010001000110010001100111111001001110010000000100111111111110010000000100100001001010110001000101010001000110010001000100000001000000010011100100011001001100010000000 
4 1 1 2 2 2 2 0  10011101111111001001110011111111111111001000110010001100100111101001110001011111111111111111111111111110100100001001010110001000101010111111110010001000111011101011110010011100100011001001111010011100 
4 1 1 2 2 2 2 0  11111101111101001011110011111111111111001000110011111100111111111111111111111111111111111111111111111111111111111001010111111111111111001000110010011111111111111100110010011100100011001001111010011100 
4 0 0 2 2 2 0 0  10001000100010001000100010001000100010001000000010000000100000001000000010000000100000001000000010000000100000001000000010000000100000001000000010000000100000001000000010001100100010001001100010011100 
4 1 1 2 2 2 2 0  10011100100101001011110011111100101111001000110010001100100111101001110001011111111111111111111111111000111111111111110110001000101010001000110010011000111011101111110010011100100011001001100010011100 
4 1 1 2 2 2 2 0  11111101111111001001110011111111111111001000110010001100100111101001110001011111111111111111111111111000111111111111110110001000101010001000110010011000111111111100110010011100100011001001111010111110 
4 1 1 2 2 2 2 0  10011101111111001001110011111111111111001000110010001100111111111111111111111111111111111111111111111111111111111111111111111111111111111111111111111111111111111111111111111111111111111111111111111110 
4 1 1 2 2 2 2 0  10001100100011001000110010001100101011001000110010001100100000001001110010000000100111111111110010000000100100001001010110001000101010001000110010001000111011101011110010011100100011001001111010011100 
4 1 1 2 2 2 2 0  10001000100011001000100010001100100010001000110010001100100000001001110010000000100111111111110010000000100100001001010110001000101010001000110010001001111111111100110010011100100011001001111010011100 
4 1 1 2 2 2 2 0  10001000100010001000110010001100100010001000110010001100111111001001110010000000100111111111110010000000100100001001010110001000101010001000110010001000111011101011110010001100100010001001111010011100 
4 1 1 2 2 2 2 0  11111101111111111111110011111111111111111111111111111111111111111111111111111111111111111111111111111111111111111111111111111111111111111111111111111111111111111111111111111111111111111111111111111110 
4 1 1 2 2 2 2 0  11111101111111111111110011111111111111111111111111111111111111111111110001011111111111111111111111111111111111111111111111111111111111111111111110011011111111101111110010011100100011001001100010011100 
4 1 1 2 2 2 2 0  10001100100011001000110010001100101011001000110010001100100111101001110001011111111111111111111111111000100100001001010110001000101111111000110010001000111011111000100010001100100011001001101010011100 
4 1 1 2 2 2 0 0  10001000100010001000110010001100100010001000110010001100111111001001110010000000100111111111110010000000100100001001010110001000101010001000110010001000100000001000100010001100100010001001100010000000 
4 1 0 2 2 2 0 0  10001000100010001000100010001000100010001000110010001100100000001000000010000000100000001000000010000000100000001000000010000000100000001000000010000000100000001000100010001100100010001001100010000000 
4 0 0 2 2 2 0 0  10010000100000001000000010000000100000001000000010000000100000001000000010000000100000001000000010000000100000001000000010000000100000001000000010000000100000001000000010000000100010001001100010011000 
7 1 0 2 2 2 0 0  10000000100100001000000010000000100000001000000010000000100000001000000010000000100000001000000010000000100000001000000010000000100000001000000010000000100000001000000010011100100011001001100010000000 
4 1 1 2 2 2 2 0  11111101111111111111111111111111111111111111111111111111111111111111111111111111111111111111111111111111111111111111111111111111111111111111111111111111111111111111111010011100100011001001111010011100 
4 1 1 2 2 2 2 0  10011101111111001001110010001100100011001000110010001100111111111111111111111111111111111111111111111111111111111111111111111111111111111111111111111111111111111111111010011100100011001001111010011100 
4 0 0 2 2 2 0 0  10001000100010001000100010001000100010001000110010000000100000001000000010000000100000001000000010000000100000001000000010000000100000001000000010000000100000001000100010001100100010001001100010011100 
4 1 1 2 2 2 2 0  10011101111111001001110011111111111111001000110010001100100111101001110001011111111111111111111111111111111111111111111111111111111111111111111111111111111111111111111111111111111111111111111111111110 
4 1 1 2 2 2 2 0  10011100100101001011110111111111111111111111111111111111111111111111111111111111111111111111111111111111111111111111111111111111111111111111111111111111111111111111111111111111111111111111111111111110 
4 1 1 2 2 2 2 0  10011100100101001011110011111100101111001000110010001100100111101001111111111111111111111111110010011111111111111111111111111111111111111111111111111111111111111111111010011100100011001001111010011100 
4 1 1 2 2 2 2 0  10011100100101001011110011111100101111111111111111111111111111111111111111111111111111111111111111111111111111111111111111111111111111111111111111111111111111111111111111111111111111111111111111111110 
4 1 1 2 2 2 0 0  10001100100010001000100010001000100010001000110010001100100000001001110010000000100111111111110010000000100100001001010110000000100000001000110010000000100000001000100010001100100010001001101010011100 
7 0 0 2 2 2 0 0  10000000100000001000000010000000100000001000000010000000100000001000000010000000100000001001110010000000100100001001010111101000100000001000110010000000100000001000100010001100100010001001100010000000 
4 1 1 2 2 2 2 0  10011101111111001001110011111111111111001000110010001100100111101001110001011111111111111111111111111111111111111001010111111111111111001000111110001000111011101111110010011100100011001001101010011100 
4 1 1 2 2 2 0 0  10000000100000001000000010000000100000001000000010000000100000001000000010000000100000001000010010000000100100001001010110001000101010001000110010000000100000001000100010001100100010001001100010011100 
4 1 1 2 2 2 2 0  10011100100101001011110011111100101011001000110010001100100000001001110010000000100111111111110010000000100100001001010110011111111111001000110010011111111011101111110010011100100011001001100010011100 
4 1 1 2 2 2 2 0  10011100100101001011110011111100101111001111111111111111111111111111111111111111111111111111111111111111111111111111111111111111111111111111111111111111111111111111111110011100100011001001100010011100 
