6 0 0 0 0 0 0 0  10010000100000001000000010000000100000001000000010000000100000001000000010000000100000001000000010000000100000001000000010000000100000001000000010000000100000001000000010000000100000001000000010000000 
6 0 0 0 0 0 0 0  10000000100000001000000010000000100000001000000010000000100000001000000010000000100000001000000010000000100000001000000010000000100000001000000010000000100000001000000010000000100000001000000010000000 
2 2 0 2 0 2 2 0  11111111111111111111111111111111111111111111111111111111111111111111111111111111111111111111111111111111111111111111111111111111111111111111111111111111111111111111111111111111111111111111111111111110 
4 0 0 0 0 0 0 0  10000000100000001000000010001000100000001000000010000000100000001000000010000000100000001000000010000000100000001000000010000000100000001000000010000000100000001000000010000000100000001000000010000000 
4 0 0 2 0 0 0 0  10010000100100001000000010000000100000001000000010000000100000001000000010000000100000001000000010000000100000001000000010000000100000001000000010000000100000001000000010000000100000001000000010000000 
4 2 0 2 0 0 0 0  10010000100100001001000010010000100000001000000010000000100000001000000010000000100000001000000010000000100000001000000010000000100000001000000010000000100000001000000010000000100000001000000010000000 
4 0 0 2 0 0 0 0  10010000100100001001000010000000100000001000000010000000100000001000000010000000100000001000000010000000100000001000000010000000100000001000000010000000100000001000000010000000100000001000000010000000 
6 2 0 2 0 2 0 0  10000000100000001001000010011100100000001000000010000000100000001000000010000000100000001000000010000000100000001000000010000000100000001000000010000000100000001000000010011100100000001000000010000000 
4 2 0 2 0 2 2 0  10010100100101011001110011011110011101111111111111111111111111111111110010011101100111101111111111111111111111111111111111111111111111111111111111111111111111111111111111111111111111111111111111111100 
4 2 0 2 0 0 0 0  10010000100100001001000010010000110100001000000010000000100000001000000010000000100000001000000010000000100000001000000010000000100000001000000010000000100000001000000010000000100000001000000010011100 
6 2 0 2 0 2 0 0  10000000100000001001000010011100100000001000000010000000100000001000000010000000100000001000000010010000100000001000000010010000100000001001110010011100100111001001110010011100100100001001110010000000 
6 0 0 2 0 2 0 0  10000000100000001000000010000000100000001000000010000000100000001000000010000000100000001000000010000000100000001000000010010000100000001000000010011100100100001000000010000000100000001000000010000000 
4 2 0 2 0 2 2 0  10010000100100001001000010010000110101001001000010011111100111101101000010011101100111101001111111111111111111111111111110010000111100001001110010011100100111001001110010011100100100001001110010011100 
4 2 0 2 0 2 0 0  10000000100000001001000010011100100000001000000010000000100000001000000010011101100111101001000010000000100000001000000010010000100000001000000010011100100100001000000010000000100000001000000010000000 
6 0 0 2 0 2 0 0  10000000100000001000000010000000100000001000000010000000100000001000000010000000100000001000000010010000100000001000000010010000100000001001110010011100100111001001110010011100100100001001000010011100 
4 0 0 2 0 2 0 0  10010000100100001001000010010000110101001001000010010000100000001000000010000000100000001000000010000000100000001000000010000000100000001000000010000000100000001000000010000000100000001000000010000000 
6 2 0 2 0 2 0 0  10000000100000001001000010011100100000001000000010000000100000001000000010000000100000001000000010010000100000001000000010010000100000001001110010011100100111001001110010011100100100001001110010011100 
4 0 0 2 0 2 0 0  10010100100100001001000010011100100101011001000010011111100111101101000010011101100111101001000010000000100000001000000010010000100000001000110010011100100000001001110010011100100100001001100010000000 
4 2 0 2 0 2 2 0  10010100100101001001010010011100100101001001011111111111111111111111110010011101100111101111111111111111111111111111111111111111111111111111111010011100100111011101110010011100100100001001110010011100 
4 2 0 2 0 2 2 0  10010000100100001001000010010000110101011001000010011111100111101101000010011101100111101001111111110000100000001000000010010000100000001001110010011100100111001001110010011100100100001001000010011100 
4 2 0 2 0 2 0 0  10000000100000001001000010011100100000001000000010000000100000001000000010011101100111101001000010000000100000001000000010010000111100001001110010011100100111001001110010011100100100001001110010011100 
4 2 0 2 0 2 2 0  10010100100100001001000010011100100101011001000010011111100111101101000010011101100111101001111111110000100000001000000010010000111100001001110010011100100111001001110010011100100100001001110010011100 
4 2 0 2 0 2 2 0  10010000100100001001000010010000110100001001000010011111100111101101000010011101100111101001111111111111111111111111111110010000111100001001110010011100100111001001110010011100100100001001000010011100 
6 0 0 2 0 2 0 0  10000000100000001000000010000000100000001000000010000000100000001000000010000000100111101001000010000000100000001000000010010000100000001001110010011100100111001001110010011100100100001001000010011100 
4 0 0 2 0 0 0 0  10010000100100001001000010010000110100001000000010000000100000001000000010000000100000001000000010000000100000001000000010000000100000001000000010000000100000001000000010000000100000001000000010000000 
4 0 0 2 0 2 0 0  10010100100101001001010010011100100101011001000010000000100000001000000010000000100000001000000010000000100000001000000010010000100000001000110010011100100111001001110010011100100100001001110010011100 
6 0 0 2 0 2 0 0  10000000100000001000000010000000100000001000000010000000100000001000000010000000100000001000000010000000100000001000000010010000100000001000000010011100100100001000000010011100100100001001000010011100 
4 2 0 2 0 2 2 0  10010100100101011001110010011100100101001001011111111111111111111111110010011101100111101111111111111111111111111111111111111111111111111111111111111111111111111111111110011100100100001001110010011100 
4 0 0 2 0 2 0 0  10010100100100001001000010011100100101011001000010011111100111101101000010011101100111101001000010000000100000001000000010010000100000001001110010011100100111011101110010011100100100001001110010011100 
4 2 0 2 0 2 2 0  10010100100101001001010010011100100101011001000010011111100111101101110010011101100111101001111111111111111111111111111111111111111111111101110010011100100111001111110010011100100101101001110010011100 
4 2 0 2 0 2 2 0  10010000100100001001000010010000110101001001000010011111100111101101000010011100100111101001000010000000100000001000000010010000100000001001110010011100100111001001110010011100100100001001000010011100 
4 2 0 2 0 2 0 0  10010100100101001001010010011100100101001001000010011100100000001000000010000000100111101001000010000000100000001000000010010000100000001001110010011100100111001001110010011100100100001001000010011100 
4 2 0 2 0 2 2 0  10010000100101001001000010010000110101001001000010011111100111101101000010011101100111101001111111110000100000001000000010010000111100001001110010011100100111001111110010011100100101111001000010011100 
4 2 0 2 0 2 2 0  10010100100101001001010010011100100101001001000010011111100111101101110010011101100111101111111111111111111111111111111110010000111100001001110010011100100111001001110010011100100100001001110010011100 
4 0 0 2 0 2 2 0  10010101111101011111111111111111111111111111111111111111111111111111110010011101100111101111111111111111111111111111111111111111111111111111111111111111111111111111111111111111111111111111111110011100 
4 2 0 2 0 2 2 0  10010100100101001001010010011100100101011001000010011111100111101101110010011101100111101001111111111111111111111111111111111111111111101001110010011100100111001001110010011100100100001001000010011100 
4 2 0 2 0 2 2 0  10010100100101011001110010011100100101001001011111111111111111111111110010011101100111101111111111111111111111111111111111111111111111111111111111111111111111001001111111111111111111111111111111111110 
4 2 0 2 0 2 2 0  10010101111101011111111111111111111111111111111111111111111111111111110010011101100111101111111111111111111111111111111111111111111111111111110010011100100111001001110010011100100100001001000010011100 
4 2 0 2 0 2 2 0  10010101111101011111111111111111111111111111111111111111111111111111110011111111111111111111111111111111111111111111111111111111111111111111111111111111111111111001110010011100100100001001110010011100 
4 2 0 2 0 2 2 0  10010000100101001001000010010000110101001001000010011111100111101101000010011101100111101001111110010000100000001000011111111111111111111001110010011100100111001001110010011100100100001001000010011100 
4 2 0 2 0 2 2 0  10010000100101001001000010010000110101001001000010011111100111101101000010011101100111101001111110010000111111111111111111111100111100001001110010011100100111001111110010011100100100001001110010011100 
4 2 0 2 0 2 2 0  10010000100100001001000010011100100101011001000010011111100111101101000010011101100111101001111111110000100000001000000010010000111100001001110010011100100111001001110010011100100100001001110010011100 
4 2 0 2 0 2 0 0  10000000100000001001000010011100100000001000000010000000100000001000000010011101100111101001000010000000100000001000000010010000100000001000000010011100100111001001110010011100100100001001110010011100 
4 0 0 2 0 2 0 0  10000000100000001000000010001000100000001000000010000000100000001000000010000000100000001000000010010000100000001000000010010000100000001001110010011100100111001001110010011100100100001001000010011100 
4 2 0 2 0 2 2 0  10010100100101001001010010011100100101011001000010011111100111101101110010011101100111101001111111111111111111111111110010010000100000001001110010011100100111001001110010011100100100001001000010011100 
4 2 0 2 0 2 2 0  10010100100100001001000010010000110101001001000010011111100111101101000010011101100111101001000010000000100000001000000010010000100000001000000010011100100100001000000010011100100100001001000010011100 
4 2 0 2 0 2 2 0  10010000100101001001010010011100100101011001000010011111100111101101000010011101100111101001111111110000100000001000000010010000111100001001110010011100100111001001110010011100100100001001110010011100 
4 2 0 2 0 2 0 0  10010000100101001001000010010000110101001001000010011111100111101101000010011101100111101000000010010000100000001000000010010000100000001001110010011100100111001001110010011100100100001001000010011100 
6 0 0 0 0 0 0 0  10010000100000001000000010000000100000001000000010000000100000001000000010000000100000001000000010000000100000001000000010000000100000001000000010000000100000001000000010000000100100001001000010011100 
6 0 0 2 0 2 0 0  10000000100000001000000010000000100000001000000010000000100000001000000010000000100000001000000010000000100000001000000010010000100000001000000010011100100100001000000010000000100000001001110010011100 
4 0 0 2 0 2 0 0  10010100100101001001010010011100100101011001000010000000100000001000000010000000100000001000000010000000100000001000000010000000100000001000000010011100100111001001110010011100100100001001000010011100 
4 0 0 2 0 2 0 0  10010100100101001001010010011100100101011001000010011111100111101101000010011100100111101001000010000000100000001000000010010000100000001001110010011100100111001001110010011100100100001001110010011100 
4 2 0 2 0 2 0 0  10010000100100001001000010010000110101001001000010000000100000001000000010011101100111101001000010000000100000001000000010010000100000001000000010011100100100001000000010000000100000001000000010000000 
4 0 0 2 0 2 0 0  10010000100100001001000010010000110101001001000010010000100000001000000010000000100000001000000010000000100000001000000010000000100000001000000010000000100000001001110010011100100100001001110010011100 
4 2 0 2 0 2 2 0  10010000100101001001000010010000110101001001000010011111100111101101000010011101100111101001111110010000100000001000000010010000100000001001110010011100100111001001110010011100100100001001110010011100 
4 2 0 2 0 2 0 0  10010000100101001001010010011100100101011001000010011111100111101101000010011101100111101001000010000000100000001000000010010000100100001001110010011100100111001111110010011100100100001001110010011100 
4 2 0 2 0 2 0 0  10010000100100001001000010010000100101011001000010000000100000001000000010000000100000001000000010010000100000001000000010010000100000001001110010011100100111001001110010011100100100001001110010000000 
6 0 0 2 0 2 0 0  10010000100000001000000010000000100000001000000010000000100000001000000010000000100000001000000010000000100000001000000010000000100000001000000010000000100000001000000010000000100000001000000010000100 
4 2 0 2 0 2 0 0  10010000100100001001000010010000100101011001000010000000100000001000000010000000100000001000000010010000100000001000000010010000100000001001110010011100100111001001110010011100100100001001110010011100 
4 0 0 2 0 2 0 0  10010100100101001001010010011100100101011001000010000000100000001000000010000000100000001000000010000000100000001000000010010000100000001000000010011100100100001000000010000000100000001000000010000000 
4 2 0 2 0 2 0 0  10000000100000001001000010011100100000001000000010000000100000001000000010011101100111101001000010000000100000001001111110010000111100001001110010011100100111001001110010011100100100001001110010011100 
4 2 0 2 0 2 2 0  10010000100100001001010010011100100101011001000010011111100111101101000010011101100111101001111111110000100000001011111110010000111100001001110010011100100111001001110010011100100100001001110010011100 
4 2 0 2 0 2 2 0  10010000100100001001010010011100100101011001000010011111100111101101000010011101100111101001111111110000100000001000000010010000100000001001110010011100100111001001110010011100100100001001001111111110 
4 0 0 2 0 2 0 0  10010100100101001001010010011100100101001001000010010000100000001000000010000000100000001000000010000000100000001000000010000000100000001000000010000000100000001001110010011100100100001001110010011100 
4 2 0 2 0 2 2 0  10010100100101001001010010011100100101001001000010011111100111101101000010011101100111101001111111110000100000001111111110010000111100001001110010011100100111001001110010011100100100001001110010011100 
6 0 0 2 0 2 0 0  10000000100000001000000010000000100000001000000010000000100000001000000010000000100000001000000010000000100000001000000010010000100000001000000010011100100100001000000010000000100000001000000010011100 
6 2 0 2 0 2 0 0  10000000100000001001000010011100100000001000000010000000100000001000000010000000100000001000000010000000100000001000000010000000100000001000000010000000100000001000000010011100100100001001110010011100 
6 2 0 2 0 2 0 0  10000000100000001001000010011100100000001000000010000000100000001000000010000000100000001000000010000000100000001000000010000000100000001000000010000000100000001001110010011100100100001000000010000000 
4 2 0 2 0 2 2 0  10010100100101001001010010011100100101001001000010011111100111101101000010011101100111101001000010000000100000001000000010010000100000001000000010011100100100001000000010011100100100001001000010011110 
6 2 0 2 0 2 0 0  10000000100000001001000010011100100000001000000010000000100000001000000010000000100000001000000010000000100000001000000010010000111100001001110010011100100111001001110010011100100000001000000010000000 
2 2 0 2 0 2 2 0  11110101111101011111111111111111111111111111111111111111111111111111110011111111111111111111111111111111111111111111111111111111111111111111111111111111111111111001110010011100100100001001110010011100 
4 2 0 2 0 2 0 0  10010000100100001001000010010000110100001001000010011111100111101101000010011101100111101001100010000000100000001000000010010000100000001001110010011100100111001001110010011100100100001001000010011100 
4 2 0 2 0 2 0 0  10010000100100001001000010010000110100001001000010011111100100001000000010000000100000001000000010010000100000001000000010010000100000001001110010011100100111001001110010011100100100001001000010011100 
4 2 0 2 0 2 0 0  10010000100100001001000010010000110101001001000010011111100111101101000010011101100111101001000010000000100000001000000010010000111100001001110010011100100100001000000010000000100000001001000010011100 
4 0 0 2 0 2 0 0  10010100100101001001010010011100100101011001000010000000100000001000000010000000100000001000000010000000100000001000000010000000100000001000000010000000100000001000000010011100100100001001000010011100 
4 2 0 2 0 2 2 0  10010101111101011001010010011100100111111001011111111111111111111111110010011101100111101111111111111111111111111111111111111100111100001001110010011100100111001111110010011100100100001001110010011100 
4 2 0 2 0 2 2 0  10010101111101011001110011011110011101111111111111111111111111111111110010011101100111101111111111111111111111111111111111111111111111111001110010011100100111001111110010011100100100001001000010011100 
4 2 0 2 0 2 2 0  10010100100111011001110011011110011101111111111111111111111111111111110010011101100111101111111111111111111111111111111111111111111111111111111111111111111111111111111111111111111111111111111111111110 
4 0 0 2 0 2 0 0  10000000100000001000000010001000100000001000000010000000100000001000000010011101100111101001100010000000100000001000000010010000100000001001110010011100100111001001110010011100100100001001000010011100 
4 0 0 2 0 2 0 0  10010000100100001001000010010000100101011001000010000000100000001000000010000000100000001000000010000000100000001000000010000000100000001000000010000000100000001000000010011100100100001001000010011100 
4 2 0 2 0 2 2 0  10010100100101001001010010011100100101001001000010011111100111101101000010011101100111101001111110010000100000001000000010010000100000001001110010011100100111001001110010011100100100001001000010011100 
4 2 0 2 0 2 0 0  10010100100101001001010010010000100101011001000010010000100000001000000010000000100000001000000010000000100000001000000010000000100000001000000010000000100000001000000010000000100000001000000010000000 
4 0 0 2 0 2 2 0  10010100100101001001010010011100100101001001000010000000100000001000000010000000100111101001000010000000100000001000000010010000100000001001110010011100100111001001110010011100100100001001000010011100 
4 2 0 2 0 2 2 0  10010100100101001001010010011100100101001001011111111111111111111111110011111111111111111111111111111111111111111111111111111111111111111111111111111111111111111001110010011100100100001001110010011100 
4 2 0 2 0 2 2 0  10010101111101011001010010011100100111111001011111111111111111111111110010011101100111101111111111111111111111111111111111111111111111111001111111111111111111111111111111111111111111111111111111111110 
4 2 0 2 0 2 2 0  10010101111101011001110011011110011101111111111111111111111111111111110010011111111111111111111111111111111111111111111111111111111111111111111111111111111111111111111111111111111111111111000010011100 
2 2 0 2 0 2 2 0  11110101111101011111111111111111111111111111111111111111111111111111110010011101100111101111111111111111111111111111111111111111111111111111111111111111111111111111111111111111111111111111111111111110 
4 2 0 2 0 2 0 0  10000000100000001000000010001000100000001000000010000000100000001000000010000000100000001000000010010000100000001000000010010000100000001001110010011100100111001001110010011100100100001001110010011100 
4 2 0 2 0 2 2 0  10010100100101001001010010011100100101011001000010011111100111101101000010011101100111101001111111110000100000001000000010010000111100001001110010011100100111001001110010011100100100001001110010011100 
4 0 0 2 0 0 0 0  10010000100100001001000010000000100000001000000010000000100000001000000010000000100000001000000010000000100000001000000010000000100000001000000010000000100000001000000010000000100100001001110010011100 
4 0 0 2 0 2 0 0  10010000100101001001010010011100100101011001000010011111100111101101000010011101100111101001000010000000100000001000000010010000100000001001110010011100100111001001110010011100100100001001000010011100 
4 0 0 2 0 2 0 0  10010100100101001001000010010000100101011001000010000000100000001000000010000000100000001000000010000000100000001000000010000000100000001000000010000000100000001000000010011100100100001001000010011100 
2 2 0 2 0 2 2 0  11111111111101011111111111111100100111111001011111111111111111111111110010011101100111101111111111111111111111111111111111111111111111111111111111111111111111111111111111111111111111111111000010011100 
6 0 0 2 0 2 0 0  10000000100000001000000010000000100000001000000010000000100000001000000010000000100000001000000010000000100000001000000010010000100000001000000010011100100111001001110010011100100100001001000010011100 
4 2 0 2 0 2 2 0  10010000100100001001010010011100100101011001000010011111100111101101000010011101100111101001111111110000100000001000000010010000100000001001110010011100100111001001110010011100100100001001110010000000 
2 0 0 2 0 2 0 0  10010000100100001001010010011100100101011001000010011111100111101101000010011101100000001000000010010000100000001000000010010000100000001001110010011100100111001001110010011100100100001001000010011100 
2 0 0 2 0 2 2 0  11111111111101011111111111111100100111111001011111111111111111111111110010011101100111101111111111111111111111111111111111111111111111111111111111111111111111111111111111111111111111111111111111111110 
2 2 0 2 0 2 2 0  11111111111111111111111111111111111111111111111111111111111111111111111111111111111111111111111111111111111111111111111111111111111111111111111111111111111111111101110010011100100100001001110010011100 
2 2 0 2 0 2 2 0  11111111111101011111111111111100100111111001011111111111111111111111110010011101100111101111111111111111111111111111111111111111111111111111111010011100100111001111110010011100100100001001110010011100 
2 2 0 2 0 2 2 0  11110101111101011111111111111111111111111111111111111111111111111111111111111111111111111111111111111111111111111111111111010000111100001001110010011100100111001001110010011100100100001001000010011100 
