4 0 0 0 0 0 0 0  10000000100000001000000010000000100000001000000010000000100000001000000010000000100000001000000010000000100000001000000010000000100000001000000010000000100000001000000010000000100000001000000010000000 
2 1 0 2 1 2 2 0  11110101111111111111111111111111111111111111111111111111111111111111111111111111111111111111111111111111111111111111111111111111111111111111111111111111111111111111111111111111111111111111111111111110 
2 1 0 2 1 2 2 0  11111111111111111111111111111111111111111111111111111111111111111111111111111111111111111111111111111111111111111111111111111111111111111111111111111111111111111111111111111111111111111111111111111110 
4 0 0 2 0 0 0 0  10010000100000001000000010000000100000001000000010000000100000001000000010000000100000001000000010000000100000001000000010000000100000001000000010000000100000001000000010000000100000001000000010000000 
4 1 0 2 1 2 0 0  10000000100000001001000010000000100000001001000010110000100111001001110111110000100100001001000010110000100000001000000010000000100000001000000010000000100000001000000010000000100000001000000010000000 
4 0 0 2 0 0 0 0  10010000100100001000000010000000100000001000000010000000100000001000000010000000100000001000000010000000100000001000000010000000100000001000000010000000100000001000000010000000100000001000000010000000 
4 0 0 0 0 0 0 0  10000000100000001000000010000000100000001000000010000000100000001000000010000000100000001000000010000000100000001000000010000000100000001000000010000000100000001000000010000000100000001001000010000000 
4 0 0 0 0 0 0 0  10000000100000001000000010000000100000001000000010000000100000001000000010000000100000001000000010000000100000001000000010000000100000001000000010000000100000001000000010000000100000001001001110000000 
4 0 0 2 1 2 0 0  10000000100000001001000010000000100000001000000010000000100000001000000010000000100000001000000010000000100000001000000010000000100000001000000010000000100000001000000010000000100000001000000010000000 
2 1 0 2 1 2 2 0  11110101111101011111111111111111111111111111111111111111111111111111111111111111111111111111111111111111111111111111111111111111111111111111111111111111111111111111111111111111111111111111111111111110 
4 1 0 2 0 0 0 0  10010000100100001000000010000000100000001000000010000000100000001000000010000000100000001000000010000000100000001000000010000000100000001000000010000000100000001000000010000000100000001001000010000000 
4 0 0 2 1 2 2 0  10000000100000001001000010000000100000001000000010000000100000001000000010000000100000001000000010000000100000001000000010000000100000001000000010000000100000001000110010011100100111001001011010010100 
4 1 0 2 1 2 2 0  10010101111101001001010110111101100111001001111111111111111111111111111111111111111111111001011111111111111111111111111111010000100111101011010011110000111111001000110010011100100111001001011110010100 
4 0 0 2 0 0 0 0  10010000100100001001000010000000100000001000000010000000100000001000000010000000100000001000000010000000100000001000000010000000100000001000000010000000100000001000000010000000100000001000000010000000 
4 1 0 2 1 2 2 0  10010000100100001001000010011101100101001001000010110000100111001001110111110000100100001001000010110000100100001001111111111111111111101011010011110000111111001000110010011100100111001001011110010100 
4 1 0 2 1 2 0 0  10000000100000001001000010000000100000001001000010110000100111001001110111110000100100001001000010110000100000001000000010000000100000001000000010000000100000001000110010011100100111001001011110010100 
4 0 0 2 1 2 2 0  10000000100000001001000010000000100000001000000010000000100000001000000010000000100000001000000010000000100000001000000010000000100000001000000010000000100111101000110010011100100111001001011110011100 
4 1 0 2 1 2 2 0  10010000100101001001010010111101100101001001000010110000100111001001110111110000100100001001000010110000100100001001111111010000100100001000000011110000111111101000110010011100100111001001011110011100 
2 1 0 2 1 2 2 0  11111111111111111111111111111111111111111111111111111111111111111111111111111111111111111111111111110110110100001001111111010000100111101011010011110000111111001000110010011100100111001001011010010100 
4 0 0 2 1 2 0 0  10000000100000001000000010000000100000001000000010000000100000001000000010000000100000001000000010000000100000001000000010000000100000001000000010000000100011001000000010000000100000001001000010000000 
4 0 0 2 1 2 0 0  10000000100000001001000010000000100000001000000010000000100000001000000010000000100000001000000010000000100000001000000010000000100000001000000010000000100110001000000010000000100000001001000010000000 
4 1 0 2 1 2 0 0  10010000100101001001010010111101100101001001000010110000100111001001110111110000100100001001000010110000100100001001111110000000100000001000000010000000100000001000000010011100100111001001011110010100 
4 0 0 2 1 2 0 0  10000000100000001000000010000000100000001000000010000000100000001000000010000000100100001001000010000000100100001001110010000000100000001000000010000000100000001000000010000000100000001001000010000000 
2 1 0 2 1 2 2 0  11111111111111111111111111111111111111111111111111111111111111111111111111111111111111111111111111111111111111111111111111111111111111101011010011110000111111001000110010011100100111001001011010010100 
4 0 0 2 1 2 0 0  10010000100100001001000010010000100101001001000010110000100000001000000010000000100000001000000010000000100000001000000010000000100000001000000010000000100011001000000010000000100000001001000010000000 
4 0 0 2 1 2 0 0  10010100100100001001000010011101100101001001000010110000100111001001110110000000100100001001000010000000100100001001110010000000100000001000000010000000100000001000000010000000100000001001000010000000 
4 1 0 2 1 2 0 0  10010100100101001001010010011101100101001001000010110000100111001001110111110000100100001001000010110000100100001001110010000000100000001000000010000000100011001000000010000000100000001001000010000000 
4 0 0 2 1 2 0 0  10000000100000001000000010000000100000001000000010000000100000001000000010000000100100001001000010000000100100001001110010000000100000001000000010000000100000001000000010000000100000001001011010010100 
4 1 0 2 1 2 0 0  10010100100100001001000010011101100101001001000010110000100111001001110111111100100100001001000010000000100100001001110010000000100000001000000010000000100000001000000010000000100000001001000010000000 
4 1 0 2 1 2 2 0  10010101111101011111010110111101100111001001111111111111111111111111111111111100100100111111111111111111111111111111111110010000100111101011010011110000111111001000110010011100100111001001011010010100 
4 1 0 2 0 0 0 0  10010000100000001000000010000000100000001000000010000000100000001000000010000000100000001000000010000000100000001000000010000000100000001000000010000000100000001000000010000000100000001001001110000000 
4 1 0 2 1 2 2 0  10010101111101001001010110111101100111001001111111111111111111111111111111111111111111111111111111111111111111111111111111111111111111101011010011110111111111001000110010011100100111001001011010010100 
4 0 0 2 1 2 0 0  10010000100100001001000010010000100101001001000010110000100111001001110010000000100100001001000010000000100100001001110010000000100000001000000010000000100000001000000010000000100000001001000010000000 
4 1 0 2 1 2 2 0  10010100100101011111010110111101100111001001111111111111111111111101110111111101111111111111111111111111111111111111111111111111111111111111111111111111111111001000111111111100100111001001011010010100 
4 1 0 2 1 2 2 0  10010100100101011111010110111101100111001001111111111111111111001001110000111101111111111001011111111111110101111111111111111111111111101011010011110111111111001000110010011100100111001001011010010100 
4 0 0 2 1 2 0 0  10010000100101001001010010111101100101001001000010110000100111001001110111110000100100001001000010110000100100001001100010000000100000001000000010000000100011001000000010000000100000001001000010000000 
2 1 0 2 1 2 2 0  11110101111101011111010110111101100111011111111111111111111111111111111111111111111111111111111111111111111111111111111111111111111111111111111111111111111111111111111111111111111111111111111111111110 
4 0 0 2 1 2 0 0  10000000100000001001000010000000100000001000000010000000100000001000000010000000100000001000000010000000100000001000000010000000100000001000000010000000100110001000000010000100100111001001011010010100 
4 1 0 2 1 2 2 0  10010100100101001001010010011101100101001001111111111110100111001001110000111101111111111111111111111110100100001001111111010000100111101011010011110000111111001000111111111100100111001001011010010100 
4 0 0 2 1 2 0 0  10010100100101001001000010011101100101001001000010110000100111001001110111110000100100001001000010110000100100001000000010010000100000001000000010000000100110001000000010000000100000001001000010000000 
4 1 0 2 1 2 2 0  10010100100101001001010010011101100101001001000010110000100111001001110111110000100100001001000010000000100100001001110010000000100000001000000010010111111111001000110010011100100111001001011110010100 
4 1 0 2 1 2 0 0  10010100100101001001010010111101100101001001000010110000100111001001110111110000100100001001000010110000100100001001100010000000100000001000000010000000100111001000110010011100100111001001011010010100 
4 0 0 2 1 2 2 0  10010100100101001001000010010000100101001001000010110000100111001001110010000000100100001001000010000000100100001001110010000000100000001000000010000000100000001000110010011100100111001001011010010100 
4 1 0 2 1 2 2 0  10010000100100001001000010010000100101001001000010110000100111001001110111110000100100001001011110110000100100001001111111010000100111101011010011110000111111001000110010011100100111001001011010010100 
2 1 0 2 1 2 2 0  11110101111101011111010110111101100111001001111111111111111111011111111111111111111111111111111111110110110100001001111111010000100111101011010011110000111111001000110010011100100111001001000010010100 
4 1 0 2 1 2 0 0  10010000100101001001010010111101100101001001000010110000100111001001110111110000100100001001000010110000100100001001110010000000100000001000000010000000100000001000000010011100100111001001000010000100 
4 1 0 2 1 2 0 0  10010100100101001001010010011101100101001001000010110000100111001001110111110000100100001001000010110000100100001001110010000000100000001000000010000000100000001000000010011100100111001001000010000100 
4 1 0 2 1 2 2 0  10010100100101011111010110111101100111001001111111111111111111111111111111111111111111111111111111111111111111111111111111111111111111111111111111111111111111111111111111111111111111111111111111111110 
4 1 0 2 1 2 2 0  10010101111101011111010110111101100111001001111111111111111111111111111111111100100100111111111111111111111111111111111111111111111111111111111111111111111111001000110010011100100111001001011010010100 
4 1 0 2 1 2 2 0  11110101111111111111110110111101100111001001111111111111111111111101110111111101111111111111111111111111111111111111111111111111111111111111111111111111111111111111111111111111111111111111111111111110 
4 1 0 2 1 2 0 0  10000000100000001001000010000000100000001001000010110000100111001001110111110000100100001001000010110000100000001000000010000000100000001000000010000000100000001000000010000000100000001001001110000000 
4 1 0 2 1 2 2 0  10010100100101001001010010011101100101001001000010110000100111001001110111110000100100001001000010110000100100001001111111010000100100001000000010010111111111001000110010011100100111001001011010010100 
4 1 0 2 1 2 2 0  10010100100101001001010110111101100111001001111111111111111111001001110000111101111111111001011111111111110101111111111111111111111111111111111111111111111111111111111111111111111111111111111111111110 
4 0 0 2 1 2 0 0  10010000100100001001000010010000100101001001000010110000100111001001110010000000100100001001000010000000100100001001110010000000100000001000000010000000100000001000000010000000100000001001000010010100 
4 1 0 2 1 2 2 0  10010100100101001001010110111101100111001001111111111111111111001001110000111101111111111001011111111111110101111111111111111111111111111111111111111111111111111111110010011100100111001001011010010100 
4 1 0 2 1 2 2 0  10010100100100001001000010010000100101001001000010110000100111001001110010000000100100001001000010000000100100001001110010000000100000001000000010000000100000001000110010011100100111001001011010010100 
4 1 0 2 1 2 0 0  10010000100100001001000010010000100101001001000010000000100000001000000010000000100000001000000010000000100000001000000010000000100000001000000010000000100000001000000010011100100111001001000010000000 
4 1 0 2 1 2 0 0  10010000100100001001000010010000100100001000000010000000100000001000000010000000100000001000000010000000100000001000000010000000100000001000000010000000100000001000000010000000100000001000000010000000 
4 1 0 2 1 2 0 0  10000000100000001001000010000000100000001000000010000000100000001000000010000000100000001000000010000000100000001000000010000000100000001000000010000000100000001000000010011100100111001001000010010100 
4 1 0 2 1 2 0 0  10010100100100001001000010010000100101001001000010110000100111001001110111111101111111001001000010110000100100001001111111010000100100001000000010000000100000001000000010011100100111001001000010010100 
2 1 0 2 1 2 2 0  11110101111101011111010110111101100111011111111111111111111111111111111111111111111111111111111111111111111111111111111111111111111111111011010010010110111111001000110010011100100111001001011010010100 
4 1 0 2 1 2 2 0  10010100100101001001010010011101100101001001000010110000100111001001110111110000100100001001000010110000110101111111111111111100100111101011010010010110111111001000110010011100100111001001011010010100 
4 1 0 2 1 2 2 0  10010000100100001001000010010000100101001001000010110000100111001001110111110000100100001001000010110000100100001001111111010000100100001000000010010111111111001000110010011100100111001001011010010100 
4 1 0 2 1 2 2 0  11110101111111111111110110111101100111001001111111111111111111111101110111111101111111111111111111111111111111111111111111111111111111111111111111110111111111001000110010011100100111001001011010010100 
4 1 0 2 1 2 2 0  10010000100100001001000010010000100101001001000010110000100111001001110111110000100100001001000010110000100100001001000010000000100000001000000010000000100000001000000010000000100000001001000010000000 
4 1 0 2 1 2 0 0  10010000100100001001000010010000100101001001000010110000100111001001110000111101100100001001000010110000100100001001110010000000100000001000000010000000100011001000000010000000100000001001000010000000 
4 1 0 2 1 2 2 0  10010100100101001001010010011101100101001001000010110000100111001001110111110000111111111001011111111111110101111111111111111100100111101011010010010110111111001000110010011100100111001001011010010100 
4 1 0 2 1 2 2 0  10010000100100001001000010010000100101001001000010110000100111001001110010000000100100001001000010000000100100001001110010000000100000001000000010000000100000001000110010011100100111001001011010010100 
4 1 0 2 1 2 0 0  10010000100100001001010010011101100101001001000010110000100111001001110111110000100100001001000010110000100100001001111111010000100100001011010011110000111111001000110010011100100111001001000010010100 
4 1 0 2 0 0 0 0  10010000100100001001000010010000100000001000000010000000100000001000000010000000100000001000000010000000100000001000000010000000100000001000000010000000100000001000000010000000100000001001000010000000 
2 1 0 2 1 2 2 0  11110101111101011111010110111101100111011111111111110000100111001001110111110000100100001001011111110110110100001001111111010000100111101011010011110000111111001000110010011100100111001001011010111110 
4 1 0 2 1 2 0 0  10010000100100001001000010011101100101001001000010110000100111001001110111110000100100001001000010110000100100001001110010000000100000001000000010000000100000001000000010000000100000001001011010010100 
2 1 0 2 1 2 2 0  11110101111101011111010110111101100111011111111111111111111111001001110000111101111111111001011111111111110101111111111111111100100111101011010010010110111111001000110010011100100111001001011010010100 
4 1 0 2 1 2 2 0  10010100100101001001010110111101100111011111111111111111111111001001110000111101111111111001011111111111110101111111111111111100100111101011010010010110111111001000110010011100100111001001011010010100 
4 0 0 2 1 2 0 0  10000000100000001000000010000000100000001000000010000000100000001000000010000000100100001001000010000000100100001001110010000000100000001000000010000000100111001000110010011100100111001001011010010100 
4 1 0 2 1 2 0 0  10000000100000001000000010000000100000001000000010000000100000001000000010000000100000001000000010000000100000001001111111010000100100001000000010000000100000001000000010011100100111001001000010010100 
4 1 0 2 1 2 0 0  10000000100000001000000010000000100000001000000010000000100000001000000010000000100000001000000010000000100000001000000010000000100000001000000010000000100011001000110010011100100111001001000010010100 
4 1 0 2 1 2 2 0  10010000100100001001010010011101100101001001000010110000100111001001110111110000100100001001000010110000100100001001111111010000100111101011010011110000111111001000110010011100100111001001011010010100 
4 0 0 0 0 0 0 0  10010000100000001000000010000000100000001000000010000000100000001000000010000000100000001000000010000000100000001000000010000000100000001000000010000000100000001000000010000000100000001001000010000000 
4 1 0 2 1 2 2 0  10010100100101001001010010011101100101001001000010110000100111001001110111110000100100001001000010110000110100001001111111010000100111101011010011110000111111001000110010011100100111001001011010010100 
4 1 0 2 1 2 0 0  10010100100100001001000010010000100101001001000010110000100111001001110111111101111111001001000010110000100100001001111111010000100111001000000010000000111111001000110010011100100111001001000010000000 
4 1 0 2 1 2 0 0  10010000100100001001000010010000100101001001000010110000100111001001110000111101100100001001000010110000100100001001110010000000100000001000000010000000100011001000110010011100100111001001011010010100 
4 1 0 2 1 2 2 0  10010000100100001001000010011101100101001001000010110000100111001001110111110000100100001001000010110000100100001000000010010000100111101011010010010110100110001000000010000000100111001001011010010100 
4 1 0 2 1 2 0 0  10010000100100001001010010011101100101001001000010110000100111001001110111110000100100001001000010110000100100001001111111010000100100001011000010000000100011001000110010011100100111001001000010010100 
4 0 0 2 1 2 0 0  10010000100100001001000010010000100101001001000010000000100000001000000010000000100000001000000010000000100000001000000010000000100000001000000010000000100000001000000010000000100000001001000010000000 
4 1 0 2 1 2 0 0  10000000100000001000000010000000100000001000000010000000100000001000000010000000100100001001000010000000100100001001110010000000100000001000000010000000100111001000110010011100100111001001000010010100 
4 1 0 2 1 2 0 0  10010000100100001001010010011101100101001001000010110000100111001001110111110000100100001001000010110000100100001001111111010000100111101011010011110000111111111111111111111111111111111001000010010100 
4 1 0 2 1 2 0 0  10000000100000001001000010000000100000001001000010110000100111001001110111110000100100001001000010110000100000001000000010000000100000001000000010000000100000001000000010011100100111001001000010010100 
4 0 0 2 1 2 0 0  10010100100101001001010010011101100101001001000010000000100000001000000010000000100000001000000010000000100000001000000010000000100000001000000010000000100110001000000010000000100000001001000010000000 
4 1 0 2 1 2 0 0  10010000100100001001000010010000100101001001000010110000100111001001110000111101100100001001000010110000100100001001110010000000100000001000000010000000100011001000010010011100100111001001000010010100 
4 1 0 2 1 2 0 0  10010100100101001001010010011101100101001001000010110000100111001001110110000000100100001001000010000000100100001001110010000000100000001000000010000000100000001000000010000000100000001001000010000000 
4 1 0 2 1 2 2 0  10010100100101001001010010011101100101001001111111111111111111001001110000111101111111111001011111111111110101111111111111111100100111101011010010010110111111001000110010011100100111001001011010010100 
4 1 0 2 1 2 2 0  10010100100101001001010010011101100101001001000010110000100111001001110111110000100100001001000010110000100100001001110010000000100000001000000010000000100000001000000010011100100111001001011010010100 
2 1 0 2 1 2 2 0  11110101111101011111111111111111111111111111111111111111111111001001110000111101111111111001011111111111110101111111111111111111111111111111111111111111111111111111111111111100100111001001011010010100 
4 1 0 2 1 2 2 0  10010000100100001001010010011101100101001001000010110000100111001001110111111111111111111111111111110110110100001001111111010000100111101011010011110000111111001000110010011100100111001001011010010100 
4 0 0 2 1 2 0 0  10000000100000001001000010000000100000001000000010000000100000001000000010000000100000001000000010000000100000001000000010000000100000001000000010000000100110001000000010000000100000001001000010010100 
4 1 0 2 1 2 0 0  10010000100100001001010010011101100101001001000010110000100111001001110111110000100100001001000010110000100100001001110010000000100000001000000010000000100111001000110010011100100111001001011010010100 
4 0 0 2 1 2 0 0  10010100100101001001000010010000100101001001000010110000100111001001110010000000100100001001000010000000100100001001110010000000100000001000000010000000100000001000000010000000100000001001000010010100 
4 1 0 2 1 2 0 0  10010000100101001001010010111101100101001001000010110000100111001001110111110000100100001001000010110000100100001001110010000000100000001000000010000000100000001000000010011100100111001001000010000000 
4 1 0 2 1 2 0 0  10010100100101001001010010011101100101001001000010110000100111001001110111110000100100001001000010110000100100001001110010000000100000001000000010000000100000001000000010000000100000001001000010000000 
