5 0 0 0 0 0 0 0  10010000100000001000000010000000100000001000000010000000100000001000000010000000100000001000000010000000100000001000000010000000100000001000000010000000100000001000000010000000100000001000000010000000 
3 0 1 1 0 0 0 0  10000000100000001001010010110000100000001000000010000000100000001000000010000000100000001000000010000000100000001000000010000000100000001000000010000000100000001000000010000000100000001000000010000000 
3 0 1 1 2 2 2 1  11010101010101011111110011011111111111111111111111111111111111001011111111111100111111111111111111111111111111111101110010010100110100001111000010011111111111111111111111111110011111001111111110010101 
3 0 1 1 2 2 2 1  01010101010101011111010011011111111111111111111111111111111111111111111111111111111111110101111111111111111111111111111111111111111111111111111111111111111111111111111111111110011111001001000010010101 
5 0 0 0 0 0 0 0  10010000100000001000000010000000100000001000000010000000100000001000000010000000100000001000000010000000100000001000000010000000100000001000000010000000100000001000000010000000100100001001000010010100 
5 0 1 1 0 2 2 0  10000000100000001001010010110000100000001000000010000000100000001000000010000000100000001000000010000000100000001000000010000000100000001000000010000000100000001000000010000000100000001000000010010100 
3 0 1 1 2 2 2 1  11010101010101011111110011011111111111111111111111111111111111111111111111111111111111111111111111111111111111111111111111111111111111111111111111111111111111111111111111111111111111111111111111111111 
5 0 1 1 0 2 2 0  10000000100000001001010010110000100000001000000010000000100000001000000010000000100000001000000010000000100000001000000010000000100000001000000010000000100000001000000010000000100000001001011010010100 
3 0 1 1 0 0 0 0  10010000100100001001000010010000100100001000000010010000100000001000000010000000100000001000000010000000100000001000000010000000100000001000000010000000100000001000000010000000100100001001000010010100 
3 0 1 1 2 2 2 0  10010100100101001001010010011111111111111111111111111111111111001011111111111111111111101001000010010100111111101001110010010100111111001001000010011111111111001001110010011100100111101001111010010100 
3 0 1 1 2 2 2 0  10010100100101001001010111111111111111111111111111111111111111111111111111111111111111101001000010010100111111101001110010010100111111001001000010011111111111001001110010011100100111101001111010010100 
5 0 0 1 0 0 0 0  10000000100000001000000010000000100000001000000010000000100000001000000010000000100000001000000010000000100000001000000010000000100000001000000010000000100000001000000010000000100000001001000010010100 
3 0 1 1 2 2 2 1  11111111110111011111110011011111111111111111111111111111111111011111111111111111111111110101111111111111111111111111111111111111111111111111111111111110111111011111111111111111111111111111111111111111 
3 0 1 1 2 2 2 1  10010100100101011111110011011111111111111111111111111111111111111111111111111111111111111111111010010100111111001001110010010100111111001001000011111111111111111001110010011100100111101001011111111111 
3 0 1 1 2 2 2 1  11111111110101011111110011011111111111111111111111111111111111111111111111111111111111111111111110010100100010001001110010010000100100001001000010011000101111001001110010011100100111101001011111110101 
5 0 0 1 0 0 0 0  10000000100000001000000010000000100000001000000010000000100000001000000010000000100000001000000010000000100000001000000010000000100000001000000010000000100000001000000010011110100100001001000010010100 
3 0 1 1 2 2 2 0  10010100100101011111110011011111111111111111111111111111111111011111111111111111111111110101111111111111111111111111111111111111111111111111111110011000101111001001110010011100100111101001011010010100 
5 0 0 1 2 2 2 0  10000000100000001000000010000000100100001000000010000000100000001001111010000000100011111001000010010100100010001001110010010000100100001001000010011000100000001000000010011100100111101001111010010100 
3 0 1 1 2 2 2 0  10010000100100001001000010010000100100001000000010000000100000001001111010000000100000001001000010000000100010001001110010010000100100001001000010011000101111001001000010000000100100001001001010010100 
3 0 1 1 2 2 2 0  10010100100101001001010010010000100100001001111111111111111111001011111111111100111111111001000010010100100010001001110010010000100100001001000010011000101111001001110010011100100111101001011010010100 
3 0 1 1 2 2 2 0  11111111110101011111110011011111111111001011111111111111111111001011111111111100111111111001000010010100100111111111111111110100111111001001000011111111111111101001110010011100100111111101110010010100 
3 0 1 1 2 2 2 0  10010000100100001001010010010000100100001001100010001000100100001011000010000000100011111001000010010100100110001001110010010000111111001001000010011000101111001001110010011100100111101001111010010100 
3 0 1 1 2 2 2 0  10010100100100001001000010010000100100001000000010001000100100001011000010000000100011111001000010010100100010001001110010010000100100001001000010011000101111001001000010000000100100001001000010010100 
3 0 1 1 2 2 2 0  10010100100101001001010010011111111111001011111111111111111111001011111111111100111111111001000010010100100010001001110010010000111111001001000011111000101111001001110010011100100111101001111010010100 
3 0 1 1 2 2 2 0  10010000100101001001000010010000100100001000000010001000100100001011000010110000100011111001001110010100100010001001110010010000100100001001000010011000101111001001110010011100100111101001011010010100 
5 0 1 1 0 2 2 0  10000000100000001001010010110000100000001000000010000000100000001000000010000000100000001000000010000000100000001000000010000000100000001000000010000000100000001000000010011100100111101001011010010100 
3 0 1 1 2 2 2 0  10010100100101001001000010010000100100001000000010001000100100001011000010000000100011101001000010010100100010001001110010010000100100001001000010011000101111001001000010000000100100001001000010010100 
3 0 1 1 2 2 2 0  10010100100101001001010010011111111111001011111111111111111111001011111111111100111111111001000010010100100010001001110010010000100100001001000010011000101111001001110010110000100100001001001010010100 
3 0 1 1 2 2 2 0  10010100100100001001000010010000100100001000000010001000100100001011000010000000100011111001000010010100100010001001110010010000100100001001000010011000101111001001110010011110100111111001111010010100 
3 0 1 1 2 2 2 1  11111111111111111111111111111111111111111111111111111111111111001011111111111100111111111001000010010111111111111111111111111111111111111111111111111110111111001001110010011100100111101001011111110101 
3 0 1 1 2 2 2 0  10010101110101011111110011011111111111111111111111111111111111111111111111111111111111111111111110010100100011111111111111111111111111111001000010011000101111001001110010011100100111101001011111110100 
3 0 1 1 2 2 2 0  10010100100101001001010010011111111111001011111111111111111111111111111111111111111111111111111111111111111111111111111111111111111111111111111111111111111111111111111111111111111111111001001010010100 
3 0 1 1 2 0 0 0  10010000100100001001000010010000100100001000000010001000100100001000000010000000100000001000000010000000100000001000000010000000100000001000000010000000100000001000000010000000100100001001000010010100 
3 0 1 1 2 2 2 0  10010100100101001001010010011111111111001011111111111111111111111111111111111111111111111111111111111111111111111111111111111111111111111111111111111100101111001001110010011100100111101001111010010100 
3 0 1 1 2 2 2 0  10010000100101001001000010010000100100001000000010001000100100001111111111111111110011111001000010010100100010001001110010010000100100001001000010011000101111001001110010011100100111101001111010010100 
3 0 1 1 2 2 2 0  10010000100101001001000010010000100100001000000010001000100100001011000010110000100000001001000010010100100010001001110010010000100100001001000010011000101111001001110010011000100100001001000010010100 
3 0 1 1 2 2 2 1  11111111110101011111110011011111111111111111111111111111111111111111111111111100111111111001000010010111111111111111111111111111111111111111111111111110111111001001110010011100100111101001011111110101 
3 0 1 1 2 2 2 0  10010000100101001001000010010000100100001000000010001000100100001011000010110000100000001001000010010100100010001001110010010000100100001001000010011000101111001001110010011100100111101001011010010100 
3 0 1 1 2 2 2 1  11111111111111111111111111111111111111111111111111111111111111111111111111111111111111111111111111111111111111111111111111111111111111111111111111111111111111111111111111111111111111111111111011111111 
3 0 1 1 2 2 0 0  10010100100100001001000010010000100100001000000010001000100100001011000010000000100011111001000010010100100010001001110010010000100100001001000010011000101111001001110010011100100111101001111010000000 
5 0 1 1 0 2 1 0  10000000100000001001010010110000100000001000000010000000100000001000000010000000100000001000000010000000100000001000000010000000100000001000000010000000100001001000000010000000100100001001001110010100 
5 0 0 0 0 0 0 0  10010000100000001000000010000000100000001000000010000000100000001000000010000000100000001000000010000000100000001000000010000000100000001000000010000000100000001001000010000000100100001001000010000000 
3 0 1 1 2 2 2 0  10010000100101001001010010010000100100001000000010001000100100001011000010110000100000001001001110010100100010001001110010010000100100001001000010011000101111001001110010011000100100001001000010010100 
5 0 1 1 2 2 0 0  10010000100100001001000010010000100100001000000010000000100000001000000010000000100000001000000010000000100000001000000010000000100100001001000010011000101111001001110010011000100100001001000010010100 
5 0 0 1 2 2 2 0  10000000100000001000000010000000100100001000000010000000100000001001111010000000100011111001000010010100100010001001100010000000100000001000000010000000100000001000000010000000100000001001000010010100 
5 0 0 1 2 2 2 0  10000000100000001000000010000000100100001000000010000000100000001001111010000000100011111001000010010100100010001001100010000000100000001000000010000000100000001000000010000000100000001000000010000000 
5 0 0 1 0 0 0 0  10000000100000001000000010000000100100001000000010000000100000001000000010000000100000001000000010000000100000001000000010000000100000001000000010000000100000001000000010000000100000001000000010000000 
3 0 0 1 2 2 2 0  10010000100100001001000010010000100100001000000010000000100000001001111010000000100011101001000010010100100010001001110010010000100100001001000010011000101111001001000010000000100100001001001010010100 
3 0 1 1 2 2 2 0  10010000100100001001000010010000100100001000000010001000100100001011000010000000100011111001000010010100100010001001110010010000100100001001000010011000101111001001110010011000100100001001000010010100 
3 0 1 1 2 2 0 0  10010100100101001001010010010000100100001001100010001000100100001011000010000000100011111001000010010100100010001001110010010000100100001001000010011000101111001001000010000000100000001000000010000000 
5 0 0 1 0 0 0 0  10000000100000001000000010000000100000001000000010000000100000001000000010000000100000001000000010000000100000001000000010000000100000001000000010000000100011001001110010011100100100001001000010010100 
5 0 1 1 2 2 2 0  10010000100101001001010010011111100100001001100010001000100100001011000010000000100011111001000010010100100010001001110010010000100100001001000010011000101100001000000010010000100000001000000010000000 
5 0 1 1 0 0 0 0  10000000100000001000000010000000100100001000000010010000100000001000000010000000100000001000000010000000100000001000000010000000100000001000000010000000100000001000000010000000100100001001000010010100 
5 0 0 0 0 0 0 0  10000000100000001000000010000000100000001000000010000000100000001000000010000000100000001000000010000000100000001000000010000000100000001000000010000000100000001000000010000000100000001000000010000000 
5 0 0 1 0 0 0 0  10000000100000001000000010000000100100001000000010000000100000001001111010000000100000001000000010000000100000001000000010000000100000001000000010000000100000001000000010000000100000001000000010000000 
5 0 0 1 0 0 0 0  10000000100000001000000010000000100000001000000010000000100000001000000010000000100000001000000010000000100000001000000010000000100000001000000010000000100000001000000010010000100000001000000010000000 
3 0 1 1 2 2 2 0  10010101110101011111110011011111111111111111111111111111111111111111111111111111111111111111111110010100100011111111110010010000111111001001000010011000101111001001110010011100100111101001111010010100 
5 0 0 0 0 0 0 0  10010000100100001001000010010000100100001000000010000000100000001000000010000000100000001000000010000000100000001000000010000000100000001000000010000000100000001000000010000000100000001000000010000000 
5 0 1 1 0 2 2 0  10000000100000001001010010110000100000001000000010000000100000001000000010000000100000001000000010000000100000001000000010000000100000001000000010000000100000001001110010011100100111001001011010010100 
3 0 1 1 2 2 0 0  10010100100101001001010010010000100100001000000010001000100100001011000010000000100011101001000010010100100010001001110010010000100100001001000010011000100000001000000010000000100000001000000010000000 
3 0 1 1 2 2 1 0  10010100100100001001010010010000100100001001100010001000100100001011000010000000100011111001000010010100100010001001110010010000100100001001000010011000101111001001110010011100100100001001001110010100 
5 0 0 1 2 0 0 0  10000000100000001000000010000000100100001000000010000000100000001001111010000000100011111001000010010100100010001001110010010000100000001000000010000000100000001001000010000000100100001001000010000000 
3 0 1 1 2 2 1 0  10010000100100001001000010010000100100001000000010010000100000001000000010000000100000001000000010000000100000001000000010000000100000001001000010011000101111001001110010011100100100001001001110010100 
5 0 1 1 2 2 0 0  10000000100000001001010010110000100000001000000010000000100000001000000010000000100000001000000010000000100000001000000010000000100000001001000010011000101111001001110010011100100100001001000010010100 
5 0 1 1 2 2 0 0  10000000100000001000000010000000100100001000000010001000100100001011000010000000100011111001000010010100100010001001110010010000100100001001000010011000101111001001110010011100100111101001111010000000 
5 0 0 1 2 2 0 0  10010000100100001001000010010000100100001001100010001000100100001011000010000000100011111001000010010100100010001001110010010000100100011001000010011000101111001001110010011100100100001001000010010100 
3 0 1 1 2 2 0 0  10010100100101001001010010010000100100001001100010001000100100001011000010000000100011111001000010010100100010001001110010000000100000001000000010000000100000001000000010000000100100001001000010010100 
3 0 1 1 2 2 1 0  10010100100101001001010010011111111111001011100010001000100100001011000010000000100011111001000010010100100010001001110010010000100100001001000010011000101111001001110010011100100100001001001110010100 
3 0 1 1 2 2 2 0  10010000100100001001000010010000100100001011110010001000100100001011000010110000100000001001001110010100100010001001110010010000100100001001000010011100101111001001110010011100100111101001111010010100 
3 0 1 1 2 2 2 1  01010101010101011111110011111111111111111111111111111111111111111111111111111111111111111111111111111111111111111111111111111111111111111111111111111111111111111111111111111111111111111111111011111111 
3 0 1 1 2 2 0 0  10010000100100001001010010010000100100001001100010001000100100001011000010000000100011111001000010010100100010001001110010010000100100001001000010011000101111001001000010011100100100001001000010000000 
5 0 1 1 0 2 1 0  10000000100000001001010010110000100000001000000010000000100000001000000010000000100000001000000010000000100000001000000010000000100100001001000010011000101111001001110010011100100100001001001110010100 
3 0 1 1 2 2 2 1  11010101010101011111111111111111111111111111111111111111111111111111111111111111111111110101111111111111111111111111111111111111111111111111111111111110111111001001110010011100100111111111111111110101 
3 0 1 1 2 2 1 0  10010100100100001001010010010000100100001001100010001000100100001011000010000000100011111001000010010100100010001001110010010000100100001001000010011000101111001000000010000000100100001001000010010100 
3 0 1 1 2 2 2 1  11010101010101011111110011111111111111111111111111111111111111111111111111111111111111111111111111111111111111111111111111111111111111111111111110011000101111001001110010011100100111101001011111110101 
3 0 1 1 2 2 2 0  10010100100101001001010010011111111111001011110010001000100100001011000010110000100000001001001110010100100010001001110010010000100100001001000010011000101111001001110010011100100111001001011010010100 
5 0 1 1 2 2 1 0  10000000100000001000000010000000100000001000000010001000100100001011000010000000100011111001000010010100100010001001110010010000100100001001000010011000101111001001110010011100100100001001001110010100 
3 0 1 1 2 2 2 1  11111111111111011111110011011111111111001011111111111111111111111111111111111111111111111111111111111111111111111111111111111111111111111111111111111111111111111111111111111111111111111111111011111111 
5 0 0 1 0 0 0 0  10010000100100001001000010010000100100001001100010001000100100001011000010000000100011111001000010010000100000001000000010000000100000001000000010000000100000001000000010000000100000001000000010000000 
5 0 0 1 2 2 2 0  10000000100000001000000010000000100100001000000010000000100000001001111010000000100011111001000010010100100010001001100010000000100000001000000010000000100000001000000010011100100111101001111010010100 
3 0 1 1 2 2 1 0  10010100100100001001010010010000100100001001100010001000100100001011000010000000100011111001000010010100100010001001110010010000100100001000000010000000100000001000000010000000100000001001011010010100 
3 0 1 1 2 2 2 0  10010000100101001001010010011111100100001001100010001000100100001011000010000000100011111001000010010100100010001001110010010000100100001001000010011100101111001001110010011100100111101001111010010100 
3 0 1 1 0 0 0 0  10010000100100001001010010010000100100001001100010001000100100001011000010000000100011111001000010010100100010001001110010010000100100001001000010011000101111001001000010011100100000001001000010010100 
3 0 1 1 2 2 2 1  10010000100100001001010010010000100100001001100010001000100100001011000010000000100011111001000010010100100010001001110010010000100100001001000010011000101111001001000010011100100111101001111010010111 
3 0 1 1 2 2 0 0  10010100100101001001010010010000100100001001100010001000100100001011000010000000100011111001000010010100100010001001110010010000100100001001000010011000101111001001000010000000100100001001000010010100 
3 0 0 1 0 0 0 0  10010000100100001000000010000000100100001000000010000000100000001000000010000000100000001000000010000000100000001000000010000000100000001000000010000000100000001000000010000000100000001000000010000000 
3 0 1 1 2 2 2 0  10010000100101001001010010011111100100001001100010001000100100001011000010000000100011111001000010010100100010001001110010010000100100001001001111111000101111001001110010011100100111101001111010010100 
3 0 1 1 2 2 2 0  10010000100101001001010010011111100100001001100010001000100100001011000010000000100011111001000010010100100010001001110010010000100100001001000010011100101111001001110010011000100100001001000010010100 
5 0 1 1 2 2 0 0  10000000100000001000000010000000100000001001100010001000100100001011000010000000100011111001000010010100100010001001110010010000100100001001000010011000101111001001000010000000100000001000000010000000 
3 0 1 1 2 2 0 0  10010100100101001001010010010000100100001001100010001000100100001011000010000000100011111001000010010100100010001001110010010000100100001001000010011000101111001001000010000000100111001001011010010100 
5 0 0 0 0 0 0 0  10010000100100001001000010000000100000001000000010000000100000001000000010000000100000001000000010000000100000001000000010000000100000001000000010000000100000001000000010000000100000001000000010000000 
3 0 1 1 2 2 2 1  11010101011111011111110011011111111111111111111111111111111111001011111111111111111111111111111111111111111111111111111111111111111111111111111111111111111111111111111111111111111111111111111011111111 
3 0 1 1 2 2 2 0  11010101011111011111110011011111111111111111111111111111111111001011111111111111111111111111111111111111111111111111111111111111111111001001000010011000101111001001110010011110100111101001111010010100 
3 0 1 1 2 2 2 0  10010100100100001001010010010000100100001001100010001000100100001011000010000000100011111001000010010100100010001001110010010000100100001001000010011100101111001001110010011100100111101001111010010100 
3 0 1 1 2 2 2 0  10010000100100001001010010011111100100001001100010001000100100001011000010000000100011111001000010010100100010001001110010010000100100001001001111111000101111001001110010011100100111101001111010010100 
3 0 0 0 0 0 0 0  10010000100100001001000010010000100100001000000010000000100000001000000010000000100000001000000010000000100000001000000010000000100000001000000010000000100000001000000010000000100100001001000010010100 
3 0 1 1 2 2 1 0  10010000100100001001000010010000100100001011110010001000100100001011000010000000100011111001000010010100100010001001110010010000100100001001000010011000101111001001110010011100100100001001001110010100 
3 0 1 1 2 2 2 0  11111111110101011111110011011111111111111111111111111111111111111111111111111111111111111111111111111111111111111111111111111111111111111111111111111111101111001001110010011100100111101001111010010100 
3 0 1 1 2 2 2 0  10010100100101001001010010010000100100001001100010001000100100001011000010000000100011111001000010010100100010001001110010010000100100001001000010011110111111001001110010011100100111101001111010010100 
5 0 0 1 2 2 0 0  10010100100101001001010010010000100100001001100010001000100100001011000010000000100011111001000010010100100010001001110010010000100100011001000010011000101111001001110010011100100100001001000010010100 
