5 0 0 0 0 0 0 0  10000000100000001000000010000000100000001000000010000000100000001000000010000000100000001000000010000000100000001000000010000000100000001000000010000000100000001000000010000000100000001000000010000000 
5 0 0 0 0 0 0 0  10010000100100001001000010000000100000001000000010000000100000001000000010000000100000001000000010000000100000001000000010000000100000001000000010000000100000001000000010000000100000001000000010000000 
5 0 0 0 0 0 2 0  10000000100000001000000010000000100000001000000010000000100000001000000010000000100000001000000010000000100000001000000010000000100000001000000010000000100000001001000010010000100100001001111010010000 
5 2 2 3 0 3 2 2  10010101100101001001010111111101111111111111110010110111111111111111111111111111111111111111111111111111111111111111111111111111100011111000111111111111111111111111111111111010100111111111111010110100 
5 0 0 3 0 3 2 0  10010100100101001001010010000000100000001000000010000000100000001000000010000000100000001000000010000000100011101001100010011110100011111001100010011111100110001001000010011010100101001001111010010110 
5 0 0 0 0 0 2 0  10000000100000001000000010000000100000001000000010000000100000001000000010000000100000001000000010000000100000001000000010000000100000001000000010011111100100001001000010011010100100001001111010010000 
2 2 2 3 0 3 2 2  11111111111111111111111111111111111111111111111111111111111111111111111111111111111111111111111111111111111111111111111111111111111111111111111111111111111111111111111111111111111111111111111111111110 
5 0 0 3 0 0 2 0  10000000100000001000000010000000100000001000000010000000100000001000000010010100100110001000000010000000100011101001100010011110100010001000100010011111100110001001000010011010100100001001111010010000 
5 0 0 0 0 0 0 0  10000000100000001000000010000000100000001000000010000000100000001000000010000000100000001000000010000000100000001000000010000000100000001000000010000000100000001000000010000000100000001001111010010000 
5 0 0 3 0 0 0 0  10010000100100001001000010000000100000001000000010000000100000001000000010000000100000001000000010000000100000001000000010000000100000001001100010011000100000001001000010000000100000001000000010010000 
5 2 2 3 0 0 2 0  10010100100101001001000011110000111101001001111110110000100000001011000010010100100111111000000010000000100000001000000010000000100000001000000010000000100000001001000010011010100100001001111010010000 
5 2 2 3 0 0 2 0  10010000100101001001010111111100101101001001111110110000100000001011000010010100111111111111111111110000100000001001100010000000111100001001100010011111100100001001000010011010100100001001111010010000 
5 0 0 3 0 0 0 0  10010000100100001001000010000000100000001000000010000000100000001000000010000000100000001000000010000000100000001000000010000000100000001001100010011000100000001001000010000000100000001001111010010000 
5 0 0 0 0 0 0 0  10000000100000001000000010000000100000001000000010000000100000001000000010000000100000001000000010000000100000001000000010000000100000001000000010000000100000001000000010000000100000001000000010010110 
5 0 0 0 0 0 2 0  10000000100000001000000010000000100000001000000010000000100000001000000010000000100000001000000010000000100000001000000010000000100100001001100010011111100100001001000010011010100100001001111010010000 
5 0 0 3 0 0 2 0  10010000100100001001000010000000100000001000000010000000100000001011000010010100100100001001111111110000100000001001100010011110100011111001100010011111100110001001000010011010100101001001111010010000 
5 2 2 3 0 0 2 0  10010100100101001001000011110000111101001001111110110000100000001011000010010100100111111111111111110000100011101001100010011110100010001000100010011111100110001001000010011010100100001001111010010110 
5 2 2 3 0 3 2 2  10010101100101001001010111111101111111111111110010111111111101111111100010010100100111111111111111110000100111101001111111111111111111111111110010011111111111001001000010011010100101001001111010010110 
5 0 0 3 0 0 2 0  10010000100100001001000010000000100000001000000010000000100000001001000010000000100000001000111111110000100000001001100010011110111100001000100010011111100100001001000010011010100100001001111010010000 
5 0 0 3 0 0 2 0  10000000100000001000000010000000100000001000000010000000100000001000000010000000100000001000000010000000100000001000000010000000100000001000000010000000100100001001000010011000100000001000000010010000 
5 0 0 3 0 3 2 0  10010100100101001001000010000000100000001000000010000000100000001000000010010100100110001000000010000000100011101001100010011111100011111001100010011111100110001001000010011010100101001001111010010110 
5 2 2 3 0 3 2 0  10010000100100001001000011110000111101001001111110110000100000001011000010010000100000001000000010000000100000001000000010000000100100001001100010011111100100001001000010011010100100001001111010010000 
5 2 2 3 0 3 2 0  10010000100101001001000011111111111100001001111010110000100111111111110010010100100111111111111111110000100111101111111111011111111111111111111111111111111111111101000010011010100101001001111010010110 
5 2 2 3 0 3 2 2  10010101100101001001010111111101111111111111110010111111111101111111111111111111111111111111111111111111111111111111111111111111111111111111110010011111111111001001000010011010100100001001111010010110 
5 2 2 3 0 3 2 0  10010000100101001001000011111111111100001001111010110000100111111111110010010100100111111111111111110000100111101111111111011110111100001000100010011111100110001001000010011010100101001001111010010110 
5 2 2 3 0 3 2 0  10010100100101001001000011110000111101001001111110110000100000001011000010010000100000001000000010000000100000001000000010000000100100001001100010011111100100001001000010011010100100001001111010010000 
5 0 0 0 0 0 2 0  10000000100000001000000010000000100000001000000010000000100000001000000010000000100000001000000010000000100000001000000010000000100000001000000010000000100100001001000010011010100100001001111010010000 
5 2 2 3 0 0 2 0  10010100100101001001010011110000111101001001111110110000100000001011000010010100100111111111111111110000100000001000000010000000100100001001100010011111100100001001000010011010100100001001111010010000 
5 1 2 3 0 0 2 0  10010000100100001001010111111100101101001001111110110000100111111111000010010100100111111111111111110000100111101001110010000000100100001001100010011111100100001001000010011010100100001001111010010000 
5 0 0 0 0 0 2 0  10000000100000001000100010000000100000001000000010000000100000001000000010000000100000001000000010000000100000001000000010000000100000001000000010000000100000001001000010011010100100001001111010010000 
5 0 0 3 0 0 2 0  10000000100000001000100010000000100000001000000010000000100000001000000010000000100000001000000010000000100000001000000010000000100000001001100010011000100000001001000010011010100100001001111010010000 
5 0 0 3 0 0 0 0  10010000100000001000000010000000100000001000000010000000100000001000000010000000100000001000000010000000100000001000000010000000100000001000000010000000100000001000000010000000100000001000000010000000 
2 1 2 3 0 3 2 2  11111101100101011111111111111111111111111111111111111111111111111111111111111111111111111111111111111111111111111111111111111111111111111111111111111111111111111111111111111111111111111111111111111110 
5 0 0 0 0 0 2 0  10000000100000001000000010000000100000001000000010000000100000001000000010000000100000001000000010000000100000001001110010000000100100001001100010011111100100001001000010011010100100001001111010010000 
5 2 2 3 0 0 2 0  10010100100100001001000011111100101101001001111110110000100111111111000010010100100111111111111111110000100000001001110010000000100100001001100010011111100100001001000010011010100100001001111010010000 
5 2 2 3 0 3 2 0  10010000100101001001000011111111111100001001111010110000100111111111110010010100100111111111111111110000100111101111110010011110100010001001100010011111100100001001000010011010100100001001111010010000 
5 2 2 3 0 3 2 0  10010100100100001001000011111100101101001001111110110111111100001011000010010100100111111111000010000000100000001000000010000000100100001001100010011111100100001001000010011010100100001001111010010000 
5 0 0 3 0 0 2 0  10000000100000001000100010000000100000001000000010000000100000001000000010000000100000001000000010000000100100001001100010011111100011111001100010011111100110001001000010011010100101001001111010010110 
5 2 2 3 0 3 2 0  10010100100101001001000011110000111101001001111110110000100000001011000010010100100111111111111111110000100011101001100010011100100100001001100010011111100100001001000010011010100100001001111010010000 
5 0 0 3 0 0 2 0  10000000100000001000100010000000100000001000000010000000100000001000000010000000100000001000000010000000100000001001100010000000100000001001100010011001100100001001000010011010100100001001111010010000 
5 0 0 0 0 0 2 0  10000000100000001000000010000000100000001000000010000000100000001000000010000000100000001000000010000000100011101001100010011110100011111001100010011111100110001001000010011010100100001001111010010000 
5 2 2 3 0 3 2 2  10011101100101011111010111111101111101001001111110110000100111111111000010010100100111111111111111110000100111111101111111111111111111111111110010011111111111011111111111011010100101001001111010010110 
5 0 0 3 0 0 2 0  10000000100000001000100010000000100000001000000010000000100000001000000010000000100000001000000010000000100000001001100010000000100000001001100010011111100110001001000010011010100100001001111010010110 
5 2 2 3 0 3 2 0  10010100100101001001010111111100101101001001111110110000100111111111000010010100100111111111111111110000100100001001100010011111100011111001100010011111111111001001000010011010100101001001111010110110 
5 2 2 3 0 3 2 0  10010100100101001001000011110000100111111111110010110111111100001011000010010100100111111111111111110000100111101001111111110000100100001001100010011111111100001001000010011010100100001001111010010110 
5 0 0 0 0 0 0 0  10010000100100001000000010000000100000001000000010000000100000001000000010000000100000001000000010000000100000001000000010000000100000001000000010000000100000001000000010000000100000001000000010000000 
5 2 2 3 0 3 2 0  10010000100100001001010111111100101101001001111110110000100111111111000010010100100111111111111111110000100100001001100010011111100011111001100010011111100100001001000010011010100101001001111010010000 
5 2 2 3 0 3 2 0  10010100100101001001010111111100101101001001111110110000100111111111000010010100100111111111111111110000100100001001111111110000100011111001100010011111100100001001000010011010100100001001111010010000 
2 1 2 3 0 3 2 2  11110101100101001001010111111111111111111111111111111111111111111111111111111111111111111111111111111111111111111111111111111111111111111111111111111111111111111111111111111111111111101001111010010110 
5 0 0 3 0 0 2 0  10010000100100001001000010000000100000001000000010000000100000001000000010000000100000001000000010000000100000001000000010000000100000001001100010011111100100001001000010011010100100001001111010010000 
2 2 2 3 0 3 2 2  11111101100101011111111111111111111111111111111111111111111101111111100010010100100111111111111111110001111111111111111111111111111111111111111111111111111111111111111111111111111111111111111111111110 
2 2 2 3 0 3 2 2  11111111111111011111111111111111111111111001110010111111111111111111000010010100100111111111111111110000100111111111111111111111111111111111111111111111111111001001000010011010100101001001111010010110 
5 2 2 3 0 0 2 0  10010100100101001001000011110000111101001001111110110000100000001011000010010100100111111111111111110000100000001000000010000000100100001001100010011111100100001001000010011000100100001001111010010000 
5 2 2 3 0 0 2 0  10010000100100001001010111111100101101001001111110110000100111111111000010010100100111111111111111110000100100001001100010011110100000001001100010011111100100001001000010011000100100001001111010010000 
5 2 2 3 0 3 2 0  10010000100100001001000011111100101101001001111110110000100111111111000010010100100111111111111111110000100111101001111111111111111111111111110010011111111111001001000010011010100101001001111010010110 
5 0 0 0 0 0 2 0  10000000100000001000000010000000100000001000000010000000100000001000000010000000100000001000000010000000100111101001100010011000100100001001100010011111100100001001000010011010100100001001111010010000 
5 2 2 3 0 0 2 0  10010000100100001001010111111100101101001001111110110000100111111111000010010100100111111111111111110000100100001000000010000000100100001001100010011111100100001001000010011000100100001001111010010000 
5 0 0 3 0 0 0 0  10010000100000001000000010000000100000001000000010000000100000001000000010000000100000001000000010000000100000001000000010000000100000001000000010000000100000001000000010000000100100001001111010010000 
5 0 0 3 0 0 2 0  10010000100100001001000010000000100000001000000010000000100000001000000010000000100000001000000010010000100000001001110010000000100100001001100010011111100100001001000010011010100100001001111010010000 
2 1 2 3 0 3 2 2  11110101100101001001010111111111111111111111111111111111111111111111111111111111111111111111111111111111111111111111111111111111111111111111111111111111100110001001000010011011111111111111111111111110 
5 2 2 3 0 3 2 0  10010000100101001001000011111111111100001001111010110000100111111111110010010100100111111111111111110000100011101001111111111111111111111111110010011111111111001001000010011010100101001001111010010000 
5 2 2 3 0 3 2 0  10010100100101001001000011110000111101001001111110110000100000001111110010010100100111111111111111110000100000001000000010011000100100001001100010011111100100001001000010011010100100001001111010010000 
2 2 2 3 0 3 2 2  10011101100101011101010111111111111111111111111111111111111111111111111111111111111111111111111111111111111111111111111111111111111111111111111111111111111111111111111111111111111111111111111111111111 
2 2 2 3 0 3 2 2  11111111111111011111111111111111111111111001110010111111111101111111111111111111111111111111111111111111111111111111111111111111111111111111111111111111101111001001000010011010100101001001111010010110 
5 0 0 3 0 0 2 0  10000000100000001000100010000000100000001000000010000000100000001000000010000000100000001000000010000000100100001001100010011111100011111001100010011111100100001001000010011010100100001001111010010000 
5 0 0 3 0 0 0 0  10010000100000001000000010000000100000001000000010000000100000001000000010000000100000001000000010000000100000001000000010000000100000001000000010000000100000001000000010000000100000001000000010010000 
2 1 2 3 0 3 2 2  11111101100101011111010111111101111111111111110011111111111101111111100010010100100111111111111111110001111111111111111111111111111111111111111111111111111111111111111111111111111111111111111111111110 
5 2 2 3 0 3 2 0  10010100100100001001000011111100101101001001111110110000100111111111000010010100100111111111111111110000100111101001100010011000100100001001100010011111100100001001000010011010100100001001111010010000 
5 2 2 3 0 3 2 0  10010000100100001001000010010000111101001001111010110000100111101011000010010100100111111111111111110000100011101001111111111111111111111111110010011111111111001001000010011010100101001001111010010110 
5 2 2 3 0 3 2 0  10010101100101001001010111111111111111111111111111111111111111111111111111111111111111111111111111111111111111111111111111111111111111111111111111111111111111111111111111111110100101001001111010010110 
2 1 2 3 0 3 2 2  11111101100101011111010111111101111111111111110010111111111101111111100010010100100111111111111111110000100011101001100010011100101111111111110010011111111111011111111111011010100101001001111010010110 
5 0 0 3 0 0 2 0  10010000100100001001000010000000100000001000000010000000100000001000000010000000100000001000000010000000100000001000000010011000100100001001100010011111100100001001000010011010100100001001111010010000 
5 2 2 3 0 0 2 0  10010000100100001001000010010000111101001001111010110000100111101011000010010100100111111111111111110000100011101001111111111111111111111111100010011111100100001001000010011010100100001001111010010000 
2 1 2 3 0 3 2 2  10010000100100001001010111111100101101001001111110110000100111111111000010010100100111111111111111110000100100001001100010011111100011111001100010011111100110001001000010011010100101001001111010010110 
2 2 2 3 0 0 2 0  10010000100101001001010111111100101101001001111110110000100111111111000010010100100111111111111111110000100100001001111111110000101111111111111111111111101111001001000010011010100100001001111010010000 
5 2 2 3 0 0 2 0  10010000100100001001000010010000111101001001111010110000100111101011000010010100100111111111111111110000100100001001110010000000100100001001100010011111100100001001000010011010100100001001111010010000 
5 2 2 3 0 3 2 0  10010101100101001001010111111101111101001001111110110000100111111111000010010111111111111111111111110000100011101001100010011100101111111111110010011111111111001001000010011010100101001001111010110110 
5 2 2 3 0 0 2 0  10010101100101001001010111111101111101001001111110110000100111111111000010010111111111111111111111110000100011101001100010011100101111111111110010011111100100001001000010011010100100001001111010010000 
5 0 0 3 0 0 2 0  10010000100100001001000010000000100000001000000010000000100000001000000010000000100000001000000010010000100000001001100010011111100011111001100010011111100110001001000010011010100101001001111010010000 
5 2 2 3 0 3 2 0  10010100100101001001010111111100101101001001111110110000100111111111000010010100100111111111111111110000100100001001111111111111111111111111110010011111111111001001000010011010100101001001111010110110 
5 2 2 3 0 0 2 0  10010000100100001001000010010000111101001001111010110000100111101011000010010100100111111111111111110000100100001001100010011111100011111001100010011000100000001001000010011010100100001001111010010110 
2 2 2 3 0 3 2 2  11111111111111011111111111111111111111111001110011111111111111111111111111111111111111111111111111111111111111111111111111111111111111111111111111111111111111111111111111111111111111111111111111111111 
5 2 2 3 0 3 2 0  10010100100101001001010011111101111111111111110010110000100000001011000010010100100110001000111111110000100000001001100010011110111100001000100010011000100000001001000010011010100100001001111010010000 
5 0 0 3 0 0 2 0  10010000100100001001000010010000111101001001100010000000100000001000000010000000100000001000000010010000100000001001110010000000100100001001100010011111100100001001000010011010100100001001111010010000 
2 2 2 3 0 3 2 0  10010000100101001001010111111100101101001001111110110000100111111111000010010100100111111111111111110000100100001001111111110000100100001001100010011111100100001001000010011010100100001001111010010000 
5 0 0 3 0 0 2 0  10000000100000001000100010000000100000001000000010000000100000001000000010000000100000001000000010000000100011101001100010011000100100001001100010011111100100001001000010011010100100001001111010010000 
2 2 2 3 0 3 2 0  10011101100101011101010111111111111111111111111111111111111111111111111111111111111111111111111111111111111111111111111111111111111111111111110010011111111111001001000010011010100101001001111010010110 
5 2 2 3 0 0 2 2  10011101100101011111010111111101111111111111110010111111111101111111100010010100100111111111111111111111111111111111111111111111111111111111111111111111101111001001000010011010100101001001111010010110 
5 2 2 3 0 0 2 0  10010000100101001001000011111111111100001001111010110000100111111111110010010100100111111111110010010000100000001001110010000000100100001001100010011111100100001001000010011010100100001001111010010000 
5 0 2 3 0 0 2 0  10010000100100001001000010000000100000001000000010000000100000001000000010000000100000001000000010010000100000001001110010000000100100001001100010011111100100001001000010011010100100001001111010010110 
5 2 0 3 0 0 2 0  10010000100100001001000010010000111101001001111010110000100111101011000010010100100111111111111111110000100100101001100010010000100000001000000010000000100100001001000010011000100100001001111010010000 
5 0 0 3 0 0 0 0  10010000100000001000000010000000100000001000000010000000100000001000000010000000100000001000000010000000100000001000000010000000100000001000000010000000100100001001000010011000100100001001111010010000 
2 2 2 3 0 3 2 2  11111111111111001001010111111101111111111111110010111111111111111111111111111111111111111111111111111111111111111111111111111111111111111111111111111111111111001001000010011010100101001001111111110110 
2 1 2 3 0 0 2 2  11111111111111001001010111111101111111111111110010111111111111111111111111111111111111111111111111111111111111111111111111111111111111111111111111111111111111001001000010011010100101001001111111111110 
2 2 2 3 0 3 2 0  10010000100101001001010111111100101101001001111110110000100111111111000010010100100111111111111111110000100100001001111111110000100100001001100010011111100100001001000010011010100101001001111010010110 
5 0 0 3 0 0 2 0  10010000100100001001000010000000100000001000000010000000100000001000000010000000100000001000000010000000100000001000000010011000100100001000000010000000100100001001000010011000100100001001111010010000 
5 2 0 3 0 0 2 0  10010000100100001001000010010000111101001001111010110000100111101011000010010100100110001000000010000000100000001000000010011000100100001001100010011111100100001001000010011010100100001001111010010000 
2 2 2 3 0 0 2 0  10010000100101001001000011111111111100001001111010110000100111111111000010010100100111111111111111110000100110001001100010011100100100001001100010011111100100001001000010011010100100001001111010010000 
5 2 2 3 0 3 2 0  10010100100101001001010011111101111111111111110010110000100000001011000010010100100110001111111111110000100011101001100010011100101111111111110010011000100100001001000010011000100100001001111010010000 
5 2 2 3 0 3 2 0  10010000100100001001000011111100111101001001111110110000100000001011000010010000100000001000000010000000100000001000000010000000100100001001100010011111100100001001000010011010100100001001111010010000 
