4 0 0 0 0 0 0 0  10000000100000001000000010000000100000001000000010000000100000001000000010000000100000001000000010000000100000001000000010000000100000001000000010000000100000001000000010000000100000001000000010000000 
2 3 2 3 2 2 1 0  11111111111111111111111111111111111111111111111111111111111111111111111111111111111111111111111111111111111111111111111111111111111111111111111111111111111111111111111111111111111111111111111111111110 
4 0 0 0 0 0 0 0  10000000100000001000000010000000100000001000000010000000100000001000000010000000100000001000000010000000100000001000000010000000100000001000000010000000100000001000000010000000100000001000000010010000 
4 0 1 0 2 2 1 0  10000000100000001000000010000000100000001000000010000000100000001000000010000000100000001000111110000000100000001000000010001000100010001000000010000000100000001000000010000000100000001000000010001100 
4 0 0 0 0 0 0 0  10010000100000001000000010000000100000001000000010000000100000001000000010000000100000001000000010000000100000001000000010000000100000001000000010000000100000001000000010000000100000001000000010000000 
4 0 0 0 2 2 0 0  10000000100000001000000010000000100000001000000010000000100000001000000010000000100000001000000010000000100000001000000010000000100000001000000010000000100001001000100010000000100000001000000010000000 
4 0 0 0 0 0 0 0  10001000100000001000000010000000100000001000000010000000100000001000000010000000100000001000000010000000100000001000000010000000100000001000000010000000100000001000000010000000100000001000000010001100 
4 0 1 0 2 2 0 0  10001000100010001000100010101000100010001000000010000000100000001000000010000000100000001000000010000000100010001000000010001000100010001000000010000000100000001000100010000000100000001000000010011100 
4 0 1 0 2 2 1 0  10000000100000001000000010000000100000001000000010000000100000001000000010000000100000001000111110000000100000001000000010001000100010001000000010000000100000001000000010000000100000001000100010011100 
2 3 2 3 2 2 1 0  11110100110101011111111111111111111111111111111111111111111111111111111111111111111111111111111111111111111111111111111111111111111111111111111111111111111111111111111111111111111111111111111111111110 
4 0 1 0 2 2 1 0  10000000100000001000100010000000100000001000000010000000100000001000000010001000100111101000111110010100100010001001100010001000100010001011000010000000101101001000100010001100100011001001100010011100 
4 0 1 0 2 2 0 0  10001000100010001000100010101000100010001000000010000000100000001000000010000000100000001000000010000000100010001000000010001000100010001000000010000000100000001000100010000000100000001001110010011100 
4 0 0 0 0 0 1 0  10000000100000001000000010000000100000001000000010000000100000001000000010000000100000001000000010000000100000001000000010000000100000001000000010000000100000001000000010000000100000001001111010011100 
4 0 2 0 2 2 1 0  10001100100010001000100010101000100010001001110010000000100010001001100010001000100111101000111110010100100010001001100010001000100010001011000010000000101101001000100010001100100011001001110010011100 
2 3 2 3 2 2 1 0  11010100110101011111110010011111111111111111111111111111111110001001110011111111111111011111111111010100101100001001100010001000100010001011000010111110111101001000100010001100100011001001110010011100 
4 0 0 0 0 0 0 0  10000000100000001000000010000000100000001000000010000000100000001000000010000000100000001000000010000000100000001000000010000000100000001000000010000000100000001000000010000000100000001000000010011100 
4 0 1 0 2 2 1 0  10000000100000001000100010000000100000001000000010000000100000001001100010001000100111101000111110000000100000001000000010001000100010001000000010000000101101001000100010001100100011001001111010011110 
4 0 1 0 2 2 1 0  10001000100010001000100010101000100010001001110010000000100010001001100010001000100111101000111110010100100010001001100010001000100010001000000010000000100001001000100010001100100011001001100010011100 
4 0 1 3 2 2 1 0  10001100100010001000100010101000100010001001110010000000100010001001100010001000100111101000111110010100100010001001100010001000100010001000000010001110111101001000100010001100100011001001110010011100 
2 3 2 3 2 2 1 0  11010100110101011111110010011111111111111111111111111111111110001001110011111111111111011111111111010100101101001001110010001000111111111111110011111110111101001000100010001100100011001001110010011100 
4 0 0 0 2 0 0 0  10001000100010001000000010000000100000001000000010000000100000001000000010000000100000001000000010000000100000001000000010000000100000001000000010000000100000001000000010000000100000001000000010000000 
4 0 0 0 2 2 0 0  10001000100010001000100010011000100010001001110010000000100000001000000010000000100000001000000010000000100010001000000010001000100010001000000010000000100000001000100010000000100000001001110010011100 
4 0 1 0 2 2 1 0  10001100100010001000100010101000100010001001110010000000100010001001100010001000100111101000111110010100100010001001100010001000100010001000000010000000100001001000100010001100100011001001100010011100 
4 0 0 0 2 2 1 0  10001000100011001000110010011000100010001001110010001110100010001001100010001000100111101000111110010100100010001001110010000000100000001000000010000000100000001000100010000000100000001001100010011100 
4 0 0 0 0 0 0 0  10001000100010001000100010000000100000001000000010000000100000001000000010000000100000001000000010000000100000001000000010000000100000001000000010000000100000001000000010000000100000001000000010000000 
2 3 2 3 2 2 1 0  11111101011111011111111111111111111111111111111111111111111111111111111111111111111111111111111111111111111111111111111111111111111111111111111111111111111111111111111111111111111111111111111111111110 
4 0 0 0 2 2 1 0  10001100100011001000110010011000100010001001110010001110100010001001100010001000100111111000111110010100100010001001110010001000100000001000000010000000100001001000100010001100100011001001110010011100 
4 0 1 0 2 2 0 0  10001000100010001000100010101000100010001001110010001110100010001001100010001000100111101000110010000000100010001000000010001000100010001000000010000000100000001000100010000000100000001001110010011100 
4 0 0 3 2 2 1 0  10001100100011001000110010011000100010001001110010001110100010001001100010001000100111101000111110010100100010001001110010001110100010001011000010000000101101001000100010001100100011001001100010011100 
4 0 1 0 2 2 0 0  10001000100010001000100010011000100010001001110010000000100010001001100010001000100000001000000010000000100010001000000010001000100010001000000010000000100000001000100010000000100011001001100010011100 
4 0 1 0 2 2 0 0  10001000100010001000100010011000100010001001110010000000100010001001100010001000100000001000000010000000100010001000000010001000100010001000000010000000100000001000100010000000100000001000000010011100 
4 0 0 0 2 2 1 0  10001100100011001000110010011000100010001001110010001110100010001001100010001000100111101000000010000000100010001000000010001000100010001000000010000000100000001000100010001100100011001001110010011100 
4 0 1 0 2 2 1 0  10001000100010001000100010101000100010001001110010000000100010001001100010001000100111101000111110010100100010001001100010001000100010001000000010001100101101001000100010001100100011001001110010011100 
4 0 1 0 2 2 1 0  10001000100010001000110010011000100010001001110010001110100010001001100010001000100111101000111110010100100010001001100010001000100010001011000010000000101101001000100010001100100011001001110010011100 
4 0 0 0 2 2 1 0  10001100100011001000100010011000100010001001110010000000100000001000000010000000100000001000000010000000100010001000000010001000100010001000000010000000100000001000100010001100100011001001100010011100 
4 0 0 0 2 0 0 0  10001000100010001000100010011000100010001001000010000000100000001000000010000000100000001000000010000000100000001000000010000000100000001000000010000000100000001000000010000000100000001000000010010000 
4 0 0 0 2 2 0 0  10001100100011001000110010011100100010001001110010000000100000001000000010000000100000001000000010000000100010001000000010001000100010001000000010000000100000001000100010001100100011001001100010011100 
4 0 1 3 2 2 1 0  10001000100011001000110010011000100010001001110010000000100010001001100010001000100111101000111110010100100010001001100010001000100010001000000010000000100000001000100010001100100011001001100010011100 
4 0 0 0 2 0 0 0  10001000100010001000100010011000100010001000000010000000100000001000000010000000100000001000000010000000100000001000000010000000100000001000000010000000100000001000000010000000100000001000000010010000 
4 0 0 0 2 0 0 0  10001000100010001000100010011000100000001000000010000000100000001000000010000000100000001000000010000000100000001000000010000000100000001000000010000000100000001000000010000000100000001000000010000000 
4 0 0 0 2 2 1 0  10001100100011001000110010011000100010001001110010001110100010001001100010001000100111101000110010000000100010001000000010001000100010001000000010000000100001001001100010001100100011001001110010011100 
4 0 0 0 2 2 1 0  10001100100011001000110010011100100010001001110010000000100000001000000010000000100000001000000010000000100010001000000010001000100010001000000010000000100000001000100010001100100011001001110010011100 
2 3 2 3 2 2 1 0  11010100110101011111110111111111111111111111111111111111111111111111111111111111111111111111111111111111111111111111111111111111111111111111111111111111111111111111111111111111111111111111111111111110 
4 0 0 0 2 2 1 0  10001100100011001000110010011100100010001001110010001110100010001001100010001000100111101000110010010100100010001001110010001000111111111111000010000000111101001000100010001100100011001001100010011100 
2 3 2 3 2 2 1 0  11111111111111111111111111111111111111111111111111111111111111111111111111111111111111111111111111111111110010001001110010001000111111111111110011111110111101001001100010001100100011001001110010011100 
4 0 1 3 2 2 1 0  10001000100010001000100010011000100010001001110010001110100010001001100010001000100111101000111110010100100010001001100010001000100010001011000010000000101101001000100010001100100011001001100010011100 
4 0 2 3 2 2 1 0  10000000100000001000100010000000100000001000000010000000100000001000000010001000100111101000111110010100100010001001100010001000100010001011000010000000101101001001100010001100100011001001110010011100 
4 0 0 0 2 2 1 0  10000000100000001000000010000000100000001000000010000000100000001000000010000000100000001000000010000000100000001000000010000000100000001000000010000000100101001000100010001100100011001001100010011100 
4 0 0 0 2 2 1 0  10000000100000001000000010000000100000001000000010000000100000001000000010000000100000001000111110000000100000001000000010001000100010001000000010000000100000001000100010001100100011001001100010011100 
4 0 0 0 2 2 1 0  10001000100010001000110010011000100010001001110010001110100010001001100010001000100111101000111110010100100010001001110010001110100010001011000010000000101101001000111110001100100011001001110010011100 
4 0 0 0 2 2 1 0  10000000100000001000100010000000100000001000000010000000100000001000000010001000100111101000111110000000100000001000000010001000100010001000000010000000100000001000100010001100100011001001110010011100 
4 0 0 0 2 2 1 0  10000000100000001000100010000000100000001000000010000000100000001000000010000000100000001000000010000000100010001000000010001000100010001000000010000000100000001000000010000000100000001000100010011100 
4 0 0 0 0 0 0 0  10010000100000001000000010000000100000001000000010000000100000001000000010000000100000001000000010000000100000001000000010000000100000001000000010000000100000001000000010000000100000001000000010011100 
4 0 0 0 2 2 0 0  10001100100011001000100010011000100010001001110010000000100000001000000010000000100000001000000010000000100010001000000010001000100010001000000010000000100000001000100010000000100011001001110010011100 
2 3 2 3 2 2 1 0  11010100110101011111110111111111111111111001110111111111111111111111111111111111111111111111111111111111111111111101110011111111111111111111111111111100101101001011111110001100100011001001110010011100 
4 0 1 0 2 2 1 0  10001000100010001000100010011000100010001001110010001110100010001001100010001000100111101000111110010100100010001001110010001110100010001011000010000000101101001000100010001100100011001001110010011100 
4 0 1 3 2 2 1 0  10001000100011001000110010011000100010001001110010001110100010001001110010001000100111101000111110010100100010001001110010001110100010001011000010000000101101001000111110001100100011001001110010011100 
4 0 0 0 2 2 1 0  10001100100011001000110010011000100010001001110010001110100010001001100010001000100111101000111110010100100010001001110010001110100111111111110011111110111101001000100010001100100011001001100010011100 
4 0 0 0 2 2 1 0  10001000100010001000110010011000100010001001110010001110100010001001100010001000100111101000111110010100100010001001110010001110100111111111110011111110111101001000100010001100100011001001100010011100 
4 3 2 0 2 2 1 0  10001100100011001000110111111111111111111111111111111111111111111111111111111111111111111111111111111111111111111111111111111111111111111111111111111111111111111111111010001100100011001001110010011100 
2 3 2 3 2 2 1 0  11111101011111011111111111111111111111111111111111111111111111111111111111111111111111111111111111111111111111111111111111111111111111111111110011111110111101001001100010001100100011001001100010011100 
4 3 2 3 2 2 1 0  10001100100011001000110010011111111111111001110010001110111111111111111111111100100111101000111110010100100010001001110010001100111111111111111111111111111111111111111111111100100011001001110010011100 
4 0 0 0 2 2 1 0  10000000100000001000100010000000100000001000000010000000100000001000000010000000100000001000000010000000100010001000000010001000100010001000000010000000100000001000000010001100100011001001110010011100 
2 3 2 3 2 2 1 0  11011101011111011111111111111111111111111111111111111111111111111111111111111111111111111111111111111111111111111101110011111111111111111111111111111100101101001011111110001100100011001001100010011100 
2 3 2 3 2 2 1 0  11010100110101011111110010011100100010001001110010001110100010001001100010001000100111101000110010010100100010001001100010001000100010001011000010111110111101001001100010001100100011001001110010011100 
2 3 2 3 2 2 1 0  11010100110101011111110010011100100010001001110010001110100010001001100010001000100111101000110010010100100010001001100010001000100010001011000010000000101101001000100010001100100011001001110010010000 
4 0 0 0 2 2 1 0  10000000100000001000100010000000100000001000000010000000100000001000000010000000100000001000000010000000100010001000000010001000100010001000000010000000100000001000000010000000100011001001110010010000 
4 0 0 0 2 2 1 0  10001000100010001000100010011000100010001001110010001110100010001001100010001000100111101000110010010100100010001001100010001000100010001011000010111110111101001001100010001100100011001001110010011100 
4 0 0 0 2 2 1 0  10001100100011001000100010011000100010001001110010001110100010001001100010001000100111101000110010000000100000001000000010001000100010001000000010000000100000001000000010001100100011001001110010011100 
4 0 0 0 2 2 1 0  10001100100011001000100010011000100010001001110010001110100010001001100010001000100111101000110010000000100000001000000010001000100010001000000010000000100000001000000010000000100000001000100010011100 
4 0 0 0 2 2 0 0  10001000100011001000110010011100100010001001110010001110100010001001100010001000100111101000110010010100100010001001110010001000100010001000000010000000100000001000100010001100100011001001100010011100 
4 0 0 0 2 2 1 0  10000000100000001000000010000000100000001000000010000000100000001000000010000000100000001000000010000000100010001001100010001000100010001011000010000000101101001001100010001100100011001001110010011100 
4 3 2 3 2 2 1 0  10001100100011001000110010011100100010001001110010001110111111111111111111111100100111101000111110010100100010001001110010001110100111111111110011111110111101001000100010001100100011001001111111111110 
4 0 0 0 2 2 1 0  10001000100011001000110010011100100010001001110010001110100010001001100010001000100111101000110010010100100010001001110010001000111111111111110011111110100000001000100010001100100011001001110010011100 
4 0 1 0 2 2 1 0  10001000100010001000100010101000100010001001110010001110100010001001100010001000100111101000110010000000100010001000000010001000100010001000000010000000100000001001100010001100100011001001110010010000 
4 0 0 0 2 2 1 0  10000000100000001000100010000000100000001000000010000000100000001000000010000000100000001000000010000000100010001000000010001000100010001000000010000000100000001000111110001100100011001001110010011100 
4 0 0 0 2 2 1 0  10001000100010001000100010011000100010001001110010000000100010001001100010001000100000001000000010000000100010001000000010001000100010001000000010000000100000001000100010001100100011001001110010011100 
2 3 2 3 2 2 1 0  11010100110101011111110010011100100010001001110010001110100010001001100010001000100111101000110010010100100010001001100010001110100111111111110011111110111101001001100010001100100011001001110010011100 
4 0 0 0 2 2 1 0  10001000100011001000110010011100100010001001110010001110100010001001100010001000100111101000110010010100100010001001110010001000100010001000000010000000100000001000111110001100100011001001110010011100 
4 3 2 3 2 2 1 0  10001100100011001000110010011111111111111001110010001110111111111111111111111111111111111111111111111111111111111101110011111111111111111111111111111100101101001011111110001100100011001001110010011100 
4 3 2 3 2 2 1 0  10001100100011001000110010011111111111111001110010001110111111111111111111111100100111101000111110011111111111111111111111111111111111111111111111111111111111111111111111111111111111111111111111111110 
2 3 2 3 2 2 1 0  11110100110101011111111111111111111111111111111111111111111111111111111111111111111111111111111111111111111111111101110011111111111111111111111111111100101101001011111110001100100011001001110010011100 
4 0 0 0 2 2 1 0  10001100100011001000110010011100100010001001110010001110100010001001110010001000100111101000111110010100100010001001110010001000111111111111110011111110111101001001100010001100100011001001110010011100 
4 0 0 0 2 2 1 0  10001100100011001000110010011100100010001001110010001110100010001001100010001000100111101000110010010100100010001001110010001000100010001000000010000000100000001011111110001100100011001001110010011100 
4 3 2 0 2 2 1 0  10001100100011001000110010011111111111111001110010001110111111111111111111111100100111101000111110010100100010001001110010001110111111111111110011111110111101001001100010001100100011001001110010011100 
2 3 2 3 2 2 1 0  11010100110101011111111111111111111111111111111111111111111111111111111111111111111111111111111111111111111111111111111111111111111111111111111111111111111111111111111111111111111111001001110010011100 
4 0 0 0 2 2 0 0  10001000100011001000110010011000100010001001110010001110100010001001100010000000100000001000000010000000100010001000000010001000100010001000000010000000100000001000100010000000100000001001110010011100 
4 0 0 0 2 2 1 0  10000000100000001000100010000000100000001000000010000000100000001000000010001000100111101000111110000000100000001000000010001000100010001000000010000000100101001001100010001100100011001001110010011100 
4 0 0 0 2 2 1 0  10001000100010001000110010011000100010001001110010001110100010001001100010001000100111101000111110010100100010001001100010001000100010001011110011111110111101001001100010001100100011001001110010011100 
4 0 0 0 2 2 1 0  10001000100010001000110010011000100010001001110010001110100010001001100010001100100111101000111110010100100010001001110010001110100111111111111111111111111111111111111010001100100011001001110010011100 
2 3 2 3 2 2 1 0  11110101011111011111111111111111111111111111111111111111111111111111111111111111111111111111110010010100100010001001110010001000111111111111110011111110111101001001100010001100100011001001110010011100 
4 0 0 0 2 2 0 0  10000000100000001000000010000000100000001000000010000000100000001000000010000000100000001000000010000000100010001001110010001000100010001000111010000000100000001000100010001100100011001001100010011100 
4 0 1 3 2 2 1 0  10000000100000001000000010000000100000001000000010000000100000001000000010000000100000001000000010000000100010001001100010001000100010001011000010000000101101001000100010001100100011001001100010011100 
4 0 0 0 2 2 1 0  10001100100011001000100010011000100010001001110010001110100010001001100010001000100111101000110010000000100010001001100010001000100010001011000010000000101101001001100010001100100011001001110010011100 
2 3 2 3 2 2 1 0  11111100110101011111111111111111111111111111111111111111111111111111111111111111111111111111111111111111111111111111111111111111111111111111110011111110111101001001100010001100101111111111111111111110 
4 0 1 3 2 2 1 0  10001000100011001000110010011100100010001001110010001110100010001001100010001000100111101000110010010100100010001001110010001000100010001000000010000000111101001000100010001100100011001001110010011100 
4 3 2 3 2 2 1 0  10001100100011001000110010011111111111111001110010001110100010001001100010001000100111101000110010010100100010001001110010001000111111111111110011111110111101001001100010001100100011001001110010011100 
4 0 0 0 2 2 1 0  10001000100010001000110010011000100010001001110010001110100010001001100010001000100111101000110010010100100010001001110010001000100010001000111010000000100000001000100010001100100011001001100010011100 
4 0 0 0 2 2 1 0  10001000100010001000110010011000100010001001110010001110100010001001100010001100100111101000111110010000100010001000000010001000100010001000000010000000100000001000100010000000100011001001110010011100 
2 3 2 3 2 2 1 0  11010100110101011111110111111111111111111111111111111111111111111111111111111111111111111111111111111111100010001001110010001000111111111111110011111110111101001001100010001100100011001001110010011100 
