4 0 0 0 0 0 0 0  10000000100000001000100010000000100000001000000010000000100000001000000010000000100000001000000010000000100000001000000010000000100000001000000010000000100000001000000010000000100000001000000010000000 
4 0 0 0 2 1 2 0  10000000100000001000100010000000100000001000000010000000100000001000000010000000100000001000000010000000100000001000000010000000100000001000000010000000100000001000000010000000100000001000000010001110 
4 2 0 0 0 0 0 0  10000000100000001000000010000000100000001000000010000000100000001000000010000000100000001000000010000000100000001000000010000000100000001000000010000000100000001000000010000000100000001000000010001000 
3 2 1 2 2 1 2 0  11111111111111111111111111111111111111111111111111111111111111111111111111111111111111111111111111111111111111111111111111111111111111111111111111111111111111111111111111111111111111101111111111111110 
4 0 0 0 0 0 0 0  10010000100000001000000010000000100000001000000010000000100000001000000010000000100000001000000010000000100000001000000010000000100000001001000010000000100000001000000010000000100000001000000010001000 
4 2 0 0 0 0 0 0  10000000100000001000000010000000100000001000000010000000100000001000000010000000100000001000000010000000100000001000000010000000100000001000000010000000100000001000000010000000100000001000000010011100 
4 0 0 0 0 0 0 0  10000000100000001000000010000000100000001000000010000000100000001000000010000000100000001000000010000000100000001000000010000000100000001000000010000000100000001000000010000000100000001000110010011100 
4 0 0 0 2 1 2 0  10000000100000001000100010000000100000001000000010000000100000001000000010000000100000001000000010000000100000001000000010000000100000001001000010000000100000001000000010000000100000001000000010001000 
4 0 0 2 2 1 2 0  10000000100000001000100010000000100000001000000010000000100000001000000010000000100000001000000010000000100110001000000010000000100000001001000010000000100000001000000010000000100111001000000010001110 
4 2 1 2 2 1 2 0  10010100100101001001010010010000100111011111000010011000100111001000111110011100111111001001110111111111111111111111111111111111111111111111111111111100100011101001000010010000100111111001010010011100 
4 0 1 2 0 0 2 0  10000000100100001001000010000000100000001000000010000000100000001000000010000000100000001000000010000000100000001000000010000000100000001000000010000000100000001000000010000000100000001111111110000000 
4 0 0 2 2 0 0 0  10010000100100001001000010010000100110001001000010011000100111001000100010000000100000001000000010000000100000001000000010000000100000001000000010000000100000001000000010000000100000001000000010001000 
4 0 0 2 2 1 2 0  10010100100101001001010010010000100110001001000010011000100100001000000010000000100000001000000010000000100110001000000010000000100000001001000010000000100000001000000010010000100111111001010010011100 
4 0 0 2 2 1 2 0  10010000100101001001010010010000100110001001000010011000100000001000000010000000100000001000000010001111100100001000000010011100100000001001000010010000100011101001000010010000100111111001010010011100 
4 0 0 2 2 1 2 0  10010000100100001001000010010000100110001001000010011000100111001000111110011100100000001000000010000000100000001000000010011100100000001001000010010000100011101001000010010000100111111001010010011100 
4 0 0 0 0 0 0 0  10010000100000001000000010000000100000001000000010000000100000001000000010000000100000001000000010000000100000001000000010000000100000001000000010000000100000001000000010000000100000001000000010000000 
4 0 0 0 0 0 0 0  10000000100000001000100010000000100000001000000010000000100000001000000010000000100000001000000010000000100000001000000010000000100000001000000010000000100000001000000010000000100000001001010010011100 
4 0 0 2 2 1 2 0  10010000100100001001000010010000100110001001000010011000100100001000000010000000100000001000000010000000100110001000000010000000100000001001000010001100100011101001000010010000100111111001010010011100 
4 0 0 0 0 0 0 0  10000000100000001000000010000000100000001000000010000000100000001000000010000000100000001000000010000000100000001000000010000000100000001000000010000000100000001000000010000000100000001000000010000000 
3 2 1 2 2 1 2 0  11111101111111011001010111111111111111111111111111111100100111111101111110011111111111111111111111111111111111111111111111111111111111111111111111111111111111111111111111111111111111101111111111111110 
4 0 0 2 2 0 0 0  10010000100100001001000010010000100110001001000010011000100100001000000010000000100000001000000010000000100000001000000010000000100000001000000010000000100000001000000010000000100000001000000010000000 
4 2 1 2 2 1 2 0  10010000100101001001010010010000100110001001000010011000100111111101111110011100100111001001110010001111100100001000111111111100100000001001000010010000100011101001000010010000100111111001010010011100 
4 0 0 0 0 0 0 0  10010000100100001000000010000000100000001000000010000000100000001000000010000000100000001000000010000000100000001000000010000000100000001000000010000000100000001000000010000000100000001000000010000000 
4 0 0 2 2 1 2 0  10000000100000001000100010000000100000001000000010000000100000001000000010000000100000001000000010000000100110001000000010000000100000001001000010000000100000001001000010010000100111101001010010011100 
4 0 0 0 0 0 0 0  10000000100000001000000010000000100000001000000010000000100000001000000010000000100000001000000010000000100000001000000010000000100000001000000010000000100000001001000010010000100111111001010010011110 
4 2 1 2 2 1 2 0  10010101100101011001010111111111111111111111111010011100100111111101111110011100100111001001110010001111111111111111111111111111111111111111111010011100111111111111111111111111111111101001010010011100 
3 0 0 2 0 0 0 0  10000000100100001001000010000000100000001000000010000000100000001000000010000000100000001000000010000000100000001000000010000000100000001000000010000000100000001000000010000000100000001000000010000000 
4 0 0 2 2 1 2 0  10000000100000001000100010000000100000001000000010000000100000001000000010000000100000001000000010000000100000001000000010000000100000001001000010000000100000001000000010010000100111101001010010011100 
4 0 0 2 2 1 2 0  10010100100101001001010010010000100110001001000010011000100000001000000010000000100000001000000010000000100000001000000010000000100000001001000010010100100011101001000010010000100111111001010010011100 
4 2 1 2 2 1 2 0  10010101100101011001010111010000100011011001000010011000100111001001111110011100100111001001110010001111111111111111111111111111111111111101000010010100100011101001000010010000100111111001010010011100 
3 2 1 2 2 1 2 0  11111101111111011001010111111111111111111111111111111100100111001001111110011100100111001001110010001111111111111111111111111111111111111111111010011100111111111111111111111111111111111001010010011100 
4 0 0 2 2 1 0 0  10010000100100001001000010010000100110001001000010011000100111001000000010000000100000001000000010000000100000001000000010000000100000001000000010000000100000001000000010000000100000001000000010000000 
4 2 1 2 2 1 2 0  10011101100101011001010111111111111111111111111111111111111111111111111111111100100111001001111111111111111111111111111111111111111111111111111111111111111111111111110010010000100111111001010010011100 
4 2 1 2 2 1 2 0  10010101100101011001010111111111111111111111111010011100100111111101111110011100100111001001110010001111111111111111111111111111111111111111111010011100100011101001000010010011100111111001010010011100 
4 0 0 2 2 1 2 0  10010100100101001001010010010000100110001001000010011000100111001000111110011100100111001001110010001111100100001000000010011100100000001001000010010000100011101000000010000000100000001000000010011110 
4 0 0 0 0 0 0 0  10000000100000001000000010000000100000001000000010000000100000001000000010000000100000001000000010000000100000001000000010000000100000001000000010000000100000001000000010000000100111111001010010011100 
4 0 0 2 2 1 2 0  10010100100101001001010010010000100110001001000010011000100111001000111110011100100111001001110010001111100100001000000010011100100000001001000010010000100011101001000010000000100111111001010010011100 
4 0 0 2 2 1 2 0  10010000100100001001000010010000100110001001000010011000100111001000100010000000100000001000000010000000100000001000000010011100100000001001000010011100100011101001000010010000100111111001010010001000 
3 2 1 2 2 1 2 0  10010101100101011001010111111111111111111111111010011100100111111101111110011100100111001001110010001111111111111111111111111111111111111111111111111111111111111111111111111111111111101111111111111110 
4 2 1 2 2 1 2 0  10010000100101001001010010010000100110001001000010011000100111111101111110011100100111001001110010001111100100001000111111111111111111111111110010011100100011101001000010010000100111111001010010001000 
4 2 1 2 2 1 2 0  10010000100101001001010010010000100110001001000010011000100111111001111110011100100111001001110010001111111111111111111111111111111111111111111010011100111111101001000010010000100111111001010010011100 
3 2 1 2 2 1 2 0  11111101111111111111111111111111111111111111111111111111111111111111111111111111111111111111111111111111111111111111111111111111111111111111111111111111111111111111111111111111111111101111111111111110 
4 2 1 2 2 1 2 0  10010101100101011001010111010000100011011001000010011000100111001001111110011100100111001001110010001111111111111111111111111111111100001001000010010000100011101001000010010000100111111001010010011100 
4 0 1 2 2 1 2 0  10010000100100001001000010010000100110001001000010011000100111001000111110011100100111001001110010001111100100001000000010011100100000001001000010010000100011101001000010010000100111111001010010011000 
3 2 1 2 2 1 2 0  11111101111111011001010111111111111111111111111111111100100111111111111110011100100111001001110010001111111111111111111111111111111111111111110010011100100011101001000010010000100111111001010010011100 
4 2 1 2 2 1 2 0  10010101100101011001010111010000100011011001000010011000100111001001111110011100100111001001110010001111111111111111111110011101111111111111111010011100111111111111111010010000100111111001010010011100 
4 0 0 2 2 1 0 0  10010000100100001001000010010000100110001001000010011000100111001000100010000000100111001001110010000000100000001000000010000000100000001000000010000000100000001000000010000000100000001000000010000000 
4 0 0 2 2 1 0 0  10010100100101001001010010010000100110001001000010011000100111001000110010000000100000001000000010000000100000001000000010000000100000001001000010000000100000001000000010000000100000001000000010001000 
3 2 1 2 2 1 2 0  11111101110101011001010111111111111111111111111111111000100111001001111110011100100111001001110010001111111111111111111111111111111111111111111010011100111111001001000010010000100111111001010010011110 
4 0 1 2 2 1 2 0  10010000100100001001000010010000100110001001000010011000100111001000111110011100100111001001110010001111100100001000000010011100100000001001000010010000100011101001000010010000100111111001010111111110 
3 2 1 2 2 1 2 0  11110101100101011001010111111111111111111111111111111111111111111111111110011100100111111111111111111111111111111111111111111111111111111111111111111111111111111111111010010011100111111001010010011100 
4 0 0 2 2 1 2 0  10010100100101001001010010010000100110001001000010011000100111001000111110000000100000001000000010000000100000001000000010011100100000001001000010010000100011101001000010010000100111111001010010011100 
4 0 0 2 0 0 0 0  10010000100100001001000010000000100000001000000010000000100000001000000010000000100000001000000010000000100000001000000010000000100000001000000010000000100000001000000010000000100000001000000010000000 
3 2 1 2 2 1 2 0  10010101100101011001010111111111111111111111111111111111111111111111111110011100100111111111111111111111111111111111111111111111111111111111111111111111111111111111111111111111111111101111111111111100 
4 0 0 2 0 0 0 0  10010000100100001001000010010000100000001000000010000000100000001000000010000000100000001000000010000000100000001000000010000000100000001000000010000000100000001000000010000000100000001000000010000000 
4 2 1 2 2 1 2 0  10010100100100001001010010010000100011011001000010011000100111001000100010000000100111001001110010001111100100001000111111111100100000001001000010010000100011101001000010010011100111111001010010011000 
4 0 0 2 2 1 2 0  10010000100100001001000010010000100110001001000010011000100111001000100010000000100000001000000010000000100000001000000010000000100000001001000010000000100000001001000010010000100111111001010010001000 
3 2 1 2 2 1 2 0  10010101100101011001010111111111111111111111111010011100100111111101111110011100100111001001110010001111111111111111111010011100100111111111110010011100100011101001000010010000100111111001010010011100 
4 2 1 2 2 1 2 0  10010100100101001001010010010000100110001001000010111100100111001001111110011100100111001001110010001111100100001000000010011100100000001001111010011100100011101001000010010000100111111001010010011100 
3 2 1 2 2 1 2 0  11111101111111111111111111111111111111111111111111111111111111111111111111111111111111111111111111111111111111111111111111111111111111111111111111111111111111111111111110010000100111111001010010011100 
4 0 0 2 2 1 2 0  10010100100101001001010010010000100110001001000010011100100111111101111110011100100111001001110010001111111111111111111010011100100111111111110010011100100111101001000010010011100111111001010010011100 
4 0 0 2 2 1 2 0  10010100100101001001010010010000100110001001000010011000100111001000111110011100100111001001110010001111100111111111111010011100100111111111110010011100100111101001000010010011100111111001010010011100 
4 0 0 2 2 0 0 0  10010100100101001001000010010000100110001001000010011000100111001000100010000000100000001000000010000000100000001000000010000000100000001000000010000000100000001000000010000000100000001001010010011100 
4 0 0 0 0 0 0 0  10010000100000001000000010000000100000001000000010000000100000001000000010000000100000001000000010000000100000001000000010000000100000001001000010000000100000001000000010000000100000001001010010011100 
4 0 0 2 2 1 2 0  10010100100101001001010010010000100110001001000010011000100111001000111110011100100111001001110010001111100100001000000010011100100000001001000010011100100011101001110010010000100111111001010010011100 
4 0 0 2 2 1 2 0  10010100100101001001010010010000100110001001000010011000100111001000111110011100100111001001110010001111100100001000000010011100100000001001000010011111111011101001110010010000100111111001010010011100 
4 0 0 2 2 1 2 0  10010000100101001001010010010000100110001001000010011000100111001000111110011100100000001000000010000000100000001000000010011100100000001001000010010000100011101001000010010000100111111001010010011110 
3 2 0 2 2 1 2 0  10010000100100001001010010010000100110001001000010011100100111111101111110011100100111001001110010001111111111111111111010011100100111111111110010011100100011101001000010010000100111111001010010011100 
4 0 0 2 2 1 0 0  10010000100100001001000010010000100110001001000010011000100100001000000010000000100000001000000010000000100000001000000010000000100000001000000010000000100000001001000010010000100111111001010010011100 
3 2 1 2 2 1 2 0  11110101100101011001010111111111111111111111111111111111111111111111111110011100100111111111111111111111111111111111111111111111111111111111110010011100100011101001110010010000100111111001010010011100 
4 2 1 2 2 1 2 0  10010000100101001001010010010000100110001001000010011000100111111001111110011100100111001001110010001111111111111111111010011100100000001001111010011100100011101001000010010000100111101001010010001000 
4 2 1 2 2 1 2 0  10010000100100001001010010010000100110001001000010011000100111001000111110011100100111001001110010001111100100001111111111111111111111111111111010010000100011101001000010010000100111111001010010011100 
4 0 0 2 2 1 2 0  10010100100101001001000010010000100110001001000010011000100111001000100010000000100000001000000010000000100000001000000010000000100000001000000010010000100011101001000010010000100111101001010010001000 
4 0 1 2 2 1 2 0  10010000100101001001010010010000100110001001000010011000100111001000111110011100100111001001110010001111100100001000000010011100100000001001000010010000100111101001000010010011100111111001010010011100 
4 0 1 2 2 1 2 0  10010000100101001001010010010000100110001001000010011000100111001000111110011100100111001001110010001111100100001000000010011100100000001001000010010000100011101001000010010000100111111001010010011000 
4 0 0 2 2 1 2 0  10010100100100001001010010010000100011011001000010011000100111001000100010000000100111001001110010000000100000001000000010000000100000001000000010011100100011101001000010010000100111111001010010011110 
3 0 0 2 2 1 0 0  10010100100101001001000010010000100110001001000010011000100111001000100010000000100000001000000010000000100000001000000010000000100000001000000010000000100000001000000010000000100000001000000010001000 
4 0 0 2 2 1 2 0  10010000100100001001010010010000100110001001000010011000100111001000111110011100100111001001110010001111100100001000000010011100100000001001000010011100100011101001000010010000100111101000000010001000 
4 0 0 2 2 1 2 0  10010000100100001001010010010000100110001001000010011000100111001000111110011100100111001001110010001111100100001000000010011100100000001001000010011100100011101001000010010000100111111001001010011110 
4 2 1 2 2 1 2 0  10010101100101011001010111111111111111111111111010011100100111111101111110011100100111001001110010001111111111111111111010011100100100001001000010010000100011101001000010010011100111111001010010011000 
4 0 0 2 2 1 2 0  10010000100100001001000010010000100110001001000010011100100111111101111110011100100111001001110010001111100100001000000010011100100000001001111010011100100011101001000010010000100111111001010010011110 
4 0 0 2 2 1 2 0  10010000100100001001010010010000100110001001000010011100100111111101111110011100100111001001110010001111100100001000000010011100100000001011111010010000100011101001000010010000100111111001010010011100 
3 2 0 2 2 1 2 0  11111101110101011001010111111111111111111111111111111100100111111101111110011100100111001001110010001111111111111111111010011101111111111111111111111111111111111101110010010000100111111001010010011100 
4 0 1 2 2 1 2 0  10010000100100001001010010010000100110001001000010011000100111001000111110011100100111001001110010001111100100001000000010011100100000001001000010011100100011101001110010010000100111111001010010011100 
4 0 0 0 0 0 0 0  10010000100100001001000010010000100100001000000010000000100000001000000010000000100000001000000010000000100000001000000010000000100000001000000010000000100000001000000010000000100000001000000010000000 
3 2 1 2 2 1 2 0  11111111111111111111111111111111111111111111111111111111111111111111111111111111111111111111111111111111111111111111111111111111111111111111111111111100100111101001000010010011100111111001010010011100 
3 0 0 2 2 1 2 0  10010100100101001001000010010000100110001001000010011000100111001000100010001100100111001001110010001111100100001000000010011100100000001011111010010000100011101001000010010000100111111001010010011100 
4 0 0 2 2 1 2 0  10010000100100001001010010010000100110001001000010011000100111001000111110011100100111001001110010001111100100001000000010011100100111111111110010011100100011101001110010010000100111111001010010011100 
3 2 0 2 2 1 2 0  10010000100100001001000010010000100110001001000010011100100111111101111110011100100111001001110010001111100100001000000010011100100111111111110010010000100011101001110010010011100111111001010010011100 
4 0 0 2 2 1 2 0  10010000100100001001000010010000100110001001000010011000100100001101111110011100100111001001110010001111100110001000000010000100100111111111110010011100100011101001000010010000100111111001010010011100 
4 0 0 2 2 1 2 0  10010000100100001001000010010000100110001001000010011000100111001000111110011100100111001001110010001111100100001000000010011100100000001001000010010000100011101001000010010000100111111000000010011110 
4 2 0 2 2 1 2 0  10011101100101011001010111111111111111111111111111111111111111111111111111111100100111001001111111111111111111111111111111111111111111001001011111111111111111111111111111111111111111101111111111111110 
4 0 0 2 2 1 2 0  10010100100101001001010010010000100110001001000010011000100111001000111110011100100111001001110010001111100100001000000010011100100000001001000010010000100011101001000010000000100000001001010010011100 
4 2 1 2 2 1 2 0  10010100100101001001010010010000100110001001000010011000100111001000111110011100100111001001110010001111100100001000000010011111111111111111111010011100100011101001110010010000100111111001010010011100 
3 2 1 2 2 1 2 0  11111101111111111111111111111111111111111111111111111111111111111110111110011100100111001001110010001111111111111111111010011100100111111111110010010000100011101001110010010011100111111001010010011100 
4 0 0 2 2 1 2 0  10010000100101001001010010010000100110001001000010011000100111001000111110011100100000001001110010001111100100001000000010000000100000001001000010010000100011101001000010010000100111111001010010011100 
4 0 0 2 2 1 2 0  10000000100000001000100010000000100000001000000010000000100000001000000010011100100111001001110010001111100100001000000010011100100000001001000010010000100011101001000010000000100000001000000010000000 
4 0 0 2 2 1 2 0  10000000100000001000100010000000100000001000000010000000100000001000000010000000100000001000000010000000100000001000000010000000100000001001000010010000100011101001110010010000100111111001010010011100 
4 0 1 2 2 1 2 0  10011101110101011001010111111111111111111111111111111100100111111101111110011100100111001001110010001111111111111111111010011101111111111111111111111111111111111101110010010000100111111001010010011100 
3 2 1 2 2 1 2 0  10010000100100001001010010010000100110001001111010011100100111111101111110011100100111001001110010001111111111111111111010011100100111111111110010011100100011101001110010010000100111111001010010011100 
