6 0 0 0 0 0 0 0  10000000100000001001000010000000100000001000000010000000100000001000000010000000100000001000000010000000100000001000000010000000100000001000000010000000100000001000000010000000100000001000000010000000 
6 0 0 0 0 0 0 0  10010000100000001001000010000000100000001000000010000000100000001000000010000000100000001000000010000000100000001000000010000000100000001000000010000000100000001000000010000000100000001000000010000000 
1 0 2 3 1 1 1 1  11111111111111111111111111111111111111111111111111111111111111111111111111111111111111111111111111111111111111111111111111111111111111111111111111111111111111111111111111111111111111111111111111111110 
1 0 2 3 1 1 1 1  11111111111111111111111111111111111111111111111111111111111111111111111111111111111111111111111111111111111111111111111111111111111111111001010011111000111111111111110111110010111111001001000010011100 
6 0 0 0 0 0 0 0  10000000100000001000000010000000100000001000000010000000100000001000000010000000100000001000000010000000100000001000000010000000100000001000000010000000100000001000000010000000100000001000000010000000 
0 0 2 3 1 1 1 1  11010101110101001101010011111111111111111101010010010000111111001001000011111100111111111111110110010101111100001001000010011100001111011001010010110001111111111111110111110010111111001001000010011100 
6 0 0 0 0 0 0 0  10000000100000001000000010000000100000001000000010000000100000001000000010000000100000001000000010000000100000001000000010000000100000001000000010000000100000001000000010000000100000001000000010010000 
1 0 2 3 1 1 1 1  11010101111111111111111111111111111111111111111111111111111111111111111111111111111111111111111111111111111111111111111111111111111111111111111111111111111111111111111111111111111111111111111111111110 
6 0 2 3 0 1 0 0  10010100100101001001000010110000100100001001000010010000100000001000000010000000100000001000000010000000100000001000000010000000100000001000000010110000100000001001000010011000101100001001000010010000 
6 0 0 3 0 0 0 0  10010000100000001000000010000000100000001000000010000000100000001000000010000000100000001000000010000000100000001000000010000000100000001000000010000000100000001000000010000000100000001000000010000000 
6 0 0 3 0 0 0 0  10010000100100001000000010000000100000001000000010000000100000001000000010000000100000001000000010000000100000001000000010000000100000001000000010000000100000001000000010000000100000001000000010000000 
6 0 2 3 1 1 1 1  10010101100101001001010010111111111111111111111111111111111111111001000011111100111111111111110110010101111111111111111111111111001111011001011111111110111111111111110111110010111111001101001111111111 
6 0 2 3 1 1 1 1  10010101100101001001010010111111111111111101010010010000111111001001000011111100111111111111110110010101111111111111111111111111001111011001011111111110111111111111110111110010111111001101001111111111 
6 0 0 3 0 0 0 0  10010000100000001000000010000000100000001000000010000000100000001000000010000000100000001000000010000000100000001000000010000000100000001000000010000000100000001001000010000000100000001001000010010000 
6 0 2 3 1 1 0 0  10010100100101001001010010110000111100001001010010010000111111001001000011111100111110001000000010010101111100001001000010011100001111011001000010110000100000001001000010011000101100001001000010010000 
6 0 2 3 1 1 1 1  10010101100101001001010010111111111111111101010010010000111111001001000011111100111111111111110110010101111100001001000010011111111111111111111111111111111111111111110111110010111111001101000010011100 
6 0 2 3 1 1 1 0  10010000100101001001010010110000111100001001010010010000111111001001000011111100111111111111110110010101111100001001000010011100001111011001000010110000111111111101000010011000101100001101000010011100 
6 0 2 3 1 1 0 0  10010000100101001001000010110000100100001001000010010000111111001001000011111100111111111111110110010101111100001001000010011100001111011001000010110000111111111111110111111000101100001101000010010000 
6 0 0 0 0 0 0 0  10010000100000001001000010000000100000001000000010000000100000001000000010000000100000001000000010000000100000001000000010000000100000001000000010010000100000001001000010000000100000001001000010010000 
6 0 2 3 1 1 0 0  10010000100100001001000010110000100100001001000010010000111111001001000011111100111111111111110110010101111100001001000010011100001111011001000010110000100000001001000010011000101100001001000010010000 
6 0 2 3 1 1 0 0  10010000100100001001010010110000111100001001010010010000111111001001000011111100111111111111000010010101111100001001000010011100001111001001000010110000100000001001000010000000100100001101000010010000 
6 0 2 3 1 1 0 0  10010000100100001001010010110000111100001001000010010000111111001001000011111100110000001000000010010101111100001001000010011100001111011001000010110000100000001001000010011000101100001001000010010000 
6 0 2 3 0 1 0 0  10010000100101001001010010110000111100001001010010010000111111001001000011111100111110001000000010000000100000001001000010011100001111011001000010110000100000001001000010011000100100001001000010010000 
0 0 2 3 1 1 1 1  11010111111111111111111111111111111111111111111111111111111111111111111111111111111111111111111111111101111111111111111111111100001111011001011010110000111111111111110111110010111111001101001111111100 
6 0 2 3 0 1 0 0  10010100100101001001010010110000101100001001010010010000100000001000000010000000100000001000000010000000100000001000000010000000100000001000000010110000100000001001000010011000101100001001000010010000 
6 0 2 3 1 1 1 1  10010101100101001001010111111111111111111111111111111111111111111111111111111111111111111111111111111111111111111111111111111111111111111111111111111111111111111111111111111111111111111111111111111110 
6 0 2 3 0 1 0 0  10010100100101001001010010110000111100001001010010010000111111001001000011111100111110001000000010000000100000001001000010011100001111011001000010110000100000001001000010011000100100001001000010010000 
6 0 2 3 1 1 1 1  10010101100101001001010111111111111111111111111111111111111111111111111111111111111111111111111111111111111111111111111111111111111111011001011111111110111111111111110111110010111111001101000010011100 
6 0 2 3 1 1 0 0  10000000100000001001000010000000100000001000000010000000100000001000000010000000100000001000000010000000100000001001000010011100001111011001000010110000100000001001000010011000100100001001000010010000 
6 0 2 3 1 1 0 0  10010100100100001001010010110000111100001001000010010000100000001001000011111100111111111111110110010000100000001001000010011100001111011001000010110000100000001001000010011000100100001001000010010000 
6 0 0 3 0 0 0 0  10010000100100001001000010110000100100001001000010010000100000001000000010000000100000001000000010000000100000001000000010000000100000001000000010010000100000001001000010000000100100001001000010010000 
6 0 2 3 1 1 0 0  10010100100100001001010010110000100100001001000010010000100000001000000010000000100000001000000010000000100000001000000010011100001111001001000010110000100000001001000010000000100000001001000010010000 
6 0 2 3 0 1 0 0  10010100100100001001000010110000100100001001000010010000111111001001000011111100111111111111110110010101111100001001000010011100001111011001000010110000100000001001000010011000101100001001000010010000 
1 0 2 3 1 1 1 1  11010101110101001101010111111111111111111111111111111111111111111111111111111111111111111111110110010101111100001001000010011111111111111111111111111111111111111111110111110010111111001101000010011100 
6 0 2 3 1 1 0 0  10010000100100001001000010110000100100001001000010010000100000001000000010000000100111101001110110010101111100001001000010011100001111011001000010110000100000001001000010011000100100001001000010010000 
6 0 0 0 0 1 0 0  10000000100000001001000010000000100000001000000010000000100000001000000010000000100000001000000010000000101100001001000010000000101100001001000010110000100000001001000010011000101100001001000010010000 
6 0 2 3 1 1 0 0  10010000100100001001000010110000100100001001000010010000111111001001000011111100111111111000000010010101111100001001000010011100001111001001000010110000100000001001000010011000101100001001000010010000 
6 0 2 3 1 1 0 0  10010000100101001001010010110000111100001001010010010000111111001001000011111100111111001000000010000000100000001001000010000000101100001001000010110000100000001001000010011000101100001001000010010000 
6 0 0 0 0 0 0 0  10010000100100001001000010000000100000001000000010000000100000001000000010000000100000001000000010000000100000001000000010000000100000001000000010010000100000001001000010000000100000001001000010010000 
6 0 2 3 1 1 1 1  10010101100101001001010010111100111100001001010010010000111111001001000011111100111111111111110110010101111100001001111111111100001111011001011111111110111111111111110111110010111111001101001111111110 
6 0 2 3 1 1 0 0  10010100100100001001010010110000100100001001000010010000100000001000000010000000100000001000000010000000100000001000000010011100001111011001000010110000100000001001000010011000101100001001000010010000 
0 0 2 3 1 1 1 1  11010101110101001101010111111111111111111111111111111111111111111111111111111110111111111111110110010101111111111111111111111111111111111111111111111110111111111111110111110010111111001101001111111110 
6 0 2 3 1 1 1 1  10010100100101001001010010111100111100001001010010010000111111001001000011111100111111111111110110010101111100001001000010011100001111001001000010110000111111111111110111110010111111001101000010011100 
6 0 2 3 1 1 0 0  10010000100101001001000010110000100100001001000010010000111111001001000011111100111111111111110110010101111100001000000010000000100000001001000010110000100000001001000010011000100100001001000010010000 
6 0 0 3 0 0 0 0  10010000100000001000000010000000100000001000000010000000100000001000000010000000100000001000000010000000100000001000000010000000100000001001000010110000100000001001000010011000100100001001000010010000 
6 0 0 0 0 0 0 0  10000000100000001000000010000000100000001000000010000000100000001000000010000000100000001000000010000000100000001000000010000000100000001000000010110000100000001001000010011000101100001001000010010000 
6 0 2 3 1 1 0 0  10010000100100001001000010111100111100001001010010010000111111001001000011111000100111101001110110010101111100001001000010011100001111011001000010110000100000001001000010011000100100001001000010010000 
1 0 2 3 1 1 1 1  11011111111111111111111111111111111111111111111111111111111111111111111111111101111111111111111111111111111111111111111111111100001111011001011010110000111111111111110111110010111111001101001111111100 
6 0 0 3 1 1 0 0  10000000100000001001000010000000100000001000000010000000100000001000000010000000100111101001110110010101111100001001000010011100001111011001000010110000100000001001000010011000100100001001000010010000 
0 0 2 3 1 1 1 1  11010101110101001101010011111111111111111101010010010000111111001001000011111100111111111111110110010101111100001001000010011100001111011001011111111111111111111111111111111111111111111111111111111110 
6 0 0 0 0 1 0 0  10000000100000001001000010000000100000001000000010000000100000001000000010000000100000001000000010000000100000001000000010000000100000001000000010000000100000001001000010000000100100001001000010010000 
6 0 2 3 1 1 1 1  10010101100101001001010010111100111100001001010010010000111111001001000011111100111111111111000010010101111100001001000010011100001111001001000010110000100000001001000010011000111100001101000010011100 
6 0 0 3 0 0 0 0  10010000100100001001000010000000100000001000000010000000100000001000000010000000100000001000000010000000100000001000000010000000100000001000000010000000100000001000000010000000100000001000000010000000 
1 0 2 3 1 1 1 1  11010101111101001101010111111111111111111111111111111111111111111111111111111111111111111111111111111111111111111111111111111111111111111111111111111111111111111111111111111111111111111111111111111110 
6 0 2 3 1 1 0 0  10000000100000001001000010000000100000001000000010000000100000001000000010000000100111101001110110010101111100001001000010011100101100001001000010110000100000001001000010011000100100001001000010010000 
6 0 2 3 0 0 0 0  10010000100100001001000010110000100100001001000010010000100000001000000010000000100000001000000010000000100000001000000010000000100000001001000010110000100000001001000010011000101100001001000010010000 
6 0 0 0 0 0 0 0  10000000100000001000000010000000100000001000000010000000100000001000000010000000100000001000000010000000100000001000000010000000100000001000000010000000100000001000000010011000100100001001000010010000 
6 0 0 0 0 0 0 0  10000000100000001000000010000000100000001000000010000000100000001000000010000000100000001000000010000000100000001000000010000000100000001000000010000000100000001000000010000000100000001001000010010000 
6 0 2 3 1 1 0 0  10010000100101001001000010110000100100001001000010010000111111001001000011111100111111111111110110010101111100001001000010011100001111011001000010110000100000001001000010011000101101001101000010011100 
6 0 0 0 0 0 0 0  10000000100000001001000010000000100000001000000010000000100000001000000010000000100000001000000010000000100000001000000010000000100000001000000010000000100000001000000010000000100000001001000010010000 
6 0 2 3 1 1 0 0  10010100100101001001010010111100100100001001000010010000100000001000000010000000100000001000000010000000100000001000000010000000001111011001000010110000100000001001000010011000100100001001000010010000 
6 0 2 3 0 1 0 0  10010100100100001001000010110000100100001001000010010000111111001001000010000000100000001000000010000000100000001001000010011100001111011001000010110000100000001001000010011000100100001001000010010000 
6 0 2 3 1 1 0 0  10010000100101001001010010110000111100001001010010010000111111001001000011111100111111111111110110010101111100001001000010011100001111011001000010110000100000001001000010011000101100001001000010010000 
1 0 2 3 1 1 1 1  11010101110101111111111111111111111111111111111111111111111111111111111111111101111111111111111111111111111111111111111111111111111111111111111111111111111111111111111111111111111111111111111111111110 
6 0 2 3 1 1 0 0  10010000100101001001010010110000111100001001010010010000111111001001000011111100111111111111000010010101111100001001000010011100001111001001000010110000100000001001000010000000100100001101000010010000 
6 0 0 3 1 1 0 0  10010100100101001001010010110000100100001001000010010000100000001000000011111100100000001000000010000000100000001000000010011100001111011001000010110000100000001001000010011000100100001001000010010000 
6 0 2 3 0 0 0 0  10010000100100001001000010110000100100001001000010010000100000001000000010000000100000001000000010000000100000001000000010000000001111011001000010110000100000001001000010010000100100001001000010010000 
6 0 2 3 1 1 0 0  10010100100101001001000010110000100100001001000010010000100000001000000010000000100000001000000010000000100000001000000010011100001111001001000010110000100000001001000010000000100000001001000010010000 
6 0 2 3 1 1 0 0  10010100100101001001010010110000100100001001000010010000100000001000000011111100100000001000000010000000111100001001000010011100001111011001000010110000100000001001000010011000101100001001000010010000 
6 0 2 3 1 1 0 0  10000000100000001001000010000000100000001000000010000000100000001000000010000000100000001000000010000000100000001001000010000000101100001001000010000000100000001001000010011000100100001001000010010000 
6 0 0 3 1 1 0 0  10010000100100001001000010110000100100001001000010010000100000001000000010000000100000001000000010000000100000001001000010011100101100001001000010110000100000001001000010011000101100001001000010010000 
6 0 2 3 1 1 0 0  10010100100101001001010010111100111100001001010010010000111111001001000011111100111111111111110110010101111100001001000010011100001111011001011010110000111000001001000010011000100100001001000010010000 
6 0 0 3 0 0 0 0  10010000100000001000000010000000100000001000000010000000100000001000000010000000100000001000000010000000100000001000000010000000100000001000000010000000100000001001000010011000100100001001000010010000 
6 0 2 3 1 1 0 0  10010100100101001001010010111100111100001001010010010000111111001001000011111100110111101001110110010101111100001001000010011100001111011001000010110000100000001001000010011000100100001001000010010000 
6 0 0 0 0 1 0 0  10000000100000001000000010000000100000001000000010000000100000001000000010000000100000001001000010010101111100001001000010000000100000001000000010000000100000001001000010000000100100001101000010010000 
6 0 2 3 1 1 0 0  10000000100000001001000010000000100000001000000010000000100000001000000010000000100000001000000010010101111100001001000010011100001111011001000010110000100000001001000010011000100100001001000010010000 
6 0 2 3 0 0 0 0  10000000100000001001000010000000100000001000000010000000100000001000000010000000100000001000000010000000101100001001000010011100001111011001000010110000100000001001000010011000101100001001000010010000 
6 0 2 3 1 1 0 0  10010000100101001001000010110000100100001001000010010000111111001001000011111100111111111111110110010101111100001001000010000000001111011001000010110000100000001001000010010000100100001001000010010000 
6 0 0 0 0 0 0 0  10000000100000001001000010000000100000001000000010000000100000001000000010000000100000001000000010000000100000001000000010000000100000001001000010110000100000001001000010000000100000001001000010010000 
6 0 2 3 1 1 0 0  10010000100100001001010010110000111100001001010010010000111111001001000011111100111111111111110110010101111100001001000010011100001111011001000010110000100000001001000010011000101100001001000010010000 
6 0 2 3 1 1 0 0  10010000100101001001000010110000100100001001000010010000111111001001000011111100100000001000000010000000100000001001000010011100001111011001000010110000100000001001000010011000100100001001000010010000 
1 0 2 3 0 1 0 0  10010000100100001001000010110000100100001001000010010000100000001000000010000000100000001011000010010101111100001001000010011100001111001001000010110000100000001001000010000000100100001001000010010000 
6 0 2 3 1 1 0 0  10010000100100001001000010110000100100001001000010010000100000001000000010000000100000001000000010000000100000001001000010011100001111011001000010110000100000001001000010011000101100001001000010011100 
6 0 2 3 1 1 0 0  10010000100100001001000010110000100100001001000010010000111111001001000011111100110000001000000010010101111100001001000010011100001111011001000010110000100000001001000010011000100100001001000010010000 
6 0 2 3 1 1 1 0  10010000100100001001010010110000100100001001000010010000100000001000000010000000100111101001110110010101111100001001000010011100001111011001000010110000100000001001000010011000100100001001000010010000 
6 0 2 3 1 1 1 0  10010100100101001001010010111100111100001001010010010000111111001001000011111100111111111111110110010101111100001001000010011100001111011001011010110000111111111001000010011000100100001001000010010000 
6 0 2 3 1 1 0 0  10010100100101001001010010111100111100001001010010010000100000001000000010000000100000001000000010010101111100001001000010011100001111011001000010110000100000001001000010011000100100001001000010010000 
1 0 2 3 1 1 1 1  11010101110101001111111111111111111111111111111111111111111111111111111111111111111111111111111111111111111111111111111111111111111111111111111111111111111111111111111111111111111111111111111111111110 
6 0 2 3 1 1 1 1  10010100100101001001010010111100111100001001010010010000111111001001000011111100111111111111110110010101111100001001000010011100001111011001011010110111111111111111111111111111111111111111111111111110 
1 0 2 3 1 1 1 1  11010111111111111111111111111111111111111111111111111111111111111111111111111101111111111111111111111111111111111111111111111111111111111111111111111111111111111111111111111111111111111111111111111110 
6 0 2 3 1 1 1 1  10010100100101001001010010110100111100001001010010010000111111001001000011111100111111111111110110010101111100001001000010011100001111011001011010110000111111111111110111110010111111001101001111111110 
6 0 0 3 0 0 0 0  10010000100100001001000010000000100000001000000010000000100000001000000010000000100000001000000010000000100000001000000010000000100000001000000010000000100000001001000010000000100000001001000010010000 
1 0 2 3 1 1 1 0  11010101111111111111111111111111111111111111111111111111111111111111111111111111111111111111111111111111111111111111111111111111111111011001011111111110111111111111110111110010111111001001000010010000 
6 0 0 0 0 0 0 0  10000000100000001001000010000000100000001000000010000000100000001000000010000000100000001000000010000000100000001000000010000000100000001001000010110000100000001001000010011000100100001001000010010000 
6 0 2 3 1 1 1 1  10010101100101001001010010110100111100001001010010010000111111001001000011111100111111111111110110010101111100001001000010011100001111011001011010110000111111111111110111110010111111001101001111111110 
0 0 2 3 1 1 1 1  11010101110101011111111111111111111111111111111111111111111111111111111111111111111111111111111111111111111111111111111111111111111111111111111111111111111111111111111111111111111111111111111111111110 
6 0 0 3 0 0 0 0  10010000100100001001000010110000100100001001000010010000100000001000000010000000100000001000000010000000100000001000000010000000100000001000000010000000100000001000000010000000100000001000000010000000 
6 0 2 3 1 1 0 0  10010000100100001001000010110100111100001001010010010000111111001001000011111100111111111111110110010101111100001001000010011100001111011001011010110000100000001001000010011000100100001001000010010000 
6 0 0 3 0 0 0 0  10010100100101001001010010110000100100001001000010010000100000001000000010000000100000001000000010000000100000001000000010000000100000001000000010010000100000001001000010000000100100001001000010010000 
6 0 0 0 0 0 0 0  10000000100000001000000010000000100000001000000010000000100000001000000010000000100000001000000010000000100000001000000010000000100000001000000010000000100000001001000010011000100100001001000010010000 
