24.888465552097557
25.563416429507924
24.378296310257383
22.62205533288784
22.06254915240561
29.459143437494618
22.48525081246646
22.764286589839003
28.334529561294744
24.62716820645187
27.183803811364555
21.00106727341864
25.504277617619323
34.01163559368956
23.864378992172334
24.68829282886452
25.09133871498682
30.46961584196538
20.88897949235792
30.001581915820907
25.264978730894427
24.6360182428009
22.4945609934137
22.25336987750927
19.55936267879349
21.420060265532356
22.079244086677363
21.162328709217263
21.44499076616296
31.12574016457188
