537.0384268925137 585.1950780698288 
541.2277604865404 581.2042885435332 
507.9380435939853 816.4063594176167 
728.2865882984639 120.35981713331533 
710.6940252036517 125.4873523364624 
502.54890517483597 820.3971489439125 
594.8027563924447 291.9763211767896 
619.7020577314674 208.16396140014842 
550.076577071309 418.28499805226863 
701.4968576199061 128.54734807062508 
578.8977911594983 335.0887913025676 
691.5959361831337 134.67240134327093 
529.6183754443975 795.4487483478198 
527.1797541069873 798.7135028541129 
512.7803792096834 812.2748422270523 
561.2359182809893 392.5610933769085 
530.9990528368269 792.0986032272389 
516.5436336100182 809.0722985652815 
523.8752065956544 801.1353823373747 
521.4706828889675 804.9787093800051 
562.6773693467474 385.7570632060819 
519.03646074966 806.3277677870203 
583.0024644861707 317.8180312560907 
542.9105773388999 422.2757875785647 
660.3694847196741 156.4019043101735 
536.5311976978193 775.6298952242131 
581.8273877191258 322.94043140398804 
642.676732234294 173.56853091853222 
614.7525398475268 216.59061441909918 
533.0299465551853 788.3566359145458 
698.8618627515286 129.8383624981618 
725.1152242275956 121.65705811109486 
587.9105884204714 310.17858589215365 
534.5292872923667 783.8018298904899 
704.3725491031639 127.3160770898242 
594.0360514357244 299.336674993674 
682.0030439017878 138.86390613429913 
607.959420292695 238.00356205503556 
600.7499641651497 281.3065016824485 
670.7603360991832 149.0911026890153 
654.3418620368619 161.45140091220333 
596.5740839803456 287.07793695015187 
535.4363674009766 780.1634527143341 
684.9343775004229 136.5267382083767 
551.2438553911687 410.7054638021755 
707.6200150559049 126.45619124798445 
563.9753782870306 378.66495077280723 
606.5072939064987 249.79988153974364 
605.740442883432 256.585311793668 
611.2494649954434 228.9327329515946 
604.0757007577179 259.6408054937004 
629.5008782208683 184.2820611039494 
602.540662054199 266.1923103251781 
601.8806759083016 275.553077177196 
616.6186035212664 209.0847379103699 
566.3107046696605 369.11044290773447 
613.5283853227149 222.80688190775277 
622.2967034568526 196.18921957431854 
592.2683857867779 303.43809558623354 
590.9371721497371 306.2099514195748 
672.9567263320652 146.81566852192847 
573.019476597821 348.62179925433577 
597.6078144218961 281.6833116618091 
721.8856388620385 123.71038363494175 
713.818214162184 124.96432887194423 
678.7322657549705 141.89294408786355 
657.7648680308976 158.10503604299114 
584.3187123916159 313.3748590385741 
578.151515159455 343.0884999308853 
663.1412055971906 155.52313343539117 
652.2474466361432 164.18195233064668 
607.0482912065786 245.8923627454685 
635.8616480256211 178.20514481629382 
649.9488811813817 166.20241097911182 
620.7140146497128 202.20153903455807 
580.5097839666234 328.4671792168928 
639.7390989446217 173.65880754623902 
577.8803878427967 348.49986840752587 
633.2164587145362 182.3808775980685 
693.8618386119138 131.81008673923787 
568.1086118458186 356.53038623639236 
626.8242354184897 185.97461208909846 
553.2675987850188 409.00932097036724 
554.8294640624856 404.6263898226908 
647.0694696998877 168.94160280617922 
644.4916279124199 170.84705503163687 
668.961563139737 149.72402259301845 
697.7453041496921 131.16174337086983 
511.8979695026522 813.084214194201 
665.0186841707514 153.04276042479634 
716.8048726402335 123.96033040791478 
625.1718300835214 193.64821787335683 
565.5478103928175 376.05225284341464 
675.6215179172098 145.4169248680855 
666.7348979236791 151.8196953148997 
555.6164726105986 394.24066006232914 
571.9380859818259 355.6077664541759 
637.5598013723461 174.5814273284554 
609.6251050979739 233.1532612413975 
688.1688600471138 135.48812574458142 
