502.54890517483597 820.3971489439125 
508.52881381346634 816.4588500851019 
729.2145592748763 120.35981713331533 
568.5830623577613 379.9250554221087 
539.9375335136383 581.7696299223917 
519.6032554540262 808.1561878246023 
555.7205032263042 458.444172507573 
715.6512104352333 129.83005154495865 
541.0222099405242 577.8821433201178 
532.7462448308637 793.6054065817557 
507.03732222850147 817.075003720497 
516.9474884084557 809.0274133272787 
514.7652796098674 812.2572012345379 
528.2960121461405 797.8127613130209 
589.0562338719496 328.33445720907696 
521.5905191094156 804.7887052918812 
692.1429023554616 135.36211638833254 
724.4362374542724 123.95406778166257 
535.3843447007329 585.1950780698288 
530.05931340902 794.9142109866943 
703.4680751051912 130.22009751682464 
602.8517568460168 273.88601486136577 
541.5956048903273 473.79990150924027 
563.3983234839602 399.0444496275694 
557.7553262490366 453.32900657968327 
582.6240219222598 346.97863272202426 
670.0592103006511 154.0875767149471 
524.2136295771753 801.7510601718313 
511.8979695026522 813.084214194201 
700.1017925607563 131.5249279556614 
719.6844201850822 127.89090775997161 
536.8355502875439 581.8729328464137 
697.2974785835243 132.15924130181173 
595.0576669470864 311.9155474726985 
525.6577064920009 799.7943494215333 
612.288922347401 251.39021518788164 
588.2054465714322 333.4117786242407 
590.7070692022204 324.48982337927515 
584.4703050351524 342.5190508343267 
633.56620288626 179.56036099871486 
623.6491742218983 214.86617022440842 
597.4264597897007 286.1723132899826 
546.6904648402287 466.486966759529 
695.0687727722063 134.33234147421814 
596.9802083624611 307.8770634201803 
618.1754697525223 230.11654588394003 
654.0243242455713 164.95645690787427 
627.8722851767027 192.19487056772215 
585.5480821192816 336.5317005391513 
717.5885492321152 129.18729205865802 
565.9918078024648 395.05366010127346 
609.464125036726 254.1990626942976 
621.3638644188571 216.39292207230804 
568.5536281327343 391.73151487785805 
626.2430841326732 200.37075301036265 
722.3119932593371 125.36529922209753 
579.321652302139 353.18100758617123 
543.2178996331627 468.11304860241887 
616.3885444683615 232.99867520148146 
615.4947359873493 238.99039218923755 
638.624771454754 175.56749480060392 
651.0999568245334 169.1079502718511 
636.3056758584737 176.72311532978952 
659.1420049449313 159.5944239919422 
656.8632712336757 162.7500281411188 
686.7062666719503 138.47471213002137 
551.2397768539397 462.38247136638415 
680.3805798152313 144.4783803945573 
682.5213725822541 141.3944523296935 
672.0089233427419 149.88147938934975 
569.7671709338631 374.23820251528707 
608.2989210972288 260.1864129894724 
619.1608047224087 217.4100554316853 
630.1182451137522 184.09691150386794 
632.0622831870459 182.97511635721332 
603.290137678302 270.84836974131616 
689.0323913086412 136.41557034444176 
644.8048509214688 169.4905785129483 
576.2161795994282 361.27896665002584 
665.2917101514984 156.68582533666307 
663.154231834437 158.03911968765487 
550.3362990570647 462.4301658926066 
642.1722319282616 174.65833188549882 
575.486401685923 369.436134593714 
624.3732954377418 203.31997525709116 
571.3513488367566 370.26314755337717 
593.4160038830562 319.2602195076704 
598.5537389178575 282.1815237636862 
581.5188966228258 350.61700989818075 
534.6380985177882 787.4507262438318 
684.2766872959232 139.87570100723562 
726.7406320676268 121.93287866088629 
606.2474318399317 262.75041067746236 
667.9377723243002 155.44087106593886 
561.8111549489263 447.0558536733044 
559.5855648810344 451.2155138783473 
599.9630902102749 278.12472289676344 
614.1645292712793 247.03798258245578 
675.3761045157509 148.36977382445926 
677.998425363979 145.7753622537849 
