540.5983720979932 585.1950780698288 
502.54890517483597 820.3971489439125 
733.0145592748763 120.35981713331533 
545.5964363909575 465.57250386222046 
512.2365495026521 812.3405433943062 
541.5022122689485 576.9676804228089 
680.4480953558107 138.31837847617842 
676.3184691246889 144.54508729674302 
605.0198957910517 265.61781984487897 
678.9952405982709 142.6116403011046 
625.2100415434793 202.09581681653984 
691.1147208470627 130.86716421020995 
694.369702550714 128.49010187837592 
636.1459279647041 184.69553034466563 
683.3294892192574 137.06374830254603 
574.6781030106856 358.3440238260839 
686.1872464795932 134.91592358476714 
585.6279207493868 321.7553633973819 
569.8591571476828 367.38437787849824 
525.9805102630568 793.4591193305338 
609.5860191368154 229.45431199620901 
719.7938509996707 123.73948508949525 
577.2480375377293 352.17576782979074 
607.1298264472834 242.48334124544988 
688.5285220779733 133.46949765419853 
656.6420928111758 163.99910817850727 
596.2957711155084 281.2670608663772 
665.5484168839013 156.2488336706157 
606.2642537735056 255.65179920746976 
716.5224666306533 124.11525738675908 
546.214686927941 422.2757875785647 
621.0659982247058 206.7868759560318 
597.420218597793 277.2762713400813 
697.7460155390644 126.59788545274515 
602.2985891527647 268.03498373690394 
579.6626795259467 351.05397268313607 
538.9407343704353 756.594640799569 
580.7743296132015 347.90853108243624 
606.5956948600668 252.3296539840542 
546.6037085416955 414.04838993154453 
566.946863461567 375.26467031061486 
528.7998549947663 791.809149603897 
565.6603369652179 382.12957040147853 
726.3873006246314 122.4098340082527 
659.3106603217141 161.99254956464495 
633.3346604910245 185.9302337255752 
583.7200137129869 325.83050470894716 
589.268230127439 315.8916623917132 
614.5146567302166 220.41395794379548 
557.1594667385871 402.8909796130867 
618.6483794139414 208.84956229609918 
612.5727801710084 222.46952091974194 
563.2950790756944 388.43312827263463 
667.9137602734608 152.81235339413965 
722.9109211659486 122.87282292788308 
704.5162169365801 125.83847001916696 
701.1523235958128 125.96593231234836 
590.6972041043306 309.30509520147893 
524.8759738429287 798.7827599805266 
571.2326135515763 363.3275770115756 
608.3351887571843 235.97053433582028 
562.7331102173304 397.36844585651676 
592.9393503797735 304.84105529193585 
628.2214231909243 195.45263052000078 
631.9263835979148 189.92486936926437 
662.4521958908592 160.16647543330137 
640.0255911102743 177.9899682557652 
538.2693971099802 769.8185625129883 
516.5118341810228 800.7174566086113 
513.5518247153844 806.4636823655616 
623.1948093965013 204.36855560807226 
616.6038748245489 214.24570194750243 
630.5748495487468 192.37460114017455 
588.0132956637813 317.3254580618153 
582.2693092469872 333.8871102585531 
709.3748556722936 124.74098310288821 
561.8011057304001 400.0122725902751 
637.8900457137144 180.65315423875546 
508.17404904398535 817.4630679182847 
599.07177021295 272.475799673264 
654.034668146243 165.60320900493215 
610.8194322612147 225.39751112928678 
627.0551094206971 200.32084772980105 
646.5266598023993 167.81360258836636 
510.7451834151029 815.4918965203079 
596.1503693018012 300.40906210885476 
534.5697073540254 776.2227331438149 
650.6484220970382 166.1753981379101 
712.3547900965477 124.5478685778078 
536.6956866400874 774.0857992603419 
729.6017749641771 121.86270865480303 
644.7462324514934 173.0906820751863 
642.6215287102787 175.87843249152746 
529.8020225201924 787.8954908349697 
531.1172602917857 783.9047013086739 
706.9790509189485 125.16117097043471 
568.8349237546529 372.8235793679582 
533.9058553233142 783.391790293862 
670.5203381063155 149.57766602118735 
672.7936156185564 148.2080568839196 
