502.54890517483597 820.3971489439125 
514.6641658126172 811.7357696470449 
516.5494802113689 809.371061963639 
535.3843447007329 585.1950780698288 
732.7520798228215 120.35981713331533 
541.5956048903273 473.79990150924027 
581.0375618755377 349.2864938610161 
512.1704586901521 813.0365196679785 
506.41711408304786 818.0324412605066 
688.0535582234494 142.43031129968347 
556.2035225448537 405.3304366136092 
555.5900879495819 411.27558703384506 
538.7536324793248 581.8729328464137 
590.2609776922079 320.844990125134 
724.7565790017546 122.82512840166062 
509.32103999171466 814.7102960370909 
708.0232238795019 128.42535098033161 
563.0469481125758 390.7581841591137 
608.4702822061578 256.904439990676 
689.7142959171762 140.75638390504437 
596.8043516420103 302.9409486148417 
584.84565369034 345.2571166166238 
519.6817886826603 804.9445064114897 
694.6850731568429 136.66250576643597 
586.6013071619502 338.5495749266752 
568.0766809787982 377.3026063455831 
600.8100144789598 286.87200943687156 
697.3866419166918 134.5438475717037 
599.8270699027839 296.55050521612367 
557.2852760050129 400.04756804296863 
588.5544619962884 335.52107893257835 
667.9077201183418 161.1099463488202 
578.4994187850351 353.1897011591448 
591.0927004126897 314.89983970489794 
527.137665281692 794.2306305495069 
729.0757658177479 122.48225222791743 
702.7047634910443 130.2243055784643 
594.5187116512686 305.67867227544644 
524.9204239756419 798.1689294083176 
582.2184955649777 345.5328757455105 
631.20161157348 197.54012864191648 
616.8522996376082 228.63724980299145 
533.8129354208306 781.6215113622421 
566.333204613044 380.19664743399767 
559.869766428561 393.519588978307 
602.262386390381 278.4093788521348 
592.7428693040097 309.61697113425726 
712.8824797558025 127.19667806885262 
716.2616997873404 126.02878578622907 
618.8615467138894 223.8818203029267 
530.8271490944862 788.9262671948939 
532.9913952319592 782.8084897837387 
605.1433097956535 267.2662389778019 
606.5310038359404 263.32794011899097 
682.0055883461391 146.1121841124428 
700.5397850060796 132.9141101366229 
575.8331225297985 357.4461376628327 
676.0216869781215 153.2038986120372 
719.8110594979804 124.53977104188621 
604.0057011675343 272.5491075484422 
671.0127718275314 160.2532543255249 
522.8407072998478 803.3503830823012 
646.33145324499 173.26685080567742 
710.9706922777968 128.27984610598827 
722.4339149424172 123.89111015950736 
679.8064003218727 147.89686565709368 
543.2178996331627 468.11304860241887 
619.8917019058608 211.53876224302607 
609.8701198927923 247.18500143681797 
541.5917716999362 575.4963095340881 
543.7726595306807 422.2757875785647 
691.9669397823991 138.00003329036073 
704.998594672624 129.43574635467118 
678.2354301225616 152.58824903311893 
565.9651579205721 386.5523117284483 
662.497229670555 163.47272020742147 
629.4169884685709 201.40827360576247 
645.1599286937635 175.70230461571575 
641.7275380135469 181.41544486290408 
655.398324977242 169.82079310337426 
614.1386421421447 233.4270279472985 
684.4362573461822 143.55616439389976 
572.4014313891028 365.4871336337264 
611.8399859420185 238.96002244971913 
597.9675168441428 299.221899915098 
664.4378860335029 162.30093257233358 
656.5866093419468 168.08850265851513 
539.6381150579575 579.5082251630076 
651.6062226208913 171.81955020379561 
549.415220397326 418.31773899342545 
659.3809327977419 164.1590265761639 
625.3166866556925 207.9060141892498 
626.2203555309468 202.09952869859222 
639.7100735200823 187.53374971997934 
622.6539921228491 209.98639027924364 
636.4074532589153 192.33759876527193 
570.0809997928966 370.6891553218099 
529.1631019689047 791.3549896630806 
672.3923792036684 154.16822888507187 
632.0668992533 193.72883388522735 
