501.653014763877 820.3971489439125 
537.3425364815548 585.1950780698288 
507.3146423705264 816.3586648913943 
506.22818021188243 817.6625934802639 
543.3411017544163 471.06534604559147 
517.0390870038742 806.9829827338374 
580.3221958061109 340.3107729868361 
649.6736073840747 164.02829649759016 
521.4595597266829 801.2544584473848 
722.1627750542016 122.82512840166062 
510.35220335495455 813.5967774569534 
513.333608847346 812.2752078755691 
597.3421634426142 287.2439620759079 
581.108102904663 333.56600882688406 
515.4508332330971 808.3286277653867 
715.3857177184632 123.96060048856265 
530.9008805037697 760.7510939448938 
551.3935545470546 412.220335678509 
534.0338069527368 752.464899980358 
708.6411164331404 126.64913067666194 
519.278752932905 803.9890139110333 
686.7517751383664 137.06586676342036 
617.4373400751606 205.74936488587025 
623.0164379451386 190.62144910693414 
643.6681067269952 166.76686110663286 
663.2358433381513 155.24083065420243 
595.8886886551406 294.10521893597956 
533.2102769592814 756.7207254777154 
681.3451407625797 143.87431631680244 
655.3623174081197 157.71986438107106 
614.8744929757648 219.49319441036025 
652.4689424452016 159.1459390645845 
523.3664553799781 799.7643903694872 
559.5999576967056 395.81220064562945 
557.4503539945968 399.8029901719254 
718.7915117503994 123.93789021717926 
594.7970955822155 303.26217560825677 
540.6256162518907 581.1292620465185 
593.5068426900702 307.5678043762999 
583.8435735123625 329.5109058753682 
684.3544250948562 143.19235625795855 
555.6108890534473 404.1637301289025 
542.1884391956643 578.3947065828702 
564.4102781053975 379.8454752808735 
597.9402523165506 283.57165519989627 
627.4343553376078 184.32040612173986 
630.8508105973142 178.3275256250426 
553.2809615971662 408.3194656172971 
730.1582758752686 120.35981713331533 
611.2818304728714 235.9039956455972 
640.4393588409687 168.00224912967622 
572.0477975510569 355.01951443526923 
665.8265798025734 153.81511047217717 
567.7159084881736 367.52433813569587 
585.3671949595328 325.2079249233672 
673.5475542264714 151.9004617166537 
608.8408904917316 252.31213067847645 
624.6392389975505 185.86585762664788 
570.2953380111874 361.68885689239426 
575.9227547480987 344.5593732644938 
658.8893833273258 155.84666626275776 
705.2608069993082 127.87976154270704 
544.534686927941 422.2757875785647 
589.0954577659406 317.10173518690146 
574.9859058236715 352.39642235675836 
615.8293330436079 213.1377529624272 
711.793906872326 125.09888936047498 
621.9124841101498 196.38375534060097 
566.0058611945974 375.5058614265193 
563.0432899301275 383.857390909793 
699.3092402049621 129.2911102580798 
561.4335146817581 387.84818043608885 
639.6537507477295 172.03578662412093 
646.1585062940117 165.27719998401318 
629.0765944564777 181.42473478678505 
536.4359066305202 748.4935853858386 
619.2271640449229 200.72692321854313 
702.4252487819907 128.86143599616784 
676.4356840520514 150.8131995090501 
577.5492605266581 341.95915498078716 
603.6990786594449 255.06685137092336 
612.8986111315305 231.835513419929 
587.2162663482096 321.38174215545894 
614.1803204352533 223.83280826471366 
696.5396226128529 132.02670336910475 
694.1199572903564 134.403741993023 
725.6809846230984 122.62612787638763 
526.2404502368844 762.0726635262781 
599.2215672815172 274.03904491861783 
591.3348304600186 315.47531339271296 
690.4768051106095 135.09871301821997 
669.9753035353574 152.33734340736873 
679.932661599963 149.7484483875605 
635.7178997821999 172.1195749811172 
610.0575451929832 244.25552512886998 
728.520086996375 121.20024872709894 
667.0883857523224 153.0820883922531 
592.9160351652476 311.80596915786055 
633.73587491692 176.47690946398382 
528.912854925899 760.8164294636309 
