502.54890517483597 820.3971489439125 
732.5938195488488 120.35981713331533 
507.4713508447163 817.637658946219 
724.424318727782 122.82512840166062 
537.7265801112637 587.9957255926415 
553.958671975405 412.4951133088752 
539.861583233026 585.2362355949476 
720.1411823149824 123.41239649090578 
548.8664385287618 420.54180918038935 
556.964986432648 408.5043237825789 
608.7529242601088 250.92150395243985 
515.3328262283658 812.2045554161591 
611.698843916854 247.78674272361073 
543.5193255104936 581.3258815360315 
728.2333055249753 122.74035371262842 
729.9822343318214 121.53849738497536 
526.6373232964692 798.0737380757163 
528.8468937175262 797.6031216307579 
710.8902795368467 126.53440962324994 
512.6375903948397 812.2794191528404 
521.3844787011549 805.8503396318964 
702.1327258120093 130.01413391648055 
625.667326080597 213.49021650541545 
713.9714730012763 125.31305272854202 
546.1623604297821 476.1626306444265 
566.5182304629899 387.2976802234236 
605.576709900682 278.4419890808414 
629.5912600142472 205.82228548649354 
545.5057034519228 580.0420229445358 
716.949982432231 123.90285156371908 
606.9103230618409 270.4882864327352 
518.2712423331186 808.2198089976987 
537.4911925970439 778.7418336076894 
553.0467194677746 420.2389310853735 
699.6755440152288 131.16417442451564 
590.136612279436 326.81187377424067 
587.0153541969091 332.18950730631013 
524.1144926916942 801.3986927810239 
639.3912339336437 183.26765103348862 
657.8190138092898 162.6891710917473 
660.6564848384677 161.15712085117934 
508.45394312068896 816.2702086791367 
591.377999486119 318.39427458399075 
614.2464392612591 234.57682106200338 
559.5868010933788 398.4972330213937 
570.6706730953343 372.3625194430037 
676.469469229676 150.00585211962365 
592.8334389574287 310.5555965717406 
623.8622119569453 218.9320385464309 
563.2129088945154 394.9308193437241 
723.8800145582293 123.20846632097434 
567.9287547717884 378.8716118814213 
612.7945090824896 239.90743163159902 
531.1977792484377 791.704133217126 
646.1825152841711 170.0526261571685 
693.779275700619 133.97489129135374 
572.3831323108909 369.2785031139421 
589.12308964577 330.67198723706997 
691.7217586035352 135.87092849203654 
649.5935520552717 167.09212357878584 
615.8963236685768 227.75054483202078 
638.4069700270531 189.672956746352 
583.4041719683474 347.50910650270544 
536.3672154245897 781.45956218634 
670.3597518117176 152.51172762701654 
642.7291058610422 174.1685818688836 
598.6284600016907 300.09715957603856 
655.5756193354256 164.67639283239714 
620.0382286549639 227.25738282988837 
620.7898710890146 222.78604834408324 
680.6757296360762 144.28666819803883 
673.5066070016351 151.90506757779752 
633.0176911484591 194.91111625707774 
686.6844900534696 140.73945570501886 
557.2954087138384 400.9793245486535 
652.8442962696902 166.52295167142537 
563.3903679025307 389.0137062716282 
661.2795001580873 159.71752392484805 
683.4411955700543 141.76831687467794 
628.0896885912108 208.71575866680527 
547.0065733375898 428.1926337334798 
577.8396966259071 356.3610011826948 
569.5399242430457 377.39623290501396 
708.6032641901345 128.57767490534593 
607.5334415841749 262.01207502694587 
667.9577756889406 155.60198741071954 
678.8324596881747 146.4683986710074 
704.9589016268415 129.20026529674814 
695.9948958609809 132.25647561160366 
533.6456977823979 787.1566463564981 
608.2717038723533 258.0212855006503 
689.0385950574754 139.20904703438154 
637.2803325934077 194.1148268619073 
574.9031056259008 359.529803718641 
585.2646703128387 337.9095247653236 
579.3613901548667 355.8741686995986 
664.4288112715842 158.24343055011244 
629.7844345260403 197.75846185006853 
645.9890235813908 171.30172384122147 
642.2174361362912 182.07332337310373 
