537.0384268925137 585.1950780698288 
502.54890517483597 820.3971489439125 
677.8309350811019 154.92412776287713 
507.90014824202314 816.7256044052228 
511.4743940005758 814.3766312862034 
683.310908567836 148.89118299697031 
661.6234012492811 163.43846709232284 
541.7895226985464 473.79990150924027 
702.9864873784297 134.43065715975806 
680.233228618979 152.15312903527152 
539.585658685538 581.1052224088953 
699.6551365963535 134.72306189321333 
644.8068404330321 180.26037995767675 
656.5184579177161 168.14922481253234 
705.2402003493985 133.29683564064518 
628.967972405531 200.08559565312055 
692.6924862734378 138.79986215121696 
690.4483854086884 140.67525327795028 
666.8838584201444 159.49837943352782 
659.40696484972 166.29598966758292 
674.1265743165806 155.56153945521913 
664.647649147151 162.24751820726323 
669.2437304020108 158.9984565374289 
634.8476033604082 191.43030529115987 
710.9368889308827 126.75127806815405 
585.5348087945897 334.18646600640676 
524.5675324429769 792.9515266528883 
707.1753622332334 131.458719249345 
708.9408297074361 128.6302173393066 
719.8924831113436 122.82512840166062 
672.3003639279717 158.92639771724444 
624.9782963721341 211.20254282639402 
727.8879839324105 120.35981713331533 
685.257826215825 146.0626810869319 
630.6712670209823 196.1919446731244 
584.0883038642086 337.2034381194251 
536.5259494669343 769.3194587209701 
587.6189439228463 329.84280884349135 
594.3733267886674 306.4493010379305 
570.8149750223428 356.58092842831115 
530.044767673909 785.4020287224868 
572.9751838574584 352.3052519251724 
567.7180743497976 361.33942839212546 
590.1595819156962 322.25257859908515 
532.9674075511059 775.9812728752097 
555.7765250536211 397.59715458186326 
654.2652654782142 170.93022230468713 
583.1181479268538 346.6658286185708 
716.483346698544 123.41239649090578 
652.3551503837804 172.3497550159191 
562.0746496990546 371.64872495235596 
535.3148357941477 773.2379110968209 
616.0995655740873 221.85025480487002 
602.115714876051 268.44969045748815 
588.7296715423165 326.1058208191769 
545.2187850799568 413.2806794940264 
650.4399326410619 176.3602757698586 
543.1861583346397 417.37053515495995 
569.1713612698969 357.3486388658293 
518.0995541162844 807.9768899023292 
632.8805569608451 192.198015728678 
560.095969851143 379.26477726126444 
563.5962511259459 366.2928449320147 
575.09384659456 352.18282536246016 
531.4119519293267 779.5189021061947 
546.9913454166808 409.7087760771907 
604.9271409633777 258.11950839319314 
577.5754364170122 347.46336301595903 
688.1174289003882 144.18374181577948 
611.4734915013395 228.53806163925202 
641.8648354605202 181.6189212539104 
557.3233268737466 388.048377794655 
724.0387143816607 122.81085573245095 
559.1616147891374 382.9069608577483 
694.1492687511059 137.3676712883285 
604.6782711490391 266.15033151960114 
580.4715402978745 346.83129645591106 
514.3460924153519 809.495637286556 
606.4512561738129 245.0785824446948 
621.7608718353885 214.68203395079593 
647.2660834488281 177.2405473854223 
608.0475992742389 237.76564769498341 
520.7350526083976 802.962833836893 
550.3953226794683 405.71798655089464 
725.8344506399887 121.97223530475009 
626.5488927224853 205.4622696710221 
615.7726724443025 226.83685760972097 
619.3507751825063 219.401496297297 
591.4145007958527 314.9946981392443 
638.7909009403982 186.380560635875 
594.9975193491318 288.8341803525534 
551.9539938465664 398.2026112936375 
637.1240903880539 190.13011940026 
522.8995498359674 796.3239726589866 
611.1311854257093 234.96202854361061 
696.8744604865348 135.92305438317146 
713.5599041108089 124.88065597319684 
600.9966774208012 275.8260597829223 
527.1841476331239 787.4159548331833 
566.8743161491963 366.2566566916336 
