537.0384268925137 585.1950780698288 
502.54890517483597 820.3971489439125 
508.8921500782056 816.1725254023659 
723.8860566971864 120.35981713331533 
512.2808314060884 811.2928278221852 
600.6140634508911 280.85625733187015 
616.5939765698715 210.4077564582499 
610.2233363150137 234.95525988481307 
722.4443817561229 121.59902231820796 
602.8396888976117 266.9815873548218 
517.6985549975016 807.2839327898653 
520.1068627840442 804.629856536886 
688.2682397455796 136.30270631838494 
538.3314365054365 576.090756948102 
542.5203415749486 464.69558038751353 
547.3528798656595 413.1714664568377 
662.9163261303277 156.5719672266373 
567.3199449169329 360.945215144599 
677.8113067081351 144.546072708038 
612.6665480747822 219.2529991227244 
699.4547061751139 129.1029606886606 
611.6079610871998 230.93875839887514 
558.5233517799894 382.22807021566666 
615.0745557085368 214.00921983430524 
561.269327386356 376.9842909272474 
661.0037164983052 158.12347377240934 
554.9054368122573 390.1486628661334 
643.1066893610036 174.50803909235364 
566.2500090454315 365.00201601152185 
576.5148539713912 336.65873201117455 
580.9837345040171 336.17235575756536 
631.5324277112771 187.79543845975135 
667.7544650357645 153.74462662219673 
649.0151547624669 170.07882540504716 
546.3866059684515 417.1270507614393 
640.7809423853 176.80269877211788 
570.3831625298783 350.7180653089471 
548.5764712421997 396.2677655981619 
585.4019987007813 322.4004516021114 
565.2849631502847 368.8635904083383 
634.4363435916474 186.65382954103796 
577.1420522475748 336.58813583766454 
598.2373094533982 290.84595768592305 
544.2214048214692 418.88304618163926 
558.4926664106247 385.271407715592 
584.3174435127905 325.492305270908 
563.1505169673295 371.06624958356036 
507.03732222850147 817.075003720497 
520.7288348999334 763.7242981961122 
603.1397885869424 263.96960766151204 
618.872305142603 203.4379407678739 
593.3190865194638 301.0375882983938 
515.2155446514009 810.105849400689 
714.01943755737 126.16623305191499 
587.1747172923184 309.792679086983 
669.5245157111425 151.83600694514814 
622.4459652289222 202.6068196208826 
627.6232076659493 188.1031192139505 
696.9211852488871 131.00035222944075 
522.6192297450219 754.6199770743851 
656.6958014126257 163.36453861037876 
604.3788298663119 245.10744589813177 
683.4795423865598 139.39871252720627 
690.9482156907414 135.70836328701083 
583.4741740457696 330.767168951759 
596.3141935468168 293.6411496697666 
685.5984715635253 138.0464173962722 
612.1819857074555 226.6897187599983 
653.7125442249747 164.6093684435365 
645.0849344469312 170.56520165865587 
604.0923952914442 250.24314283222247 
607.7993238346517 237.04174999888863 
671.6964074099108 151.1778205892607 
599.7434877328988 283.4495190572961 
673.5033423131565 148.2758658127978 
659.1752732722955 160.003244131983 
692.8753198479922 134.4701451368506 
712.8192770640594 128.68186039131587 
542.9105773388999 422.2757875785647 
593.9900538797117 294.79068451618235 
695.1999557442037 133.90459544279506 
716.2679949586447 124.58901229069365 
587.6649982913498 308.34808064298346 
625.5066351875802 197.80635019406822 
627.2228744760563 191.12437670923745 
617.9387767506065 207.4947416347963 
572.6944691470677 345.4742860205276 
623.0276579817654 198.64967563386807 
665.0813015078495 155.46675329699124 
675.8223091689194 146.5972135468447 
680.7008697960025 143.3856858425781 
651.5680920933781 167.10457087606832 
535.2018625795066 750.4925800339533 
718.9381523378389 122.47588381171919 
591.2970559038301 306.5057279263967 
548.6674621191272 393.23012047811187 
570.0900695446137 359.8223864306746 
606.079220184343 241.1691470393207 
635.9018958757849 181.94772577875364 
613.9756539810977 217.98052928893702 
