502.54890517483597 820.3971489439125 
513.7910621630999 812.0080314680052 
533.2017739592422 762.045235408125 
716.4571471078917 127.18087612797864 
535.5178529404218 757.0582615815188 
537.0384268925137 585.1950780698288 
725.4147236584379 120.35981713331533 
718.0883295211054 125.04651564113402 
531.0936268187613 767.4818833343464 
539.6430052517316 580.0134331500691 
705.1849374154483 130.87257466412953 
511.20101432727716 815.8044478132231 
682.4204855693106 141.13122317607406 
685.0047480218469 140.01332557511958 
708.449083747577 130.35621902831713 
664.5282202244288 159.646885955607 
506.41711408304786 818.0324412605066 
556.9376545797112 394.3729805879039 
529.7244785144684 788.2937178858779 
679.7651150009075 143.54507039893076 
568.7892538031506 366.1622065678011 
530.1313638695859 786.7074507476337 
580.9513740319173 338.5521932828168 
647.2771510143393 176.9313882778741 
712.5271119130344 129.36215935618185 
578.9206914125681 341.7263832913688 
656.2453723487596 168.60893833611667 
566.1073110541479 372.80798791883535 
581.2404815448185 320.17141024308063 
713.9476720171194 128.7132682147925 
577.6057531841557 345.15183143880625 
652.0481136139637 173.2702340613066 
666.8832058450495 158.06724322790484 
539.8971446284788 576.6912879266534 
529.7232399831801 799.0426856476089 
698.9949694082708 133.50958155392732 
636.5632227856936 183.4375861642619 
677.6442960290779 147.86449350819828 
521.6249955945939 806.4050233583645 
585.320146077408 311.147779328479 
606.4712318329827 228.15454619612925 
721.9584644843234 121.27513379703446 
691.9518951604176 134.6450536408293 
662.3906396826366 161.3146171766309 
628.8927285894073 188.88747254652233 
543.1507008212674 419.9110798951586 
597.9835175710087 288.89526586435665 
588.430580966952 308.2543061481673 
614.0978787812713 215.29916951285614 
674.6155462755397 149.2949025522766 
519.6026806464567 808.6302778467905 
695.189821037151 133.93375962683774 
616.5261908186387 210.66447139718863 
654.1404607261625 170.904462998841 
719.8661413962744 122.95884980536823 
634.1404730667007 184.5808386832932 
658.8518278056051 165.669404987221 
612.6078129327043 219.4099763777048 
589.4001101856351 301.18165463018255 
507.99203270023537 816.4383179313179 
596.2584169815667 291.6014765886579 
672.2700751820565 151.75259844825635 
591.2342416847589 295.80382079032273 
560.4150672544987 392.7867134496597 
564.3798683164479 382.6065215527783 
561.8912076682706 386.9356168115469 
536.6495006477136 752.1647929761727 
609.8538202133689 220.7171824197724 
584.4617027869202 318.4793198764285 
546.4908142649552 418.3248127569144 
526.3649578445414 800.1271299346466 
649.1741308624505 175.49720246815613 
638.9221458699378 181.37039866180203 
573.8768731596672 355.4044994441802 
575.3389749112969 350.02666560432107 
696.023862370196 133.53479859893102 
629.9733309876036 188.6921533988079 
523.3900335426113 801.3474267967076 
569.0507549420835 362.3268232518237 
618.1300253022208 200.08154593062284 
669.071852143815 155.00595385703502 
671.9556013601759 154.24001996371226 
645.2719371557818 178.72159012410154 
605.6969491578633 234.64606575797785 
632.6580558203779 186.21002120882488 
639.9973584088706 181.32748327451435 
593.3484327391491 293.1589843402982 
659.9499677753091 162.31414102882562 
689.4627402011141 135.61747563517167 
625.2713764116098 192.7727865328527 
701.5860084829671 132.95525170037007 
702.783159791462 131.17857948313807 
517.2702895917693 810.2165449850344 
602.7902812144146 285.2267879684685 
572.155630480243 358.60785363065804 
643.0288324579296 181.28531078720582 
686.8922511268113 138.18900081502184 
603.9790491791197 242.4856485007775 
622.6208578738591 198.46466895565035 
609.2031061747724 227.0954990572384 
