509.92974344299205 816.2517025194202 
733.4079839324105 120.35981713331533 
501.653014763877 820.3971489439125 
545.809813040964 580.0420229445358 
507.0421531830264 816.4063594176167 
730.8970086584892 121.93195162427146 
535.5801543854714 742.6349463765761 
728.7355906944724 124.8595903288854 
684.303817861974 148.2264275682294 
537.3425364815548 585.1950780698288 
571.1900972191834 419.40532596662104 
523.966577758922 792.7038917552123 
603.3873736323764 291.9313464093616 
593.7986717546329 321.56481697561543 
522.1331284791612 799.2731456592066 
572.1126808751495 394.4226423418174 
692.7176796521995 142.03800323164378 
655.5783391399718 166.01848215995216 
614.0738256914998 245.5070027482773 
511.7416999838807 812.2794191528404 
641.6565251508491 181.22394896417728 
669.1881862975209 152.75925225525216 
624.7787733614011 207.49819041792531 
666.8022811671314 154.71761214008893 
621.4495663000889 220.7898025974722 
630.5411625877331 202.77047286048722 
574.5861384676102 386.22102118460975 
606.6787149795076 262.9482572667843 
696.0046299804008 141.87588995070897 
576.398778951891 369.41591901706124 
627.3047058868966 203.16989220252356 
722.2675710663741 126.3697167147475 
725.6242604994551 125.14045874292178 
588.0002098361605 326.7500518804082 
604.4143613554243 276.11144321224407 
647.6224004697707 174.42488402259653 
601.872344302526 294.48621123080846 
711.0896462046496 127.60577001126708 
657.0608787775303 162.41231517634398 
632.6875642539255 199.5087733255188 
584.0126793093453 337.736752705025 
589.0244297667888 323.5368228938076 
594.0472998362611 313.5067615416955 
578.4071152647932 355.3031156783122 
541.5318700755814 581.2042885435332 
680.8823945085103 148.64661907644714 
659.9554255190444 161.92187319790398 
517.6895182655077 808.2422218818908 
552.3723860134036 467.05935071666636 
545.9778424898991 478.9221206421205 
608.3705997424698 256.0386506568734 
663.8943863641383 155.97551927452523 
645.257337576351 176.23418594606105 
720.7680673428544 127.5421218671793 
555.2064701308125 451.22886345341846 
561.6750321372126 440.1384879549467 
514.8683783833549 812.1007226170207 
578.0025986707108 361.21429785985293 
707.9571219789007 129.09674799946072 
596.353030096078 310.9029465779174 
579.4747655994482 348.51403700563054 
686.839276746404 147.03838783544631 
575.4245722369033 380.92270094716804 
532.196503640237 781.2992467741107 
605.1787305345867 272.14853009043384 
520.6939847463163 804.0512083727158 
558.6250302958722 444.3507102801339 
527.7345148841358 788.28644483459 
563.2350848238242 431.99998680492195 
597.1183364836501 306.66423854251946 
614.1410871760523 239.43356513653194 
529.4204765161 784.2163772585101 
599.7181988472372 300.7428152705061 
550.9559866682539 474.93133111582443 
534.445648157261 773.3945796393365 
643.3052287731642 177.6387582970496 
617.2057967053822 226.5187407288122 
704.5014310671603 131.58313797000952 
582.648287417068 344.3164148536961 
649.9512673755695 171.85093583726297 
569.6757068879416 425.04994115057724 
653.0222791541398 166.63926621903394 
623.9089115821503 214.09291664809197 
566.0737016192635 429.2047578198391 
553.6178776847229 463.088036122147 
699.2472678258778 140.10871241183855 
525.3876233298749 788.544675473912 
662.021375300395 157.11682301230223 
636.5245415664206 188.91145004564152 
671.2648604136822 151.95036849845093 
674.2488610494136 151.22615650837685 
677.0085405920528 150.04214005170778 
688.5398425854369 143.96526893480416 
554.9305385557536 456.0345805822873 
702.5010387258511 137.5659537057001 
635.3994854476226 195.87572800146768 
616.271143861102 235.20894159498548 
609.4744512001045 246.58951561084015 
566.8101350159117 425.2944037609223 
637.1460661432416 184.68590890358087 
