529.0045180510763 767.8846210737756 
532.2082311918915 711.3235439933842 
502.54890517483597 820.3971489439125 
533.8622188505094 708.9613390667223 
723.8142853022736 120.35981713331533 
536.1774985229405 708.958836309978 
531.1327925783155 765.5199133903695 
506.41711408304786 818.0324412605066 
538.4548817414443 582.8303703864229 
517.5101968062452 807.1972617812104 
711.0669672120165 126.76196837996967 
544.7142734967832 471.4351938258342 
525.5649490529581 798.9193036539632 
523.2772364433879 800.0344782382243 
510.6341560570759 816.2993970456426 
512.8032620461355 813.9347889704827 
704.0369961652339 133.51309902876028 
520.8620865133345 803.3348103258221 
518.475980559847 806.7275517227472 
565.2445470582105 389.07772539796287 
672.2445945301424 156.28287936059198 
588.4077429345111 330.0686223064175 
669.6168917263843 159.00554878923512 
550.9744930825863 418.9226659556959 
676.5257044384773 150.58992613521494 
721.5608962691692 121.55076816331807 
651.1992538188719 174.58077652239047 
659.8538836922374 165.5343286459079 
604.2797264465797 279.17606120712225 
570.23971467543 375.40812817679716 
572.5774950155385 369.3646581545073 
554.5662791764075 413.7739291385703 
708.5989432078998 127.19363955474796 
610.8231404781576 244.17948505442536 
606.2824186633144 270.2036173325245 
591.3149059732108 315.3709913717311 
655.6686267297048 167.99006923070607 
674.8496737940567 155.6309012209975 
687.157691975114 138.75585863774648 
588.3827290611969 337.3137360807212 
613.0377316202654 228.5037049895914 
577.5595953381138 352.8792073145801 
589.4214505744286 325.72900845206357 
514.4682177676979 811.8443449862614 
684.867600821423 141.79417939711408 
618.7499135269264 210.44565897026376 
547.9219540367496 469.8091119829442 
719.4152464290312 123.78397440241501 
657.7696848169489 166.64105370953692 
573.8443366719756 362.3993824711011 
649.3172441854259 176.06632703278606 
637.1325986670822 192.48874659389196 
633.8179184180262 193.0487750959414 
575.4238874008355 359.9848752113076 
689.0154476414982 135.95313932001343 
697.9044102935496 134.16682905773735 
558.219254272924 406.23271135256294 
578.0614501977426 343.22721195063053 
632.202870938402 193.1545983243488 
639.2536660720357 186.96903208171688 
582.994569801666 339.93508120433324 
598.4664110017638 297.5843490478766 
625.6414073340668 197.35093732662193 
664.4277531300485 162.0451428649522 
580.5210712999774 343.1406256263437 
706.0797175498783 129.95604355249895 
666.2905468743415 160.73478667670304 
616.330644753318 223.5839016478047 
715.7180381038542 125.99500137476458 
629.0299640069278 194.81870673886013 
603.6808124557036 294.4651961138981 
611.4886443409008 235.40423477176296 
528.312496703911 791.8949950566326 
617.180927282407 215.44536081127984 
527.6831564737398 795.5265622570381 
643.5334050368938 180.64519225102086 
595.768634470826 300.78736525832454 
593.2168628888256 307.56274330294667 
562.3159997730328 396.9076181533456 
608.3375473053317 256.9491943782881 
565.4452719968614 383.41654073739494 
560.7433270364052 398.2199525611006 
692.2565013860084 135.1845435392262 
541.4335347519399 576.6422741121779 
678.1382155909288 149.05104320410288 
619.2683926405527 204.57412340442838 
622.8834732955365 202.57705896048998 
609.6774373281979 247.636317021084 
653.6286392824946 170.90651605365403 
558.0710579829824 410.33396506163166 
568.6105159741917 379.79762438056275 
640.6451232603212 184.91281291696873 
586.1231260566163 338.87300496039575 
600.7126712122683 297.49523451202657 
645.8839106727927 179.18481385303403 
607.3796861653756 258.5752762211775 
662.3390880655513 162.88283991043048 
682.6825729570729 144.31845448456693 
605.3130617149814 272.2134421559488 
679.9555365296751 146.2740847823953 
