528.2745456384002 746.1280733158526 
502.54890517483597 820.3971489439125 
537.0384268925137 585.1950780698288 
541.2277604865404 581.2042885435332 
542.9105773388999 422.2757875785647 
663.1402332860522 155.06654835579857 
512.2365495026521 812.3405433943062 
541.7895226985464 473.79990150924027 
507.96339687523533 816.4867948849959 
521.4730742959343 801.1014718533896 
534.7426644316735 738.0714677662463 
592.8060570588809 298.2990926445996 
531.7371300152057 742.1372837895568 
523.6943650052567 799.5063887772974 
527.455572167199 796.7737186806113 
665.1689206009036 152.11100896011754 
536.8181083203261 735.3269369879845 
568.6579682486481 364.9031270318948 
519.7746168164352 803.8460026316508 
689.6453127715837 138.34242641915037 
593.6862300874866 294.0810043716872 
667.3680278335493 150.47749675401292 
587.8121324037397 316.8259660690732 
703.1080061912021 130.19699761184043 
574.654238614133 349.1063209921545 
598.3278782676045 274.4752339126174 
616.7227455685363 210.26256331767428 
618.4360985126177 205.1711849406991 
561.0948019785136 390.6347839312784 
692.5171423641417 135.64633669416145 
697.0860151921503 133.6747191048561 
620.7772025914943 201.78855736305636 
570.8043940019791 360.6974757032489 
604.1355763381862 241.1189508602983 
626.7796592163216 190.51376553604908 
586.0664383470315 323.3427891274341 
564.3759106456382 373.9002799254635 
602.6746131672751 255.87605200893887 
558.218964151358 394.625573457574 
700.0259553260876 131.25064019968747 
660.496348648348 156.28576302269758 
645.3218488472248 168.0131413418827 
515.3920869387471 809.5960126160448 
624.5282257951693 192.15654313836387 
648.5149369163743 165.67579929117528 
654.5611463731976 161.08644099848175 
552.2327698861061 398.41861906202945 
599.1800674469198 269.44965690701673 
642.2985476539667 169.39252167561523 
682.2891829590947 141.87307590330934 
622.642782230382 197.41207145558778 
693.6859408772848 135.26751947059967 
517.7693041491182 807.5629943269032 
615.6895096970476 213.7673611383599 
601.3215926213119 261.30965236172426 
610.9663982373696 227.8731036986988 
722.8567442855284 125.49698555508405 
607.5550399742436 231.49058328415455 
605.6407011301975 238.2208141291069 
685.141759332693 140.06561732790544 
562.8396642116353 381.7914188405649 
657.9154756881542 159.53907725516527 
543.1861583346397 417.37053515495995 
510.8175013039015 814.5256133780769 
706.5535480804072 129.56988818049683 
709.4389718920871 127.96229682342938 
572.7954609709284 351.3290605303058 
571.8639053168179 357.57297515188446 
575.8554513949272 345.34386501085754 
651.8348166806107 163.9437931606989 
672.3731442465188 149.3513979568117 
728.605319020552 121.81229062422227 
591.2283450681074 309.8623484008376 
629.6444632080879 177.0810193356761 
628.5550775485596 185.42144593482357 
526.8609590568727 799.3967238774311 
577.9332283874242 340.1045472765394 
710.5560480560962 127.36897348885138 
612.8336982682212 218.54773146514225 
688.435937894687 139.67013043604578 
638.3207761047373 174.5021426786299 
725.5457516314616 124.25727886400773 
639.7596391391339 171.8512716051284 
670.3826438248329 149.88083628745878 
566.9538603307523 369.42196423961946 
552.3182120146977 396.2997091625901 
674.4118443966006 145.96003082472808 
677.5381038208147 143.2744816691562 
597.2772761766153 281.4378529637912 
580.7952985029397 333.1624089866357 
583.0949998725977 330.77783706165565 
584.6440343495279 324.93787220352675 
579.7580716944818 338.6707516064374 
603.0866325600529 251.1646336459823 
599.9839526145632 264.965321170626 
590.067114576656 312.25869178347847 
732.0865061066831 120.35981713331533 
634.7322796548423 174.64328824860877 
594.1826271163764 283.4696830167519 
633.004539101527 174.70862376734567 
