543.7776870821081 473.79990150924027 
548.1944432242497 469.76141745672174 
537.0384268925137 585.1950780698288 
601.4684054093763 260.3897064725473 
726.8996414666572 120.35981713331533 
543.1317699291801 577.8344487938955 
595.8961130078553 286.45681339334783 
541.1165003993527 579.4192498926743 
544.731543031576 470.47775628582474 
598.6246466861114 271.31847039801204 
687.7624384717168 136.36504155143206 
713.7233233764001 126.76196837996967 
710.882818767604 127.56211126914665 
521.8306368975996 805.1448953253273 
603.8526320179013 248.5735087006278 
507.03732222850147 817.075003720497 
690.65195405256 135.5110116364422 
614.8694840217615 219.56425375723248 
538.7536324793248 581.8729328464137 
510.3132784481547 814.0373586004469 
515.0402542039668 810.0465690741509 
675.9858144865492 147.52513763558974 
703.4708644867286 129.4241923147715 
613.5496457179534 224.29871408342328 
682.8602616379524 140.67198025662572 
698.6279014597308 130.8110975889581 
673.1685887024969 148.77442739257802 
624.1126966219459 196.6327790896763 
678.3414143085762 146.0494653663133 
549.7689057780124 418.95364235514916 
608.3598701647511 240.0758918973452 
649.6484386427046 168.45046320599582 
637.2449399201294 180.99573112867807 
668.5606670397725 152.26845330002666 
607.2006103224601 247.15762934307443 
517.4373666144287 806.5276767166353 
664.4119065211446 157.47918268745997 
631.2767359146362 188.03446283299715 
632.9001498198875 187.0319538772371 
585.0846665275867 328.8142286807387 
608.7534239368989 235.17063947374066 
571.8758589944528 359.58898057067324 
639.1932628943349 178.5590657404152 
593.7140538985421 301.4972338626568 
574.8419010931261 353.5328827584717 
586.9953938256076 320.69503516992654 
597.4551267104378 278.40020784374093 
566.5693653119747 375.09054451978295 
524.493050308299 804.0658355808806 
554.9840190436213 403.2240794316603 
658.5792992005835 161.5495967683294 
670.9334010861456 150.35970282254405 
621.1014715306352 200.32029600224516 
576.7939101637847 346.3569034411989 
635.1346780781604 184.59528848897423 
529.5765648026091 794.8748136007956 
618.3495114262645 204.99927988099714 
660.2048126430634 158.78316372902793 
724.5445062962505 121.42387152455922 
718.9041406455902 122.82512840166062 
700.7419395597824 130.08699805893735 
564.5623466101688 377.8154323523984 
611.8135030098196 234.49887302456878 
602.6784300660548 255.6552461463571 
626.067391449893 194.4330156557368 
628.8814037142861 191.51559108098397 
616.216757631688 214.01148106387487 
590.048192017824 310.7385214658335 
592.4674596365908 305.4880233889524 
512.6375903948397 812.2794191528404 
716.1616950133041 123.51578980657594 
558.2137370282729 390.2597844578143 
583.1090745261334 330.99303127377345 
617.8347241004246 209.0650959043075 
680.1287306792588 143.03563495496243 
665.9386640581836 154.2408220127469 
722.4297943181226 122.66983255425744 
707.6154820974398 129.0719838009119 
573.4740847353943 354.85452024448205 
580.5727941224959 336.3052637778254 
684.8765591596108 137.64233052156473 
525.8292567491533 796.4683859882961 
585.8771234451353 321.99480288068054 
580.1178132282853 344.36189191124095 
662.4721626579263 158.63974976218532 
641.675651670304 174.52773995821676 
695.924151830205 132.77637750968688 
563.7557932160126 384.44691778014334 
558.0270161775816 399.23328990536436 
647.5701623037397 169.1343732366988 
612.3660568132605 226.80765150550934 
645.2228330892655 173.31874688787153 
693.4965832111559 134.15875887117923 
567.5051260307315 360.8887482814271 
570.3937939943476 359.6731803127517 
650.9929738735301 166.08588691799523 
533.4072491328038 785.6707215871206 
526.4929104538692 796.4072617468305 
655.5628942953656 162.66127121169274 
652.9829239399123 165.91584657704098 
