510.266262853324 816.4258343493933 
544.0588746955887 578.5198959693522 
537.3425364815548 585.1950780698288 
540.9973153875918 581.2441032481789 
501.653014763877 820.3971489439125 
511.74261773856824 813.2270381201419 
516.9359446399666 808.1170575231815 
727.7527319075238 120.35981713331533 
712.9801737507184 123.96060048856265 
698.7055411528612 130.74553736061847 
544.534686927941 422.2757875785647 
621.8060420928089 218.7632885264519 
548.1149238539963 418.3248127569144 
526.9413954012193 796.9313259573341 
701.0021392847295 128.97770380953514 
703.4174001909155 126.88142700310127 
597.2692013243818 301.7066507492427 
506.92961472677644 816.4461741222625 
690.9832335750908 135.3771322637491 
719.7572310864568 122.82512840166062 
623.2145162956201 214.10220870096094 
595.7778975372902 313.6264579462497 
529.3039815567115 793.7581656275713 
725.2755233919777 121.60906140016937 
709.1809627291952 124.5478685778078 
620.4571514043499 222.72509065582264 
706.1117301587324 125.91458118344002 
602.912419501412 281.1749087882911 
521.7747610033398 802.2768324740183 
648.4132661666586 167.50034620652255 
627.7809210675468 199.43578841955812 
656.0042495103788 164.7323111035314 
628.0481148962804 190.49290698756266 
531.5600536231952 788.76995723703 
618.6866656075316 229.69974443235344 
569.7843942032441 375.35592913759456 
612.0223509646991 252.57640998521586 
615.610977062602 232.60623580071038 
600.4130718941242 291.30346803109296 
693.3725171409112 133.89413400509164 
666.0743087823472 150.6276472323975 
614.9497410501633 239.86241385200566 
534.0674685085409 785.4913199447863 
605.3377298376337 275.37006306909205 
671.1951824164951 148.39829318301298 
668.1139399355558 149.22342276321356 
586.9353250283981 323.03683270941684 
625.9633843412462 204.21046239052055 
653.5787388309553 165.16541928999484 
598.135479218316 296.93936167072565 
683.1762904752908 142.8359381213109 
680.7405871439634 144.2319049001132 
640.3446368442621 174.57508045679353 
536.9545241363226 777.4255597281536 
571.3286734469559 369.03041956321977 
514.33033881858 811.7485982007837 
575.6412120107327 347.5548059618163 
592.5622831203121 313.72487419995815 
552.9338696265756 407.27619085708125 
674.5075524158672 146.8314525558617 
610.5831133116095 256.59113399543406 
677.4044835661402 146.08354045196873 
568.5943503296945 379.5999739718472 
624.1136852453968 208.61883381088407 
559.7470065471052 391.60344266870345 
641.3032882283223 174.50778233459843 
561.462291665722 385.45792272484977 
582.0016284864171 336.66905956516814 
585.8483608659074 332.3743639293639 
695.9694812022151 132.8856363705592 
590.7984711064072 319.77566894292795 
535.2605055825404 782.9850476450587 
643.5474409984549 168.65425841188699 
637.5984344981965 177.5679498749852 
519.6015864133238 805.3975522224299 
688.1727767221875 136.0887678773215 
575.1052167324067 358.71441953031473 
659.2139374755897 164.58997949613214 
661.0992117286535 158.62400781344576 
685.9524298362996 140.50808507889246 
601.0370260073654 285.89073977089237 
583.302859423946 335.6653950751664 
556.0371639257668 399.6272643730941 
573.1051321169676 361.86030873944884 
609.6885739666606 259.3391388650057 
548.5401359161535 407.7134914019792 
607.8710319279345 263.7727550960348 
651.0813318272092 166.20258778985354 
612.8790309562279 245.37783148799306 
606.1362281565131 269.7349027757428 
664.625506500061 153.4964450127161 
524.6092560306073 798.3258576523685 
579.078090408303 340.8589537952922 
562.9250782625442 381.5069479031995 
662.3063544366864 155.18453271192985 
632.9580310087497 181.7484247616605 
577.4775567680479 345.35663006064885 
588.3848939553945 322.2690159521036 
556.9287021709586 398.0970119692267 
629.589900700302 184.38559015925358 
