727.8879839324105 120.35981713331533 
537.0384268925137 585.1950780698288 
713.1154257756052 123.96060048856265 
541.2277604865404 581.2042885435332 
719.8924831113436 122.82512840166062 
703.1630141518381 130.1864122384531 
717.020881276576 123.90665173555458 
705.430361103688 129.92320558147844 
541.4192382834154 581.1565940173106 
549.3469395989337 405.06260386387606 
701.0481563950772 132.55779790855277 
691.6879410107379 139.12668013311747 
509.32103999171466 814.7102960370909 
724.9581779968885 122.77821907485091 
502.54890517483597 820.3971489439125 
596.5759851537019 273.67018523080833 
598.161048836478 269.33057137645505 
542.9105773388999 422.2757875785647 
512.1654239037681 812.0872908402706 
695.7449820210115 135.42609148677872 
553.5999253359707 395.0945418633764 
582.7972337399942 330.3282645622543 
567.956228440193 359.761168285165 
522.8975309454315 800.7901729488168 
520.2757239738936 802.946793818434 
657.7256588205632 163.49366782588416 
515.0063534147056 810.4612089973807 
710.2251890627956 124.89772295985382 
577.2774123954356 338.29683852377156 
530.8096123825579 782.3117463401744 
574.368795057245 340.72771540802177 
522.9439181198251 795.2633725787582 
617.1534351669862 208.8545828751814 
622.4390269022088 200.5875003654849 
589.099267585239 308.190921374611 
659.9651258588449 160.53507466269465 
585.0674305447874 314.632006955165 
592.3347776700655 299.4024956082439 
612.5283569659913 218.25886954944326 
707.4043456246598 126.93880230566234 
693.7287266058071 137.0232678843423 
610.0405601164869 232.24507300838772 
591.1069954766592 301.02857745113397 
689.3222467451566 141.66099468153968 
611.4669667856869 225.7133907900203 
555.845700475604 386.965323940483 
566.2713924834272 364.5179858506319 
602.1030985291795 261.42474656548 
557.2831440533527 381.2784710336616 
650.155741084498 169.6937011351202 
633.1418917532976 182.85003851539997 
662.931654499114 158.1000012065721 
638.363901913098 177.201451651136 
572.0625973168974 344.4311562062537 
580.3008692634517 336.74903839648465 
519.0776472493682 806.0948659553427 
517.0117645362436 808.2675035239212 
600.5755916845045 266.31557910146574 
541.7895226985464 473.79990150924027 
559.1701310153079 376.5228846048468 
534.640194247044 773.0280246408639 
671.7895450473192 151.75785851319583 
569.8657085966375 357.08062816424973 
624.073326117392 197.3663354465027 
668.3217153079735 153.89863555828154 
628.5841899794492 190.85744250210604 
543.2661632311411 416.58893467174295 
596.1800888495475 281.1846004097555 
680.8000652176552 147.00345628698483 
626.4303523600778 194.67722981845606 
606.3746273853452 238.1464610874324 
603.123575983813 250.92522353342443 
635.0253043327999 180.41916163114965 
548.3797179857679 413.96592947492286 
583.3813300334803 316.0209173872644 
664.7024403086172 154.30428976619856 
537.0235897668014 768.4512393757199 
564.4558250366529 368.35110031588175 
698.4713863914851 133.23114303170811 
551.9298748352734 402.6928512210913 
644.2014552790553 172.10858437303924 
675.0664736894231 150.6601133894914 
594.890032222287 291.0509661249712 
561.8538834226049 373.0278473693434 
682.7154362039072 145.27914767296346 
588.0835956085789 308.9957164159716 
648.0001460243917 171.02978904811093 
619.4755211941343 202.08913242002635 
614.8497301773116 211.64982714109013 
533.0420045809976 776.609003436977 
604.6256564196411 243.8749853738851 
524.8289525952921 789.1204015802956 
686.3074973679575 143.8061849875911 
631.1568681984569 187.12528897778103 
677.4567979626302 147.22933399319157 
527.3699079991353 784.5436163151516 
618.6200424968879 206.42874627437962 
641.3356891513573 175.1462851986328 
654.8068148717151 167.02225202275056 
652.3451744089293 168.58420026272475 
