540.3425364815548 585.1950780698288 
715.0032959791398 126.76196837996967 
605.1057914316707 257.8932695707587 
514.293363123205 811.9175525090486 
605.7693014898782 247.03630924427654 
522.9523651407546 768.8730350132374 
529.5588353380243 760.7951199268111 
727.7506140693969 120.35981713331533 
552.8667485157258 513.4004321296012 
556.0400608657893 511.5134090082965 
507.8255051377354 816.4461741222625 
511.50503058040215 815.7169385823548 
543.3713463794691 533.6709641391552 
584.5474003271994 318.9306423261525 
550.4400842504101 519.2925252628726 
625.9483833992108 191.8236580952432 
565.4897213537707 487.7964146474335 
562.8932245343019 492.8054351492941 
561.5028442091292 499.72636797791665 
586.111720562978 314.80370206137627 
725.0273615401892 121.06560029503669 
617.8680245065917 205.8631471123607 
592.5658285934528 304.2070606262207 
594.2461518534187 300.0280861205761 
578.446933369065 344.0592282732601 
516.8703848750476 808.1291797317015 
685.9239544235527 144.3698926590757 
502.54890517483597 820.3971489439125 
540.2285614233493 741.8864279382414 
518.2754905551888 806.7753851203342 
688.407749550892 140.76340403757087 
649.7663840719143 167.82310772078074 
583.43294170523 326.2982403602311 
546.7549495131562 527.1793161909729 
543.5865583066081 530.6162678307877 
542.3478323609968 578.7034301216472 
582.7806400191055 334.0505059303844 
549.6651340103224 525.593049052729 
536.4658859565159 744.2354010572608 
698.1649376891736 134.7790624993885 
590.5095101983579 307.98655894763675 
658.8563723983995 159.81479952421407 
668.0355256684785 155.88508489798693 
616.382388981105 212.27676133951186 
665.2021514823979 157.2094217149001 
614.3180537031379 218.316414955216 
722.7806543021056 122.72368613298255 
628.099466669996 189.4524978533185 
526.7564110613101 764.9220601915872 
704.9027561425007 130.67712264219986 
701.81101210713 133.1388669776731 
623.7773998939 195.98183700775257 
557.5148045330259 506.03283409552404 
708.1213950434918 129.82481798142277 
588.666288478693 309.5915996152992 
559.6717402137232 501.90589383074814 
661.0755664298878 158.61292693849498 
522.6114600289467 801.073708954777 
575.9467825150848 349.5813525347996 
521.2258409003206 804.7843369138919 
652.0644450600822 164.29326363255453 
531.9779639968767 750.1141250434555 
530.6664353484174 757.5492924453214 
613.1607356829751 225.94294225356273 
610.6582013270124 226.03045148443098 
694.661804239066 135.73926316842676 
655.3901871051414 162.2801355310462 
691.4341358070809 138.14581523405295 
642.7867423969209 174.27498167630043 
676.9012976135929 148.9221859973469 
575.1635261036197 357.03920518754865 
579.2324137026156 334.855300971745 
602.928010362747 262.5078514384016 
534.7721229083841 745.9871847786794 
600.1600726717392 264.0941185766455 
647.3749047410569 169.55531268846934 
640.0929446558745 175.80240994824078 
670.845438614385 155.1767699339747 
567.8608444303983 376.8703591137415 
597.9462196131318 266.68682594404567 
636.9265840770256 176.23550793156323 
678.8260769186628 147.99816608876745 
629.5652269915292 185.51502934945898 
539.823512096544 743.4726950764853 
683.716101310693 147.4667116802412 
606.6581398456913 236.67243849288397 
712.6009124767984 126.98047962043513 
608.4485284413979 230.73783552432636 
632.9014958664218 182.65616953449364 
710.3182269604646 128.10901438916716 
570.1087148710878 369.59723906867544 
643.5928137414172 173.04510731550047 
634.8399746707269 182.60847500827123 
620.2561996721607 200.9718125569643 
621.5133164284905 197.93760811225562 
594.4268028128855 291.40240946567064 
572.1951772467706 361.67385938938054 
674.4180337607853 153.2069295683887 
573.3256470324756 357.49488488373595 
719.9065568713752 125.78653573443555 
