0.6938404526063437
0.6803676171818316
0.6955218135872737
0.700568393138574
0.7022810692107784
0.6837329696427108
0.7010421777536351
0.6957754924164423
0.6825622456574914
0.6797997191382035
0.6910198494574157
0.7071929754061104
0.6815253301008894
0.6642876310140635
0.6969179989993921
0.6889465737563577
0.6895674384207454
0.678215485808581
0.7062759053770858
0.6744555463490652
0.6853347397096923
0.6933416477308261
0.7017749588727855
0.6923997299658491
0.7046085660686726
0.6999184095868077
0.6968739159562171
0.7020160106508057
0.6991758213100129
0.671602567068614
