0.5714748556168189
0.621062475986405
0.6005237221366756
0.6091901125054916
0.5510987742709851
0.5379309109065825
0.5728577047309267
0.5824657516011155
0.5835035781111919
0.5574295532745516
0.6245491502773161
0.6785126340456422
0.553569997830603
0.5861968018634246
0.5774409568770177
0.6188042144344508
0.5579057406855631
0.5386085317464583
0.6326284952749242
0.5446450740683689
0.5798126836159714
0.6008756447848088
0.5806698442121774
0.5925348310735026
0.5654398709294007
0.6372948480456143
0.6158272253144588
0.6009789852000436
0.5709282586990732
0.5664969643702453
