2 0 0 0 0 0 0 0  10000000100000001000000010000000100000001000000010000000100000001000000010000000100000001000000010000000100000001000000010000000100000001000000010000000100000001000000010000000100000001000000010000000 
2 0 0 0 0 0 1 0  10000000100000001000000010000000100000001000000010000000100000001000000010000000100000001000000010000000100000001000000010000000100000001000000010000000100000001000000010011010100000001000000010010110 
2 0 0 2 0 0 0 0  10000000100000001101000010000000100000001000000010000000100000001000000010000000100000001000000010000000100000001000000010000000010100001000000010000000111100001000000010000000100000001000000010000000 
2 2 2 2 2 2 2 1  11011111111111111111110111111111111111111111111111111111111111111111111111111111111111111111111111111111111111111111110010001100010110100101000011111111111111111111111111111111111111111111111110001100 
2 0 0 2 0 0 0 0  10000000100000001101000010000000100000001000000010000000100000001000000010000000100000001001000010000000100000001000000010000000100000001000000010000000100000001000000010000000100101001111000010000000 
2 0 0 0 0 0 0 0  10010000100000001000000010000000100000001000000010000000100000001000000010000000100000001000000010000000100000001000000010000000100000001000000010000000100000001000000010000000100000001000000010000000 
2 2 2 2 2 2 2 0  11111111111111111111111111111111111111111111111111111111111111111111111111111111111111111111111111111111111111111111111111111111111111111111111111111111111111111111111111111111111111111111111111111110 
2 2 2 2 2 2 2 1  11011111111111111111110111111111111111111111111111111101111101110111011101110111110111111111111111111111111111111111111111111111111111111111111111111111111111111111111111111111111111111111111110001100 
2 2 0 2 0 0 0 0  10000000100000001101000010000000100000001000000010000000100000001000000010000000100000001000000010000000100000001000000010000000010000001000000010000000100000001000000010000000100000001000000010000000 
2 0 0 2 0 0 0 0  10010000100000001000000010000000100000001000000010000000100000001000000010000000100000001000000010000000100000001000000010000000100000001000000010000000101100001000000010000000100000001000000010010000 
2 2 2 2 2 2 2 1  11010101111111111111111111111111111111111111111111111111111111111111111111111111111111111111111111111111111111111111111111111111111111100101111111111111111111111111010111111111111111001111001111111100 
2 0 0 0 0 0 0 0  10000000100000001000000010000000100000001000000010000000100000001000000010000000100000001000000010000000100000001000000010000000100000001000000010000000100000001000000010000000100000001000000110010100 
2 2 2 2 0 2 2 1  11010101111101001101010111111111111111111111111111111111111100001001011110110101100111001111000010010111111111111111111111111111111111100101111111111111111111101011010111110011010101001111001111111100 
2 2 2 2 0 2 2 0  11010101111101001101010111111111111100111111111111111101111101110111011101110111110111111111111111111111111111111111111111111111111111111111000011111111111111101011010111110011010101001111001111110100 
2 2 2 2 2 2 2 0  11010101111111111111111111111111111111111111111111111111111111111111111111111111111111111111111111111111111111111111111111111111111111111111111111111111111111111111111111111111111111111111111111111110 
2 2 2 2 0 2 2 0  11010100111101001101010011110000111100111111111010010000100100001001011110110101100111001111000010010111111111111111111111110000010100000101000011111110111100001011010111110011010101001111001111110100 
2 0 0 0 0 0 0 0  10000000100000001000000010000000100000001000000010000000100000001000000010000000100000001000000010000000100000001000000010000000100000001000000010000000100000001000000010000000100000001000000010010000 
2 2 0 2 0 0 0 0  10010000100100001101000010010000111100001001000010000000100000001000000010000000100000001000000010000000100000001000000010000000010100000101000010000000111100001000000010000000100000001000000010010000 
2 0 0 2 0 2 0 0  10000000100000001000000010000000100100001001000010010000100100001001010010000000100000001111000010010100100000001000000010000000100000001000000010000000100000001000000010000000100000001000000010010000 
2 2 2 2 0 2 2 1  11010101111101001101010111110000111100111111111011111111111100001001011110110101100111001111000010010111111111111111111111111111111111111111111111111111111111101011010111110011010101001111001111111100 
2 2 0 2 0 0 0 0  10010000100100001001010010010000111100001001000010010000100100001000000010000000100000001000000010000000100000001000000010000000100100000101000010000000111100001000000010000000100000001000000010010000 
2 0 0 2 0 2 0 0  10000000100000001000000010000000100100001001000010010000100100001001010010000000100000001111000010010100100000001000000010000000100000001000000010000000100000001000000010000000100000001000000010010100 
2 2 0 2 0 2 0 0  10010000100100001001010010010000111100001001000010010000100100001000000010110101100111001111000010010100100000001000000010000000100000001001000010000000100100001001010111110000100101001111000010010100 
2 2 0 2 0 2 2 0  10010100100101001101010010010000111100111111111010010000100100001001011110110101100111001111000010010111111111111111111111110000010100000101000011110000100100001001010111110000100101001111000010010100 
2 2 2 2 2 2 2 1  11010111111111111111110111111111111111111111111111111111111111111111111111111111111111111111111111111111111111111111111111111111111111100101111111111111111111101011010111110011010101001111001111111100 
2 2 0 2 0 2 0 0  10010000100100001001010010010000111100001001000010010000100100001000000010000000100111001111000010010100100000001000000011110000010000001001000010000000100100001001010111110000100101001111000010010000 
2 2 2 2 0 2 0 0  11010101111101001101010111110000111100001001000010010000111100001001011110110101100111001111000010010100100000001000000011110000010100000101000011111110111100001001010111110000100101001111000010010100 
2 0 0 2 0 2 0 0  10010000100100001001010010010000111100001001000010010000100100001000000010000000100000001000000010000000100000001000000010000000100000001000000010000000100000001000000010000000100000001000000010010100 
2 0 0 2 0 2 0 0  10010000100101001001010010010000100100001001000010010000100100001001010010000000100000001111000010010100100000001000000010000000100000001000000010000000100000001000000010000000100000001000000010010000 
2 2 2 2 2 2 2 1  11010111111111111111110111111111111111111111111111111111111111111111111111111111111111111111111111111111111111111111111111111111111111111111111111111111111111111111111111111111111111111111111110001100 
2 2 0 2 0 2 0 0  10010000100100001001010010010000111100001001000010010000100100001000000010000000100111001111000010010100100000001000000011110000010000001001000010000000100100001001010111110000100101001000000010010000 
2 2 0 2 0 2 2 0  10010100100101001101010010010000111100111111111010010000100100001001011110110101100111001111000010010111111111111111111111110000010100000101000011111110111100001011010111110011010101001111001111110100 
2 2 2 2 0 2 2 1  11010101111101001101010111110000111100101001000010010000100100001001010010110101100111001111000010010111111111111111000011110000010100000101000011111110111100001011010111110000100101001111001111111100 
2 0 0 2 0 0 0 0  10010000100000001000000010000000100000001000000010000000100000001000000010000000100000001000000010000000100000001000000010000000100000001000000010000000101100001000000010000000100000001001000010010000 
2 0 0 0 0 0 0 0  10000000100000001000000010000000100000001000000010000000100000001000000010000000100000001000000010000000100000001000000010000000100000001000000010000000100100001001010111110000100101001111000010010100 
2 2 2 2 0 2 2 1  11010101111101111111110111111111111111111111111111111111111111111111111111111111111111111111110010010111111111111111111111111111111111100101111111111111111111101011010111110011010101001111001111111100 
2 2 0 2 0 2 0 0  10010100100101001001010010010000111100001001000010010000100100001001010010110101100111001111000010010111111111111111011111110000010100000101000011111110111100001001010111110000100101001111000010010100 
2 2 2 2 0 2 2 0  11010101111101001101010111111111111111111001111111111111100100001001011110110101100111001111000010010111111111111111111111110000010100000101000011111110111100001011010111110011010101001111001111110100 
2 0 0 2 0 0 0 0  10000000100000001000000010000000100000001000000010000000100000001000000010000000100000001000000010000000100000001000000010000000100000001000000010000000100000001001010010000000100101001111000010010000 
2 0 0 2 0 2 0 0  10010000100101001001010010010000100100001001000010010000100100001001010010000000100000001111000010010100100000001000000010000000100000001000000010000000100000001000000010000000100101001111000010010100 
2 0 0 2 0 2 0 0  10010100100101001001010010010000100100001001000010010000100100001001010010000000100000001111000010010100100000001000000010000000100000001000000010000000100000001000000010000000100000001000000010010100 
2 2 2 2 2 2 2 1  11111111111111111111111111111111111111111111111111111111111111111111111111111111111111111111111111010111111111111111111111111111111111100101111111111111111111101011010111110011010101001111001111111100 
2 2 2 2 0 2 2 1  11010101111101011111110111111111111111111111111111111111111111111111111111111111111111111111110010010111111111111111111111111111111111100101111111111111111111101011010111110011010101001111001111111100 
2 2 2 2 0 2 0 0  11010101111101001101010110010000111100001001000010010000100100001001010010110101100111001111000010010111111111111111011111110000010100000101000011111110111100001001010111110000100101001111000010010100 
2 2 0 2 0 2 0 0  10010100100101001001010010010000100100001001000010010000100100001001010010110101100111001111000010010111111111111111000011110000010100001001000010000000100100001001010111110000100101001111000010010100 
2 0 0 2 0 0 0 0  10010000100100001001000010000000100000001000000010000000100000001000000010000000100000001000000010000000100000001000000010000000100000001000000010000000100000001000000010000000100000001000000010010000 
2 2 0 2 0 2 0 0  10010000100101001001010010010000100100001001000010010000100100001001010010000000100000001111000010010100100000001000000011110000010100000101000011111110111100001001010111110000100101001111000010010100 
2 0 0 2 0 2 0 0  10010000100101001001010010010000100100001001000010010000100100001001010010000000100000001111000010010100100000001000000010000000100000001000000010000000100000001000000011110000100101001111000010010100 
2 0 0 2 0 2 0 0  10010100100101001001010010010000100100001001000010010000100100001001010010000000100000001111000010010100100000001000000010000000100000001000000010000000100000001000010111110000100101001111000010010100 
2 2 2 2 0 2 2 1  11010101111101001101010111110000111100101001000010010000100100001001010010110101100111001111000010010111111111111111111111111111111111100101111111111111111111101011010111110011010101001111001111111100 
2 0 0 0 0 0 0 0  10000000100000001000000010000000100000001000000010000000100000001000000010000000100000001000000010000000100000001000000010000000100000001000000010000000100000001000000010011010100000001111000010010100 
2 2 2 2 2 2 2 1  11010101111101011111111111111111111111111111111111111111111111111111111111111111111111111111111111010111111111111111111111111111111111100101111111111111111111101011010111110011010101001111001111111100 
2 2 0 2 0 2 0 0  10010100100101001001010010010000100100001001000010010000100100001001010010000000100000001111000010010100100000001000000010000000100000001000000010000000111100001001010111110000100101001111000010010100 
2 2 2 2 0 2 0 0  11010100111101001101010011110000111100001001000010010000100100001001011110110101100111001111000011110111111111111111000011110000010100000101000011111110111100001011010111110000100101001111000010010000 
2 2 2 2 2 2 2 1  11111111111111111101010111111111111111111111111111111111111111111111111111111111111111111111111111111111111111111111111111111111111111100101111111111111111111101011010111110011010101001111001111111100 
2 2 0 2 0 2 0 0  10010100100101001001010010010000100100001001000010010000100100001001010010110101100111001111000010010111111111111111000011110000010100000101000011111110111100001011010111110000100101001111000010010100 
2 2 2 2 0 2 0 1  11010101111101001101010111110000100100001001000010010000100100001001010010110101100111001111000010010111111111111111000011110000010100001001000010000000100100001001010111110000100101001111001111111100 
2 0 0 2 0 2 0 0  10010100100101001001010010010000100100001001000010010000100100001001010010000000100000001111000010010100100000001000000010000000100000001000000010000000100000001000000011110000100101001111000010010000 
2 0 0 2 0 2 0 0  10010000100101001001010010010000100100001001000010010000100100001001010010000000100000001111000010010100100000001000000010000000100000001000000010000000100100001001010111110000100101001111000010010100 
2 0 0 0 0 0 0 0  10000000100000001000000010000000100000001000000010000000100000001000000010000000100000001000000010000000100000001000000010000000100000001000000010000000100000001000000010000000100000001000000010010010 
2 2 0 2 0 2 0 0  10010000100101001001010010010000100100001001000010010000100100001001010010110101100111001111000010010000100000001000000011110000010100000101000010000000100000001001010111110000100101001111000010010000 
2 2 2 2 0 2 2 1  11010101111101001101010111110000111100101001000010010000100100001001010010110101100111001111000010010111111111111111000011110000011111100101111111111111111111101011010111110011010101001111001111111100 
2 0 0 2 0 2 0 0  10010000100101001001010010010000100100001001000010010000100100001001010010000000100000001111000010010100100000001000000010000000010100001001000010000000100100001001010111110000100101001111000010010100 
2 2 0 2 0 0 0 0  10010000100100001101000010010000111100001001000010000000100000001000000010000000100000001000000010000000100000001000000010000000010100000101000010000000111100001000000010000000100000001000000010010100 
2 2 0 2 0 0 0 0  10010000100100001101000010010000111100001001000010000000100000001000000010000000100000001000000010000000100000001000000010000000010100000101000010000000100000001001010111110000100101001111000010010000 
2 2 0 2 0 0 0 0  10010000100100001101000010010000111100001001000010000000100000001000000010000000100000001000000010000000100000001000000010000000010100000101000010000000111100001000000010000000100101001111000010010000 
2 0 0 2 0 0 0 0  10000000100000001101000010000000100000001000000010000000100000001000000010000000100000001001000010000000100000001000000010000000100000001000000010000000100100001001010111110000100000001000000010010000 
2 0 0 2 0 2 0 0  10010100100101001001010010010000100100001001000010010000100100001001010010000000100000001111000010010100100000001000000010000000100000001000000010000000100000001000000010000000100101001111000010010100 
2 0 0 2 0 2 0 0  10010000100101001001010010010000101100001001000010010000100100001001010010000000100000001111000010010100100000001000000010000000100000001000000010000000100000001000000010000000100000001000000010010100 
2 0 0 2 0 0 0 0  10010000100100001001000010000000100000001000000010000000100000001000000010000000100000001000000010000000100000001000000010000000100000001000000010000000100000001000000010000000100000001000000010010100 
2 0 0 2 0 0 0 0  10000000100000001000000010000000100000001000000010000000100100001000000010000000100111001111000010010000100000001000000010000000010100001000000010000000111100001000000010000000100000001000000010010100 
2 2 0 2 0 2 0 0  10010100100101001001010010010000111100111111111010010000100100001001011110110101100111001111000010010111111111111111111111110000010100000101000011111110111100001001010111110011100101001111000010010100 
2 2 0 2 0 2 0 0  10010100100101001001010010010000100100001001000010010000100100001001010010110101100111001111000010010111111111111111000011110000011111100101111111111110111100001001010111110000100101001111000010010100 
2 0 0 2 0 2 0 0  10010000100100001001010010010000111100001001000010010000100100001000000010000000100000001000000010000000100000001000000010000000100000001000000010000000100100001001010111110000100101001111000010010100 
2 2 0 2 0 2 0 0  10010000100100001001010010010000111100001001000010010000100100001000000010000000100000001000000010000000100000001000000010000000010100001001000010000000100100001001010111110000100101001111000010010100 
2 2 2 2 2 2 2 1  11010101111101011111111111111111111111111111111111111111111111111111111111111111111111111111111111111111111111111111111111111111111111100101111111111111111111111111010111111111111111001111001111111100 
2 2 0 2 0 2 0 0  10010100100101001001010010010000111100001001000010010000100100001001010010110101100111001111000010010111111111111111000011110000010100001001000010000000100100001001010111110000100101001111000010010100 
2 0 0 2 0 0 0 0  10000000100000001000000010000000100100001000000010000000100000001000000010000000100111001000000010000000100000001000000010000000010100000101000010000000111100001000000010000000100000001000000010010000 
2 0 0 2 0 2 0 0  10010000100100001001010010010000111100001001000010010000100100001001010010000000100000001111000010010100100000001000000010000000100000001000000010000000100000001000000010000000100000001000000010010000 
2 0 0 2 0 2 0 0  10010100100101001001010010010000100100001001000010010000100100001001010010000000100000001111000010010100100000001001000011110000010100001001000010000000100100001001010111110000100101001111000010010100 
2 2 2 2 0 2 2 1  11010101111101001101010111110000111100101001000010010000100100001001010010110101100111001111000010010111111111111111000011110000010100000101000011111111111111101011010111110011010101001111001111111100 
2 2 2 2 0 2 2 0  11010101111101001101010111110000111100101001000010010000100100001001010010110101100111001111000010010111111111111111000011110000011111100101111111111111111111101011010111110010100101001111000010010000 
2 2 0 2 0 2 2 0  10010100100101001001010010010000111100111111111010010000100100001001011110110101100111001111000010010111111111111111111111110000010100000101000011111110111100001001010111110000100101001111000010010000 
2 0 0 2 0 2 0 0  10010100100101001001010010000000100100001001000010010000100100001001010010000000100000001111000010010100100000001000000010000000100000001000000010000000100000001000000010000000100000001000000010010000 
2 2 0 2 0 2 0 0  10010100100101001001010010010000100100001001000010010000100100001001010010110101100111001111000010010111111111111111000011110000010100000101000011111110111100001001010111110000100101001111000010010000 
2 2 0 2 0 2 0 0  10010100100101001001010010010000100100001001000010010000100100001001010010110101100111001111000010010111111111111111000011110000011111100101111111111110111100001011010111110000100101001111000010010100 
2 0 0 2 0 2 0 0  10010000100101001001010010010000100100001001000010010000100100001001010010000000100000001111000010010100100000001000000011110000010100001001000010000000100100001001010111110000100101001111000010010100 
2 2 2 2 0 2 0 0  11010101111101001101010111110000100100001001000010010000100100001001010010110101100111001111000010010111111111111111000011110000010100000101000011111110111100001001010111110000100101001111000010010100 
2 2 2 2 0 2 2 1  11010101111101011101010111111111111111111111111111111111111111111111111111111111111111111111111111111111111111111111111111111111111111100101111111111111111111101011010111110011010101001111001111111100 
2 0 0 2 0 2 0 0  10010100100101001001010010010000100100001001000010010000100100001001010010110101100111001111000010010111110000001001000011110000010100001001000010000000100100001001010111110000100101001111000010010100 
2 2 2 2 0 2 2 1  11010101111111111101010111111111111111111111111111111111111111111111111111111111111111111111111111111111111111111111111111111111111111100101111111111111111111101011010111110011010101001111001111111100 
2 2 2 2 2 2 2 1  11010101111111111111110111111111111111111111111111111111111111111111111111111111111111111111111111111111111111111111111111111111111111111111111111111111111111111111111111111111111111111111111110001100 
2 0 0 0 0 0 0 0  10000000100000001000000010000000100000001000000010000000100000001000000010000000100000001000000010000000100000001000000010000000100000001000000010000000100000001000000010011010100000001111000010010000 
2 0 0 2 0 2 0 0  10010000100101001001010010010000100100001001000010010000100100001001010010000000100000001111000010010100100000001001111111110000010100000101000011111110111100001001010111110000100101001111000010010100 
2 0 0 2 0 0 0 0  10010000100100001001010010010000111100001001000010010000100100001000000010000000100111001111000010010000100000001000000010000000010100001000000010000000111100001000000010000000100000001000000010010100 
2 0 0 2 0 2 0 0  10010100100101001001010010010000111100101001000010010000100100001001010010110101100111001111000010010111111111111111000011110000010100000101000011111110111100001011010111110000100101001111000010010100 
2 2 2 2 0 2 2 1  11010101111101001101010111111111111111111111111111111111111111111111111111111111111111111111111111111111111111111111111111111111111111100101111111111111111111101011010111110011010101001111001111111100 
2 0 0 2 0 2 0 0  10010100100101001001010010010000100100001001000010000000100000001000000010000000100000001000000010000000100000001000000010000000100000001000000010000000101100001000000010000000100000001001000010010000 
2 2 0 2 0 2 0 0  10010100100101001001010010010000100100001001000010010000100100001001010010000000100000001111000010010100100000001000000011110000010100000101000011111110111100001001010111110000100101001111000010010100 
2 0 0 2 0 2 0 0  10010100100101001001010010010000100100001001000010010000100100001001010010110000100000001111000010010100100000001000000010000000100000001000000010000000100000001000000010000000100000001000000010010000 
