3 0 0 0 0 0 0 0  10000000100000001000000010000000100000001000000010000000100000001000000010000000100000001000000010000000100000001000000010000000100000001000000010000000100000001000000010000000100000001000000011111110 
1 3 2 2 2 1 2 0  11111111111111111111111111111111111111111111111111111111111111111111111111111111111111111111111111111111111111111111111111111111111111111111111111111111111111111111111111111111111111111111111111111110 
3 0 0 0 0 0 0 0  10000000100000001000000010000000100000001000000010000000100000001000000010000000100000001000000010000000100000001000000010000000100000001000000010000000100000001000000010000000100000001000000010000000 
3 0 0 0 0 0 0 0  10001000100000001000000010000000100000001000000010000000100000001000000010000000100000001000000010000000100000001000000010000000100000001000000010000000100000001000000010000000100000001000110010011100 
3 0 0 0 0 0 0 0  10000000100000001000000010000000100000001000000010000000100000001000000010000000100000001000000010000000100000001000000010000000100000001000000010000000100000001000000010000000100000001000000010011100 
1 3 2 2 2 1 2 0  11111111111111111111111111111111111111111111111111111111111111111111111111101100100111011111110111111111111111111111111011010111111111111111111111111110100111001001111110001111100011001001110010011100 
3 0 0 0 2 1 0 0  10000000100000001000110010011000100000001000000010000000100000001000000010000000100000001000000010000000100000001000000010000000100000001000000010000000100000001000000010000000100000001000000010000000 
1 3 2 2 2 1 2 0  11111111111111111111110010011100100111101001111111111111111111111111111110001100100111011111110110101100111111111111111011010101111111111111111111111110100111001001111110001111100011000111110010011110 
3 0 0 2 2 1 2 0  10011101100111001001110111111100100111101001111111111111111111111111111110001100100111011111110111111111111111111111111111111111111111111111111111111111110111001001111110001111100011001001110010011100 
3 0 0 0 0 0 0 0  10010000100000001000000010000000100000001000000010000000100000001000000010000000100000001000000010000000100000001000000010000000100000001000000010000000100000001000000010000000100000001000000010000000 
3 0 0 0 2 1 0 0  10001000100011001000000010000000100000001000000010000000100000001000000010000000100000001000000010000000100000001000000010000000100000001000000010001000100011001000000010000000100011001000110010001100 
3 0 0 0 2 1 0 0  10000000100000001000000010000000100000001000000010000000100000001000000010000000100000001000000010000000100010001000000010001000100000001000000010001000100011001000000010001100100011001000110010001100 
3 0 0 2 2 1 0 0  10001000100011001000110010011000100111001001010010001111100010001000000010001100100111001000110110000000100010001000000010001000100000001000000010001000100111001001110010001100100011001001110010011100 
3 0 0 0 2 1 0 0  10001000100011001000110010011000100111001000000010000000100000001000000010000000100000001000000010000000100000001000000010001000100000001000000010001000100111001001110010001100100011001000110010001100 
3 0 0 0 2 1 0 0  10000000100000001000000010000000100000001000000010000000100000001000000010000000100000001000000010000000100000001000000010001000100000001000000010001000100011001000000010000000100011001000110010001100 
3 0 0 0 2 1 0 0  10001000100010001001010010000000100000001000000010000000100000001000000010000000100000001000000010000000100010001000000010000000100000001000000010000000100000001000000010000000100011001000000010001100 
1 0 0 2 2 1 2 0  11011101100111001001110010011100100111101001111111111111111111111111111110001100100111011111110111111111111111111111111011010101111111111111111111111110100111001001111110011110100011001001110010011100 
3 0 0 2 2 1 0 0  10011101100111001001110010011100100111101001110010001111100011111111111110001100100111001000110110101100100010011001000010001000100000001000000010001000100111001001110010001100100011001000110010001100 
3 0 0 0 2 1 0 0  10001100100011001000110010011000100000001000000010000000100000001000000010000000100000001000000010000000100010001000000010001000100000001000000010001000100111001000000010001100100011001000110010001100 
3 0 0 0 0 0 0 0  10000000100000001000000010000000100000001000000010000000100000001000000010000000100000001000000010000000100000001000000010000000100000001000000010000000100000001000000010000000100000001001110010011100 
3 0 0 2 2 1 0 0  10011101100111001001110010011000100111001001010010001111100010001000000010001100100111001000110110000000100010001000000010001000100000001000000010001000100111001001110010001100100011001001110010011100 
3 0 0 2 2 1 2 0  10011101100111001001110010011100100111101001110010001111100011111111111110001100100111001000110110101100100010011001011010010101111111111111111111111110100111001001111110011110100011001001110010011100 
3 0 0 0 2 1 0 0  10001100100011001000110010011100100111001001010010001111100010001000000010001100100111001000110110000000100010001000000010001000100000001000000010001000100011001000000010001100100011001000110010001100 
3 0 0 2 2 1 2 0  10011101100111001001110010011100100111101001110010001111100011111111111110001100100111001000110110101100100010011001011010001000100111111111101111111110100111001001110010001100100011001001110010001100 
3 0 0 0 2 1 0 0  10001100100011001000110010011100100111001000000010000000100000001000000010001100100111001000110110000000100010001000000010001000100000001000000010001000100111001001110010001100100011001000110010001000 
3 0 0 2 2 1 0 0  10001100100011001000110010011100100111001001010010001111100010001000000010001100100111001000110110000000100010001000000010001000100000001000000010001000100111001001110010011110100011001001110010011100 
3 0 0 0 2 1 0 0  10001000100010001001010010000000100000001000000010000000100000001000000010000000100000001000000010000000100010001000000010000000100000001000000010000000100000001000000010001100100011001000110010001100 
3 0 0 0 2 1 0 0  10001100100011001000110010000000100000001000000010000000100000001000000010000000100000001000000010000000100010001000000010001000100000001000000010001000100000001000000010000000100000001000110010001100 
1 0 0 2 2 1 2 0  11011101100111001001110010011100100111101001111111111111111111111111111110001100100111011111110111111111111111111111111111111111111111111111111111111111111111111111110010001100100011001001110010001100 
3 0 0 0 2 1 0 0  10001000100011001000100010000000100000001000000010000000100000001000000010000000100000001000000010000000100000001000000010000000100000001000000010001000100111001001100010000000100011001000000010001100 
3 0 0 2 2 1 0 0  10001100100011001000110010011100100111001001010010001111100010001000000010001100100111001000110110000000100010001000000010001000100000001000000010001000100111001001110010001100100011001000110010001100 
1 3 2 2 2 1 2 0  11111111111111001111010111111111111111111111111111111111111111111111111111111111111111111111110111111111111111111111111011010101111111111111111111111110100111001001111110011110100011001001110010011100 
1 3 2 2 2 1 2 0  11111111111111001111010111111111111111111111111111111111111111111111111111111111111111111111111111111111111111111111111111111111111111111111111111111111111111111111111111111111111111111111111111111110 
3 0 0 0 2 1 0 0  10001000100011001000110010000000100000001000000010000000100000001000000010001100100111001000110110000000100010001000000010001000100000001000000010001000100011001000000010001100100011001000110010001100 
3 0 0 0 2 1 0 0  10001100100011001000110010000000100000001000000010000000100000001000000010000000100000001000000010000000100010001000000010000000100000001000000010000000100000001000000010000000100000001000000010000000 
3 0 0 2 2 1 0 0  10011100100111001001110010011100100111101001010010001111100010001000000010001100100111001000110110101100100010011001011010001000100110001000000010001000100111001001110010011110100011001001110010001100 
3 0 0 0 2 1 0 0  10001000100011001000110010011100100111001001010010001111100010001000000010001100100111001000110110000000100010001000000010001000100000001000000010001000100011001000000010001100100011001000110010001100 
1 3 2 2 2 1 2 0  11111101111111001111010111111111111111111111111111111111111111111111111111111111111111111111111111111111111111111111111111111111111111111111111111111111111111111111111111111111111111111111111111111110 
3 0 0 2 2 1 0 0  10011101100111001001110010011100100111101001110010001111100011111111111110001100100111001000110110101100100010011001011010001000100100001000000010001000100111001001110010001100100011001000110010001100 
3 0 0 0 2 1 0 0  10001100100011001000110010011100100111001001010010001111100010001000000010001100100111001000110110101100100010011001011010001000100000001000000010001000100011001000000010001100100011001000110010001100 
3 0 0 0 2 1 0 0  10001000100011001000110010000000100000001000000010000000100000001000000010000000100000001000000010000000100010001000000010001000100000001000000010001000100011001000000010001100100011001000110010001100 
3 0 0 0 2 1 0 0  10001000100011001000100010000000100111001001010010001111100010001000000010001100100111001000110110000000100010001000000010001000100000001000000010001000100011001000000010001100100011001000110010001100 
3 0 0 0 2 1 0 0  10001000100011001000110010000000100000001000010010001111100010001000000010001100100111001000110110000000100010001000000010001000100000001000000010001000100011001000000010001100100011001000110010001100 
3 0 0 0 2 1 0 0  10001000100011001000100010000000100000001000000010000000100000001000000010000000100000001000000010000000100010001000000010001000100000001000000010001000100111001001110010001100100011001000110010001100 
3 0 0 0 0 0 0 0  10010000100000001000000010000000100000001000000010000000100000001000000010000000100000001000000010000000100000001000000010000000100000001000000010000000100000001000000010000000100000001000000010011100 
3 0 0 2 2 1 2 0  10011101100111001001110111111100100111101001110010011111111111111111111110001100100111011111110111111111111111111111111011010101111111111111111111111110100111001001111110011110100011001001110010011110 
3 0 0 2 2 1 0 0  10011100100111001001110010011100100111101001110010001111100011111111111110001100100111001000110110101100100010011001011010001000100111111111011111101000100111001001110010001100100011001001110010011100 
3 0 0 0 0 0 0 0  10000000100000001000000010000000100000001000000010000000100000001000000010000000100000001000000010000000100000001000000010000000100000001000000010000000100000001000000010000000100011001001110010011110 
3 0 0 0 2 1 0 0  10001000100010001000000010000000100000001000000010000000100000001000000010000000100000001000000010000000100000001000000010000000100000001000000010000000100000001000000010000000100011001000110010001100 
3 0 0 0 0 0 0 0  10001000100010001000000010000000100000001000000010000000100000001000000010000000100000001000000010000000100000001000000010000000100000001000000010000000100000001000000010000000100000001000000010000000 
3 0 0 0 2 1 0 0  10001100100011001000110010000000100000001000000010000000100000001000000010000000100000001000000010000000100010001000000010000000100000001000000010000000100011001000000010001100100011001000110010001100 
3 0 0 2 2 1 0 0  10011101100111001001110010011100100111101001110010001111100011111111111110001100100111001000110110101100100010011001011010001000100111111111100010011110100111001001111110001100100011001001110010011100 
3 0 0 2 2 1 0 0  10011100100111001001110010011100100111101001110010001111100011111111111110001100100111001000110110000000100010001000000010001000100100001000000010001000100111001001110010001100100011001001110010011100 
1 3 2 2 2 1 2 0  11111111111111001111010110011100100111101001111111111111111111111111111110001100100111011111110111111111111111111111111011010101111111111111111111111110100111001001111110011110100011001001110010011110 
3 0 0 0 2 1 0 0  10001000100010001000000010000000100000001000000010000000100000001000000010000000100000001000000010000000100010001000000010001000100000001000000010001000100011001000000010001100100011001000110010001100 
3 0 0 0 2 1 0 0  10001000100010001000000010000000100000001000000010000000100000001000000010001100100111001000110110000000100010001000000010001000100000001000000010001000100111001000000010001100100011001000110010001100 
3 0 0 0 0 0 0 0  10000000100000001000000010000000100000001000000010000000100000001000000010000000100000001000000010000000100000001000000010000000100000001000000010000000100000001000000010000000100000001001111111111110 
3 0 0 0 2 1 0 0  10001000100011001000100010000000100000001000000010000000100000001000000010000000100000001000000010000000100000001000000010000000100000001000000010001000100111001001100010001100100011001000110010001100 
1 3 2 2 2 1 2 0  11111101111111001111010111111111111111111111111111111111111111111111111111111111111111111111111111111111111111111111111111111111111111111111111111111110100111001001110010001100100011001001110010001100 
3 0 0 0 2 1 0 0  10001000100011001000110010011000100111001000000010001111100010001000000010001100100111001000110110000000100000001000000010001000100000001000000010001000100011001000000010000000100011001000110010001100 
3 0 0 0 2 1 0 0  10001000100011001000100010000000100000001000000010000000100000001000000010001100100111001000110110000000100010001000000010001000100000001000000010001000100011001000110010001100100011001000000010001100 
3 0 0 2 2 1 2 0  10011101100111001111010110011100100111101001111111111111111111111111111110001100100111011111110111111111111111111111111011010101111111111111111111111110100111001001111110011110100011001001110010011110 
3 0 0 0 2 1 0 0  10001000100010001001010010000000100000001000000010000000100000001000000010000000100000001000000010000000100010001000000010001000100000001000000010001000100011001000000010001100100011001000000010001100 
3 0 0 0 2 1 0 0  10000000100000001000000010000000100000001000000010000000100000001000000010001100100111001000110110000000100010001000000010001000100000001000000010001000100111001001110010001100100011001000110010000000 
3 0 0 0 2 1 0 0  10001100100011001000110010000000100000001000000010000000100000001000000010000000100000001000000010000000100010001000000010000000100000001000000010000000100000001000000010000000100000001000110010000000 
3 0 0 0 0 0 0 0  10000000100000001000000010000000100000001000000010000000100000001000000010000000100000001000000010000000100000001000000010000000100000001000000010000000100000001000000010001100100011001001110010011100 
3 0 0 0 2 1 0 0  10001000100010001000000010000000100000001000000010000000100000001000000010000000100111001000110110000000100010001000000010001000100000001000000010001000100011001000000010001100100011001000110010001100 
3 0 0 0 2 1 0 0  10000000100000001000000010000000100000001000000010000000100000001000000010001100100111001000110110000000100000001000000010001000100000001000000010001000100011001000000010000000100011001000110010001100 
3 0 0 0 2 1 0 0  10001000100010001000000010000000100000001000000010001111100010001000000010001100100111001000110110000000100010001000000010001000100000001000000010001000100011001000000010001100100011001000110010001100 
3 0 0 0 2 1 0 0  10001000100011001000110010011000100111001000000010001111100010001000000010001100100111001000110110000000100000001000000010001000100000001000000010001000100011001000000010001100100011001000110010001100 
3 0 0 0 2 1 0 0  10001100100011001000110010011100100000001000000010000000100000001000000010000000100000001000110110000000100010001000000010001000100000001000000010001000100011001000000010001100100011001000110010001100 
3 0 0 0 2 1 0 0  10000000100000001000000010000000100000001000000010000000100000001000000010000000100000001000110110000000100010001000000010001000100000001000000010001000100111001001110010001100100011001000110010001100 
3 0 0 0 2 1 0 0  10001000100011001000110010011000100111001001010010001111100010001000000010001100100111001000110110000000100010001000000010001000100000001000000010001000100011001000000010000000100011001000110010001100 
3 0 0 0 0 0 0 0  10001000100010001000000010000000100000001000000010000000100000001000000010000000100000001000000010000000100000001000000010000000100000001000000010000000100000001000000010000000100000001000000010011100 
3 0 0 0 2 1 0 0  10000000100000001000000010000000100000001000000010001111100010001000000010001100100111001000110110000000100010001000000010001000100000001000000010001000100011001000000010001100100011001000110010011100 
3 0 0 2 2 1 0 0  10011100100111001001110010011100100111101001110010001111100011111111100010001100100111001000110110000000100010001000000010001000100100001000000010001000100111001001110010001100100011001001110010011100 
3 0 0 0 2 1 0 0  10001100100011001000110010000000100000001000010010001111100010001000000010001100100111001000110110000000100010001000000010001000100000001000000010001000100011001000000010001100100011001000110010001100 
1 3 2 2 2 1 2 0  11111101111111001111010111111111111111101001110010011111111111111111111110001100100111011111110111111111111111111111111011010101111111111111111111111110100111001001000010001100100011001000110010001100 
3 0 0 0 2 1 0 0  10001000100011001000100010000000100000001000000010000000100000001000000010001100100111001000110110000000100010001000000010001000100000001000000010001000100111001001110010001100100011001000110010001100 
3 0 0 2 2 1 0 0  10011100100111001001110010011100100111101001110010001111100011111111111110001100100111001000110110101100100010011001000010001000100000001000000010001000100111001001110010001100100011001001110010011100 
3 0 0 0 2 1 0 0  10001000100010001000000010000000100111001000000010001111100010001000000010001100100111001000110110000000100000001000000010001000100000001000000010001000100011001000000010001100100011001001110010011100 
3 0 0 2 2 1 0 0  10011100100111001001110010011100100111101001110010001111100011111111111110001100100111001000110110101100100010011001011010001000100111111000000010001000100111001001110010001100100011001000110010001100 
3 0 0 2 2 1 0 0  10001100100011001000110010011100100111001001000010000000100000001000000010001100100111001000110110000000100010001000000010001000100000001000000010001000100111001001110010001100100011001000110010001100 
3 0 0 0 2 1 0 0  10001000100010001000000010000000100111001000000010001111100010001000000010001100100111001000110110000000100000001000000010001000100000001000000010001000100011001000000010001100100011001000110010000000 
3 0 0 0 2 1 0 0  10001000100010001000000010000000100000001000000010000000100000001000000010000000100000001000000010000000100000001000000010000000100000001000000010000000100011001000000010000000100011001000110010001100 
1 3 2 2 2 1 2 0  11111101100111001001110010011100100111101001110010001111100011111111111110001100100111001000110110101100100010111111111011010101111111111111111111111110100111001001111110011110100011001001110010011110 
3 0 0 0 2 1 0 0  10000000100000001000000010000000100000001000000010000000100000001000000010000000100000001000110110000000100010001000000010001000100000001000000010001000100011001000000010001100100011001000110010001100 
3 0 0 2 2 1 0 0  10011101100111001001110010011100100111101001110010001111100011111111111110001100100111001000110110101100100010011001011010001000100111111111100010011000100111001001110010001100100011001001110010011100 
3 0 0 2 2 1 0 0  10011100100111001001110010011100100111101001110010011100100010001000000010001100100111001000110110000000100010001000000010001000100000001000000010001000100111001001110010001100100011001001110010000000 
3 0 0 2 2 1 2 0  10011101100111001001110010011100100111101001110010001111100011111111111110001100100111001000110110101100100010111111111011010101111111111111111111111110100111001001110010001100100011001001110010001100 
3 0 0 2 2 1 2 0  10011101100111001001110010011100100111101001110010001111100011111111111110001100100111001000110110101111111111111111111011010101111111111111111111111110100111001001111110011110100011001001110010011110 
3 0 0 2 2 1 2 0  10011101100111001001110111111100100111101001110010001111100011111111111110001100100111001000110110101100100010111111111011010101111111111111111111111110100111001001111110011110100011001001110010011110 
1 0 0 2 2 1 2 0  11011101100111001001110010011100100111101001111110001111100011111111111110001100100111001000110110101100100010111111111011010101111111111111111111111110100111001001110010001100100011001001110010011100 
3 0 0 0 2 1 0 0  10001000100010001000000010000000100000001000000010000000100000001000000010000000100000001000000010000000100000001000000010000000100000001000000010001000100011001000000010001100100011001000110010001100 
1 3 0 2 2 1 0 0  11111101111111001111010110011100100111101001110010001111100011111111111110001100100111001000110110101100100010011001011010001000100111111111100010011000100111001001110010001100100011001000110010001100 
3 0 0 2 2 1 0 0  10011100100111001001110010011100100111101001110010001100100000001000000010000000100111001000110110000000100010001000000010001000100000001000000010001000100011001000000010001100100011001000110010001100 
3 0 0 0 2 1 0 0  10001100100011001000110010011100100000001000000010000000100000001000000010000000100000001000110110000000100010001000000010001000100000001000000010001000100011001001110010001100100011001000110010001100 
3 0 0 0 2 1 0 0  10001100100011001000110010000000100000001000000010000000100000001000000010000000100000001000110110000000100010001000000010001000100000001000000010001000100011001000000010001100100011001000110010001100 
3 0 0 0 2 1 0 0  10001000100010001000000010000000100111001000000010001111100010001000000010001100100111001000110110000000100000001000000010001000100000001000000010001000100011001000000010001100100011001000110010001100 
3 0 0 2 2 1 0 0  10011100100111001001110010011100100111101001110010011100100010001000000010001100100111001000110110000000100010001000000010001000100000001000000010011000100111001001110010001100100011001001110010011100 
