2 2 2 2 2 1 2 0  11111111111111111111111111111111111111111111111111111111111111111111111111111111111111111111111111111111111111111111111111111111111111111111111111111111111111111111111111111111111111111111111111111110 
2 0 0 0 0 0 0 0  10010000100000001000000010000000100000001000000010000000100000001000000010000000100000001000000010000000100000001000000010000000100000001000000010000000100000001000000010000000100000001000000010000000 
2 2 2 2 2 1 2 0  11111101111111011111111111111111111111111111111111111111111111111111111111111111111111111111111111111111111111111111111111111111111111111111111111111111111111111111111111111111111111111111111111111110 
2 0 0 0 0 0 0 0  10010000100000001000000010000000100000001000000010000000100000001000000010000000100000001000000010000000100000001000000010000000100000001000000010000000100000001000000010000000100000001000000010011100 
2 2 2 2 2 1 2 0  11111101111111111111111111111111111111111111111111111111111111111111111111111111111111111111111111111111111111111111111111111111111111111111111111111111111111111111111111111111111111111111111111111110 
2 2 2 2 2 1 2 0  11111101111111011111010001110000100011111111111111111111111111111111111111111111111111111111111111111111111111111111111111111111111111101011010101110010111101000111111111111100100101001011110011111100 
2 2 2 2 2 1 2 0  11111101111111111111111111111111111111111111111111111111111111111111111111111111111111111111111111111111111111111111111111111111111111101011010101110010111101000111111111111100100101001001111111111100 
2 2 2 2 2 1 2 0  11111101111111001011010001111111111111111111111111111111111111111111111111111111111111111111111111111111111111111111111111111111111111111111111111111111111111111111111111111111111111111111111111111110 
2 0 0 0 0 0 0 0  10010000100000001000000010000000100000001000000010000000100000001000000010000000100000001000000010000000100000001000000010000000100000001000000010000000100000001000000010000000100000001000000010011110 
2 0 0 2 0 1 0 0  10010000100100001001000010000000100000001000000010010000100000001000000010000000100000001000000010010000100000001000000010000000100000001000000010000000100000001000000010000000100101001001000010010000 
2 2 2 2 2 1 2 0  11111101111111001011010001111111111111111111111111111111111111111111111111111111111111111111111111111111111111111111111111111111111111101011010101110010111111000101000011111100100101001001110010011100 
2 2 2 2 2 1 2 0  11010101111101001001010111111111111111111111111111111111111111111111111111111111111111111111111111111111111111111111111111111111111111111111111111111111111111111111111111111100100101001001111110011100 
2 0 0 0 0 0 0 0  10000000100000001000000010000000100000001000000010000000100000001000000010000000100000001000000010000000100000001000000010000000100000001000000010000000100000001000000010000000100000001001000010010000 
2 2 2 2 2 1 2 0  11111111111111111111111111111111111111111111111111111111111111111111111111111111111111111111111111111111111111111111111111111111111111111111111111111100111111000101000011111100100101001001010010011100 
2 0 0 0 0 0 0 0  10000000100000001000000010000000100000001000000010000000100000001000000010000000100000001000000010000000100000001000000010000000100000001000000010000000100000001000000010000000100000001000000010000000 
2 0 0 2 0 1 0 0  10010100100101001001000010000000100000001000000010010000100000001000000010000000100000001000000010010000100000001000000010000000100000001000000010000000100000001000000010000000100100001001000010010000 
2 0 0 2 0 1 0 0  10010100100101001001000010000000100000001000000010010000100000001000000010000000100000001000000010010000100000001000000010000000100000001000000010000000100000001000000010011100100100001001000010010000 
2 0 0 2 0 0 0 0  10010000100100001001000010000000100000001000000010000000100000001000000010000000100000001000000010000000100000001000000010000000100000001000000010000000100000001000000010000000100000001000000010000000 
2 0 0 0 0 0 0 0  10000000100000001000000010000000100000001000000010000000100000001000000010000000100000001000000010000000100000001000000010000000100000001000000010000000100000001000000010000000100100001001000010010000 
2 2 2 2 2 1 2 0  11110101111101001011010111111111111111111111111111111111111111111111111111111111111111111111111111111111111111111111111111111111111111101011010101110010111101000111111011111100100101001001010010011100 
2 0 0 2 0 1 0 0  10010000100100001001000010000000100000001001110010010000100000001111000010010000100111001000000010000000100000001000000010000000100000001000000010000000100000001000000010000000100000001001000010010000 
2 0 0 2 0 1 0 0  10010000100101001001000010000000100000001001110010010000100100001111000010010000100111111001110010010000100000001000000010000000100000001000000010000000100000001001000011111100100101001001000010011100 
2 0 0 2 0 1 0 0  10010000100101001001000010000000100000001000000010010000100000001000000010000000100000001000000010010000100000001000000010000000100000001000000010000000100000001000000010011100100100001001000010010000 
2 0 0 2 0 1 0 0  10000000100000001000000010000000100000001000000010010000100000001000000010000000100000001000000010010000100000001000000010000000100000001000000010000000100000001000000010000000100101001001011110011100 
2 0 0 2 0 1 0 0  10000000100000001000000010000000100000001000000010010000100000001000000010000000100000001000000010010000100000001000000010000000100000001000000010000000100000001000000010000000100100001001000010011100 
2 2 0 2 0 1 0 0  11010101110101001001010001110100111100001001110010010000100100001111000010010000100111111001110010010000100000001111000011111100111111111011010010011100111100000101000011111100100101001001110010011100 
2 0 0 0 0 0 0 0  10000000100000001000000010000000100000001000000010000000100000001000000010000000100000001000000010000000100000001000000010000000100000001000000010000000100000001000000010000000100100001001000010011100 
2 2 2 2 2 1 2 0  11111101111111011111111111111111111111111111111111111111111111111111111111111111111111111111111111111111111111111111111111111111111111101011010101110010111111111111111111111100100101001001110010011100 
2 0 0 2 0 1 0 0  10010000100101001001000010000000100000001001110010010000100100001111000010010000100111111001000010010000100000001000000010000000100000001000000010000000100000001000000010000000100101001001110010011100 
2 0 0 2 0 1 0 0  10000000100000001000000010010100111100001001110010010000100000001000000010000000100000001000000010010000100000001000000010000000100000001000000010000000100000001000000010000000100101001001000010010000 
2 0 0 2 0 1 0 0  10010000100101001001000010000000100000001001110010010000100100001111000010010000100111111001000010010000100000001000000010000000100000001000000010000000100000001000000010000000100101001001000010010000 
2 0 0 2 0 1 0 0  10000000100000001000000010000000100000001001110010010000100000001000000010000000100000001000000010010000100000001000000010000000100000001000000010000000100000001000000010000000100101001001000010010000 
2 0 0 2 0 1 0 0  10010100100101001001010010010100111100001001110010010000100000001001000010010000100111111001110010010000100000001000000010000000100000001000000010000000100000001000000010011100100101001001010010011100 
2 2 0 2 0 1 0 0  10010100100101001001010010010100111100001001110010010000100100001111000010010000100111111001000010010000100000001000000010000000100000001000000010011100111111000101000011110000100101001001000010010000 
2 0 0 2 0 1 0 0  10010100100100001001000010000000100000001000000010010000100000001000000010000000100000001000000010010000100000001000000010000000100000001000000010011100100000001000000010000000100101001001110010011100 
2 2 0 2 0 1 0 0  11010101110101001001010001110100100011001001110010010000100100001001000010010000100111111001110010010000100000001111000011110000111111111011010010011100111111000101000011111100100101001001010010011100 
2 0 0 2 0 1 0 0  10010100100100001001000010000000100000001000000010010000100000001000000010000000100000001000000010010000100000001000000010000000100000001000000010000000100000001000000010000000100101001001000010010000 
2 0 0 2 0 1 0 0  10010100100100001001000010000000100000001001110010010000100000001111000010010000100111111000000010010000100000001000000010000000100000001000000010000000100000001000000010000000100000001001110010011100 
2 0 0 2 0 1 0 0  10010100100101001001010010010100111100001001110010010000100000001001000010010000100000001000000010010000100000001000000010000000100000001000000010000000100000001000000010011100100101001001000010010000 
2 2 2 2 2 1 2 0  11111101111111011111111111111111111111111111111111111111111111111111111111111111111111111111111111111111111111111111110011111100111111111011010011111100111111000101000011111100100101001001110010011100 
2 2 2 2 2 1 2 0  11110101111101001011010111111111111111111111111111111111111111111111111111111111111111111111111111111111111111111111110011111100111111111011010011111100111111000101000011111100100101001001110010011100 
2 0 0 2 0 1 0 0  10010100100101001001010010010100111100001000000010010000100000001000000010000000100000001000000010010000100000001000000010000000100000001000000010000000100000001000000010011100100101001001000010010000 
2 0 0 2 0 1 0 0  10010100100100001001000010000000100000001001110010010000100000001111000010010000100111111000000010010000100000001000000010000000100000001000000010000000100000001000000010000000100000001001110010010000 
2 2 2 2 2 1 2 0  11010101110101001011010001111111111111111111111111111111111111111111111111111111111111111111111111111111111111111111111111111111111111101011010101111111111111111111111011111100100101001001010010011100 
2 0 0 2 0 1 0 0  10010100100101001001010010010100111100001001110010010000100000001000000010000000100000001000000010010000100000001000000010000000100000001000000010000000100000001000000010011100100100001001000010010000 
2 0 0 2 0 0 0 0  10010000100100001001000010000000101100001001110010010000100100001111000010010000100111111001000010010000100000001000000010000000100000001000000010000000100000001000000010000000100000001000000010000000 
2 0 0 2 0 1 0 0  10010000100100001001000010000000101100001001110010010000100100001111000010010000100111111001000010010000100000001000000010000000100000001000000010011100111111001000000010011100100100001001000010011100 
2 0 0 2 0 1 0 0  10010100100101001001000010000000100000001001110010010000100100001111000010000000100000001000000010000000100000001000000010000000100000001000000010000000100000001000000010000000100101001001000010010000 
2 0 0 2 0 1 0 0  10010000100100001001000010000000101100001001110010010000100100001111000010010000100111111001000010010000100000001000000010000000100000001000000010000000100000001000000010000000100000001001000010010000 
2 2 0 2 0 1 0 0  10010100100101001001010010010100100011111111110010010111111111101111000010010000100111111001110010010000100111111111110011111100111111111011010011111100111111000101000011111100100101001001000010011100 
2 2 0 2 0 1 0 0  10010100100101001001010010010100111100001001110010010000100100001111000010010000100111111001000010010000100000001001110011111100111111111011010011011100111111000101000011111100100101001001000010010000 
2 2 0 2 0 1 0 0  11010101110101001001010001110100100011001001110010010000100100001111000010010000100111111001110010010000100111111111110011111100111111111011010011011100111111000101000011111100100100001001000010010000 
2 2 0 2 0 1 0 0  10010100100101001001010010010100111100001001110010010000100100001111000010010000100111111001000010010000100111111111110011111100111111111011010011111100111111000101000011111100100101001001000010011100 
2 0 0 2 0 1 0 0  10010000100100001001010010010100111100001001110010010000100100001111000010010000100111111001000010010000100000001000000010000000100000001000000010000000100000001000000010011100100100001001000010010000 
2 0 0 2 0 1 0 0  10010000100101001001000010000000100000001001110010010000100000001111000010010000100111111000000010010000100000001000000010000000100000001000000010000000100000001001000011111100100101001001000010011100 
2 0 0 0 0 1 0 0  10000000100000001000000010000000100000001000000010000000100000001000000010000000100000001000000010000000100000001000000010000000100000001000000010000000100000001000000010000100100101001001000010010100 
2 0 0 0 0 0 0 0  10000000100000001000000010000000100000001000000010000000100000001000000010000000100000001000000010000000100000001000000010000000100000001000000010000000100000001000000010000000100101001001110010011100 
2 0 0 2 0 1 0 0  10010100100101001001000010000000100000001000000010010000100000001000000010000000100000001000000010010000100000001000000010000000100000001000000010000000100000001000000010011100100101001001000010011100 
2 0 0 2 0 0 0 0  10010000100100001000000010000000100000001000000010000000100000001000000010000000100000001000000010000000100000001000000010000000100000001000000010000000100000001000000010000000100000001000000010000000 
2 0 0 2 0 1 0 0  10010000100100001001000010000000101100001001110010010000100100001111000010010000100111111001000010010000100000001000000010000000100000001000000010000000100000001000000010000000100101001001010010010000 
2 0 0 2 0 1 0 0  10000000100000001000000010000000100000001001110010010000100100001111000010010000100111111001000010010000100000001000000010000000100000001000000010011100111111001000000010000000100101001001000010010000 
2 2 0 2 0 1 0 0  11010101110101001001010001110100100011111111110010010111111111101111000010010000100111111001110010010000100111111111110011111100111111111011010011111100111111000101000011111100100101001001000010011100 
2 0 0 2 0 1 0 0  10010000100100001001010010010100111100001001110010010000100100001111000010010000100111111001000010010000100000001000000010000000100000001000000010000000100000001000000010000000100000001000000010000000 
2 2 0 2 0 1 0 0  10010100100101001001010010010100111100001001110010010000100100001111000010010000100111111001000010010000100000001000000010000000100000001000000010011100111111000101000011111100100101001001000010011100 
2 2 0 2 0 1 0 0  11010101110101001001010001110100100011111111110010010000100100001111000010010000100111111001110010010000100111111111110011111100111111111011010011111100111111000101000011111100100101001001110010011100 
2 2 0 2 0 1 0 0  10010100100101001001010010010100111100001001110010010000100000001001000010010000100111111001110010010000100000001111000011110000100000001000010010011100111100000101000011111100100101001001110010011100 
2 0 0 2 0 0 0 0  10010000100100001001000010000000100000001000000010000000100000001000000010000000100000001000000010000000100000001000000010000000100000001000000010000000100000001000000010000000100000001001000010010000 
2 0 0 2 0 1 0 0  10010100100101001001000010000000100000001000000010000000100000001000000010000000100000001000000010000000100000001000000010000000100000001000000010000000100000001000000010000000100100001001000010010000 
2 2 0 2 2 1 2 0  11010101110101001001010001110100100011001001111111111111111111111111111111111111111111111001110010010000100111111111110011111100111111111011010011111100111111000101000011111100100101001001111111111110 
2 2 0 2 0 1 0 0  10010100100101001001010010010100111100001001110010010000100000001001000010010000100111111001110010010000100000001111000011110000100000001000010010011100111100000101000011111100100100001001000010010000 
2 0 0 2 0 1 0 0  10010100100101001001010010010100100000001000000010010000100000001000000010000000100000001000000010010000100000001000000010000000100000001000000010000000100000001000000010011100100101001001000010010000 
2 0 0 2 0 1 0 0  10010100100101001001010010000000100000001000000010010000100000001000000010000000100000001000000010010000100000001000000010000000100000001000000010000000100000001000000010000000100100001001000010010000 
2 2 0 2 0 1 0 0  10010100100101001001010010010100111100001001110010010000100100001111000010010000100111111001000010010000100000001001110011111100111111111011010011011100111111000101000011111100100101001001110010011100 
2 0 0 2 0 1 0 0  10010000100100001001000010000000100000001000000010000000100000001000000010000000100000001000000010000000100000001000000010000000100000001000000010000000100000001000000010000000100100001001000010010000 
2 0 0 2 0 1 0 0  10010100100100001001000010000000100000001000000010010000100000001000000010000000100000001000000010010000100000001000000010000000100000001000000010000000100000001000000010000000100100001001000010010000 
2 2 0 2 0 1 0 0  11010101110101001001010001110100100011001001110010010000100100001111000010010000100111111001110010010000100111111111110011111100111111111011010011111100111111000101000011111100100101001001010010011100 
2 0 0 2 0 1 0 0  10000000100000001000000010000000100000001001110010010000100100001111000010010000100111111001000010010000100000001000000010000000100000001000000010011100111111001000000010011100100100001001000010011100 
2 0 0 2 0 1 0 0  10010000100100001001000010000000101100001001110010010000100100001111000010010000100111111001000010010000100000001000000010000000100000001000000010011100111111001000000010000000100101001001010010010000 
2 2 2 2 2 1 2 0  11111101111111001001010001110100100011111111110010010111111111111111111111111111111111111111111111111111111111111111111111111111111111101011010101110010111101000111111111111100100101001001010010011100 
2 0 0 2 0 1 0 0  10010000100100001001000010000000100000001000000010010000100000001000000010000000100000001000000010010000100000001000000010000000100000001000000010000000100000001000000010000000100101001001010010011100 
2 2 0 2 0 1 0 0  10010100100101001001010001110100100011001001110010010000100100001111000010010000100111111001110010010000100111111111110011111100111111111011010011111100111111000101000011111100100101001001010010011100 
2 2 0 2 2 1 0 0  11010101110101001001010001110100100011111111110010010111111111101111000010010000100111111001110010010000100111111111110011111100111111111011011111111100111111000101000011111100100101001001110010011100 
2 0 0 2 0 1 0 0  10010100100100001001000010000000100000001001110010010000100000001111000010010000100111111000000010010000100000001000000010000000100000001000000010000000100000001000000010011100100101001001110010011100 
2 0 0 2 0 1 0 0  10010000100100001001000010000000101100001001110010010000100100001111000010010000100111111001000010010000100000001000000010000000100000001000000010000000100000001000000010001100100101001001000010010000 
2 2 0 2 0 1 2 0  11010101110101001001010001110100100011111111110010010111111111111111111111111111111111111111111111111111111111111111111111111111111111111011010011111100111111000101000011111100100101001001111111111110 
2 0 0 2 0 1 0 0  10010100100100001001000010000000100000001000000010010000100000001000000010000000100000001000000010010000100000001000000010000000100000001000000010011100100000001000000010000000100101001001000010011100 
2 0 0 2 0 1 0 0  10010100100101001001010010010100100011001001110010010111111100001101000010010000100111111001110010010000100111111111110011111100111111111011010011111100111111000101000011111100100101001001000010011100 
2 0 0 2 0 1 0 0  10010100100101001001010010010100111100001001110010010000100100001111000010010000100111111001000010010000100000001000000010000000100000001000000010011100111111001000000010011100100101001001000010010000 
2 0 0 2 0 1 0 0  10010100100101001001010010010100111100001001110010010000100100001111000010010000100111111001000010010000100000001000000010000000100000001000000010000000100000001000000010011100100100001001000010010000 
2 0 0 2 0 1 0 0  10000000100000001000000010000000100000001000000010010000100100001111000010010000100111111001000010010000100000001000000010000000100000001000000010011100111111001000000010011100100101001001000010010000 
2 0 0 2 0 1 0 0  10010100100101001001010010010100100000001000000010010000100000001000000010000000100000001000000010010000100000001000000010000000100000001000000010000000100000001000000010000000100100001001000010010000 
2 0 0 2 0 1 0 0  10000000100000001000000010000000100000001000000010010000100100001111000010010000100111111001000010010000100000001000000010000000100000001000000010000000100000001000000010000000100101001001000010010000 
2 2 0 2 2 1 2 0  11010101110101001001010001110100100011111111110010010111111111111111111111111111111111111111111111111111111111111111111111111111111111101011010101110010111101000111111111111100100101001001111111111100 
2 2 0 2 0 1 0 0  10010100100101001001010010010100111100001001110010010000100100001111000010010000100111111001000010010000100000001000000011111100111111111011010010011100111100000101000011111100100101001001010010010000 
2 2 0 2 0 1 2 0  11010101110101001001010001110100100011111111110010010111111111111111111111111111111111111111110010010000100111111111110011111100111111111011010011111100111111000101000011111100100101001001010010011100 
2 0 0 2 0 1 0 0  10000000100000001000000010000000100000001000000010010000100100001111000010010000100111111001000010010000100000001000000010000000100000001000000010000000100000001000000010011100100100001001000010011100 
2 0 0 2 0 1 0 0  10010100100101001001010010010100111100001001110010010000100100001111000010010000100111111001000010010000100000001000000010000000100000001000000010011100111111001000000010000000100101001001000010010000 
2 2 0 2 0 1 0 0  10010100100101001001010010010100111100001001110010010000100100001111000010010000100111111011110010010000100111111111110011111100111111111011010011111100111111000101000011111100100101001001010010011100 
2 2 0 2 0 1 0 0  11010100100101001001010010010100111100001001110010010000100100001111000010010000100111111001110010010000100111111111110011111100111111111111111111111100111111000101000011111100100101001001010010011100 
2 2 0 2 0 1 0 0  11010100100101001001010010010100111100001001110010010000100100001111000010010000100111111001000010010000100111111111110011111100111111111011010011111100111111000101000011111100100101001001110010011100 
