2 0 0 0 0 0 0 0  10000000100000001000000010000000100000001000000010000000100000001000000010000000100000001000000010000000100000001000000010000000100000001000000010000000100000001000000010000000100000001000000010000000 
2 0 0 0 0 0 0 0  10010000100000001000000010000000100000001000000010000000100000001000000010000000100000001000000010000000100000001000000010000000100000001000000010000000100000001000000010000000100000001000000010000000 
2 0 0 0 0 0 0 0  10001000100000001000100010000000100000001000000010000000100000001000000010000000100000001000000010000000100000001000000010000000100000001000000010000000100000001000000010000000100000001000000010000000 
2 2 2 2 2 2 2 0  11111111111111111111111111111111111111111111111111111111111111111111111111111111111111111111111111111111111111111111111111111111111111111111111111111111111111111111111111111111111111111111111111111110 
2 0 0 0 0 0 0 0  10001000100000001000100010000000100000001000000010000000100000001000000010000000100000001000000010000000100000001000000010000000100000001000000010000000100000001000000010000000100000001000000010010000 
2 0 0 0 0 0 0 0  10000000100000001000000010000000100000001000000010000000100000001000000010000000100000001000000010000000100000001001000010000000100111001001000010000000100000001000100010000000100000001001000010010000 
2 0 0 0 0 0 0 0  10000000100000001000000010000000100000001000000010000000100000001000000010000000100000001000000010000000100000001001000010000000100111001001000010010000010100001001110010000000100000001001000010010000 
2 0 0 0 0 0 0 0  10000000100000001000000010000000100000001000000010000000100000001000000010000000100000001000000010000000100000001000000010000000100000001000000010000000100000001000000010000000100000001001000010010000 
2 2 2 2 2 2 2 0  11011101111111111111111111111111111111111111111111111111111111111111111111111111111111111111111111111111111111111111111111111111111111111111111111111111111111111111111111111111111111111111111111111110 
2 0 0 2 2 2 0 0  10010100100111001001000010000000100000001000000010000000100000001000000010000000100000001000000010000000100000001000000010000000100000001000000010000000100000001000000010000000100011001001000010010000 
2 0 0 0 0 0 0 0  10000000100000001000000010000000100000001000000010000000100000001000000010000000100000001000000010000000100000001000000010000000100000001000000010000000100000001000000010000000100000001001100010011110 
2 0 0 0 0 0 0 0  10010000100000001000000010000000100000001000000010000000100000001000000010000000100000001000000010000000100000001000000010000000100000001000000010000000100000001000000010000000100000001001000010010110 
2 0 0 2 2 2 0 0  10010100100111001001100010000000100111001001000010000000100000001000000010010000100111101000000010000000100000001000000010000000100000001000000010000000100000001000000010000000100001001001000010010000 
2 2 1 2 2 2 2 0  10011100100111001001110111111111111111001001111110011111111111111111111111111111111111001101010111111111110111001001011111111111111111111111111111011110011111111111111111111111111111111111111111111110 
2 2 2 2 2 2 2 0  11111111111111111111111111111111111111111111111111111111111111111111111111111111111111001101010111111100100111001001011111111111111111111111111111111111111111111111110011001101110011111101111111111110 
2 0 0 2 2 0 0 0  10010000100110001000100010000000100000001000000010000000100000001000000010000000100000001000000010000000101010001001000010000000100110001000000010000000100000001000000010000000100000001001000010010000 
2 0 0 0 0 0 0 0  10010000100000001000000010000000100000001000000010000000100000001000000010000000100000001000000010000000100000001000000010000000100000001000000010000000100000001000000010000000100000001001000010010000 
2 2 1 2 2 2 2 0  10011100100111001001110010011111111111001001111110011111111111111111111111111111111111001101010111111111110111001001011111111111100111001001011101010000011111111101110011001101110011001001000010011110 
2 1 0 2 2 0 0 0  10010000100110001000000010000000100000001000000010000000100000001000000010000000100000001000000010000000100000001000000010000000100000001000000010000000100000001000000010000000100011001001000010010000 
2 2 1 2 2 2 2 0  10011100100111001001110010011111111111001001111110011111111111111111111111111111111111001101010111111100100111001001011111111111111111111111111111111111111111111111111111111111111111111111111111111110 
2 1 0 2 2 0 0 0  10010000100110001001100010000000100000001000000010000000100000001000000010000000100000001000000010000000100000001000000010000000100000001000000010000000100000001000000010000000100000001000000010000000 
2 0 0 0 0 0 0 0  10000000100000001000000010000000100000001000000010000000100000001000000010000000100000001000000010000000100000001000000010000000100000001000000010000000100000001000000010000000100000001000000010010000 
2 2 2 2 2 2 2 0  11111111111111111111111111111111111111111111111111111111111111111111111111111111111111111111110111111111110111001001011111110000100111001001011101010000011111111101110011111111111111111111111111111110 
2 0 0 2 2 2 0 0  10010100100110001001110010000000100111001001000010000000100000001001100010010000100000001000000010000000100000001000000010000000100000001000000010000000100000001000000010000000100011001001000010010000 
2 0 0 2 2 2 0 0  10010100100110001001110010000000100111001001000010000000100000001001100010010000100000001000000010000000100000001000000010000000100000001000000010000000100100001001110010000000100011001001000010010000 
2 0 0 0 2 0 0 0  10001000100000001000100010000000100000001000000010000000100000001000000010000000100000001000000010000000100000001000000010000000100000001000000010000000100000001000000010000000100000001001000010011110 
2 2 1 2 2 2 2 0  10011100100111001001110010011111111111001001111110011111111111111111111111111111111111001101010111111100100111001001011111111100100111001001010010010000010100001001110011001101110011111111111111111110 
2 0 0 2 2 0 0 0  10010000100110001001100010000000100111001001000010000000100000001001100010010000100000001000000010000000100000001000000010000000100000001000000010000000100000001000000010000000100000001000000010000000 
2 0 0 0 0 0 0 0  10000000100000001000000010000000100000001000000010000000100000001000000010000000100000001000000010000000100000001001000010000000100110001000000010000000100000001000000010000000100000001001000010010000 
2 0 0 2 2 2 0 0  10010100100111001001110010000000100111001001000010000000100000001001100010000000100000001000000010000000100000001000000010000000100000001000000010000000100000001000000010000000100000001001000010010000 
2 0 0 2 2 0 0 0  10010000100110001001100010000000100111001001000010000000100000001001100010010000100010001000000010000000100000001001000010000000100111001001000010010000010100001001110010000000100011001001000010010000 
2 0 0 2 2 0 0 0  10010000100110001001100010000000100111001001000010000000100000001001100010010000100010001000000010000000100000001001000010000000100111001000000010000000100000001000000010000000100000001000000010000000 
2 0 0 0 0 0 0 0  10000000100000001000000010000000100000001000000010000000100000001000000010000000100000001000000010000000100000001001000010000000100111001001000010000000100000001000000010000000100000001001000010010000 
2 0 0 2 2 2 0 0  10010000100111001001110010000000100111001001000010000000100000001001100010010000100111001101010111111100100111001001011010000000100111001001010010010000010100001001110010001100100011001001000010010000 
2 0 0 2 2 2 0 0  10010000100110001001110010000000100111001001000010000000100000001001100010010000100111101001000010000000100111001001000010000000100110001000000010010000010100001001110010000000100011001001000010010000 
2 0 0 2 2 2 0 0  10010000100111001001110010000000100111001001000010000000100000001001100010010000100000001000000010000000100000001001000010000000100111001001000010000000100000001000000010000000100000001001000010010000 
2 2 2 2 2 2 2 0  11111111111111111111111111111111111111111111111110011111111111111111111111111111111111001101010111111111110111001001011111110000100111001001011101010000011111111101110011001101110011001001000010011100 
2 0 0 2 2 2 0 0  10010100100111001001110010011100100111001001111110011111111111001001100010010000100111001101010111111100100111001001011111111100100111001001010010010000010100001001110011001101110011001001000010011110 
2 0 0 0 2 0 0 0  10001000100000001000100010000000100000001000000010000000100000001000000010000000100000001000000010000000100000001001000010000000100111001000000010000000100000001000000010000000100011001001000010010000 
2 0 0 0 0 0 0 0  10000000100000001000000010000000100000001000000010000000100000001000000010000000100000001000000010000000100000001001000010000000100111001001000010000000100000001001110010001100100011001001000010010000 
2 0 0 2 2 0 0 0  10010000100110001001100010000000100111001001000010000000100000001001100010010000100010001000000010000000100000001001000010000000100111001001000010000000100000001000000010000000100000001000000010000000 
2 0 0 2 2 2 0 0  10010000100111001001110010000000100111001001000010000000100000001001100010010000100000001000000010000000100000001001000010000000100111001001010010010000010100001001110010001100100011001001000010010000 
2 0 0 2 2 2 0 0  10010100100111001001110010011100100111001001000010000000100000001001100010010000100111101001000010000000100111001001000010000000100110001000000010000000100000001000000010000000100000001001000010010000 
2 0 0 2 2 2 0 0  10010100100110001001110010000000100111001001000010000000100000001001100010010000100000001000000010000000100000001000000010000000100000001000000010000000100100001001110010001100100011001001000010010000 
2 0 0 0 2 0 0 0  10001000100000001000100010000000100000001000000010000000100000001000000010000000100000001000000010000000100000001000000010000000100000001000000010000000100000001000000010001100100000001001000010010000 
2 2 0 2 2 2 0 0  11011100111111001001110010011111111111001001111110011111111111111101100010010000100111001101010111111100100111001001011111111100100111001001010010010000010100001001110011001101110011001001000010011110 
2 0 0 2 2 2 0 0  10010100100111001001110010011100100111001001000010000000100000001001100010010000100000001000000010000000100000001001000010000000100110001000000010000000100000001000000010000000100011001001000010010000 
2 0 0 0 0 0 0 0  10000000100000001000000010000000100000001001000010000000100000001001100010010000100111101001000010000000100111001001000010000000100000001000000010000000100000001000000010000000100000001000000010000000 
2 0 0 2 2 2 0 0  10010100100111001001110010011100100111001001000010000000100000001001100010010000100111001101010111111100100111001001011010000000100111001001010010010000010100001001110010001100100011001001000010011000 
2 0 0 2 2 2 0 0  10010100100111001001110010011100100111001001000010000000100000001001100010010000100111001101010110000000100000001001000010000000100111001001010010010000010100001001110010000000100011001001000010010000 
2 2 1 2 2 2 2 0  11011101111111001001110010011111111111001001111110011111111111111111111111111111111111001101010111111100100111001001011111111100100111001001010010010000010111111111111111111111111111111111111111111110 
2 0 0 2 2 2 0 0  10010000100110001001100010000000100111001001000010000000100000001001100010010000100010001000000010000000100000001001000010000000100111001001000010000000100000001000000010000000100000001001000010010000 
2 2 0 2 2 2 0 0  10011100100111001001110010011111111111001001111110011111111111111101100010010000100111001101010111111100100111001001011111111100100111001001010010010000010100001001110011001101110011001001000010011110 
2 0 0 2 0 0 0 0  10010000100110001001100010000000100000001000000010000000100000001000000010000000100000001000000010000000100000001000000010000000100000001000000010000000100000001000000010000000100000001001100010011110 
2 0 0 2 0 0 0 0  10010000100110001000000010000000100000001000000010000000100000001000000010000000100000001000000010000000100000001000000010000000100000001000000010000000100000001000000010000000100000001001000010010110 
2 0 0 2 2 2 0 0  10010000100111001001110010000000100111001001000010000000100000001001100010010000100111101000000010000000100000001001000010000000100111001000000010000000100000001001110010001101110011001001000010010000 
2 0 0 2 2 2 0 0  10010100100111001001110010011100100111001001111110011111111111001001100010010000100111001101010111111100100111001001011111111100100111001001010010010000010100001001110011001101110011001001000010010000 
2 0 0 2 2 2 0 0  10010100100111001001110010011100100111001001000010000000100000001000000010000000100000001000000010000000100000001001000010000000100111001001000010000000100000001000000010000000100000001001000010010000 
2 0 0 0 0 0 0 0  10000000100000001000000010000000100000001000000010000000100000001001100010010000100000001000000010000000100000001001000010000000100110001000000010000000100000001000000010000000100000001001000010010000 
2 0 0 2 2 0 0 0  10010000100110001001100010000000100111001001000010000000100000001001100010010000100010001000000010000000100000001001000010000000100111001001000010010000010100001001110010000000100000001000000010000000 
2 2 1 2 2 2 2 0  10010100100111001001110010011111111111001001111110011111111111111111111111111111111111001101010111111111110111001001011111111100100111001001010010010000011111111001110011001101110011001001000010011110 
2 0 0 2 2 2 0 0  10010100100111001001110010011100100111001001000010000000100000001001100010010000100000001000000010000000100000001000000010000000100000001000000010000000100000001000000010000000100000001000000010010000 
2 0 0 2 2 2 0 0  10010100100111001001110010011100100111001001000010000000100000001001100010010000100000001000000010000000100000001001000010000000100111001001000010000000100000001001110010001100100011001001000010010000 
2 0 0 2 2 2 0 0  10010100100111001001110010011100100111001001000010000000100000001001100010010000100111001101010111111100100111001001000010000000100111001001000010010000010100001001110010000000100011001001000010000000 
2 2 1 2 2 2 2 0  10011100100111001001110010011111111111001001111111011111111111111111111111111111111111001101010111111100100111011111011111111100100111001001011111111111111111111111111111111111110011001001000010011110 
2 2 2 2 2 2 2 0  11111101111111001001110010011111111111001001111111111111111111111111111111111111111111111111111111111111111111111111111111111111111111111111111111111111111111111111111111111111111111111111111111111110 
2 0 0 2 2 2 0 0  10010100100111001001110010011100100111001001111110011111111111001001100010010000100111001101010111101000100111001001000010000000100111001001010010010000010100001001000010001100100011001001000010010000 
2 0 0 2 2 2 0 0  10010000100110001001110010000000100111001001000010000000100000001001100010010000100111101001000010000000100111001001000010000000100000001000010010010000010100001001110010001100100011001001000010010000 
2 0 0 2 2 2 0 0  10010100100111001001000010000000100000001000000010000000100000001000000010000000100000001000000010000000100111001001000010000000100111001001010010010000010100001001000010001100100011001001000010010000 
2 0 0 2 2 2 0 0  10010000100111001001110010000000100111001001000010000000100000001001100010010000100111101000000010000000100000001000000010000000100000001000000010000000100000001000000010000000100000001001000010010000 
2 2 2 2 2 2 2 0  11111101111111111001110010011111111111001111111111111111111111111111111111111111111111001101010111111100100111011111111111111111111111001001011101011111111111111111111111111111111111111111111111111110 
2 2 2 2 2 2 2 0  11111101111111001001110010011111111111001001111111011111111111111111111111111111111111001101010111111100100111011111011111111100100111001001011111111111111111111111111111111111110011001001000010011110 
2 2 2 2 2 2 2 0  11011101111111001001110010011111111111001001111111011111111111111111111111111111111111001101010111111100100111001001011111111100100111001001010010010000010100001001110011001101110011001001000010011110 
2 0 0 2 2 2 0 0  10010100100111001001110010011100100111001001000010000000100000001001100010010000100111101001000010000000100111001001000010000000100110001000000010000000100000001001110010001100100011001001000010010000 
2 2 2 2 2 2 2 0  11111101111111111001110010011111111111001111111111111111111111111111111111111111111111001101010111111100100111011111111111111111111111001001011101011111111111111101110011001101110011001001000010011100 
2 2 2 2 2 2 2 0  11111101111111001001110010011111111111001001111111111111111111111111111111111111111111001101010111111111110111001001011111111100100111001001010010010000011111111001110011001101110011001001000010011110 
2 0 0 2 0 0 0 0  10000000100000001000000010000000100000001001000010000000100000001001100010010000100111101001000010000000100111001001000010000000100000001000000010000000100100001001110010000000100011001001000010010000 
2 0 0 2 2 2 0 0  10010100100111001001110010011100100111001001111110011111111111001001100010010000100111001101010111111100100111001001011111111100100111001001000010000000100000001001110010001100100011001001000010010000 
2 0 0 0 2 0 0 0  10001000100000001000100010000000100000001000000010000000100000001000000010000000100000001000000010000000100000001000000010000000100000001000000010000000100000001000000010001100100011001001000010011000 
2 0 0 2 2 2 0 0  10010100100111001001110010011100100111001001111110011111111111001001100010010000100111001101010111111100100111001001011111111100100111001001010010010000010100001001110011001000100000001001000010010000 
2 0 0 2 2 2 0 0  10010000100110001001110010000000100111001001000010000000100000001001100010010000100111101001000010000000100111001001000010000000100110001000000010000000100000001001110010001100100011001000000010010000 
2 0 0 2 2 2 0 0  10010000100110001001110010000000100111001001000010000000100000001001100010010000100111101001000010000000100111001001000010000000100000001000000010000000100000001000000010001100100000001001000010010000 
2 0 0 0 0 0 0 0  10010000100110001000000010000000100000001000000010000000100000001000000010000000100000001000000010000000100000001000000010000000100000001000000010000000100000001000000010000000100000001001000010010000 
2 2 1 2 2 2 2 0  11011100111111001001110010011111111111001001111110011111111111111111111111111111111111001101010111111111110111001001011111110000100111001001011101010000011111111101110011011111111111111111111111111110 
2 0 0 2 2 2 0 0  10010000100111001001110010000000100111001001000010000000100000001000000010000000100000001000000010000000100000001000000010000000100000001000000010000000100000001000000010000000100000001001000010010000 
2 0 0 2 2 2 0 0  10010000100110001001100010000000100011001001000010000000100000001001100010010000100111101001000010000000100111001001000010000000100110001000000010010000010100001001110010000000100011001001000010010000 
2 0 0 2 2 2 0 0  10010000100111001001110010011100100111001001000010000000100000001001100010010000100000001000000010000000100000001000000010000000100000001000000010000000100100001001110010000000100011001001000010010000 
2 0 0 2 2 0 0 0  10010000100110001001110010000000100111001001000010000000100000001001100010010000100111101001000010000000100111001001000010000000100000001000000010000000100000001000000010000000100000001001000010010000 
2 2 2 2 2 2 2 0  11011100111111001001110010011111111111001001111110011111111111111111111111111111111111001101010111111111110111001001011111111100100111001001010010010000010100001001110011001101110011001001000010011110 
2 0 0 2 2 2 0 0  10010100100111001001110010011100100111001001000010000000100000001001100010010000100111001101010111111100100111001001000010000000100111001001000010010000010100001001110010001100100011001001000010010000 
2 0 0 2 2 2 0 0  10011100100111001001110010011100100111001001000010000000100000001001100010010000100111001101010111111100100111001001011010000000100111001001010010010000010100001001110010001100100011001001000010011000 
2 2 1 2 2 2 2 0  10011100100111001001110010011111111111001001111110011111111111111111111111111111111111001101010111111100100111001001011111111100100111001001010010010000010100001001110011001101110011001001000010011110 
2 0 0 2 2 2 0 0  10010000100111001001110010000000100111001001000010000000100000001001100010010000100111101000000010000000100111001001000010000000100111001001010010010000010100001001000010001100100011001001000010010000 
2 0 0 2 2 2 0 0  10010000100111001001110010000000100111001001000010000000100000001000000010000000100000001000000010000000100000001000000010000000100000001000000010000000100000001000000010000000100011001001000010010000 
2 0 0 2 2 2 0 0  10010000100111001001110010000000100111001001000010000000100011001001100010010000100111001101010111101000100111001001000010000000100111001001010010010000010100001001000010001100100011001001000010010000 
2 0 0 2 2 2 0 0  10010100100111001001110010011100100011001001000010000000100000001001100010010000100111101001000010000000100111001001000010000000100110001000000010010000010100001001110010000000100011001001000010010000 
2 0 0 2 2 2 0 0  10010100100111001001110010011100100111001001111010000000100000001001100010010000100111001101010111111100100111001001011010000000100111001001010010010000010100001001110010001100100011001001000010011000 
2 2 0 2 2 2 0 0  10011100100111001001110010011100100111001001111110011111111111001001100010010000100111001101010111111100100111001001011111111100100111001001010010010000010100001001110011001101110011001001000010011110 
2 0 0 2 2 2 0 0  10010000100111001001110010011100100111001001000010000000100000001001100010010000100000001000000011101000100111001001000010000000100111001001010010010000010100001001000010001100100011001001000010010000 
2 2 1 2 2 2 2 0  11111101111111001001110010011111111111001001111111111111111111111111111111111111111111111111111111111111111111111111111111111111111111111111111111111110011111111001110011001101110011001001000010011110 
