2 0 0 0 0 0 0 0  10000000100000001001010010000000100000001000000010000000100000001000000010000000100000001000000010000000100000001000000010000000100000001000000010000000100000001000000010000000100000001000000010000000 
2 0 0 0 0 0 0 0  10000000100000001000000010000000100000001000000010000000100000001000000010000000100000001000000010000000100000001000000010000000100000001000000010000000100000001000000010000000100000001000000010000000 
2 0 0 0 0 0 0 0  10010000100000001000000010000000100000001000000010000000100000001000000010000000100000001000000010000000100000001000000010000000100000001000000010000000100000001000000010000000100000001000000010000000 
2 0 0 0 0 0 0 0  10010000100000001000000010000000100000001000000010000000100000001000000010000000100000001000000010000000100000001000000010000000100000001000000010000000100000001000000010000000100000001000000010011100 
2 0 0 2 0 0 0 0  10010000100100001001000010000000100000001000000010000000100000001000000010000000100000001000000010000000100000001000000010000000100000001000000010000000100000001000000010000000100000001000000010000000 
2 2 0 2 1 2 1 0  11010100110101001001010010011100110111101001000010010000100111001111111110011100100111111101001010011111111101011001111111111111111111111111011111111111111111111101111111110100100101001001010011011100 
2 0 0 0 0 0 0 0  10000000100000001000000010000000100000001000000010000000100000001000000010000000100000001000000010000000100000001000000010000000100000001000000010000000100000001000000010000000100000001001010010011100 
2 0 0 2 0 0 0 0  10010000100100001000000010000000100000001000000010000000100000001000000010000000100000001000000010000000100000001000000010000000100000001000000010000000100000001000000010000000100000001000000010000000 
2 0 0 0 0 0 0 0  10000000100000001000000010000000100000001000000010000000100000001000000010000000100000001000000010000000100000001000000010000000100000001000000010000000100000001000000010000000100000001000000010001100 
2 0 0 0 0 0 0 0  10000000100000001000000010000000100000001000000010000000100000001000000010000000100000001001000010010000100000001000000010000000100000001000000010000000100000001000000010010000100100001001010010011100 
2 0 0 0 0 0 0 0  10000000100000001001010010000000100000001000000010000000100000001000000010000000100000001000000010000000100000001000000010000000100000001000000010000000100000001000000010000000100000001001010010011100 
2 0 0 2 0 2 0 0  10010100100100001001010010000000100000001000000010000000100000001000000010000000100000001000000010000000100000001000000010000000100000001000000010000000100000001000000010010000100000001001010010011100 
2 0 0 0 0 0 0 0  10000000100000001001010010000000100000001000000010000000100000001000000010000000100000001000000010000000100000001000000010000000100000001000000010000000100000001000000010000000100000001000000010011100 
2 0 0 0 0 0 0 0  10000000100000001000000010000000100000001000000010000000100000001000000010000000100000001001000010010000100000001000000010000000100000001000000010000000100000001000000010011100100100001001010010011100 
2 0 0 2 0 2 0 0  10000000100000001000000010000000100000001000000010000000100000001000000010000000100111111001000010010000100000001000000010000000100000001000000010000000100000001000000010011100100100001001010010011100 
2 2 0 2 1 2 1 0  11010100110101001001010010011100110111101001001111111111110111001111111110011100100111111101001010011111111101011001111001011111111111111111000011111100111111101001111111110100100111001001010011011100 
2 0 0 0 0 0 0 0  10000000100000001001010010000000100000001000000010000000100000001000000010000000100000001000000010000000100000001000000010000000100000001000000010000000100000001000000010010000100000001001010010011100 
2 0 0 2 0 2 0 0  10010000100100001001010010010000100000001001000010010000100000001000000010000000100000001000000010010000100000001001111010011000100000001000000010000000100000001000000010010000100000001001010010011100 
2 0 0 0 0 0 0 0  10000000100000001000000010000000100000001000000010000000100000001000000010000000100000001001000010010000100000001000000010000000100000001000000010000000100000001000000010000000100100001001010010011100 
2 2 1 2 1 2 1 0  11010101111111001001010111111111111111111111111111111111111111111111111110011100110111111001001111111111111101011001111111111111111111111111001111111111111111111101111111011100100111001001010010011100 
2 0 0 2 0 2 0 0  10010100100100001001010010000000100000001000000010000000100000001000000010000000100000001000000010000000100000001000000010000000100000001000000010000000100000001000000010011100100100001001010010011100 
2 2 0 2 1 2 1 0  11010100110101001001010010011100110111101001001111111111110111001111111110011100100111111101001010011111111101011001111001011111111111111111111111111111111111101001111111110100100111001001010011011100 
2 0 0 2 0 2 0 0  10010100100100001001000010000000100000001000000010000000100000001000000010000000100000001000000010000000100000001000000010000000100000001000000010000000100000001000000010011100100100001001010010011100 
2 2 1 2 1 2 1 0  11111101111111001001010111111100111111111111111111111111111111111111111111111111111111111111111111111111111111111111111111111111111111111111111111111111111111111111111111110100100111001001010011011100 
2 0 0 2 0 2 0 0  10010000100100001001010010010000100111101001000010010000100100001111100010000000100000001001000010010000100000001000000010000000100000001000000010000000100000001000000010010000100111001001010010011100 
2 0 0 2 0 2 0 0  10010100100101001001000010000000100000001000000010000000100000001000000010000000100000001000000010000000100000001000000010000000100000001000000010000000100000001000000010011100100100001001010010011100 
2 0 0 2 1 2 0 0  10010100100101001001010010010000100111101001000010010000100100001000000010000100100111111001000010010000100000001000000010000000100000001000000010001100100000001000000010011100100100001001010010011100 
2 0 0 2 0 2 0 0  10010100100101001001010010010000100111101001000010010000100100001111110010000100100111111001000010010000100000001000000010000000100000001000000010001100100000001000000010011100100100001001010010011100 
2 0 0 2 0 0 0 0  10010000100100001001010010010000100000001000000010000000100000001000000010000000100000001000000010000000100000001000000010000000100000001000000010000000100000001000000010000000100000001000000010011100 
2 2 1 2 1 2 1 0  11111101111111001001010010011100110111101001001111010000100111001111111110011100100111111101001010011111111101011001111111111111111111001001111111111111111111111101111111011100100111001001010011011100 
2 2 1 2 1 2 1 0  11111101111111001001010111111111110111101001001111010000100111111111111110011100100111111101001010011111111101011001111111111111111111111111111111111110111111101001111111110100100111001001010011111110 
2 0 0 2 0 2 1 0  10010100100101001001010010010000100111101001000010010000100111001111111110011100100111111001000010010000100000001001110010000000100000001000000010000000100000001000000010011100100111001001010010011100 
2 0 0 2 0 2 0 0  10010000100100001001000010010000100111101001000010010000100100001111110010000100100111111001000010010000100000001000000010000000100000001000000010001100100000001000000010011100100100001001010010011100 
2 0 0 2 0 2 0 0  10010100100101001001010010010000100100001000000010000000100000001000000010000000100000001000000010000000100000001000000010000000100000001000000010000000100000001000000010011100100100001001010010011100 
2 0 0 2 0 2 0 0  10010100100101001001010010010000100111101001000010010000100100001111111110011100100111111001000010010000100101011001111010011000100111111001000010000000100000001000000010011100100100001001010010011110 
2 0 0 2 0 2 0 0  10010000100100001001010010010000100111101001000010010000100100001111111110011100100111111001000010010000100101011001111010011000100111111001000010000000100000001000000010011100100100001001010010011100 
2 0 0 2 0 2 0 0  10010000100100001001010010010000100100001000000010000000100000001000000010000000100000001000000010000000100000001000000010000000100000001000000010000000100000001000000010011100100100001001010010011100 
2 0 0 2 0 2 0 0  10010100100101001001010010000000100000001000000010000000100000001000000010000000100000001000000010010000100000001000000010000000100000001000000010000000100000001000000010000000100000001001010010011100 
2 0 0 2 0 0 0 0  10010000100100001001010010010000100000001000000010000000100000001000000010000000100000001000000010000000100000001000000010000000100000001000000010000000100000001000000010000000100000001000000010000000 
2 2 1 2 1 2 1 0  11111101111111001001010111111111110111101111111111111111111111111111111110011100100111111101001010011111111101011001111111111111111111111111111111111110111111101001111111110100100111001001010010011100 
2 2 0 2 1 2 1 0  11010100110101001001010010011100110111101001001110010000100111001111111110011100100111111101001010011111111101011001111111111111111111001001000010001111100100001001111110011100100111001001010010011100 
2 2 0 2 1 2 1 0  10010100100101001001010010011100110111101001001110010000100111001111111110011100100111111101001010011111111101011001111111111111111111001001000010001111100100001001111110011100100111001001010010011100 
2 0 0 0 0 0 0 0  10000000100000001000000010000000100000001000000010000000100000001000000010000000100000001000000010000000100000001000000010000000100000001000000010000000100000001000000010010000100000001001010010011100 
2 0 0 2 0 2 1 0  10010100100101001001010010010000100111101001000010010000100100001111111110011100100111111001000010010000100101011001111010011000100111111001000010000000100000001000000010010000100100001001010010011100 
2 2 0 2 1 2 1 0  10010100100101001001010010011100110111101001001110010000100111001111111110011100100111111001000010011111111101011001111011111111111111001001111111111111111111111101111111111100100111001001010010011100 
2 2 0 2 1 2 1 0  11010100110101001001010010011100110111101001001111010000100100001111111110011100100111111001000010010000100101011001111010011000100111111001000010001111100100001001111110011100100111001001010010011100 
2 0 0 2 0 0 0 0  10010000100100001001000010010000100111101001000010010000100000001000000010000000100000001000000010000000100000001000000010000000100000001000000010000000100000001000000010000000100000001000000010000000 
2 0 0 2 0 2 0 0  10010100100101001001000010000000100000001000000010000000100000001000000010000000100000001000000010010000100101011000000010000000100000001000000010000000100000001000000010010000100100001001010010011100 
2 0 0 2 0 2 1 0  10010100100101001001010010011100110111101001001110010000100111001111111110011100100111111101001010011111111101011001111010011000100111111001000010001111100100001001111110011100100111001001010010011100 
2 2 1 2 1 2 1 0  11010101111101001001010010011111111111111111111111111111110111001111111110011100100111111101001010011111111101011001111111111111111111111111111111111111111111101001111111110100100111001001010011011100 
2 0 0 2 0 2 1 0  10010100100101001001010010010000100111101001000010010000100111001111111110011100100111111001000010010000100000001001110010000000100000001000000010000000100000001001111110011100100111001001010010011100 
2 2 1 2 1 2 1 0  11111101111111001001010010011100110111101001001111010000100111001111111110011100100111111101001010011111111101011001111111111111111111111111111111111111111111111111111111011100100111001001010011011100 
2 0 0 0 0 0 0 0  10000000100000001000000010000000100000001000000010000000100000001000000010000000100000001001000010010000100000001000000010000000100000001000000010000000100000001000000010011100100100001000000010000000 
2 0 0 2 0 2 0 0  10010100100101001001010010010000100111101001000010010000100111001111100010000000100000001001000010010000100000001000000010000000100000001000000010000000100000001000000010011100100111001001010010011100 
2 0 0 2 0 2 0 0  10010100100101001001010010000000100000001000000010000000100000001000000010000000100000001000000010010000100000001000000010000000100000001000000010000000100000001000000010000000100100001000000010000000 
2 0 0 2 0 2 0 0  10010100100101001001010010010000100111101001000010010000100000001000000010000000100000001000000010000000100000001000000010000000100000001000000010000000100000001000000010011100100100001001010010011100 
2 2 1 2 1 2 1 0  11111111111111111111010010011100110111101001001111111111110111001111111110011100100111111101001010011111111101011001111001011111111111111111111111111111111111101001111111110100100111001001010011011100 
2 0 0 2 0 2 0 0  10010100100101001001010010010000100000001000000010000000100000001000000010000100100111111001000010010000100000001001110010000000100000001000000010000000100000001000000010011100100100001001010010011100 
2 0 0 2 0 2 0 0  10010100100101001001010010010000100000001000000010000000100000001000000010000000100111111001000010010000100000001000000010000000100000001000000010000000100000001000000010011100100100001001010010011100 
2 2 1 2 1 2 1 0  11010101111101001111010010011100110111101001001111111111110111001111111111111111111111111111111111111111111101011001111111111111111111001001111111111110111111101001111111110100111111111111111111111110 
2 0 0 2 0 2 0 0  10010000100100001001010010010000100000001000000010000000100000001000000010000000100000001001000010010000100000001000000010000000100000001000000010000000100000001000000010011100100100001000000010000000 
2 2 0 2 1 2 1 0  11010100110101001001010010011100110111101001001111010000100100001111111110011100100111111001000010010000111101011001111111111111111111001001000010001111100100001001111110011100100111001001010010011100 
2 0 0 2 0 0 0 0  10010000100100001001000010010000100000001000000010000000100000001000000010000000100000001000000010000000100000001000000010000000100000001000000010000000100000001000000010000000100000001000000010000000 
2 0 0 0 0 0 0 0  10000000100000001000000010000000100000001000000010000000100000001000000010000000100000001001000010010000100000001000000010000000100000001000000010000000100000001000000010000000100000001000000010000000 
2 2 1 2 1 2 1 0  11111101111111001001010111111111111111111111111111111111111111111111111111111111111111111111111111111111111111111111111111111111111111111111111111111111111111111111111111111111111111111111111011111110 
2 2 1 2 1 2 1 0  11111101111111111111010010011100110111101001001111111111110111001111111110011100100111111101001010011111111101011001111001011111111111111111111111111111111111101001111111110100100111001001010011011100 
2 0 0 2 0 2 0 0  10010000100100001001010010010000100000001001000010010000100000001000000010000000100111111001000010010000100000001000000010000000100000001000000010001111100100001001100010011100100100001001010010011100 
2 0 0 2 0 2 0 0  10010000100100001001010010010000100111101001000010010000100111001000000010000000100000001000000010000000100000001000000010000000100000001000000010000000100000001000000010011100100100001001010010011100 
2 0 0 2 0 2 0 0  10010000100100001001010010010000100110001001000010010000100000001000000010000000100111111001000010010000100000001000000010000000100000001000000010001111100100001001100010011100100100001001010010011100 
2 2 0 2 1 2 1 0  11010100110101001001010010011100110111101001000010010000100100001111111110011100100111111001000010010000100101011001111010011000100111111001000010001111100100001001111110011100100111001001010010011100 
2 2 1 2 1 2 1 0  11010100110101001001010010011100110111111111111111111111111111111111111110011100100111111101001010011111111101011001111111111111111111111111111111111111111111111111111111111100100111001001010010011100 
2 2 1 2 1 2 1 0  11111111111111111111111111111111111111111111111111111111111111111111111110011100100111111101001010011111111101011001111111111111111111111111111111111110111111101001111111110100100111001001010011111110 
2 0 0 2 0 2 1 0  10010000100100001001010010010000100111101001000010010000100101001111111110011100100111111001000010010000100101011001111010011000100111111001000010001111100100001001111110011100100111001001010010011100 
2 0 0 2 1 2 1 0  10010100100101001001010010010000100111101001000010010000100101001111111110011100100111111001000010010000100101011001111010011000100111111001000010001111100100001001111110011100100111001001010010011100 
2 0 0 2 0 2 1 0  10010100100101001001010010010000100111101001000010010000100111001111100010000000100000001001000010010000100101011001111010011000100111111001000010001111100100001001111110011100100111001001010010011100 
2 0 0 2 0 2 0 0  10000000100000001000000010000000100000001000000010000000100000001000000010000000100111111001000010010000100000001000000010000000100000001000000010000000100000001000000010011100100000001001010010011100 
2 0 0 2 0 2 0 0  10010000100100001001010010010000100111101001000010010000100100001000000010000000100111111001000010010000100000001000000010000000100000001000000010001111100100001001100010011100100100001001010010011100 
2 2 1 2 1 2 1 0  11111101111111111111010010011100110111101001001111111111110111001111111110011100100111111101001010011111111111111111111111111111111111111111111111111111111111111111111111011100100111001001010011011100 
2 0 0 2 0 2 0 0  10010100100101001001010010010000100000001001000010010000100000001000000010000000100111111001000010010000100000001000000010000000100000001000000010001111100100001001100010011100100100001001010010011100 
2 2 1 2 1 2 1 0  11010101111101001001010111111111111111111111111111111111111111111111111111111111111111111111111111111111111111111111111111111111111111111111111111111110111111101001111110011100100111001001010010011100 
2 0 0 2 0 2 1 0  10010100100101001001010010011100110111101001000010010000100111001111111110011100100111111001000010010000100101011001111010011000100111111001000010001111100100001001111111110100100111001001010011011100 
2 2 1 2 1 2 1 0  11111111111111111111111111111111110111101001001111010000100111111111111110011100100111111101001010011111111101011001111111111111111111111111111111111111111111111111111111111100100111001001010010011100 
2 0 0 2 0 2 1 0  10010100100101001001010010011100110111101001001111010000100111001111111110011100100111111001000010010000100101011001111010011000100111111001000010001111100100001001111110011100100111001001010010011100 
2 2 0 2 1 2 1 0  11010100110101001001010010011100110111111111111111111111111111111111111110011100100111111101001010011111111101011001111111111111111111111111111111111110111101101001111110011100100111001001010010011100 
2 0 0 2 0 2 0 0  10010000100100001001010010010000100000001000000010000000100000001000000010011100100111111001000010010000100000001000000010000000100000001000000010000000100000001000000010011100100000001001010010011100 
2 0 0 2 0 0 0 0  10010000100100001001000010010000100111101001000010010000100100001000000010000000100000001000000010000000100000001000000010000000100000001000000010000000100000001000000010000000100000001000000010000000 
2 2 1 2 1 2 1 0  11010101110101001001010010011100110111111111111111111111111111111111111110011100100111111101001010011111111101011001111111111111111111001001000010001111100101101001111110011100100111001001010010011100 
2 2 1 2 1 2 1 0  11010101110101001001010010011100110111111111111111111111111111111111111110011100100111111101001010011111111101011001111111111111111111111111111111111111111111111111111111111100100111001001010010011100 
2 0 0 2 0 2 0 0  10010100100101001001000010000000100000001000000010000000100000001000000010000000100000001000000010000000100000001000000010000000100000001000000010000000100000001000000010000000100000001001010010011100 
2 0 0 2 0 2 0 0  10010000100100001001010010010000100111101001000010010000100100001111111110011100100111111001000010010000100101011001110010000000100000001000000010000000100000001000000010011100100100001001010010011100 
2 0 0 2 0 2 0 0  10010000100100001001010010010000100111101001000010010000100100001111111110011100100111111001000010010000100000001000000010000000100000001000000010001111100100001001100010011100100100001001010010011100 
2 0 0 2 0 2 1 0  10010000100100001001010010010000100111101001000010010000100100001111111110011100100111111001000010010000100101011001111010011000100111111001000010000000100000001000000010010000100100001001010010011100 
2 0 0 2 1 2 1 0  10010000100100001001010010010000100111101001000010010000100100001000000010000000100111111001000010010000100000001000000010000000100000001000000010001111100100001001100010011100100111001001010010011100 
2 0 0 2 0 2 0 0  10010100100101001001010010010000100000001000000010000000100000001000000010000000100000001000000010000000100000001000000010000000100000001000000010000000100000001000000010000000100100001001010010011100 
2 0 0 2 0 2 0 0  10010100100101001001000010000000100000001000000010000000100000001000000010000000100000001001000010010000100000001001110010000000100000001000000010000000100000001000000010011100100100001001010010011100 
2 0 0 2 0 2 1 0  10010000100100001001010010010000100111101001000010010000100100001111111110011100100111111001000010010000100101011001111010011000100111111001000010001111100100001001111110011100100100001001010010011100 
2 2 1 2 1 2 1 0  11111111111111111111111111111111111111111111111111111111111111111111111111111111111111111111111111111111111111111111111111111111111111111111111111111111111111111111111111111111111111111111111011111110 
2 0 0 2 1 2 1 0  10010100100101001001010010011100110111101001000010010000100111001111111110011100100111111001000010010000100101011001111010011000100111111001000010001111100100001001111110011100100111001001010011011100 
2 0 0 2 0 2 0 0  10010100100100001001010010010000100100001000000010000000100000001000000010000000100000001000000010000000100000001000000010000000100000001000000010000000100000001000000010011100100100001001010010011100 
2 0 0 2 1 2 1 0  10010100100101001001010010011100110111101001000010010000100111001111111110011100100111111001000010010000100101011001111010011000100111111001000010001111100100001001111110011100100111001001010010011100 
