2 0 0 0 0 0 0 0  10010000100000001000000010000000100000001000000010000000100000001000000010000000100000001000000010000000100000001000000010000000100000001000000010000000100000001000000010000000100000001000000010000000 
2 0 0 0 0 0 0 0  10010000100000001000000010000000100000001000000010000000100000001000000010000000100000001000000010000000100000001000000010000000100000001000000010000000100000001000000010000000100000001000000010011100 
2 0 0 0 0 0 0 0  10000000100000001000000010000000100000001000000010000000100000001000000010000000100000001000000010000000100000001000000010000000100000001000000010000000100000001000000010000000100000001000000010011100 
2 2 1 2 1 2 2 0  11111111111111111111111111111111111111111111111111111111111111111111111111111111111111111111111111111111111111111111111111111111111111111111111111111111111111111111111111111111111111111111111011111110 
2 2 1 2 1 2 2 0  11111101111101011111111111111111111111111111111111111111111111111111111111111111111111111111111111111111111111111111111111111111111111111111111111111111111111111111111111111111111111111111111011111110 
2 0 0 0 0 0 0 0  10000000100000001000000010000000100000001000000010000000100000001000000010000000100000001000000010000000100000001000000010000000100000001000000010000000100000001000000010000000100000001000000010000000 
2 0 0 2 1 2 0 0  10010100100100001001000010000000100000001001000010011100100000001000000010000000100000001000000010010100100111001000000010000000100000001000000010011100100100001000000010010000100101001001000010011100 
2 0 0 2 1 2 0 0  10010100100101001001110010010000111111001001000010011100100000001000000010000000100000001000000010010100100111001000000010000000100000001000000010011100100100001000110010010000100101001001000010011100 
2 0 0 0 0 0 0 0  10010000100100001001000010000000100000001000000010000000100000001000000010000000100000001000000010000000100000001000000010000000100000001000000010000000100000001000000010000000100000001000000010011100 
2 2 1 2 1 2 2 0  11111101111101011111111111111111111111001001110010011100111111111111111010011100100111100101011110010100100111111111110010111111111111111111010010011100100111001000111111111110100101001101110010011100 
2 0 0 2 1 2 0 0  10010000100101001001000010010000100111001001000010011000100000001000000010000000100000001000000010000000100000001000000010000000100000001000000010011100100100001000000010010000100101001001000010011100 
2 2 1 2 1 2 2 0  11011101110101011101111111111111111111111001110010011100111111111111111010011110100111100101011110010100100111111111110010001111111110101101010011111101010111001000111111111110100101001101110010011100 
2 0 0 0 0 0 0 0  10000000100000001000000010000000100000001000000010000000100000001000000010000000100000001000000010000000100000001000000010000000100000001000000010011100100100001000110010010000100101001001000010011100 
2 0 0 0 0 0 0 0  10000000100000001000000010000000100000001000000010000000100000001000000010000000100000001000000010000000100000001000000010000000100000001000000010011100100100001000000010010000100101001001111010011100 
2 0 0 0 0 0 0 0  10000000100000001000000010000000100000001000000010000000100000001000000010000000100000001000000010000000100000001000000010000000100000001000000010000000100000001000000010000000100000001001001010011111 
2 0 0 2 1 2 0 0  10010000100100001001000010000000100000001001000010011100100000001000000010000000100000001000000010000000100000001000000010000000100000001000000010000000100111001000000010010000100101001001000010011100 
2 0 0 0 0 0 0 0  10000000100000001000000010000000100000001000000010000000100000001000000010000000100000001000000010010100100111001000000010000000100000001000000010011100100100001000000010010000100101001001000010011100 
2 0 0 0 0 0 0 0  10000000100000001000000010000000100000001000000010000000100000001000000010000000100000001000000010000000100000001000000010000000100000001000000010000000100000001000000010000000100101001001000010011100 
2 0 0 2 0 0 0 0  10000000100000001000000010000000100000001000000010000000100000001000000010000000100000001000000010000000100000001000000010000000100000001000000010000000100100001000010010010000100101001001000010011100 
2 0 0 0 0 0 0 0  10000000100000001000000010000000100000001000000010000000100000001000000010000000100000001000000010000000100000001000000010000000100000001000000010000000100000001000110010000000100101001001000010011100 
2 0 0 2 1 2 0 0  10010000100100001001000010000000100000001001000010011100100000001000000010000000100000001000000010000000100000001000000010000000100000001000000010011100100100001000110010010000100101001001000010011100 
2 0 0 0 0 0 0 0  10000000100000001000000010000000100000001000000010000000100000001000000010000000100000001000000010000000100000001000000010000000100000001000000010000000100000001000000010010000100101001001000010011100 
2 0 0 2 1 2 0 0  10010000100101001001000010010000100111001001000010011100100000001000000010011100100000001000000010010100100111001000000010000000100000001000000010011100100100001000110010010000100101001001000010011100 
2 0 0 2 0 0 0 0  10010000100100001001000010000000100000001000000010000000100000001000000010000000100000001000000010000000100000001000000010000000100000001000000010000000100000001000000010000000100000001000000010000000 
2 2 0 2 1 2 2 0  10010101100101001001110010011111111111001001110010011100111111111111111010011100100111100101011110010100100111111111110010001111111110101101010011111101010111001000111111111110100101001101110010011100 
2 0 0 2 1 2 0 0  10000000100000001000000010000000100000001001000010011100100000001000000010000000100000001000000010010100100111001000000010000000100000001000000010011100100100001000110010010000100101001001110010011100 
2 0 0 2 1 2 0 0  10010000100101001001000010010000100111001001000010010000100000001000000010000000100000001000000010010100100111001000000010000000100000001000000010011100100100001000110010010000100101001001110010011100 
2 0 0 2 1 2 0 0  10010100100101001001110010010000111111001001110010011100111111111111111010011100100111100101000010010100100111001001110010000000111111111111010010011100100100001000110010010000100101001001110010011100 
2 0 0 2 1 2 0 0  10010100100101001001110010010000100000001001000010011100100000001000000010000000100000001000000010010100100111001000000010000000100000001000000010011100100100001000110010010000100101001001110010011100 
2 0 0 2 1 2 0 0  10000000100000001000000010000000100000001000000010000000100000001000000010000000100000001000000010010100100100001000000010000000100000001000000010011100100100001000110010010000100101001001110010011100 
2 2 1 2 1 2 2 0  11111101111101011111110010011111111111111111111110011100111111111111111010011100100111100101011110010100100111111111110010111111111111111111010010011101010111011111111111111111100101001001110010011100 
2 2 1 2 1 2 2 0  11111111111111111111111111111111111111111111111111111111111111111111111010011100100111100101011110010100011111111111111111111111111110111111111111111101111111111111110011111110100101001101110010011100 
2 0 0 2 1 2 0 0  10010000100101001001000010010000100011001001110010011100100000001001111010011100100000001000000010010100100111001000000010000000100000001000000010011100100100001000110010010000100101001001000010011100 
2 0 0 2 1 2 0 0  10000000100000001000000010000000100000001000000010000000100000001000000010011100100000001000000010010100100111001000000010000000100000001000000010011100100100001000110010010000100101001001000010011100 
2 2 1 2 1 2 2 0  11111101111101011111111111111111111111001001110010011100111111111111111010011100100111111111111111010100011111111111111111111111111110101101111111111101111111111111111111111110100101001101110010011100 
2 0 0 2 1 2 0 0  10010100100100001001000010000000100000001001000010011100100000001000000010000000100000001000000010000000100000001000000010000000100000001000000010000000100100001000110010010000100101001001000010011100 
2 2 0 2 1 2 2 0  11011101110101011101110010011111111111001001110010011100111111111111111010011100100111100101011110010100100111111111110010001111111110101101010011111101010111001000110010010000100101001001110010011100 
2 0 0 2 1 2 0 0  10010100100101001001000010010000100111001001000010011000100000001000000010000000100000001000000010000000100000001000000010000000100000001000010010011100100100001000110010010000100101001001000010011100 
2 0 0 2 1 2 0 0  10010100100100001001000010000000100000001001000010011100100000001000000010000000100111100101000010010100100111001000000010000000100000001000000010011100100100001000110010010000100101001001110010011100 
2 2 0 2 1 2 2 0  11010101110101001001110010010000111111001001110010011100111111111111111010011100100111100101011110010100100111111111110010001111111110101101010011111101010111001000110010010000100101001001110010011100 
2 2 0 2 1 2 0 0  10010101100101001001110010011111111111001001110010011100111111111111111010011100100111100101000010010100100111001001110010001111111110101101010011111100100100001000110010010000100101001001110010011100 
2 0 0 2 1 2 0 0  10010100100100001001000010000000100000001001000010011100100000001000000010000000100000001000000010010100100111001000000010000000100000001000000010011100100100001000110010010000100101001001110010011100 
2 0 0 2 1 2 0 0  10000000100000001000000010000000100000001000000010000000100000001000000010011100100000001000000010010100100111001001110010000000100000001000000010011100100100001000110010010000100101001001000010011100 
2 2 1 2 1 2 2 0  11011101110101011101110010011111111111001001110010011100111111111111111010011100100111100101011110010100100111111111110010111111111111111111010010011101010111001000111111111110100101001101110010011100 
2 0 0 2 1 0 0 0  10010000100100001001000010000000100000001001000010011100100000001000000010000000100000001000000010000000100000001000000010000000100000001000000010000000100000001000000010000000100000001000000010000000 
2 2 1 2 1 2 2 0  11111101111101011111111111111111111111001001110010011100111111111111111010011100101111111111111111111111111111111111111111111111111111111111111111111111111111111111111111111111111111111111111011111110 
2 0 0 2 1 2 0 0  10010000100100001001000010000000100000001001000010011100100000001000000010000000100000001000000010010100100100001000000010000000100000001000000010011100100100001000110010010000100101001001110010011100 
2 0 0 2 1 2 0 0  10010100100101001001000010010000100111001000000010000000100000001000000010000000100000001000000010000000100000001000000010000000100000001000000010011100100100001000110010010000100101001001110010011100 
2 0 0 2 1 2 0 0  10010100100101001001000010010000100111001000000010000000100000001000000010000000100000001000000010000000100000001000000010000000100000001000000010000000100000001000110010010000100101001001110010011100 
2 0 0 2 1 2 0 0  10010100100101001001110010010000100000001001000010011100100000001000000010000000100000001000000010000000100000001000000010000000100000001000000010011100100100001000000010010000100101001001000010011100 
2 0 0 2 1 2 0 0  10010100100101001001000010010000100000001000000010000000100000001000000010000000100000001000000010000000100000001000000010000000100000001000000010011100100100001000110010010000100101001001000010011100 
2 0 0 2 1 2 0 0  10010100100101001001110010010000111111001001110010011100100000001001111010011100100011100101000010010100100111001001110010000000100000001000010010011100100100001000110010010000100101001001000010011100 
2 0 0 2 1 2 0 0  10010100100100001001000010010000100011001001110010011100100000001001111010011100100000001000000010010100100111001000000010000000100000001000000010011100100100001000000010010000100101001001000010011100 
2 0 0 2 1 2 0 0  10010100100101001001000010010000100111001000000010000000100000001000000010000000100000001000000010000000100000001000000010000000100000001000000010000000100000001000000010000000100000001000000010000000 
2 0 0 2 1 2 0 0  10010100100101001001110010010000100111001001000010011000100000001000000010000000100000001000000010010100100111001000000010000000100000001000000010011100100100001000110010010000100101001001110010011100 
2 0 0 2 1 2 0 0  10010000100100001001000010000000100000001001000010011100100000001001110010011100100000001000000010010100100111001000000010000000100000001000000010011100100100001000110010010000100101001001000010011100 
2 0 0 2 1 2 0 0  10010100100101001001110010010000100000001001000010011100100000001000000010000000100000001000000010000000100000001000010010000000100000001000000010011100100100001000110010010000100101001001000010011100 
2 0 0 2 1 2 0 0  10010100100101001001110010010000111111001001110010011100100000001001110010011100100000001000000010010100100111001000000010000000100000001000000010011100100100001000110010010000100101001001000010011100 
2 0 0 2 1 2 0 0  10010000100101001001000010010000100111001001110010011100100000001001111010011100100111100101000010010100100111001000000010000000100000001000000010011100100100001000110010010000100101001001110010011100 
2 0 0 2 1 2 0 0  10010000100101001001000010010000100111001001000010011100100000001001111010011100100111100101000010010100100111001000000010000000100000001000000010011100100100001000110010010000100101001001110010011100 
2 2 0 2 1 2 2 0  11010101110101001001110010010000111111001001110010011100111111111111111010011100100111100101011110010100100111111111111111111111111110101101010011111101010111001000111111111110100101001101110010011100 
2 0 0 2 1 2 0 0  10010000100100001001000010010000100011001001110010011100100000001001111010011100100000001000000010010100100111001000000010000000100000001001010010011100100100001000110010010000100101001001000010011100 
2 0 0 2 1 2 0 0  10010100100100001001000010000000100000001001000010011100100000001000000010000000100000001000000010010100100111001001110010000000100000001000010010011100100100001000110010010000100101001001000010011100 
2 2 1 2 1 2 2 0  11111111111111111111111111111111111111001001110010011100111111111111111010011100100111100101011110010100100111111111110010001111111110101101010011111101010111001000111111111110100101001101110010011100 
2 2 1 2 1 2 2 0  11111101111111111111111111111111111111111001110010011100111111111111111010011100100111100101011110010100100111111111110010111111111111111111111111111111111111111000111111111110100101001101110010011100 
2 2 0 2 1 2 0 0  11011101110101011101110010011111111111001001110010011100111111111111111010011100100111100101000010010100100111001001110010001111111110101101010011111100100100001000110010010000100101001001110010011100 
2 2 0 2 1 2 2 0  10010101100101001001110010011111111111001001110010011100111111111111111010011100100111100101000010010100100111001001110010001111111110101101010011111101010111001000111111111110100101001101110010011100 
2 0 0 2 1 2 0 0  10010000100101001001000010010000100111001001000010011100100000001000000010011100100000001000000010010100100111001001110010000000100000001000000010011100100100001000110010010000100101001001110010011100 
2 0 0 2 1 2 0 0  10010000100101001001000010010000100111001001000010011100100000001000000010000000100000001000000010000000100000001000000010000000100000001000000010000000100000001000000010000000100101001001000010011100 
2 2 1 2 1 2 2 0  10010101100101001001110010011111111111001001110010011100111111111111111010011100100111111111011110010100100111111111110010111111111111111111111111111101010111001000111111111110100101001101110010011100 
2 2 0 2 1 2 2 0  10010100100101001001110010011111111111001001110010011100111111111111111010011100100111100101000010010100100111001001110010001111111110101101010011111101010111001000111111111110100101001101110010011100 
2 0 0 2 1 2 0 0  10010100100101001001000010010000100111001000000010000000100000001000000010000000100000001000000010000000100000001000000010000000100000001001010010011100100100001000110010010000100101001001110010011100 
2 0 0 2 1 2 0 0  10010101100101001001110010010000111111001001110010011100100000001001111010011100100011100101000010010100100111001001110010000000100000001000010010011100100100001000110010010000100101001001000010011100 
2 2 0 2 1 2 2 0  10010100100101001001110010011111111111001001110010011100111111111111111010011100100111100101000010010100100111001001110010001111111110101101010011111101010111001000110010010000100101001001110010011100 
2 0 0 2 1 2 0 0  10010100100101001001110010010000111111001001110010011100100000001001000010000000100000001000000010010100100100001000000010000000100000001000000010011100100100001000110010010000100101001001110010011100 
2 0 0 2 0 2 0 0  10010000100101001001000010010000100111001001000010011100100000001000000010011100100000001000000010000000100000001000000010000000100000001000000010000000100100001000110010010000100101001001110010011100 
2 0 0 2 1 2 0 0  10010100100101001001110010010000111111001001110010011100100000001001110010011100100111100101000010010100100111001001110010001111111110101101010011111100100100001000110010010000100101001001110010011100 
2 0 0 2 1 2 0 0  10010000100101001001000010010000100111001001000010011000100000001000000010000000100000001000000010010100100111001000000010000000100000001000000010000000100000001000000010000000100000001000000010000000 
2 0 0 2 1 2 0 0  10010100100101001001110010010000111111001001110010011100100000001001111010011100100011100101000010010100100111001001110010000000111111101000000010011100100100001000110010010000100101001001000010011100 
2 2 1 2 1 2 2 0  11111101110101011101110010011111111111001001110010011100111111111111111010011100100111100101011110010100100111111111110010111111111111111111111111111111111111111111111111111111110101001101110010011100 
2 0 0 2 1 2 0 0  10010000100100001001000010010000100111001001000010011100100000001000000010011100100000001000000010010100100111001001110010000000100000001000000010011100100100001000110010010000100101001001000010011100 
2 0 0 2 1 2 0 0  10010100100101001001110010010000111111001001110010011100100000001001110010011100100111100101000010010100100111001001110010000000100000001000000010011100100100001000110010010000100101001001110010011100 
2 0 0 0 0 0 0 0  10010000100100001001000010000000100000001001000010000000100000001000000010000000100000001000000010000000100000001000000010000000100000001000000010000000100000001000000010000000100000001001110010011100 
2 0 0 2 1 0 0 0  10010000100100001001000010000000100000001000000010000000100000001000000010000000100000001000000010000000100000001000000010000000100000001000000010000000100100001000000010010000100101001001110010011100 
2 2 0 2 1 2 0 0  10010100100101001001110010010000111111001001110010011100111111111111111010011100100111100101000010010100100111001001110010001111111110101101010010011100100100001000110111111110100101001001000010011100 
2 2 0 2 1 2 0 0  10010100100101001001110010010000111111001001110010011100111111111111111010011100100111100101000010010100100111001001110010001111111110101101010010011100100100001000110010010000100101001001000010011100 
2 2 0 2 1 2 0 0  11010101110101001001110010011111111111001001110010011100111111111111111010011100100111100101000010010100100111001001110010001111111110101101010011111100100100001000110010010000100101001001110010011100 
2 2 1 2 1 2 2 0  11111101110101011101110010011111111111001001110010011100111111111111111010011100100111100101011110111111111111111111111111111111111111111111111111111111111111111111111111111111111111111111111011111110 
2 0 0 0 0 0 0 0  10000000100000001000000010000000100000001000000010000000100000001000000010000000100000001000000010000000100000001000000010000000100000001000000010000000100000001000000010000000100000001001000010011100 
2 2 0 2 1 2 0 0  11010101110101001001110010010000111111001001110010011100111111111111111010011100100111100101000010010100100111001001110010001111111110101101010010011100100100001000110010010000100101001001000010011100 
2 2 1 2 1 2 2 0  11111101111111111111111111111111111111111001110010011100111111111111111010011100100111100101011111111111111111111111111111111111111111111111111111111111111111111111111111111111111111111111111011111110 
2 0 0 2 1 2 0 0  10010100100101001001110010010000111111001001110010011100100000001001110010011100100111100101000010010100100111001001110010000000100000001000000010011100100000001000000010010000100101001001000010011100 
2 0 0 2 1 2 0 0  10010000100100001001000010000000100000001001000010011100100000001000000010000000100000001000000010000000100111001001110010000000100000001000010010011100100100001000110010010000100101001001000010011100 
2 2 0 2 1 2 0 0  11010101110101001001110010011111111111001001110010011100111111111111111010011100100111100101000010010100100111001111111111111111111111111111111111111101010111001000111111111110100101001101110010011100 
2 2 0 2 1 2 0 0  11010101110101001001110010010000111111001001110010011100111111111111111010011100100111100101011110010100100111001001110010001111111110101101010010011100100100001000110010010000100101001001000010011100 
2 0 0 2 0 0 0 0  10010000100100001001000010010000100111001001000010011100100000001000000010010000100000001000000010000000100000001000000010000000100000001000000010000000100000001000000010000000100000001000000010000000 
2 0 0 2 1 2 0 0  10010000100100001001000010010000100111001001000010011100100000001000000010011100100000001000000010010100100111001001110010000000100000001000000011111100100100001000110010010000100101001001110010011100 
2 0 0 2 1 2 0 0  10010100100101001001110010010000111111001001110010011100100000001001110010011100100111100101000010010100100111001001110010001111111110101101010010011100100100001000110010010000100101001001000010011100 
2 0 0 2 1 2 0 0  10010100100101001001000010010000100111001000000010000000100000001001110010011100100000001000000010010100100111001000000010000000100000001000000010011100100100001000110010010000100101001001110010011100 
2 2 0 2 1 2 2 0  11011101110101011101110010011111111111001001110010011100111111111111111010011100100111100101011110010100100111111111110010111111111111111111111111111111111111111111111111111110100101001101110010011100 
