2 1 0 0 0 0 0 0  10000000100000001011000010000000100000001000000010000000100000001000000010000000100000001000000010000000100000001000000010000000100000001000000010000000100000001000000010000000100000001000000010000000 
2 1 0 0 0 0 0 0  10000000100010001000000010000000100000001000000010000000100000001000000010000000100000001000000010000000100000001000000010000000100000001000000010000000100000001000000010000000100000001000000010000000 
2 0 0 0 0 0 0 0  10000000100000001000000010000000100000001000000010000000100000001000000010000000100000001000000010000000100000001000000010000000100000001000000010000000100000001000000010000000100000001000000010000000 
2 1 0 0 0 0 0 0  10000000100010001000000010000000100000001000000010000000100000001000000010000000100000001000000010000000100000001000000010000000100000001000000010000000100000001000000010000000100000001000000010001000 
2 2 2 2 2 2 2 1  11111111111111111111111111111111111111111111111111111111111111111111111111111111111111111111111111111111111111111111111111111111111111111111111111111111111111111111111111111111111111111111111111111110 
2 1 0 0 0 0 0 0  10000000100010001000000010000000100000001000000010000000100000001000000010000000100000001000000010000000100000001000000010000000100000001000000010000000100000001000000010000000100000001000000010010000 
2 1 0 0 0 0 0 0  10000000100000001011000010000000100000001000000010000000100000001000000010000000100000001000000010000000100000001000000010000000100000001000000010000000100000001000000010000000100000001000000010010000 
2 0 0 0 0 0 0 0  10000000100000001000000010000000100000001000000010000000100000001000000010000000100000001000000010000000100000001000000010000000100000001000000010000000100000001000000010000000100000001000000010010000 
2 0 0 0 0 0 0 0  10010000100000001000000010000000100000001000000010000000100000001000000010000000100000001000000010000000100000001000000010000000100000001000000010000000100000001000000010000000100000001000000010010000 
2 0 0 0 0 0 0 0  10000000100000001000000010000000100000001000000010000000100000001000000010000000100000001000000010000000100000001001110010000000100000001000000010010000100000001001010010000000100000001000000010010000 
2 2 2 2 2 2 2 1  11110101111111111111111111111111111111111111111111111111111111111111111111111111111111111111111111111111111111111111111111111111111111111111111111111111111111111111111111111111111111111111111111111110 
2 0 0 0 0 0 0 0  10010000100100001000000010000000100000001000000010000000100000001000000010000000100000001000000010000000100000001000000010000000100000001000000010000000100000001000000010000000100000001000000010010000 
2 0 0 0 0 0 0 0  10000000100000001000000010000000100000001000000010000000100000001000000010000000100000001000000010010101100000001001110010000000100000001000000010010000100000001001010010011100100000001000000010010000 
2 0 0 0 0 0 0 0  10000000100000001000000010000000100000001000000010000000100000001000000010000000100000001001000010000000100000001001110010000000100000001000000010000000100100001001010010011100100000001000000010010000 
2 0 0 0 0 0 0 0  10000000100000001000000010000000100000001000000010000000100000001000000010000000100000001000000010000000100000001000000010000000100000001000000010000000100000001000000010000000100000001000000011111100 
2 0 0 0 0 0 0 0  10000000100000001000000010000000100000001000000010000000100000001000000010000000100000001000000010000000100000001000000010000000100000001000000010000000100000001000000010000000100111101000000010010000 
2 2 2 2 2 2 2 1  11111101101101000111111111111111111111111111111111111111111111111111111111111111111111111001000011110101110111111111001111111111111111111111111111111111111101111111111111011101111111111111110011111110 
2 0 0 0 0 0 0 0  10000000100000001000000010000000100000001000000010000000100000001000000010000000100000001000000010000000100000001000000010000000100000001000000010000000100100001001010010011100100000001001100010010000 
2 0 0 0 0 0 0 0  10000000100000001000000010000000100000001000000010000000100000001000000010000000100000001000000010000000100000001000000010000000100000001000000010000000100100001001010010011100100000001000000010010000 
2 0 0 2 0 0 0 0  10010000100100001011000010000000100000001001000010010010100100001001110110000000100000001001000010010101100000001001110010000000100000001000000010010000100000001000000010000000100000001000000010000000 
2 2 2 2 0 2 2 1  10010101101101001011010010010000101101001001011111010010100111101001110111111111111111111001110010010101110111111111001111111111111111111111111110010100111100001001010010011111111111111111110011111110 
2 0 0 2 0 2 0 0  10010000100101001011010010010000101101001001000010010000100000001000000010000000100000001000000010000000100000001000000010000000100000001000000010000000100000001000000010000000100000001000000010010000 
2 2 2 2 0 2 2 0  10010101101101001011010010010000101101001001011111010010100111101001110111111111111111111001110010010101110111111111001111111111111111111111111110010100111100001001010010011100100111101011100010010000 
2 0 0 2 0 0 0 0  10010000100100001011000010000000100000001000000010000000100000001000000010000000100000001000000010000000100000001000000010000000100000001000000010000000100000001000000010000000100000001000000010010000 
2 2 2 2 0 2 2 1  10110101101101001011010010010000101101001001011111010010100111101001110111111111111111111111110010010101110111111111001111111111111111111111111110010100111100001001010010011100100111111111111111111110 
2 2 2 2 2 2 2 1  11111111111111111111111111111111111101001111111111111110100111101001110111111111111111111111110010010101111111110111001111111111111111111111111111111111111101111111111111011101111111111111110011111110 
2 1 2 2 0 2 2 0  10010100100101001011010010010000101101001001000010010010100100001001110111111111111111111001000011110101100000001001110010011111111111111111111110010100111100001001010010011101100111111111111111111100 
2 2 2 2 0 2 2 0  10010100100101001111010010011111111111111001011111010010100111101001110111111111111111111001000011110101100011110111001111111111111111111111111110010100111100001001010010011100100111101011100010010000 
2 0 0 2 0 2 0 0  10010100100101001011000010000000100000001000000010000000100000001000000010000000100000001000000010000000100000001000000010000000100000001000000010000000100100001001010010000000100000001000000010010000 
2 0 0 2 0 2 0 0  10010000100100001011000010000000100000001001000010010010100100001001110110000000100000001001000010010101100000001001110010000000100000001000000010010000100100001001010010011100100000001000000010010000 
2 0 0 2 0 0 0 0  10010000100100001011010010010000101101001001000010010000100000001000000010000000100000001001000010000000100000001000000010000000100000001000000010000000100000001000000010000000100000001000000010010000 
2 0 0 0 0 0 0 0  10010000100100001011000010000000100000001001000010000000100000001000000010000000100000001000000010000000100000001000000010000000100000001000000010000000100000001000000010000000100000001000000010010000 
2 2 2 2 2 2 2 1  11110101111111111111111111111111111111111111111111111111111111111111110111111111111111111111110010010101110111110111001111111111111111111111111111111111111101111111111111011101111111111111110011111110 
2 0 0 2 0 2 0 0  10010100100101001011010010010000100000001000000010000000100000001000000010000000100000001000000010000000100000001000000010000000100000001000000010010000100100001001010010011100100000001000000010010000 
2 0 0 2 0 2 0 0  10010100100101001011000010000000100000001000000010000000100000001000000010000000100000001000000010000000100000001000000010000000100000001000000010010000100100001001010010011100100000001000000010011100 
2 0 0 2 0 2 0 0  10010000100101001011010010010000101101001001000010010000100000001000000010000000100000001000000010000000100000001000000010000000100000001000000010000000100100001001010010011100100000001001100010010000 
2 2 2 2 0 2 2 0  10010100100101001011010010010000101101001001011111010010100111101001110111111111111111111001110010010101110111111001110010111111111111111111111110010100111100001001010010011100100111101011100010010000 
2 2 2 2 0 2 2 0  10010101101101001011010010011111111101001111111111111110100111101001110111111111111111111111110011110101110111111111001111111111111111111111111111010100111100001001010010011100100111101011100010010000 
2 2 2 2 0 2 2 1  11110101111101001011010011111111111101001111111111111110100111101001110111111111111111111111110010010101110111111111001111111111111111111111111110010100111100001001010010011100100111111111110011111110 
2 0 0 2 0 2 0 0  10010000100100001011010010010000101101001001000010010000100000001000000010000000100000001001000011110101110110001001110010000000100000001000000010010000100100001001010010011100100111101011100010010000 
2 0 0 2 0 2 0 0  10010100100101001011010010010000100101001001000010000000100000001000000010000000100000001000000010000000100000001000000010000000100000001000000010010000100100001001010010011100100000001000000010011100 
2 0 0 2 0 2 0 0  10010000100100001011010010010000101101001001000010010000100000001000000010000000100000001001000011110101100000001001110010000000100000001000000010010000100100001001000010000000100000001000000010010000 
2 0 0 2 0 2 0 0  10010000100101001011010010010000101101001001000010010000100000001000000010000000100000001000000010000000100000001000000010000000100000001000000010000000100000001000000010011100100000001000000010010000 
2 0 0 0 0 0 0 0  10000000100000001000000010000000100000001000000010000000100000001000000010000000100000001000000010000000100000001000000010000000100000001000000010000000100000001000000010010000100000001011100010010000 
2 2 2 2 0 2 2 1  11110101111101001011010010010000101101001001011111111110100111101001110111111111111111111111110010010101110111111111001111111111111111111111111110010100111100001001010010011100100111111111110011111110 
2 0 0 2 0 2 0 0  10010100100101001011010010010000100101001001000010010010100100001001110010000000100000001000000010000000100000001001110010000000100000001000000010010000100100001001010010011100100100001000000010010000 
2 0 0 0 0 0 0 0  10010000100100001000000010000000100000001000000010000000100000001000000010000000100000001000000010000000100000001000000010000000100000001000000010000000100000001000000010000000100000001000000010011100 
2 2 2 2 2 2 2 1  11111111111111111111111111111111111101001111111111111110100111101001110111111111111111111111110010010101110111111111001111111111111111111111111110010100111100001001010010011100100111111111110011111110 
2 2 2 2 0 2 2 0  10010100100101001111010010011111101101001001000010010010100111101001110111111111111111111001110010010101110111111001110010111111111111111111111110010100111100001001010010011100100111111111110011110000 
2 0 0 2 0 2 0 0  10010000100100001011010010010000101101001001000010010000100000001000000010000000100000001001000010000000100000001000000010000000100000001000000010000000100100001001010010000000100000001000000010010000 
2 1 2 2 0 2 0 0  10010100100101001011010010010000101101001001000010010010100111101001110111111111111111111001000011110101100000001001110010111111111111111111111110010100111100001001010010011100100111101011100010010000 
2 1 2 2 0 2 0 0  10010100100101001011010010010000101101001001000010010010100111101001110111111111111111111001000011110101110110001001110010000000100000001000000010010000100100001001010010011100100100001000000010010000 
2 0 0 2 0 2 0 0  10010100100101001011010010010000101101001001000010010010100111101001110111111111100000001001000010010101100000001001110010000000100000001000000010010000100100001001010010011100100111101011100010010000 
2 0 0 2 0 2 0 0  10010000100100001011010010010000101101001001000010010000100000001000000010000000100000001001000010000000100000001000000010000000100000001000000010000000100000001000010010011100100100001000000010010000 
2 2 2 2 2 2 2 1  11110101111101001111010011111111111101001111111111111110100111101001110111111111111111111001110010010101110111110111001111111111111111111111111110010100111101111111111111011101111111111111110011111110 
2 2 2 2 2 2 2 1  11111101101101001111010010011111111101001111111111111110101111111111111111111111111111111111110010110101110111111111001111111111111111111111111111111111111101111111111111011101111111111111110011111110 
2 0 0 2 0 0 0 0  10010000100100001011000010000000100000001001000010000000100000001000000010000000100000001000000010000000100000001000000010000000100000001000000010000000100000001000000010000000100111101011100010010000 
2 0 0 2 0 2 0 0  10010000100100001011010010010000101101001001000010010000100000001000000010000000100000001001000010010101100000001001110010000000100000001000000010010000100100001001010010011100100100001000000010011100 
2 0 0 2 0 2 0 0  10010100100101001011010010010000100101001001000010010010100111101001110111111111100000001001000010010101100000001001110010000000100000001000000010010000100100001001010010011100100111101011100010010000 
2 1 2 2 0 2 0 0  10010100100101001011010010010000101101001001000010010010100100001001110110000000100000001001000010010101100000001001110010111111111111111111000010010000100100001001010010011100100111101011100010010000 
2 0 0 2 0 2 0 0  10010000100100001011010010010000101101001001000010010000100000001000000010000000100000001001000010010101100000001001110010000000100000001000000010010000100100001001010010011100100111101011100010010000 
2 0 0 2 0 2 0 0  10010000100101001011010010010000101101001001000010010000100000001000000010000000100000001001000010010101100000001001110010000000100000001000000010010000100100001001010010011100100111101011100010010000 
2 0 0 2 0 2 0 0  10010100100101001011010010010000100101001001000010010010100100001001110110000000100000001001010010010101100000001001110010000000100000001000000010010000100100001001010010011100100111101011100010010000 
2 2 0 2 0 2 2 0  10010100100101001111010010011111111111111111111111010010100111101001110111111111111111111001110010010101110111110111001111111111111111111111111111111111111101111101010010011100100111101011100010010000 
2 0 0 2 0 2 0 0  10010000100100001011010010010000101101001001000010010000100000001000000010000000100000001001000010010101100000001001110010000000100000001000000010010000111100001001010010011100100100001000000010011100 
2 2 2 2 2 2 2 1  11110101111111111111111111111111111101001111111111111110100111101001110111111111111111111111110010010101110111111111001111111111111111111111111110010100111100001001010010111111111111111111111111111110 
2 2 2 2 0 2 2 0  10010100100101001111010011111111111101001111111111111110100111101001110111111111111111111001110010010101110111110111001111111111111111111111111110010100111101111111111111011101111111111111110011110000 
2 0 0 2 0 2 0 0  10010100100101001011010010010000100101001001000010010010100100001000000010000000100000001001000010000000100000001000000010000000100000001000000010000000100000001000010010011100100100001000000010010000 
2 2 2 2 2 2 2 1  11110111111111111111111111111111111101001111111111111110100111101001110111111111111111111001110010010101110111110111001111111111111111111111111110010100111101111111111111011101100111111111110011111110 
2 0 0 2 0 2 0 0  10010100100101001011010010010000100101001001000010010010100100001001110110000000100000001001010010010101110110001001110010000000100000001000000010010000100100001001010010011100100111101011100010010000 
2 0 0 2 0 2 0 0  10010000100101001011010010010000101101001001000010010000100000001000000010000011100000001001000010010101100000001001110010000000100000001000000010010000100100001001010010011100100111101011100010010000 
2 0 0 2 0 2 0 0  10010100100101001011010010010000100101001001000010010000100000001000000010000000100000001000000010000000100000001000000010000000100000001000000010000000100000001000000010011100100000001000000010010000 
2 0 0 2 0 2 0 0  10000000100000001000000010000000100000001000000010000000100000001000000010000000100000001000000010010101100000001001110010000000100000001000000010010000100100001001010010011100100100001000000010011100 
2 0 0 2 0 2 0 0  10010100100101001011010010010000100101001001000010010010100100001000000010000000100000001000000010000000100000001001110010000000100000001000000010010000100100001001010010011100100100001000000010010000 
2 0 0 0 0 0 0 0  10000000100000001000000010000000100000001000000010000000100000001000000010000000100000001000000010010101100000001001110010000000100000001000000010010000100000001001010010011100100000001001100010010000 
2 1 0 2 0 2 0 0  10010100100101001011010010010000100101001001000010010010100100001001110110000000100000001001000010010101100111111001110010111111111111111111111110010100111100001001010010011100100111111111000010010000 
2 0 0 2 0 2 0 0  10010000100101001011010010010000101101001001000010010000100000001000000010000000100000001001000011110101100000001001110010000000100000001000000010010000100100001001010010011100100100001000000010011100 
2 0 0 2 0 2 0 0  10010000100101001011010010010000101101001001000010010000100000001000000010000000100000001000000010010101100000001001110010000000100000001000000010010000100000001001010010011100100000001001100010010000 
2 0 0 2 0 0 0 0  10010000100100001011000010000000100000001001000010010010100100001001110110000000100000001000000010000000100000001000000010000000100000001000000010000000100000001000000010000000100000001011100010010000 
2 0 0 2 0 2 0 0  10010100100101001011000010000000100000001000000010000000100000001000000010000000100000001001000010010101100000001001110010000000100000001000000010010000100100001001010010011100100100001000000010011100 
2 0 0 2 0 0 0 0  10010000100100001011000010000000100000001001000010010010100100001001110110000000100000001000000010000000100000001000000010000000100000001000000010010000100100001001010010011100100100001000000010010000 
2 0 0 2 0 0 0 0  10010000100100001011000010000000100000001001000010000000100000001000000010000000100000001000000010000000100000001000000010000000100000001000000010000000100100001001010010011100100100001000000010011100 
2 2 2 2 2 2 2 1  11110101111101001111010011111111111101001111111111111110100111101001110111111111111111111111111111111111111111111111111111111111111111111111111111111111111111111111111111111111111111111111111111111110 
2 0 0 2 0 0 0 0  10010000100000001000000010000000100000001000000010000000100000001000000010000000100000001000000010000000100000001000000010000000100000001000000010000000100000001000000010010000100000001011100010010000 
2 2 2 2 0 2 2 0  11110101111101000111010010010000101101001001000010010010100111101001110111111111111111111001000010010101100111111001110010111111111111111111111110010100111100001001010010011100100111111111000011110000 
2 0 0 2 0 2 0 0  10010100100101001011010010010000100101001001000010010010100100001001110110000000100000001001000010010000100000001001110010000000100000001000000010010000100100001001010010011100100100001000000010010000 
2 0 0 2 0 2 0 0  10010100100101001011010010010000101101001001000010010010100100001001110110000000100000001001000010010101100000001001110010000000100000001000000010010000100100001001010010011100100000001001100010010000 
2 0 0 2 0 2 0 0  10010100100101001011010010010000100100001001000010000000100000001000000010000000100000001000000010000000100000001000000010000000100000001000000010000000100000001000000010000000100000001000000010010000 
2 1 2 2 0 2 0 0  10010100100101001011010010010000101101001001000010010010100111101001110111111111111111111001110010010101110111111001110010111111111111111111111110010100111100001001010010011100100111101011100010010000 
2 0 0 2 0 0 0 0  10010000100100001011000010000000100000001000000010000000100000001000000010000000100000001000000010000000100000001000000010000000100000001000000010000000100000001000000010011100100100001000000010011100 
2 0 0 2 0 2 0 0  10010000100100001011000010000000100000001001000010010000100000001000000010000000100000001001000010010101100000001001110010000000100000001000000010010000111100001001010010011100100100001000000010011100 
2 0 0 2 0 2 0 0  10010100100101001011010010010000100101001001000010010010100100001001110110000000100000001001000010010101100111111001110010111111111111111111111110010000111100001001010010011100100100001000000010011100 
2 0 0 2 0 2 0 0  10010000100100001011010010010000101101001001000010010000100000001000000010000000100000001001000010010101100000001001110010000000100000001000000010010100111100001001010010011100100111111111000010010000 
2 0 0 2 0 2 0 0  10010000100101001011010010010000101101001001000010010000100000001000000010000000100000001001000011110101100000001001110010000000100000001000000010010000100100001001010010011100100111101011100010010000 
2 0 0 2 0 2 0 0  10010100100101001011010010010000100101001001000010010010100111101001110111111111100000001001000010010101100000001001110010011111111111111111111110010100111100001001010010011100100111101011100010010000 
2 0 0 2 0 2 0 0  10010100100101001011000010000000100000001000000010000000100000001000000010000000100000001001000010010101100000001001110010000000100000001000000010010000100100001001010010011100100100001000000010010000 
2 2 2 2 0 2 2 0  10010100100101001111010011111111111101001111111111111010100111101001110111111111111111111001110010010101110111111001110010111111111111111111111110010100111100001001010010011100100111111111110011110000 
2 2 2 2 0 2 2 1  11110101111101000111010010010000101101001001000010010010100111101001110111111111111111111001000010010101110111110111001111111111111111111111111110010100111101111111111111011101111111111111111111111110 
2 0 0 2 0 2 0 0  10010100100101001011000010000000100000001000000010000000100000001000000010000000100000001000000010000000100000001000000010000000100000001000000010000000100100001001010010011100100100001000000010010000 
2 2 2 2 0 2 2 1  11110101111101000111010010010000101101001001000010010010100111101001110111111111111111111001000010010101110111111111001111111111111111111111111110010100111100001001010010011100100111111111110011111110 
