2 0 0 0 0 0 0 0  10000000100000001000000010000000100000001000000010000000100000001000000010000000100000001000000010000000100000001000000010000000100000001000000010000000100000001000000010000000100000001000000010000000 
2 2 1 1 2 2 1 0  11111111111111111111111111111111111111111111111111111111111111111111111111111111111111111111111111111111111111111111111111111111111111111111111111111111111111111111111111111111111111111111111111111110 
2 0 0 0 0 0 0 0  10000000100000001000000010000000100000001000000010000000100000001000000010000000100000001000000010000000100000001000000010000000100000001000100010000000100000001000000010000000100000001000000010000000 
2 2 1 1 2 2 1 0  11111101111111111111111111111111111111111111111111111111111111111111111111111111111111111111111111111111111111111111111111111111111111111111111111111111111111111111111111111111111111111111111111111110 
2 0 0 0 0 0 0 0  10001000100000001000000010000000100000001000000010000000100000001000000010000000100000001000000010000000100000001000000010000000100000001000000010000000100000001000000010000000100000001000000010000000 
2 0 0 1 2 0 0 0  10001000100010001000100010000000100000001000000010011000100000001001111110000000100000001000100010000000100000001000000010000000100000001000100010000000100000001000000010000000100000001000000010000000 
2 0 0 0 0 0 0 0  10001000100000001000000010000000100000001000000010000000100000001000000010000000100000001000000010000000100000001000000010000000100000001000100010000000100000001000000010000000100000001000000010000000 
2 2 1 1 2 2 1 0  11111101111111111111110111111111111111111111111111111111111111111111111111111111111111111111111111111111111111111111111111111111111111111111111111111111111111111111111111111111111111111111111111111110 
2 0 0 1 2 0 0 0  10001000100010001000100010000000100000001000000010011000100000001000000010000000100000001000000010000000100000001000000010000000100000001000100010000000100000001000000010000000100000001000000010000000 
2 0 0 1 2 0 0 0  10001000100010001000100010000000100000001000000010011000100000001001111110000000100000001000100010000000100000001000000010000000100000001000100010000000100000001000000010000000100000001000000010011100 
2 0 0 0 2 2 0 0  10001100100011001000110010000000100000001000110010000000100000001000000010000000100000001000000010000000100000001000000010000000100000001000000010001100100000001000110010000000100101001000110010011100 
2 0 0 0 0 0 0 0  10000000100000001000000010000000100000001000000010000000100000001000000010000000100000001000000010000000100000001000000010000000100000001000000010000000100000001000000010000000100000001011111110011100 
2 0 0 1 2 2 0 0  10001100100011001000110010000000100111001000000010000000100000001000000010000000100000001000100010000000100000001000000010000000100000001000100010001100100000001000000010000000100101001001110010001100 
2 0 0 0 0 0 0 0  10001000100000001000000010000000100000001000000010000000100000001000000010000000100000001000000010000000100000001000000010000000100000001000100010000000100000001000000010000000100000001000000010001100 
2 2 1 1 2 2 1 0  11111111111111111111111111111101111111001111110011011111111111111111111111111111111111111111110001010011111111111111111111111111111111111111110010001100100111101000110011110010100101001001110010011100 
2 2 1 1 2 2 1 0  11111111111111111111111111111101111111001111110011011111111111111111111111111111111111111111110001010011111111111111111111111111111111001101010111111111111111111111111111111111111111111110110010011100 
2 0 0 0 0 0 0 0  10000000100000001000000010000000100000001000000010000000100000001000000010000000100000001000000010000000100000001000110010000000100000001000100010000000100000001000110010000000100101001000110010011100 
2 0 0 0 0 0 0 0  10000000100000001000000010000000100000001000000010000000100000001000000010000000100000001000000010000000100000001000000010000000100000001000000010001100100100001000110010000000100101001001110010011100 
2 2 1 1 2 2 1 0  11111101111111111111110111111101111111001111110011011111111111111111111111111111111111111111111111111111111111001110110010011111111111001101010010001100100111101000110011110010100101001001110010011100 
2 0 0 0 0 0 0 0  10000000100000001000000010000000100000001000000010000000100000001000000010000000100000001000000010000000100000001000000010000000100000001000000010000000100000001000000010000000100000001001110010011100 
2 0 0 0 0 0 0 0  10000000100000001000000010000000100000001000000010000000100000001000000010000000100000001000000010000000100000001000000010000000100000001000000010000000100000001000010010000000100101001001110010011100 
2 2 1 1 2 2 1 0  11111101111111001111110001001101111111001111110111111111111111111111111111111111111111111111111111111111111111001110111111111111111111111111111111111111111111111111111111110010100101001001110010011100 
2 0 0 1 2 2 0 0  10001100100011001000110010001101111111001000110011011000100000001001000010011100100000001000100010011000100000001000110010000000100000001000100010000000100000001000110010000000100101001000110010011100 
2 2 1 1 2 2 1 0  11111101111111111111110111111101111111001111110011011111111111111111111111111111111111111111111111111111111111111111110011111111111111111111111110001100100111101000110011110010100101001001110010011100 
2 0 0 0 0 0 0 0  10001000100010001000000010000000100000001000000010000000100000001000000010000000100000001000000010000000100000001000000010000000100000001000100010000000100000001000000010000000100000001000000010000000 
2 0 0 1 2 0 0 0  10001000100010001000100010000000100000001000000010011000100000001001000010011100100000001000100010011000100000001000110010000000100000001000100010000000100000001000110010000000100101001000110010011100 
2 0 0 1 2 2 0 0  10001100100011001000110010000000100000001000000010000000100000001000000010000000100000001000000010000000100000001000000010000000100000001000000010000000100000001000000010000000100000001000000010000000 
2 2 0 1 2 2 0 0  10001100100011001000110010000000100111001000110011011000100000001001000010011100100000001000100001011000100000001000110010000000100011001101010010001100100100001000110011110000100101001000110010011100 
2 0 0 0 0 0 0 0  10001000100000001000000010000000100000001000000010000000100000001000000010000000100000001000000010000000100000001000000010000000100000001000000010000000100000001000000010000000100000001000110010011100 
2 2 1 1 2 2 1 0  11111101111111111111110111111101111111001111110011011111111111111111111111111111111111111111111111111111111111111111110011111111111111111111111111111111111111111111111111111111111111111111111010011100 
2 0 0 1 2 2 0 0  10001100100011001000110010000000100000001000000010000000100000001000000010000000100000001000000010000000100000001000000010000000100000001000000010000000100000001000000010000000100000001000110010011100 
2 0 0 0 0 0 0 0  10000000100000001000000010000000100000001000000010000000100000001000000010000000100000001000000010000000100000001000000010000000100000001000000010000000100000001000000010000000100101001001110010011110 
2 0 0 1 2 2 0 0  10000000100000001000000010000000100000001000000010000000100000001000000010011100100011001000100010011000100000001000110010000000100000001000100010001100100100001000110010000000100101001000110010011100 
2 0 0 1 2 0 0 0  10001000100010001000100010000000100000001000000010000000100000001000000010000000100000001000000010000000100000001000000010000000100000001000000010000000100000001000000010000000100000001000110010011100 
2 2 1 1 2 2 1 0  11111101111111001111110001001101111111001111110111111111111111111111111111111111111111111111111111111111111111001110110011111111111111111111110010001100100111101111111011110010100101001001110010011100 
2 0 0 1 2 2 0 0  10001000100011001000110010000000100000001000110010000000100000001001000010011100100000001000100010011000100000001000100010000000100000001000100010000000100000001000000010000000100101001000110010011100 
2 0 0 1 2 2 0 0  10001000100011001000110010000000100000001000110010001000100000001000000010000000100000001000000010000000100000001000110010000000100000001000100010001100100100001000110010000000100101001000000010000000 
2 0 0 0 0 0 0 0  10000000100000001000000010000000100000001000000010000000100000001000000010000000100000001000000010000000100000001000000010000000100000001000000010000000100100001000110010000000100101001001110010011100 
2 2 0 1 2 2 0 0  10011100100111001001110001001000100111001000110011011000100000001001000010011100100000001000100001011000100000001000110010000000100011001101010010001100100100001000110011110000100101001000110010011100 
2 2 0 1 2 2 1 0  10011100100111001001110001001101111111001000110011011000100010001001000010011100100011111111111111111111111111001110110010011111111111001101010010001100100111101000110011110010100101001001110010011100 
2 2 1 1 2 2 1 0  10011100100111001001110001001101111111001000110011011111111111111101000010011100100011111111111111111111111111001110110010011100100011001101010010001100100100001000110011110010100101001001110010011100 
2 0 0 0 0 0 0 0  10000000100000001000000010000000100000001000000010000000100000001000000010000000100000001000000010000000100000001000000010000000100000001000000010000000100000001000000010000000100000001001110010000000 
2 0 0 1 2 2 0 0  10001000100011001000110010000000100000001000110010001000100000001001000010011100100000001000100010011000100000001000110010000000100000001000100010001100100100001000110010000000100000001001110010000000 
2 0 0 1 2 2 0 0  10001100100011001000110010000000100111001000000010000000100000001000000010000000100000001000100010011000100000001000110010000000100000001000100010001100100100001000110010000000100101001000110010011100 
2 0 0 1 2 0 0 0  10001000100010001000100010000000100011001000100010011000100000001001111110000000100000001000100010000000100000001000000010000000100000001000100010000000100000001000000010000000100000001000000010000000 
2 0 0 1 2 2 0 0  10001000100010001000100010000000100011001000100010011000100000001001111110000000100000001000100010000000100000001000110010000000100000001000100010001100100100001000110010000000100101001000110010011100 
2 2 1 1 2 2 1 0  11010101100111001001110001001101111111001000110011011000100011111111111111111111111111111111111111111111111111001110110010011100100011001101010010001100100111101000110011110010100101001001110010011100 
2 0 0 1 2 2 0 0  10001000100011001000110010000000100000001000110010001000100000001001000010011100100000001000100010011000100000001000110010000000100000001000100010001100100100001000110010000000100101001000110010011100 
2 0 0 1 2 2 0 0  10001100100011001000110010000000100111001000000010001000100000001001000010011100100000001000100010011000100000001000110010000000100000001000100010001100100100001000110010000010100101001001110010011100 
2 0 0 1 2 0 0 0  10001000100010001000100010000000100000001000110010000000100000001000000010011100100011001000100010011000100000001000110010000000100000001000100010001100100100001000000010000000100000001000000010000000 
2 2 1 1 2 2 1 0  11111101111111111111111111111111111111111111111111111111111111111111111111111111111111111111111111111111111111111111111111111111111111111111111111111111111111101111111011110010100111111111111111111110 
2 0 0 1 2 2 0 0  10001000100010001000100010000000100000001000110010000000100000001000000010011100100011001000100010011000100000001000110010000000100000001000100010001100100100001000110010000000100101001000110010011100 
2 0 0 1 2 2 0 0  10001100100011001000110010000000100111001000000010000000100000001000000010000000100011001000100010011000100000001000110010000000100000001000100010001100100100001000110010000000100101001000000010000000 
2 0 0 1 2 0 0 0  10000000100000001000000010000000100000001000000010011000100000001001111110000000100000001000100010011000100000001000110010000000100000001000100010001100100100001000000010000000100000001000000010000000 
2 0 0 1 2 2 0 0  10011100100111001001110001001101111111001000110011011000100010001001000010011100100011001000100010011000100001001110110010011100100011001101010010001100100100001000110011110000100101001000110010011100 
2 2 1 1 2 2 1 0  11111101111111001111110001001101111111001111110011011111111111111101000010011100100011111111111111111111111111001110110010011100100011001101010010001100100111101111111011110010100101001001110010011100 
2 0 0 1 2 2 0 0  10001000100010001000100010000000100011001000100010011000100000001001111110000000100000001000100010011000100000001000110010000000100000001000100010001100100100001000110010000000100101001001110010011100 
2 0 0 1 2 2 0 0  10001000100011001000110010000000100000001000110010000000100000001001000010011100100000001000100010011000100000001000100010000000100000001000100010000000100000001000110010000000100101001000000010000000 
2 2 1 1 2 2 0 0  11111101111111001111110001001101111111001111110011011111111111111101000010011100100011111111111111111111111111001110110010011100100011001101010010001100100111101000110011110000100101001001110010011100 
2 2 0 1 2 2 0 0  10011100100111001001110001001101111111001000110011011000100010001001000010011100100011001000100010011000100001001110110010011100100011001101010010001100100111101000110011110010100101001000110010011100 
2 0 0 1 2 2 0 0  10001100100011001000110010000000100111001000000010000000100000001000000010011100100011001000100010011000100000001000110010000000100000001000100010001100100100001000110010000000100101001000110010011100 
2 2 0 1 2 2 0 0  10011100100111001001110001001101111111001000110010001000100000001001000010011100100000001000100010011000100000001000110010000000100000001000100010001100100100001000110010000000100101001000110010011100 
2 0 0 1 2 2 0 0  10001000100010001000100010000000100011001000100010011000100010001001000010011100100011001000100010011000100001001110110010011100100011001101010010001100100100001000110011110000100101001000110010011100 
2 0 0 1 2 2 0 0  10000000100000001000000010000000100000001000000010000000100000001000000010001100100000001000100010011000100000001000110010000000100000001000100010001100100100001000110010000000100101001000110010011100 
2 2 1 1 2 2 0 0  11010101111111001111110001001101111111001000110011011000100010001001000010011100100011001000100010011000100001001110110010011100100011001101010010001100100100001000110011110000100101001000110010011100 
2 2 0 1 2 2 0 0  10011100100111001001110001001101111111001000110011011000100010001001000010011100100011001000100010011000100001001110110010011100100011001000100010001100100100001000110010000000100101001000110010011100 
2 0 0 1 2 2 0 0  10001000100011001000110010000000100000001000110010001000100000001001000010011100100000001000100010011000100001001110110010011100100011001000100010001100100100001000110010000000100101001000110010011100 
2 2 0 1 2 2 1 0  10011100100111001001110001001101111111001000110011011000100010001001000010011101111111111111111111111111111111001110110010011100100011001101010010001100100111101000110011110000100101001000110010011100 
2 0 0 1 2 2 0 0  10001100100011001000110010000000100111001000000010001000100000001001000010011100100000001000100010011000100000001000110010000000100000001000100010001100100100001000110011110000100101001000000010000000 
2 0 0 1 2 2 0 0  10001100100011001000110010000000100000001000000010000000100000001001000010011100100011001000100010011000100001001110110010011100100011001000100010001100100100001000110010000000100101001000110010011100 
2 2 1 1 2 2 0 0  11111101111111001111110001001101111111001111110011011000100010001001000010011100100011001000100010011000100001001110110010011100100011001101010010001100100100001000110011110000100101001001110010011100 
2 2 1 1 2 2 1 0  11010101100111001001110001001101111111001000110011011000100011111111111111111100100011111111111111111111111111001110110010011100100011001101010010001100100111101000110011110000100101001001110010011100 
2 0 0 1 2 2 0 0  10001100100011001000110010000000100111001000110011011000100010001001000010011100100011001000100010011000100001001110110010011100100011001101010010001100100100001000110011110000100101001000110010011100 
2 2 1 1 2 2 1 0  11111101111111001111110001001101111111001111110011011000100010001001000010011100100011001000100011111111111111001110110010011100100011001101010010001100100111101000110011110000100101001000110010011100 
2 0 0 1 2 0 0 0  10001000100010001000100010000000100011001000100010011000100010001001000010000000100000001000000010000000100000001000000010000000100000001000100010000000100000001000000010000000100000001000000010000000 
2 2 0 1 2 2 1 0  10011100100111001001110001001101111111001000110011011000100010001001000010011100100011001000100010011000100001001110110010011111111111001101010010001100100111101000110011110010100101001001110010011100 
2 0 0 1 2 0 0 0  10001000100010001000100010000000100011001000100010011000100010001001000010000000100000001000000010000000100000001000000010000000100000001000100010000000100000001000000010000000100101001000110010011100 
2 2 1 1 2 2 1 0  10010101100111001001110001001101111111001000110011011000100011111111111111111100100011111111111111111111111111001110110010011100100011001101010010001100100111101000110011110000100101001001110010011100 
2 2 1 1 2 2 1 0  11010101111111001111110001001101111111001111110011011111111111111111111111111100100011111111111111111111111111001110110010011100100011001101010010001100100111101000110011110000100101001001110010011100 
2 2 0 1 2 2 0 0  10001100100011001000110010000000100111001000110011011000100000001001000010011100100000001000100001011000100000001000110010000000100011001101010010001100100100001000110010000000100101001000110010011100 
2 0 0 0 0 0 0 0  10001000100010001000100010000000100000001000000010000000100000001000000010000000100000001000000010000000100000001000000010000000100000001000000010000000100000001000000010000000100000001000000010000000 
2 0 0 1 2 2 0 0  10001000100010001000100010000000100011001000100010011000100000001001111110000000100011001000100010011000100001001110110010011100100011001000100010001100100100001000110010000000100101001000110010011100 
2 0 0 1 2 2 0 0  10001000100010001000100010000000100011001000100010011000100000001001111110000000100000001000100010011000100000001000110010000000100000001000100010001100100100001000110010000000100101001000000010000000 
2 2 1 1 2 2 1 0  11111101111111111111110111111101111111001111110011011111111111111111111111111111111111111111111111111111111111001110110010011100100011001101010010001100100111101000110011110000100101001001110010011100 
2 0 0 1 2 2 0 0  10001100100011001000110010000000100111001000000010001000100000001000000010000000100000001000000010000000100000001000000010000000100000001000100010000000100000001000000010000000100000001000000010000000 
2 2 0 1 2 2 1 0  10011101100111001001110001001101111111001000110011011000100011111111111111111100100011111111111111111111111111001110110010011100100011001101010010001100100111101000110011110000100101001001111111111110 
2 2 1 1 2 2 1 0  11010101111111001111110001001101111111001111110011011000100010001001000010011100100011001000100011111111111111001110110010011100100011001101010010001100100111101000110011110010100101001001110010011100 
2 2 1 1 2 2 1 0  11111101111111001111110001001101111111001111110111111111111111111111111111111100100111111111111111111111111111111111111111111111111111111111111111111111111111111111111111111111111111111111111111111110 
2 2 1 1 2 2 1 0  11111101111111001111110001001101111111001111110111111111111111111111111111111111111111111111111111111111111111001110110010011100100011001101010010001100100111101000110011110010100101001001110010011100 
2 0 0 0 2 2 0 0  10000000100000001000000010000000100000001000110010001000100000001000000010000000100000001000000010000000100000001000110010000000100000001000100010001100100100001000110010000000100101001000000010000000 
2 0 0 1 2 2 0 0  10001100100011001000110010000000100111001000000010001000100000001000000010000000100000001000000010000000100000001000000010000000100000001000100010000000100000001000000010000000100000001000000010011100 
2 2 1 1 2 2 0 0  11111101111111001111110001001101111111001111110111111111111111111111111111111100100011111111100010011000100001001110110010011100100011001101010010001100100100001000110011110000100101001000110010011100 
2 2 0 1 2 2 0 0  10011100100111001001110001001000100111001000110011011000100000001001000010011100100000001000100001011000100000001000110010000000100011001101010010001100100100001000110010000000100101001000000010000000 
2 0 0 1 2 2 0 0  10001000100010001000100010000000100011001000100010011000100010001001000010011100100011001000100010011000100001001110110010000000100000001000100010001100100100001000110010000000100101001000110010011100 
2 0 0 0 2 2 0 0  10001000100011001000110010000000100000001000110010000000100000001000000010000000100000001000000010000000100000001000000010000000100000001000000010001100100000001000110010000000100101001000110010011100 
2 0 0 1 2 2 0 0  10001000100010001000100010000000100011001000100010011000100010001001000010011100100011001000100010011000100001001110110010011100100011001101010010001100100100001000000010000000100001001000110010011100 
2 2 1 1 2 2 0 0  10010101100111001001110001001101111111001000110011011000100011111111111111111100100011111111111111111111111111001110110010011100100011001101010010001100100111101000110011110010100101001000110010011100 
2 0 0 1 2 2 0 0  10001100100011001000110010000000100011001000100010011000100010001001000010011100100011001000100010011000100001001110110010011100100011001101010010001100100100001000110011110000100101001000110010011100 
2 2 0 1 2 2 0 0  10011100100111001001110001001101111111001000110011011000100010001001000010011100100011001000100010011000100001001110110010011100100011001101010010001100100111101000110011000000100101001000110010011100 
2 0 0 1 2 2 0 0  10011100100111001001110001001101111111001000110011011000100010001001000010011100100011001000100010011000100001001110110010000000100000001000100010001100100100001000110010000000100101001000110010011100 
