2 0 0 0 0 0 0 0  10010000100000001000000010000000100000001000000010000000100000001000000010000000100000001000000010000000100000001000000010000000100000001000000010000000100000001000000010000000100000001000000010000000 
2 2 2 2 2 2 2 0  11111111111111111111111111111111111111111111111111111111111111111111111111111111111111111111111111111111111111111111111111111111111111111111111111111111111111111111111111111111111111111111111111111110 
2 2 2 2 2 2 2 0  11110111111111011111110110111111111111111111111111111111111111111111111111111111111111111111111111111111111111111111111111111111111111111111111111111111111111111111111111111111111111111111111111111110 
2 0 0 0 0 0 0 0  10000000100000001000000010000000100000001000000010000000100000001000000010000000100000001000000010000000100000001000000010000000100000001000000010000000100000001000000010000000100000001000000010000000 
2 0 0 2 0 0 0 0  10010000100000001000000010000000100000001000000010000000100000001000000010000000100000001001000010000000100000001000000010000000100000001000000010000000100000001000000010010000100000001000000010000000 
2 0 0 0 0 0 0 0  10000000100000001000000010000000100000001000000010000000100000001000000010000000100000001000000010010000100000001000000010000000100000001000000010000000100000001000000010010000100000001000000010000000 
2 0 0 0 0 0 0 0  10000000100000001000000010000000100000001000000010000000100000001000000010000000100000001000000010000000100000001000000010000000100000001000000010000000100000001000000010010000100000001000000010000000 
2 0 0 0 0 0 0 0  10000000100000001000000010000000100000001000000010000000100000001000000010000000100000001000000010000000100000001000000010000000100000001000000010000000100100001001000010000000100000001001100010000000 
2 2 2 2 2 2 2 0  11111111111111111111111111111111111111111111111111111111111111111111111111111111111111111111111111111111100100110111110010011100100011111001010000111100101101111111101011111111111111101001111110011100 
2 2 2 2 2 2 2 0  11110101110111011111110110111111111111111111111111111111111111111111111111111111111111111111111111111111111111111111111111111111111111111111111111111111111111111111111111111111111111111111111111111110 
2 0 0 2 0 2 0 0  10010100100111001001000010000000100111001001110010000000100000001000000010000000100111001001000010010000100000001000000010000000100000001000000010000000100000001000000010000000100000001000000010000000 
2 2 0 2 2 2 2 0  10010101100111001001110010001100111111001001110010011110100011101011110010111111100111001001000010010111100100110111110010011100100011111001010010001100111100001001101011111111111111101001111110011100 
2 2 2 2 2 2 2 0  11110101111111111111110110111111111111111111110011111111111111111111111111111111111111111111111111111111100100110111110010011100100011111001010000111100101101111111101011111111111111101001111110011100 
2 0 0 2 2 2 0 0  10010000100111001001110010001100100111001001110010000000100000001000110010000000100111001001000010010000100000001001110010011100100011001000010010000000100100001001000010010000100000001001100010011100 
2 0 0 2 0 0 0 0  10000000100000001000000010000000100111001001110010000000100000001000000010000000100111001001000010010000100000001000000010000000100000001000000010000000100000001000000010000000100000001000000010000000 
2 2 2 2 2 2 2 0  11110101111111111111110110111111111111111111111111111111111111111111111111111111111111111111111111111111111111111111111111111111111111111111111111111111111111111111111111111111111111111111111111111110 
2 2 2 2 2 2 2 0  11110101111111111111111111111111111111111111111111111111111111111111111111111111111111111111111111111111111111111111111111111111111111111111111111111111111111111111111111111111111111111111111111111110 
2 0 0 2 2 2 0 0  10010100100111001001110010001000100111001001110010011110100011101000110010000000100111001001000010010000100000001001110010011100100011111001010010001100100100001001000010010000100011001001100010011000 
2 0 0 2 2 2 0 0  10010100100111001001110010001000100111001001110010011110100010001000110010000000100111001001000010010000100000001001110010011100100011001000000010000000100100001001000010010000100011101001111110011100 
2 0 0 2 2 2 0 0  10010000100111001001110010001100100111001001110010000000100000001000110010000000100111001001000010010000100000001001110010011100100011001000000010000000100100001001000010010000100000001001100010000000 
2 0 0 2 2 2 0 0  10010000100111001001110010001000100111001001110010011110100011101000110010000000100111001001000010010000100000001001110010011100100011111001010010001100100100001001000010010000100000001001100010011000 
2 0 0 2 2 2 0 0  10010000100111001001110010001100100111001001110010000000100000001000110010000000100111001001000010010000100000001001110010011100100011111001010010001100100100001001000010010000100000001001111110011100 
2 0 0 2 2 2 2 0  10010101100111001001110010001100111111001001110010011110100011101011110010111111100111001001000010010111100100110111110010011100100011111001010010001100111100001001000010011111111111101001111110011100 
2 0 0 2 2 2 0 0  10010000100111001001110010001100100111001001110010000000100000001000110010000000100111001001000010010000100000001001110010011100100011111001010010001100100100001001000010010000100000001001100010011000 
2 0 0 2 2 2 0 0  10010100100111001001000010000000100111001001110010000000100000001000000010000000100111001001000010010000100000001001110010011100100011001000000010000000100100001001000010010000100000001001100010011000 
2 0 0 2 2 2 0 0  10010000100111001001000010000000100111001001110010011110100010001000110010000000100111001001000010010000100000001001110010011100100011001001010010001100100100001001000010010000100000001001111110011100 
2 0 0 2 2 2 0 0  10010100100111001001110010001000100111001001110010011110100011001000110010000000100111001001000010010000100000001001110010011100100011001000000010000000100100001001000010010000100000001001100010000000 
2 0 0 0 0 0 0 0  10000000100000001000000010000000100000001000000010000000100000001000000010000000100100001000000010000000100000001000000010000000100000001000000010000000100000001000000010000000100000001000000010000000 
2 0 0 2 2 2 0 0  10010000100111001001110010001100100111001001110010000000100000001000000010000000100000001001000010010000100000001001110010011100100011001000000010000000100100001001000010010000100000001001100010011000 
2 0 0 2 2 2 0 0  10010000100111001001000010000000100111001001110010000000100000001000000010000000100111001001000010010000100000001001110010011100100011001000000010000000100100001001000010000000100000001001100010011000 
2 0 0 2 2 2 0 0  10010100100111001001110010001100100111001001000010011000100000001000110010000000100111001001000010010000100000001001110010011100100011001000000010000000100100001001000010010000100000001001100010011100 
2 0 0 2 2 2 0 0  10010100100111001001110010001100100111001001000010000000100000001000110010000000100111001001000010010000100000001001110010000000100000001000000010000000100100001001000010010000100011001001100010011000 
2 0 0 2 0 0 0 0  10000000100000001000000010000000100111001001110010000000100000001000000010000000100111001001000010010000100000001000000010000000100000001000000010000000100000001001000010010000100000001001100010011100 
2 0 0 0 0 0 0 0  10000000100000001000000010000000100000001000000010000000100000001000000010000000100000001000000010000000100000001000000010000000100000001000000010000000100100001001000010010000100000001001100010000000 
2 0 0 2 2 2 0 0  10010000100110001001000010000000100111001001110010011110100010001000110010000000100000001001000010010000100000001001110010011100100011001000000010000000100100001001000010010000100000001001100010011000 
2 0 0 2 2 2 0 0  10010000100111001001000010000000100111001001110010011110100010001000110010000000100111001001000010010000100000001000000010000000100000001000000010001100100100001001000010010000100000001001100010000000 
2 0 0 0 0 0 0 0  10000000100000001000000010000000100000001000000010000000100000001000000010000000100000001001000010010000100000001001110010011100100011001000000010000000100100001001000010010000100000001001100010011000 
2 2 0 2 2 2 2 0  11010101110111001001110010001111111111001001110010011111111111111111111111111111111111101001000010010111100100110111110010011100100111111001010010001100100100001001000010010000100011101001111110011100 
2 0 0 2 2 2 0 0  10010000100110001001000010000000100111001001110010011110100010001000110010000000100111001001000010010000100000001001110010011100100011001000010010000000100100001001000010010000100011001001100010011000 
2 0 0 2 2 2 0 0  10010000100111001001000010000000100111001001110010011110100010001000110010000000100111001001000010010000100000001001110010011100100011001000000010000000100100001001000010010000100000001001100010011000 
2 0 0 2 0 2 0 0  10000000100000001000000010000000100111001001110010000000100000001000110010000000100111001001000010010000100000001001110010000000100000001000000010000000100100001001000010010000100000001000000010000000 
2 0 0 2 2 2 0 0  10010100100111001001000010000000100111001001110010000000100000001000110010000000100111001001000010010000100000001001110010011100100011001000000010000000100100001001000010010000100000001001100010011000 
2 2 2 2 2 2 2 0  11110101110111011101110110111111111111111111110011111111111111111111111111111111111111111111111111111111100100110111110010011100111111111111111111111111111111111111111111111111111111111111111111111110 
2 2 0 2 2 2 2 0  10010101100111001001110010001100111111001001110010011110100011101011110010111111111111101001000010010111100100110111110010011100100111111001010010011100101101111111101011111111111111101001111110011100 
2 2 2 2 2 2 2 0  11110101110111011101110110111100111111001001110010011110100011101011110010111111100111001001000010010111100100110111110010011100100011111001010000111100111111111111111111111111111111111111111111111110 
2 0 0 2 2 2 0 0  10010100100111001001110010001000100111001001110010011110100011101000110010000000100111001001000010010000100000001001110010011100100011111001010010001100100100001001000010010000100011101001111111111110 
2 0 0 2 2 2 2 0  10010101100111001001110010001100111111001001110010011110100011101011110010111111100111001001000010010111100000001001110010011100100011111001010010001100100100001001101011111111111111101001111110011100 
2 0 0 2 2 2 0 0  10010000100111001001000010000000100111001001110010011110100010001000110010000000100111001001000010010000100000001000000010000000100000001000000010001100100100001001000010010000100011001001100010011000 
2 2 2 2 2 2 2 0  11110101110111011101110110111100111111001001110010011110100011101011110010111111100111001001000010010111100100110111110010011100100011111001010010001100100100001001101011111111111111101001111110011100 
2 0 0 2 0 0 0 0  10010000100110001001000010000000100000001000000010000000100000001000000010000000100000001001000010000000100000001000000010000000100000001000000010000000100000001000000010010000100000001000000010000000 
2 0 0 2 0 0 0 0  10010000100110001000000010000000100000001000000010000000100000001000000010000000100000001001000010010000100000001000000010000000100000001000000010000000100100001001000010010000100000001001100010000000 
2 0 0 2 2 2 0 0  10010000100110001001000010000000100111001001110010011110100010001000110010000000100000001001000010010000100000001000000010011100100011001000010010000000100100001001000010010000100011001001100010011000 
2 0 0 0 0 0 0 0  10000000100000001000000010000000100000001000000010000000100000001000000010000000100111001001000010010000100000001001110010011100100011001000000010000000100100001001000010010000100000001000000010000000 
2 0 0 2 2 2 0 0  10010100100111001001110010001000100111001001110010011110100010001000110010000000100111001001000010010000100000001001110010011100100011001000000010001100100100001001000010010000100000001001100010011000 
2 2 2 2 2 2 2 0  11110101111111111111110110111111111111111111110011111111111111111111111111111111111111111111111111111111111111111111111111111111111111111001010010011100101101111111101011111111111111101001111110011100 
2 0 0 2 0 0 0 0  10010000100100001000000010000000100000001000000010000000100000001000000010000000100000001000000010000000100000001000000010000000100000001000000010000000100100001001000010010000100000001001111110011000 
2 2 0 2 2 2 2 0  11010101110111001001110010001111111111001001110010011111111111111111111111111111100111001001000010010111100100110111110010011100100011111001010010001100111100001001101011111111111111101001111110011100 
2 0 0 2 2 2 0 0  10010100100111001001000010000000100111001001110010000000100000001000110010000000100111001001000010010000100000001001110010011100100011001000000010000000100100001001000010010000100000001001111110011100 
2 0 0 2 2 2 0 0  10010000100111001001000010000000100111001001110010000000100000001000000010000000100111001001000010010000100000001001110010011100100011001000000010000000100100001001000010010000100000001001100010011000 
2 0 0 2 2 2 0 0  10010100100111001001000010000000100111001001110010011110100010001000110010000000100111001001000010010000100000001001110010011100100011001001010010001100100100001001000010010000100000001001100010011000 
2 2 2 2 2 2 2 0  11110101110111011101110110111111111111111111110011111111111111111111111111111111111111111111111111111111100100110111110010011100100011111001010000111100101101111111101011111110100011101001111110011100 
2 0 0 0 0 0 0 0  10000000100000001000000010000000100000001000000010000000100000001000000010000000100000001001000010000000100000001000000010000000100000001000000010000000100100001001000010010000100000001001100010011000 
2 0 0 2 0 0 0 0  10010000100000001000000010000000100000001000000010000000100000001000000010000000100000001001000010000000100000001000000010000000100000001000000010000000100100001001000010010000100000001001100010011000 
2 0 0 2 0 2 0 0  10000000100000001000000010000000100111001001110010000000100000001000000010000000100000001000000010010000100000001001110010011100100011001000000010000000100100001001000010010000100000001001100010011000 
2 0 0 2 0 0 0 0  10010000100110001001000010000000100100001000000010000000100000001000000010000000100000001001000010000000100000001000000010000000100000001000000010000000100000001000000010010000100000001000000010000000 
2 0 0 2 0 0 0 0  10010000100000001000000010000000100000001000000010000000100000001000000010000000100000001001000010000000100000001000000010000000100000001000000010000000100000001000000010010000100000001001100010011000 
2 0 0 2 2 2 0 0  10010100100111001001000010000000100111001001110010000000100000001000000010000000100111001001000010010000100000001001110010011100100011001000000010000000100100001001000010010000100000001000000010000000 
2 0 0 2 0 0 0 0  10010000100100001000000010000000100000001000000010000000100000001000000010000000100000001000000010000000100000001000000010000000100000001000000010000000100100001001000010010000100000001000000010000000 
2 0 0 2 2 2 0 0  10010100100111001001000010000000100111001001110010000000100000001000000010000000100000001001000010000000100000001000000010000000100000001000000010000000100100001001000010010000100011001001100010011000 
2 0 0 2 0 2 0 0  10010000100111001001000010000000100100001000000010000000100000001000000010000000100000001001000010000000100000001001110010011100100011001000000010000000100100001001000010010000100000001001100010011000 
2 0 0 2 0 0 0 0  10000000100000001000000010000000100111001001110010000000100000001000000010000000100000001000000010010000100000001000000010000000100000001000000010000000100000001000000010010000100000001000000010000000 
2 0 0 2 0 0 0 0  10010000100100001001000010000000100111001001110010000000100000001000000010000000100111001001000010010000100000001001110010011100100000001000000010000000100000001000000010010000100000001000000010011000 
2 0 0 2 2 2 0 0  10010000100111001001000010000000100111001001110010000000100000001000000010000000100111001001000010010000100000001000000010000000100000001000000010001100100100001001000010010000100000001001100010000000 
2 0 0 2 2 2 0 0  10010101100111001001110110001000100111001001110010011110100011101000110010000000100111001001000010010000100000001001110010011100100011111001010010001100100100001001000010010000100011001001100010011000 
2 0 0 2 2 2 0 0  10010100100111001001000010000000100111001000000010000000100000001000000010000000100000001000000010000000100000001000000010000000100000001000000010000000100100001001000010010000100000001000000010000000 
2 0 0 2 0 0 0 0  10010000100100001000000010000000100000001000000010000000100000001000000010000000100000001000000010000000100000001000000010000000100000001000000010000000100100001001000010010000100000001001111111111110 
2 0 0 2 2 2 0 0  10010000100100001001000010000000100111001001110010000000100000001000000010000000100111001001000010010000100000001001110010011100100011111001010010001000100100001001000010010000100000001001100010011000 
2 0 0 2 2 2 2 0  10010100100111001001110010001111111111001001110010011110100011101000110010000000100111001001000010010111100100110111110010011100100111111001010010001100100100001001000010010000100011101001111110011100 
2 2 0 2 2 2 2 0  10010101100111001001110010001100111111001001110010011110100011101011110010111111100111111111111111111111100100110111110010011100111111111111111111111111111111111111111111111111111111101001111110011100 
2 0 0 2 2 2 0 0  10010100100111001001000010000000100111001000000010000000100000001000000010000000100000001000000010000000100000001000000010000000100000001001010010000000100100001001000010010000100011001001100010011000 
2 2 0 2 2 2 2 0  11010101110111001001110010001100111111001001110010011110100011101011110010111111100111001001000010010111100100110111111111111111100011111001010010001100111111111111111111111111111111111101111110011100 
2 0 0 2 2 2 0 0  10010100100111001001000010000000100111001001110010000000100000001000000010000000100000001001000010010000100000001001110010011100100011111001010010001100100100001001000010010000100011001001100010011000 
2 2 0 2 2 2 2 0  10010101100111001001110110001000100111001001110010011110100011101000110010011111100111111111111111111111100100110111110010011100111111111111111111111111111111111111111111111111111111101001111110011100 
2 0 0 2 2 2 0 0  10010100100111001001110010001000100111001000000010000000100000001000000010000000100000001000000010010000100000001001110010011100100011001000000010000000100100001001000010010000100000001001100010011000 
2 2 0 2 2 2 2 0  11010101110111001001110010001111111111001001110010011111111111111111111111111111100111111111111111111111100100110111110010011111100011111001010010001100111111111111111111111111111111111101111110011100 
2 2 0 2 2 2 2 0  11010101110111001001110010001111111111001001110010011111111111111111111111111111100111111111111111111111100100110111110010011111111111111111111111111111111111111111111111111111111111111111111111111110 
2 0 0 2 2 2 0 0  10010101100111001001110110001000100111001001110010011110100011101000110010011111100111001001000010010111100100110111110010011100100111111001010010001100100100001001000010010000100011001001100010011000 
2 0 0 2 2 2 0 0  10010100100111001001110010001000100111001001110010011110100011101000110010000000100111001001000010010000100000001001110010011100100011111001010010001100100100001001000010010000100011101001100010011000 
2 0 0 2 2 2 0 0  10010100100111001001110010001000100111001001110010011110100011001000110010000000100111001001000010010000100000001001110010011100100011111001010010001100100100001001000010010000111111101001111110011100 
2 0 0 2 2 2 2 0  10010101100111001001110110001000100111001001110010011110100011101000110010011111100111001001000010010111100100110111110010011100100111111001010010001100100100001001000010010000100011001001111111111110 
2 0 0 0 0 0 0 0  10000000100000001000000010000000100000001000000010000000100000001000000010000000100000001001000010000000100000001000000010000000100000001000000010000000100100001001000010010000100000001001101110011100 
2 0 0 2 2 2 0 0  10010100100111001001110010001100100111001001000010011000100000001000110010000000100111001001000010010000100000001001110010011100100010001000000010000000100100001001000010010000100000001001100010000000 
2 0 0 2 2 2 0 0  10010101100111001001110010001100111111001001110010011110100011101011110010011111100111001001000010010111100100110111110010011100100111111001010010001100100100001001000010010000100011001001100010011000 
2 0 0 2 2 2 0 0  10010100100111001001110010001000100111001001110010011110100011101000110010011111100111001001000010010111100100110111110010011100100111111001010010001100100100001001000010010000100011001001100010011000 
2 2 2 2 2 2 2 0  11111111110111011111110110111111111111111111111111111111111111111111111111111111111111111111111111111111111111111111111111111111111111111111111111111111111111111111111111111111111111111111111111111110 
2 0 0 2 2 2 0 0  10010000100111001001000010000000100111001001110010011110100010001000110010000000100111001001000010010000100000001001110010011100100011001001010010000000100100001001000010010000100011001001100010011000 
2 0 0 2 2 2 0 0  10010101100111001001110010001100111111001001110010011110100011101011110010011111100111001001000010010111100000001001110010011100100011111001010010001100100100001001000010010000100000001001111110011100 
2 0 0 2 0 0 0 0  10010000100000001000000010000000100000001000000010000000100000001000000010000000100000001001000010000000100000001000000010000000100000001000000010000000100100001001000010010000100000001000000010000000 
2 0 0 2 0 0 0 0  10010000100100001001000010000000100111001001110010000000100000001000000010000000100111001001000010010000100000001001110010011100100011111001010010001000100100001001000010010000100000001001100010000000 
2 2 0 2 2 2 2 0  10010101100111001001110010001100111111001001110010011111111111111111111111111111100111111111111111111111100100110111110010011111111111111111111111111111111111111111111111111111111111111111111111111110 
