2 0 0 0 0 0 0 0  10000000100000001000000010000000100000001000000010000000100000001000000010000000100000001000000010000000100000001000000010000000100000001000000010000000100000001000000010000000100000001000000010000000 
2 2 2 2 2 2 2 0  11111111111111111111111111111111111111111111111111111111111111111111111111111111111111111111111111111111111111111111111111111111111111111111111111111111111111111111111111111111111111111111111111111110 
2 0 0 0 0 0 0 0  10000000100000001000000010000000100000001000000010000000100000001000000010000000100000001000000010000000100000001000000010000000100000001000000010000000100000001000000010000000100000001000000010001000 
2 0 0 0 2 2 0 0  10000000100000001000000010000000100000001000000010000000100000001000000010010100100010001110110010000000100110001000000010001000100000001000000010000000100100001001110010001100100000001000100010001000 
2 0 0 0 0 0 0 0  10000000100000001000000010000000100000001000000010000000100000001000000010000000100000001000000010000000100000001000000010001000100000001000000010000000100000001001110010001100100000001000100010001000 
2 0 0 0 0 0 0 0  10000000100000001000000010000000100000001000000010000000100000001000000010000000100000001000000010000000100000001000000010000000100000001000000010000000100000001000000010001100100000001000100010001000 
2 2 2 2 2 2 2 0  11111101111111001111111111111111111111111111111111111111111111111111111111111111111111111111111111111111111111111111111111111111111111111111111111111111111111111111111111111111111111111111111111111110 
2 0 0 0 0 0 0 0  10001000100010001010100010000000100000001000000010000000100000001000000010000000100000001000000010000000100000001000000010000000100000001000000010000000100000001000000010000000100000001000100010001000 
2 0 0 0 0 0 0 0  10000000100000001000000010000000100000001000000010000000100000001000000010000000100000001000000010000000100000001000000010000000100000001000000010000000100000001001110010001100100000001000100010001000 
2 0 0 0 0 0 0 0  10001000100000001000000010000000100000001000000010000000100000001000000010000000100000001000000010000000100000001000000010000000100000001000000010000000100000001000000010000000100000001000000010000000 
2 0 0 0 2 2 0 0  10001100100010001010100010000000100000001000000010000000100000001000000010000000100000001000000010000000100000001000000010000000100000001000000010000000100000001001110010001100100000001000111110001000 
2 0 0 0 2 2 0 0  10001100100011001010110010000000100000001000000010000000100000001000000010000000100000001000000010000000100000001000000010000000100000001000000010000000100000001000000010001100100000001000100010001000 
2 0 0 0 2 0 0 0  10001000100010001010100010000000101100001000000010000000100000001000000010000000100000001000000010000000100000001000000010000000100000001000000010000000100000001000000010000000100000001000100010001000 
2 0 0 0 2 2 0 0  10001100100010001010110010000000100000001000000010000000100000001000000010000000100000001000000010000000100111001001110110101000100101001000000010000000100000001000000010001100100000001000100010001000 
2 0 0 0 2 2 0 0  10001100100010001010100010000000100000001000000010000000100000001000000010000000100000001000000010000000100000001000000010000000100000001000000010000000100000001001110010001100100000001000100010001000 
2 0 0 0 0 0 0 0  10000000100000001000000010000000100000001000000010000000100000001000000010000000100000001000000010000000100000001000000010000000100000001000000010000000100000001000000010001100100000001000100010000000 
2 0 0 0 0 0 0 0  10000000100000001000000010000000100000001000000010000000100000001000000010000000100000001000000010000000100000001000000010000000100000001000000010000000100000001000000010000000100000001000100010001000 
2 0 0 0 0 0 0 0  10000000100000001000000010000000100000001000000010000000100000001000000010000000100000001000000010000000100000001000000010001000100000001000000010000000100000001000000010001100100000001000100010001000 
2 0 0 0 0 0 0 0  10001000100010001010100010000000100000001000000010000000100000001000000010000000100000001000000010000000100000001000000010000000100000001000000010000000100000001000000010000000100000001000000010000000 
2 2 2 2 2 2 2 0  11111101111111001111111111111111111111111111111111111111111111111111111111111111111111111111110010111111110111001101110111111111111111111111111111111111100101100101110010001100011111111111111111111110 
2 0 0 0 2 2 0 0  10001100100011001010110010000100100000001000000010000000100000001000000010000000100000001000000010000000100000001000000010000000100000001000000010000000100000001000110010001100100000001000100010001000 
2 0 0 0 2 2 0 0  10001100100010001010110010000000100000001000000010000000100000001000000010000000100000001000000010000000100000001000000010000000100000001000000010000000100000001000110010001100100000001000100010001000 
2 0 0 0 0 0 0 0  10001000100010001000000010000000100000001000000010000000100000001000000010000000100000001000000010000000100000001000000010000000100000001000000010000000100000001000000010001100100000001000110010001000 
2 2 2 2 2 2 0 0  10001100100011001110110010111100001111001111110010101100100111001001010010010100101111111110110010101000100111001111110110101000100101111011010100111111100100001001110010001100111111001000100010001000 
2 0 0 0 2 2 0 0  10001000100010001010100010000000101110001000110010101000100011001001010010010100100000001000000010000000100000001000000010000000100000001000000010000000100000001000000010001100100000001000100010001000 
2 0 0 0 2 2 0 0  10001100100011001010110010000100001110001000110010101000100000001000000010000000100000001000110010000000100000001000000010000000100000001000000010000000100000001000110010001100100000001000100010001000 
2 0 0 0 0 0 0 0  10000000100000001000000010000000100000001000000010000000100000001000000010000000100000001000000010000000100000001000000010001000100000001000000010000000100100111001110010001100100000001000111110011110 
2 2 2 2 2 2 0 0  11111100111111001111010010110100001111001000110010101000100011001001010010010100100010001110110010111000100111001111110110101000100100001000000010000000100100001001110010001100011100001000100010001000 
2 0 0 0 2 2 0 0  10001000100010001010100010000000101110001000110010101000100011001001010010010100100000001000100010000000100000001000000010000000100000001000000010000000100000001000110010001100100000001000100010001000 
2 2 2 2 2 2 2 0  11111101111111111111111111111111111111111111111111111111111111111111111111111111111111111111111111111111111111111111111111111111111111111111111111111111111111111111111111111111111111111111111111111110 
2 2 2 2 2 2 2 0  11111111111111111111111111111111111111111111111111111111111111111111111111111111111111111110110010101011110111001101110111111111111111111111111111111111100101100101110010001100011111111111111111111110 
2 0 0 0 0 0 0 0  10001000100010001010100010000000100000001000000010000000100000001000000010000000100000001000000010000000100000001000000010000000100000001000000010000000100000001000000010001100100000001000100010001000 
2 0 2 2 2 2 0 0  10001100100011001010110010111100001110001000110010101000100011001001010010000000100000001000000010000000100111001000000010001000100000001001010010000000100100001001110010001100100000001000100010001000 
2 0 0 0 0 0 0 0  10001000100000001000000010000000100000001000000010000000100000001000000010000000100000001000000010000000100000001000000010000000100000001000000010000000100000001000000010000000100000001001000010001000 
2 0 0 0 2 2 0 0  10001100100011001010110010000000100000001000110010101000100011001001010010010100100010001110110010111000100111001000000010001000100000001001010010000000100000001000110010001100100000001000100010001000 
2 0 0 0 0 0 0 0  10000000100000001000000010000000100000001000000010000000100000001000000010000000100000001000000010000000100111001000000010001000100000001001010010000000100100001001110010001100100000001000100010001000 
2 0 0 0 0 0 0 0  10000000100000001000000010000000100000001000000010000000100000001000000010000000100000001000000010000000100000001000000010001000100000001000000010000000100100111001110010001100100000001000110010001000 
2 2 2 2 2 2 2 0  11111101111111001111010001111111111111111111111111101111111111001001010010010100100111111111111111101011110111001101110111111111111111111111111111111111100111111111111111111111111111111111111111111110 
2 0 0 0 2 2 0 0  10001000100010001010110010000000100000001000000010000000100000001000000010000000100010001110110010000000100111001000000010001000100000001001010010000000100000001000110010001100100000001000100010001000 
2 0 2 0 2 2 0 0  10001100100011001010110010111100001111001000110010101000100011001000000010000000100000001000110010000000100000001000000010000000100000001000000010000000100000001000000010001100100001001000100010001000 
2 0 0 0 0 0 0 0  10001000100000001000000010000000100000001000000010000000100000001000000010000000100000001000000010000000100000001000000010000000100000001000000010000000100000001000000010000000100000001000100010001000 
2 0 2 2 2 2 0 0  10001100100011001010110010111100001111001000110010101100100111001001010010010100101110001110110010101000100111001111110110001000100101001000000010111111100100001001110010001100111111001000100010001000 
2 2 2 2 2 2 0 0  11111100111111001111010010110100101110001000110010101000100011001001010010010100100010001110110010111000100111001111110110101000100100001000000010000000100100001000110010001100100000001000100010001000 
2 0 0 0 0 0 0 0  10001000100000001000000010000000100000001000000010000000100000001000000010000000100000001000000010000000100000001000000010000000100000001000000010000000100000001000000010000000100000001000000010001000 
2 0 0 0 2 2 0 0  10001100100010001010110010000000100000001000000010000000100000001000000010000000100000001000000010000000100000001000000010000000100000001000000010000000100000001000110010001100100001001000100010001000 
2 2 2 2 2 2 0 0  11111100111111001111010010110100001111001110110010101100100111001001010010010100101111111110110010111000100111001111110110001000100101001000000010111111100100001001110010001100111110001000100010001000 
2 0 0 0 2 2 0 0  10001100100011001010110010000000100000001000000010000000100000001000000010000000100000001000000010000000100000001000000010000000100000001000000010000000100000001000000010000000100000001000000010001000 
2 0 2 2 2 2 0 0  10001100100011001010110010111100001111001000110010101000100011001001010010010100100010001110110010111000100000001000000010000000100000001000000010000000100000001000110010001100100000001000100010001000 
2 0 0 0 2 2 0 0  10001100100010001010110010000000100000001000000010000000100000001000000010000000100000001000000010000000100000001000000010000000100000001001010010000000100100001001110010001100100000001000100010001000 
2 0 0 0 0 0 0 0  10000000100000001000000010000000100000001000000010000000100000001000000010000000100000001000000010000000100000001000000010001000100000001000000010000000100100001000110010001100100000001000100010001000 
2 2 2 2 2 2 2 0  11111101111111001111010001111111111111001111111111111111111111111111111111111111111111111111111111111111111111111111111111111111111111111111111111111111111111111111111111111111111111111111111111111110 
2 0 0 0 2 0 0 0  10001100100010001010100010000000100000001000000010000000100000001000000010000000100000001000000010000000100000001000000010000000100000001000000010000000100000001000000010000000100000001000100010001000 
2 0 0 0 2 2 0 0  10001000100010001010110010000000100000001000000010000000100000001000000010000000100010001110110010000000100111001000000010001000100000001001010010000000100000001000110010001100100001001000100010001000 
2 0 0 0 0 0 0 0  10001000100010001000000010000000100000001000000010000000100000001000000010000000100000001000000010000000100000001000000010000000100000001000000010000000100000001000000010000000100000001000000010000000 
2 0 0 0 2 2 0 0  10001100100010001010110010000000100000001000000010000000100000001000000010000000100000001000000010000000100000001000000010001000100000001001010010000000100000001000110010001100100000001000100010001000 
2 0 0 0 2 2 0 0  10001000100010001010100010000000100010001000110010000000100000001000000010000000100000001000000010000000100000001000000010000000100000001000000010001000100000001000110010001100100000001000100010001000 
2 0 0 0 2 2 0 0  10001100100011001010110010010100101110001000110010101000100011001001010010010100100000001000000010000000100000001000000010000000100000001000000010001000100000001000110010001100100000001000100010001000 
2 0 0 2 2 2 0 0  10001000100010001010100010010100101110001000110010101000100011001001010010010100100000001000000010000000100000001000000010000000100000001001010010000000100100001001110010001100100000001000100010001000 
2 0 0 0 2 2 0 0  10001100100011001010110010000100100000001000000010000000100000001000000010000000100000001000000010000000100000001000000010000000100000001001010010000000100000001000110010001100100000001000100010001000 
2 0 0 0 2 2 0 0  10001100100011001010110010000000100010001000110010101000100011001001010010000000100000001000000010000000100000001000000010000000100000001000000010000000100000001000000010001100100000001000110010001000 
2 0 0 0 2 2 0 0  10001100100011001010110010000000100000001000000010000000100000001000000010000000100000001000000010000000100000001000000010001000100000001001010010000000100000001000110010001100111111001000100010001000 
2 0 0 0 2 2 0 0  10001100100011001010110010000100001110001000110010101000100000001000000010000000100000001000110010000000100000001000000010000000100000001000000010000000100000001000110010001100100001001000100010001000 
2 2 2 2 2 2 0 0  11111101111111001111110010110100101111001111110010101100100111001001010010010100101111011110110010111000100111001111110110101000100101111111111111111111100101100101110010001100011111001000100010001000 
2 2 2 2 2 2 0 0  11111100111111001111010010110100101111001111110010101100100111001001010010010100101111001110110010101000100111001111110110101000100101111011111110111111100100001001110010001100100011001000100010001000 
2 2 2 2 2 2 2 0  11111101111111111111111111111111111111111111111111111111111111111111111111111111111111111110110010101011110111001101110111111111111111111111111111111111100101100101110010001100011111111111111111111110 
2 0 0 0 2 2 0 0  10001000100010001010100010000000100010001000110010101000100011001001010010010100100010001110110010111000100111001000000010001000100000001001010010000000100000001000110010001100100001001000100010001000 
2 0 0 0 2 2 0 0  10001100100010001010110010000000100000001000000010000000100000001000000010000000100010001110110010000000100111001000000010001000100000001001010010000000100000001000110010001100100001001000100010001000 
2 0 0 0 0 0 0 0  10001000100010001000000010000000100000001000000010000000100000001000000010000000100000001000000010000000100000001000000010000000100101001000000010000000100000001000000010001100100000001000100010001000 
2 0 0 0 2 2 0 0  10001000100010001010100010000000100010001000110010000000100000001000000010000000100000001000000010000000100000001000000010000000100000001000000010001000100100001001110010001100111111001000100010001000 
2 0 0 2 2 2 0 0  10001000100010001000110010000000100000001000110010101000100011001001010010010100100010001110110010111000100111001000000010001000100000001001010010000000100000001000110010001100111111001000100010001000 
2 0 2 2 2 2 0 0  10001100100011001010110010111100001111001000110010101000100011001001010010010100100010001110110010111000100111001000000010001000100000001001010010001111100100001001110010001100100011001000100010001000 
2 2 2 2 2 2 0 0  10011100111111001111010010110100101111001111110010101100100111001001010010010100100010001110110010111000100111001111110110101000100100001000000010000000100100001001110010001100100000001000100010001000 
2 2 2 2 2 2 2 0  11111101111111111111111111111111111111111111111111111111111111111111111111111111111111111110110010101011110111001111110110101000100101111111111111111111100101100101110010001100011111111111111111111110 
2 0 2 2 2 2 0 0  10001100100011001010110010111100001111001000110010101100100111001001010010010100100010001110110010111000100111001000000010001000100000001001010010000000100100001001110010001100100000001000100010001000 
2 0 0 0 2 2 0 0  10000000100000001000000010000000100000001000000010000000100000001000000010000000100000001000000010111000100111001000000010001000100000001001010010000000100000001000110010001100100001001000100010001000 
2 0 0 0 0 0 0 0  10001000100010001000000010000000100000001000000010000000100000001000000010000000100000001000000010000000100000001000000010000000100000001000000010000000100000001000000010001100100000001000100010001000 
2 2 2 2 2 2 0 0  11111100111111001111010010110100101111001111110010101100100111001001010010010100101111001110110010111000100111001111110110101000100100001000000010000000100100001001110010001100111111001000110010001000 
2 0 0 0 2 2 0 0  10001000100010001010100010000000100010001000110010101000100011001001010010000000100000001000000010000000100000001000000010000000100000001000000010000000100000001000000010001100100000001000100010001000 
2 2 2 2 2 2 0 0  10001100100011001111010010110100101111001111110010101100100111001001010010010100101111001110110010101000100111001111110110101000100101111011111110111111100100001001110010001100100011001000100010001000 
2 2 2 2 2 2 2 0  11111101111111001111010001111100001111001111110010101100100111001001010010010100101111111110110010111000100111001111110110101011111111111111111111111111111111111111111111111111111111111111111111111110 
2 0 0 2 2 2 0 0  10001000100010001000110010000000100000001000110010101000100011001001010010010100100010001110110010111000100111001000000010001000100000001000000010000000100000001000000010001100100000001000100010001000 
2 2 2 2 2 2 0 0  11111100111111001111010010111100001111001111110010101100100111001001010010010100101111111110110010111000100111001111110110101000100101111111111111111111100101100101110010001100011111001000110010001000 
2 2 2 2 2 2 0 0  11111101111111001111010001111100001111001111110010101100100111001001010010010100101111111110110010111000100111001111110110101000100101111111110010001111100100001001110010001100100011001000100010001000 
2 0 2 2 2 2 0 0  10001100100011001010110010111100001111001000110010101100100111001001010010010100101110001110110010101000100111001111110110001000100101001000000010000000100100001001110010001100111100001000100010001000 
2 2 2 2 2 2 0 0  10001100100011001011010010111100001111001111110010101100100111001001010010010100101111111110110010111000100111001111110110101000100101111111111111111111100101100101110010001100011111001000110010001000 
2 0 2 2 2 2 0 0  10001100100011001010110010111100001111001000110010101100100111001001010010010100100010001110110010111000100111001000000010001000100000001011111110111111100100001001110010001100111111001000100010001000 
2 2 2 2 2 2 0 0  11111100111111001111010010111100001111001111110010101100100111001001010010010100101111111110110010111000100111001111110110101000100101111111111111110000100000001000110010001100100001001000100010001000 
2 2 2 2 2 2 0 0  11111101111111001111010001111111111111001111110010101100100111001001010010010100101111001110110010111000100111001111110110101000100101111111111111111111100101100101110010001100011111001000110010001000 
2 0 0 0 2 0 0 0  10001000100010001010100010000000100010001000110010101000100011001001010010000000100000001000000010000000100000001000000010000000100000001000000010000000100000001000000010000000100000001000100010001000 
2 0 0 0 0 0 0 0  10001000100000001000000010000000100000001000000010000000100000001000000010000000100000001000000010000000100000001000000010000000100000001000000010000000100000001000000010001100100000001000100010001000 
2 0 0 2 2 2 0 0  10001000100010001000110010000000100000001000110010101000100011001001010010010100100010001110110010111000100111001000000010001000100000001001010010000000100000001000000010001100100000001000110010001000 
2 2 2 2 2 2 0 0  11111101111111001111010001111111111111001111110010101100100111001001010010010100101111001110110010111000100111001111110110101000100101111111111111111111100101100101110010001100011111111111111111111110 
2 2 2 2 2 2 0 0  10011100111111001111010010110100101111001000110010101100100111001001010010010100100010001110110010111000100111001000000010001000100000001011111110111111100100001001110010001100110001001000100010001000 
2 0 2 2 2 2 0 0  10001100100011001010110010111100001111001000110010101100100111001001010010010100101110001110110010101000100111001111110110001000100101001000000010111111100100001001110010001100111111001000100010000110 
2 0 0 0 2 2 0 0  10001100100010001010100010000000100000001000000010000000100000001000000010000000100000001000000010000000100000001000000010000000100000001000000010000000100100001001110010001100100011001000100010001000 
2 0 0 0 2 2 0 0  10001000100010001000110010000000100000001000000010000000100000001000000010000000100000001000000010000000100000001000000010000000100000001000000010000000100000001000000010000000100000001000000010001000 
2 0 0 2 2 2 0 0  10001000100010001000110010000000100000001000110010101000100011001001010010010100100010001110110010111000100111001000000010001000100000001001010010000000100000001000110010001100100001001000100010001000 
2 0 2 2 2 2 0 0  10001000100010001000110010000000100000001000110010101000100011001001010010010100100010001110110010111000100111001000000010001000100000001001010010000000100000001000110010001100011111001000110010001000 
2 0 2 2 2 2 0 0  10001100100011001010110010111100001111001000110010101000100011001001010010010100100010001110110010101000100111001000000010001000100000001001010010000000100000001000110010001100100000001000100010001000 
2 0 2 2 2 2 0 0  10001100100011001010110010110100101111001111110010101100100111001001010010010100101111001110110010101000100111001111110110101000100101111011111110111111100100001001110010001100100001001000100010001000 
