2 0 0 0 0 0 0 0  10000000100000001000000010000000100000001000000010000000100000001000000010000000100000001000000010000000100000001000000010000000100000001000000010000000100000001000000010000000100000001000000010000000 
2 0 0 0 0 0 0 0  10000000100000001000000010000000100000001000000010000000100000001000000010000000100000001000000010000000100000001000000010000000100000001000000010000000100000001000000010001000100100001001000010000000 
2 0 0 0 0 0 0 0  10000000100000001000000010000000100000001000000010000000100000001000000010000000100000001000000010000000100000001000000010000000100000001000000010000000100000001000000010001000100100001001000010010000 
2 0 0 1 0 0 0 0  10010000100000001000000010000000100000001000000010000000100000001000000010000000100000001000000010000000100000001000000010000000100000001000000010000000100000001000000010000000100000001000000010000000 
2 2 1 1 1 1 2 0  11111111111111111111111111111111111111111111111111111111111111111111111111111111111111111111111111111111111111111111111111111111111111111111111111111111111111111111111111111111111111111111111111111110 
2 0 0 1 0 0 0 0  10010000100100001000000010000000100000001000000010000000100000001000000010000000100000001000000010000000100000001000000010000000100000001000000010000000100000001000000010000000100000001000000010000000 
2 0 0 1 1 1 0 0  10010000100100001001110010001000100100001000000010011111100011001001000010000000100000001000000010000000100000001000000010011000100000001001110010010100100100001001110010001000100100001001000010000000 
2 0 0 0 0 0 0 0  10000000100000001000000010000000100000001000000010000000100000001000000010000000100000001000000010000000100000001000000010000000100000001000000010000000100000001000000010000000100000001001000010011111 
2 0 0 0 0 0 0 0  10000000100000001000000010000000100000001000000010000000100000001000000010000000100000001000000010000000100000001000000010000000100000001000000010000000100000001000000010000000100000001000000010010000 
2 2 1 1 1 1 2 0  11010101110101001001110011111111111111111111111111111111111111111111111111111111111111111111111111111111110111001111001111111111111111111111111110010100100011111001111111111110111111001001001010011111 
2 0 0 1 1 1 0 0  10010000100100001001000010000000100000001000000010000000100000001000000010000000100000001000000010000000100000001000000010000000100000001000000010010100100100001001110010000000100100001001000010000000 
2 0 0 1 1 1 0 0  10010000100100001001000010000000100000001000000010000000100000001000000010000000100000001000000010000000100000001000000010000000100000001000000010010100100100001001110010000000100000001000000010000000 
2 0 0 0 0 0 0 0  10010000100000001000000010000000100000001000000010000000100000001000000010000000100000001000000010000000100000001000000010000000100000001000000010000000100000001000000010000000100000001001000010000000 
2 0 0 1 1 1 0 0  10010100100100001001000010000000100000001000000010000000100000001000000010000000100000001000000010000000100000001000000010000000100000001000000010010100100100001001110010000000100000001000000010000000 
2 2 1 1 1 1 2 0  11111101111111111111111111111111111111111111111111111111111111111111111111111111111111111111111111111111111111111111111111111111111111111111111111111111111111111111111111111111111111111111111111111110 
2 0 0 0 0 0 0 0  10000000100000001000000010000000100000001000000010000000100000001000000010000000100000001000000010000000100000001000000010000000100000001000000010000000100000001000000010000000100000001001000010010000 
2 2 1 1 1 1 2 0  11111101110101011101110111111111111111111111111111111111111111111111111111111111111111111111111111111111111111111111111111111111111111111111111111111111111111111111111111111111111111111111111111111110 
2 0 0 1 1 1 0 0  10010000100100001001000010000000100000001000000010000000100000001000000010000000100000001000000010000000100000001111000010011000100000001001110010010100100100001001000010001000100101001001000010010000 
2 0 0 1 1 1 0 0  10010100100101001001000010000000100000001000000010000000100000001000000010000000100000001000000010000000100000001001000010011000100000001001110010010100100100001001110010001000100101001001000010010000 
2 2 1 1 1 1 2 0  11011101110101001101110011111111111111111111111111111111111111111001111110011111111111111111111111111100100111001111000010011011111111111111110010010100100100001001110010001010111111001001001010011110 
2 0 0 1 1 1 0 0  10010100100100001001000010000000100000001000000010000000100000001000000010000000100000001000000010000000100000001011000010011000100000001001110010010100100100001001110010001000100100001001000010000000 
2 0 0 1 1 1 0 0  10010000100101001001110010000000100000001000000010000000100000001000000010000000100000001000000010000000100000001000000010000000100000001000000010000000100100001000000010001000100100001001000010000000 
2 0 0 1 0 0 0 0  10000000100000001000000010000000100000001000000010000000100000001000000010000000100000001000000010000000100000001000000010000000100000001000000010000000100000001001000010001000100101001001000010010000 
2 2 1 1 1 1 2 0  11011101110101011101110111111111111111111111111111111111111111111111111111111111111111111111111111111100100111001111000010011011111111111111110010010100100100001001110010001010111111001001001010011110 
2 0 0 1 1 1 0 0  10010000100100001001010010001000100100001000000010011111100011001001111110011110100011111000000010001100100000001000000010011000100000001001000010010100100100001001000010001000100101001001000010000000 
2 0 0 1 1 1 0 0  10010000100100001001010010000000100000001000000010000000100000001000000010000000100000001000000010000000100000001000000010000000100000001000000010010100100100001001000010001000100101001001000010010000 
2 0 0 1 1 1 0 0  10010100100100001001010010000000100000001000000010000000100000001000000010000000100000001000000010000000100000001000000010000000100000001000000010010100100100001001000010001000100101001001000010010000 
2 2 1 1 1 1 2 0  11011101110101011101110111111111111111111111111111111111111111111111111111111111111111111111111111111100100111001111000010011011111111111111110010010100100101111111111111111111111111111111111010011010 
2 0 0 1 1 1 0 0  10010100100100001001000010000000100000001000000010000000100000001000000010000000100011111000000010000000100000001011000010011000100000001001110010010100100100001001110010001000100101001001000010010000 
2 0 0 1 1 1 0 0  10010000100100001001000010000000100000001000000010000000100000001000000010000000100000001000000010000000100000001000000010000000100000001000000010010100100100001001000010001000100101001001000010010000 
2 0 0 1 1 1 0 0  10010000100100001001110010001000100100001000000010011111100000001001111110011110100011111001000010000000100000001011000010011000100000001001110010010100100100001001000010001000100101001001000010010000 
2 2 1 1 1 1 2 0  10010100100101001001110010011111111111111111111111111111111111111111111110011110100011111001111111111100100111001111111111111111111111111111110010010100100011111111111111111111111111001001001011111110 
2 0 0 1 1 1 0 0  10010000100100001001110010001000100100001000000010011111100011001001000010000000100000001000000010000000100000001000000010011000100000001001110010010100100100001001000010000000100100001001000010000000 
2 0 0 1 1 1 0 0  10010100100100001001000010000000100000001000000010000000100000001000000010000000100000001000000010000000100000001000000010000000100000001000000010010100100100001001110010000000100100001001000010000000 
3 0 0 1 1 1 0 0  10000000100000001000000010000000100000001000000010000000100000001000000010000000100000001000000010000000100000001000000010000000100000001001110010010100100100001001000010001000100101001001000010010000 
2 2 1 1 1 1 2 0  11111111111111111111111111111111111111111111111111111111111111111001111110011110100011111111111010001111111111001111001011101011111111111111110010010100100011111111111111111111111111001001001011111110 
2 2 1 1 1 1 2 0  11111101110101011101110111111111111111111111111111111111111111111111111110011111111111111111111111111100100111001111001111111111111111111111110010010100100011111111111111111110111111001001001010011110 
2 0 0 1 1 1 0 0  10010100100100001001000010000000100000001000000010000000100000001000000010000000100000001000000010000000100000001000000010000000100000001001110010010100100100001001000010001000100101001001000010010000 
3 0 0 1 1 1 0 0  10000000100000001000000010000000100000001000000010000000100000001000000010000000100000001000000010000000100000001000000010000000100000001000000010010100100100001001000010001000100101001001000010010000 
2 0 0 1 1 1 0 0  10010000100100001001110010001000100100001000000010011111100011001001000010000000100000001000000010000000100000001000000010011000100000001001110010010100100100001001110010001000100101001001000010010000 
2 0 0 1 1 1 0 0  10010100100101001001010010011110100100001000000010011111100011001001111110011110100011111000000010001100100100001000000010011000100000001001110010010100100100001001000010001000100101001001000010010000 
2 0 0 1 1 1 0 0  10010100100101001001010010011110100100001000000010000000100000001000000010000000100000001000000010000000100000001000000010011000100000001001000010010100100100001001000010001000100101001001000010000000 
2 0 0 1 1 1 0 0  10000000100000001000000010000000100000001000000010000000100011001001000010000000100000001000000010000000100100001000000010011000100000001001110010010100100100001001110010001000100101001001000010010000 
2 0 0 1 1 1 0 0  10010000100100001001010010001000100100001000000010000000100000001000000010000000100000001000000010000000100000001000000010000000100000001000000010000000100100001000000010000000100100001001000010000000 
2 0 0 1 1 1 0 0  10010000100100001001000010000000100000001000000010000000100000001000000010000000100000001000000010000000100000001000000010011000100000001001110010010100100100001001000010001000100101001001000010010000 
2 0 0 1 1 1 0 0  10010100100101001001000010000000100000001000000010000000100000001000000010000000100000001000000010000000100000001000000010000000100000001000000010000000100100001000000010000000100100001001000010010000 
2 0 0 1 1 1 0 0  10010100100100001001000010000000100000001000000010000000100000001000000010000000100000001000000010000000100000001000000010000000100000001000000010010100100100001001000010001000100101001001000010010000 
2 2 1 1 1 1 2 0  11111101110101011111111111111111111111111111111111111111111111111111111111111111111111111111111111111111111111111111111111111111111111111111111111111111111111111111111111111111111111111111111111111110 
2 2 1 1 1 1 2 0  11111101111111111101110111111111111111111111111111111111111111111001111110011110100011111001001111111100100111001111001111111111111111111111110010010100100011111111111111111111111111111111111111111110 
2 0 0 1 1 1 0 0  10010100100101001001010010011110100100001000000010000000100000001000000010000000100000001000000010000000100000001000000010011000100000001001110010010100100100001001110010001000100101001001000010010000 
3 0 0 1 1 1 0 0  10000000100000001000000010000000100000001000000010000000100000001000000010000000100000001000000010000000100000001011000010011000100000001001110010010100100100001001000010001000100101001001000010010000 
2 0 0 1 1 1 0 0  10000000100000001000000010000000100000001000000010000000100011001001000010000000100000001000000010000000100100001000000010011000100000001001110010010100100100001001000010001000100101001001000010010000 
2 0 0 1 1 1 0 0  10010100100101001001000010000000100000001000000010000000100000001000000010000000100000001000000010000000100000001000000010000000100000001000000010010100100100001001000010001000100101001001000010010000 
2 0 0 1 1 1 0 0  10010100100101001001000010000000100000001000000010000000100000001000000010000000100000001000000010000000100000001000000010000000100000001001110010010100100100001001000010001000100101001001000010010000 
2 2 1 1 1 1 2 0  11010101110101001001010010011110100111111111110010011111100011001001111110011111111111111111111111111100100111001111001111111111111111111111110010010100100100001001111111111111111111111111111111111110 
2 2 1 1 1 1 2 0  11011101110101011101110111111111111111111111111111111111111111111111111111111111111111111111111111111111111111111111111111111111111111111111110010010100100011111111111111111111111111111111111010011010 
2 0 0 1 1 1 0 0  10010000100100001001010010001000100100001000000010000000100000001000000010000000100000001000000010000000100000001011000010011000100000001001110010010100100100001001000010001000100101001001000010010000 
2 2 0 1 1 1 2 0  11010101110101001001110010011111111111111111110010011111100011001001111110011110100011111001111111111100100111001111000010011011111111001001110010010100100100001001000010001000100101001001000010010000 
2 2 1 1 1 1 2 0  11111101111111111101110110011111111100111111111111111111111111111111111111111111111111111111111111111111111111111111111111111111111111111111111111111111111111111111111111111111111111111111111111111110 
2 0 0 1 1 1 0 0  10010100100101001001000010000000100000001000000010000000100000001000000010000000100000001000000010000000100000001000000010000000100000001000000010010100100100001001110010000000100100001001000010000000 
2 2 0 1 1 1 2 0  10010100100101001001010010011111111111111111110010011111111111111111111111111111111111111111111111111111111111111111111111111111111111111111111111111111111111111111111111111010111111001001001010011110 
2 0 0 1 0 0 0 0  10000000100000001000000010000000100000001000000010000000100000001000000010000000100000001000000010000000100000001000000010000000100000001000000010000000100000001001000010001000100101001001000010010010 
2 0 0 1 1 1 2 0  10010100100101001001010010011110100100001000110010011111100011001001111110011110100011111001111111111100100111001111000010011011111111001001110010010100100100001001000010001000100101001001001010011110 
2 2 1 1 1 1 2 0  11111101110101011111111111111111111111111111111111111111111111111111111111111111111111111111111111111111111111111111111111111111111111111111111111111111111111111111111111111010111111001001000010011110 
2 2 1 1 1 1 2 0  11111101111111111111111111111111111111111111111111111111111111111111111111111111111111111111111111111111111111111111111111111111111111111111110010010100100011111111111111111110111111001001001010011110 
2 2 1 1 1 1 2 0  11010101110101001001010010011110100111111111110010011111100011001001111110011110100011111001111111111100100111001011000010011000100111111111110010010100100011111111111111111110111111001001001010011110 
2 0 0 1 0 0 0 0  10010000100100001000000010000000100000001000000010000000100000001000000010000000100000001000000010000000100000001000000010000000100000001000000010000000100000001000000010000000100000001001000010010000 
2 0 0 1 1 1 0 0  10010100100101001001010010011110100100001000000010010000100011001001000010000000100000001000000010000000100100001000000010011000100000001001110010010100100100001001000010001000100101001001000010010000 
2 0 0 1 1 1 0 0  10010100100101001001010010011000100100001000000010000000100000001000000010000000100000001000000010000000100000001000000010000000100000001000000010000000100100001000000010000000100100001001000010000000 
2 0 0 1 0 0 0 0  10010000100000001000000010000000100000001000000010000000100000001000000010000000100000001000000010000000100000001000000010000000100000001000000010000000100000001000000010000000100101001001000010010000 
2 0 0 1 0 0 0 0  10010000100100001001000010000000100000001000000010000000100000001000000010000000100000001000000010000000100000001000000010000000100000001000000010000000100000001000000010000000100000001000000010000000 
2 2 1 1 1 1 2 0  11011101110101001101110011111111111111111111111111111111111111111001111110011111111111111111111111111100100111001111001111111111111111001001110010011100100011111111111111111111111111001001001011111110 
2 2 1 1 1 1 2 0  11111101110101011101110111111111111111111111111111111111111111111111111110011111111111111111111111111100100111001111001111111111111111111111111111111111111111111111111111111111111111111001001010011110 
2 2 0 1 1 1 2 0  11010101110101001001110010011111111111111111111111111111111011001001111110011110100011111001111111111100100111001111000010011011111111001001110010010100100100001001000010001000100101001001000010010000 
2 0 0 1 1 1 0 0  10010000100100001001010010001000100100001000000010000000100000001000000010000000100000001000000010000000100000001000000010000000100000001000000010000000100000001000000010000000100000001000000010010000 
2 2 0 1 1 1 2 0  10010100100101001001110010011111111111111111110010011111100011001001111110011110100011111001111111111100100111001111000010011011111111001001110010010111111111111111111111111010111111001001001010011110 
2 0 0 1 1 1 0 0  10010100100101001001010010011110100100001000000010011111100011001001111110011110100011001000000010000000100100001000000010011000100000001001110010010100100100001001000010001000100101001001000010010000 
2 0 0 1 1 1 2 0  10010100100101001001010010011110100100001000110010011111100011001001111110011110100011111001111111111100100111001111000010011011111111001001110010010100100100001001000010001000100101001001000010010000 
2 0 0 1 1 1 0 0  10010100100101001001010010011110100100001000110010011111100011001001111110011110100011111001111111111100100111001111000010011000100000001001110010010100100100001001000010001000100101001001000010010000 
2 2 1 1 1 1 2 0  10010100100101001001010010011111111111111111110010011111100011001001111110011110100011111001111111111100100111001111000010011011111111001001110010010100100100001001000010001000100101001001000010011110 
2 0 0 1 1 1 0 0  10010100100101001001010010011100100000001000000010000000100000001000000010000000100000001000000010000000100000001000000010000000100000001001110010010100100100001001000010001000100101001001000010010000 
2 2 0 1 1 1 2 0  11010101110101001001010010011110100111111111111111111111111111111001111110011110100011111001111111111100100111001111001111111111111111111111111111111111111111111111111111111110111111001001001010011110 
2 0 0 1 1 1 0 0  10010000100100001001010010000000100000001000000010000000100000001000000010000000100011111000000010001100100000001000000010011000100000001001000010010100100100001001000010001000100101001001000010010000 
2 0 0 1 1 1 0 0  10010100100101001001010010011000100100001000000010000000100000001000000010000000100000001000000010000000100000001000000010000000100000001000000010010100100100001001110010000000100100001001000010000000 
2 0 0 1 1 1 0 0  10010100100100001001000010000000100000001000000010000000100000001000000010000000100000001000000010000000100000001011000010011000100000001001110010010100100100001001010010001000100101001001000010010000 
2 2 1 1 1 1 2 0  10010100100101001001110010011111111111111111110010011111100011001001111110011110100011111001001111111100100111001111001111111111111111111111110010010100100011111111111111111110111111001001001011111110 
2 0 0 1 1 1 2 0  10010100100101001001010010011110100100001000110010011111100011001001111110011110100011111001111111111100100111001011000010011011111111111111110010010100100111111111111111111010111111001001001010011110 
2 0 0 0 0 0 0 0  10010000100000001000000010000000100000001000000010000000100000001000000010000000100000001000000010000000100000001000000010000000100000001000000010000000100000001000000010000000100000001001000010010000 
2 2 0 1 1 1 2 0  10010100100101001001010010011110100111111111110010011111100011001001111110011110100011111001111111111100100111001011000010011011111111001001110010010100100100001001000010001000100101001001000010010000 
2 0 0 1 0 0 0 0  10010000100100001001000010000000100000001000000010000000100000001000000010000000100000001000000010000000100000001000000010000000100000001000000010000000100000001000000010000000100000001000000010001110 
2 2 0 1 1 1 2 0  10010100100101001001010010011110100111111111110010011111100011001001111110011110100011111001111111111100100111001011000010011011111111111111110010010100100111111111111111111010111111001001001010011110 
2 0 0 1 1 1 0 0  10010100100101001001010010011110100100001000000010010000100011001001000010000000100000001000000010000000100100001000000010011000100000001001110010010100100100001001010010001000100111001001001010011110 
2 0 0 1 1 1 0 0  10010100100101001001010010011110100100001000110010011111100011001001000010000000100000001000000010000000100100001000000010011000100000001001110010010100100100001001000010001000100101001001000010010000 
2 0 0 1 1 1 2 0  10010100100101001001010010011110100100001000000010011111100011001001111110011110100011111001111111111100100111001011000010011000100000001001110010010100100100001001000010001000100101001001000010010010 
2 0 0 1 1 1 0 0  10010100100101001001010010011000100100001000000010010000100011001001000010000000100000001000000010000000100100001000000010011000100000001001110010010100100100001001010010001000100111001001001010011110 
2 0 0 1 1 1 2 0  10010100100101001001010010011110100100001000000010011111100011001001111110011110100011111000000010001100100110001011000010011000100000001001110010010100100100001001000010001000100101001001001010011110 
2 0 0 1 1 1 0 0  10010000100100001001010010001000100100001000000010000000100000001000000010000000100000001000000010000000100000001000000010000000100000001000000010000000100100001001000010001000100101001001000010010000 
2 0 0 1 1 1 0 0  10000000100000001000000010000000100000001000000010000000100000001000000010000000100000001000000010001100100000001000000010011000100000001001000010010100100100001001000010001000100101001001000010000000 
2 2 0 1 1 1 2 0  11010101110101001001010010011110100111111111110010011111100011001001111110011110100011111001111110001100100111001111000010011011111111001001110010010100100100001001000010001000100101001001000010010000 
2 0 0 1 1 1 0 0  10010100100101001001010010011110100100001000110010011111100011001001111110011110100011111000000010000000100100001000000010011000100000001001110010010100100100001001000010001000100101001001000010010000 
