2 2 2 2 2 2 2 0  11111111111111111111111111111111111111111111111111111111111111111111111111111111111111111111111111111111111111111111111111111111111111111111111111111111111111111111111111111111111111111111111111111111 
2 0 0 0 0 0 0 0  10001000100000001000000010000000100000001000000010000000100000001000000010000000100000001000000010000000100000001000000010000000100000001000000010000000100000001000000010000000100000001000000010001000 
2 0 0 0 0 0 0 0  10001000100010001000000010000000100000001000000010000000100000001000000010000000100000001000000010000000100000001000000010000000100000001000000010000000100000001000000010000000100000001000000010000000 
2 0 0 0 0 0 0 0  10001000100010001001000010000000100000001000000010000000100000001000000010000000100000001000000010000000100000001000000010000000100000001000000010000000100000001000000010000000100000001000000010001000 
2 0 0 0 0 0 0 0  10001000100010001001010010000000100000001000000010000000100000001000000010000000100000001000000010000000100000001000000010000000100000001000000010000000100000001000000010000000100000001000000010001000 
2 0 0 0 0 0 0 0  10001000100010001000000010000000100000001000000010000000100000001000000010000000100000001000000010000000100000001000000010000000100000001000000010000000100000001000000010000000100000001000110011001000 
2 0 0 0 0 0 0 0  10001000100000001000000010000000100000001000000010000000100000001000000010000000100000001000000010000000100000001000000010000000100000001000000010000000100000001000000010000000100000001000000010001110 
2 0 0 0 0 0 0 0  10001000100010001000000010000000100000001000000010000000100000001000000010000000100000001000000010000000100000001000000010000000100000001000000010000000100000001000000010000000100000001000100010001000 
2 0 0 0 0 0 0 0  10001000100010001001000010000000100000001000000010000000100000001000000010000000100000001000000010000000100000001000000010000000100000001000000010000000100000001000000010000000100000001000100010001000 
2 0 0 0 0 0 0 0  10000000100000001000000010000000100000001000000010000000100000001000000010000000100000001000000010000000100000001000000010000000100000001000000010000000100000001000000010000000100000001000000010001000 
2 0 0 0 0 0 0 0  10000000100000001000000010000000100000001000000010000000100000001000000010000000100000001000000010010000100101001001010010000000100000001000000010000000100000001000000010000000100000001000000010000000 
2 0 0 0 0 0 0 0  10001000100010001000000010000000100000001000000010000000100000001000000010000000100000001000000010000000100000001000000010000000100111001000000010000000100000001000000010000000100000001000110011001000 
2 2 2 2 2 2 2 0  11111101110111011111111111111111111111111111111111111111111111111111111111111111111111111111111111111111111111111111111111111111111111111111111111111111111111111111111111111111111111111111111111111111 
2 0 0 0 0 0 0 0  10000000100000001000000010000000100000001000000010000000100000001000000010000000100000001000000010000000100000001000000010000000100111001000000010000000100111001001100011010100100100001000110010001100 
2 0 0 0 0 0 0 0  10000000100000001000000010000000100000001000000010000000100000001000000010000000100000001000000010010000100101001001010010000000100000001000000010000000100000001101010011010100100100001001110011011100 
2 0 0 0 0 0 0 0  10000000100000001000000010000000100000001000000010000000100000001000000010000000100000001000000010000000100000001000000010000000100000001000000010000000100000001000000010000000100000001000110010001100 
2 0 0 0 2 2 0 0  10001000100010001001010010011000100000001000000010000000100000001000000010000000100000001000000010000000100000001000000010000000100000001000000010000000100000001000000010000000100000001000110010001100 
2 0 0 0 0 0 0 0  10000000100000001000000010000000100000001000000010000000100000001000000010000000100000001000000010010000100101001001010010000000100000001000000010000000100000001000000010000000100100001000000010001000 
2 2 2 2 2 2 2 0  11111101110111011111111111111111111111111111111111111111111111111111111111111111111111000101111010010011110101001001010001011100111111111111111111111100100111011101010011010100100100001001110011111100 
2 2 2 2 2 2 2 0  11011101110111001111111111111111111111111111111111111111111111111111111111111111111111111111111111111111111111111111111111111111111111111111111111111111111111011101011111010100011100111100110011111100 
2 2 0 2 2 2 0 0  01010000010111000101010010011100010100001001000010001000110110000100000010000000100000001000000010010000100000001001010001011100100100001111000010000000100110001001100011010100100100001000100010001000 
2 2 0 2 2 2 2 0  11011101110111001111010010011100010111111001001111111100110111011111111111111111111111000101111010010011110101001001010001011100111111111111111111111111111111111111111111111111111111001001110011011100 
2 0 0 0 0 0 0 0  10001000100010001001000010000000100000001000000010000000100000001000000010000000100000001000000010000000100000001000000010000000100000001000000010000000100000001000000010000000100100001000100010001000 
2 0 0 0 0 0 0 0  10001000100000001000000010000000100000001000000010000000100000001000000010000000100000001000000010000000100000001000000010000000100000001000000010000000100000001000000010000000100000001000110010001100 
2 0 0 0 2 2 0 0  10001000100010001001010010000000100000001000000010000000100000001000000010000000100000001000000010000000100000001000000010000000100000001000000010000000100000001000000010000000100000001000110010001100 
2 2 0 2 2 2 2 0  11011101110111001111010010011100010111111001001111111100110111011111111111111111111111000101111010010011110101001001010001011100111111111111111111111111111111111101010011010100100100001001110011011100 
2 2 0 2 2 2 0 0  01010000010111000101010010011100010100001001000010001000110110000100000010000000100000001000000010010000100101001001010001011100100100001111000010000000100111001001100011010100100100001000110011001000 
2 2 0 2 2 2 0 0  01010000010111000101010010011100010100001001000010001000110100000111000001000100111100000101110010010000100101001001010001010000100100001111000010000000100110001001100011010100100100001000100010001000 
2 2 0 2 2 2 0 0  10001000100010001001010010011000100110001001000010001000110100000111000001000100111100000101110010010000100101001001010001011100100100001111000010000000100110001001100011010100100100001000110010001100 
2 2 0 2 2 2 0 0  10001000100010001001010010011000100110001001000010001000110110000100000010000000100000001000000010010000100101001001010001011100100100001111000011110000100111011101010011010100100100001001110011011100 
2 0 0 2 2 2 0 0  10001000100010001001000010000000100000001000000010000000100000001000000010000000100000001000000010000000100000001000000010000000100000001000000010000000100000001000000010000000100100001000110010001000 
2 0 0 0 0 0 0 0  10000000100000001000000010000000100000001000000010000000100000001000000010000000100000001000000010010000100101001001010010000000100000001000000010000000100000001000000010000000100000001000000010011000 
2 0 0 0 0 0 0 0  10001000100010001000000010000000100000001000000010000000100000001000000010000000100000001000000010000000100000001000000010000000100111001000000010000000100000001000000010000000100100001000110010001100 
2 2 0 2 2 2 0 0  10001000100010001001010010011100010111001001000010001000110110000111000001000100111100000101111010010000100101001001010001011100100100001111000011110000100111011101010011010100100100001001110011011100 
2 0 0 0 2 2 0 0  10001000100010001001010010011000100110001000000010000000100000001000000010000000100000001000000010000000100000001000000010000000100000001000000010000000100000001000000010000000100000001000110010001100 
2 0 0 0 0 0 0 0  10000000100000001000000010000000100000001000000010000000100000001000000010000000100000001000000010010000100101001001010010000000100000001000000010000000100000001000000010000000100000001000110010001100 
2 2 0 2 2 2 0 0  10001000100010001001010010011000100110001001000010001000110100000111000001000100111100000101110010010000100101001001010001011100100100001111000011110000100111011101010011010100100100001000100010001000 
2 2 0 2 2 2 0 0  11011101110111000101010010011100010111001001000010001000110110000111000001000100111100000101000010010000100101001001010001011100100100001111000011110000100111011101010011010100100111001001110011011100 
2 0 0 0 0 0 0 0  10000000100000001000000010000000100000001000000010000000100000001000000010000000100000001000000010010000100101001001010010000000100000001000000010000000100111011101010011010100100100001001110011011100 
2 2 2 2 2 2 2 0  11011101110111011111010010011100010111111111111111111111111111111111111111111111111111111111111111111111111111111111111111011100111111111111111111111111111111111111111111111111111111001001110011011100 
2 2 0 2 2 2 0 0  01010000010111000101010010011100010100001001000010001000110110000100000010000000100000001000000010010000100000001001010001010000100000001000000010000000100110001001100011010100100100001000000010001000 
2 0 0 0 0 0 0 0  10001000100010001000000010000000100000001000000010000000100000001000000010000000100000001000000010000000100000001000000010000000100111001000000010000000100000001000000010000000100100001000100010001000 
2 2 2 2 2 2 2 0  11111111111111111111111111111111111111111111101111111100110111011111111111111111111111000101111010010011110101001001010001011100111111111111111111111100100111011101010011010100100100001001110011111100 
2 0 0 0 0 0 0 0  10001000100010001000000010000000100000001000000010000000100000001000000010000000100000001000000010000000100000001000000010000000100000001000000010000000100000001000000010000000100000001000110010001100 
2 2 0 2 2 2 0 0  01010000010111000101010010011100010100001001000010001000110100000111000001000100111100000101110010010000100101001001010001011100100100001111000011110000100111011101010011010100100111001001110011011100 
2 2 2 2 2 2 2 0  11111111111111111111010010011100010111111111110011111100110111011111111111111111111111000101111010010011110101001001010001011100111111111111111111111100100111011101010011011111111111111111110011011100 
2 2 0 2 2 2 0 0  10001000100010001001010010011000010111001001000010001000110110000111000001000100111100000101000010010000100101001001010001011100100100001111000011110000100111011101010011010100100111001001110011011100 
2 2 0 2 2 2 0 0  11011101110111000101010010011100010111001001000011111100110111011111111111000100111100000101110010010000100101001001010001011100100100001111000011110000100111011101010011010100100100001000100010001000 
2 2 0 2 2 2 0 0  01010100010111000101010010011100010111001001000010001000110110000111000001000100111100000101111010010000100101001001010001011100100100001111000011110000100111011101010011010100100100001001110011011100 
2 2 0 2 2 2 0 0  10001000100010001001010010011000100110001001000010001000110100000111000001000100111100000101110010010000100101001001010001011100100100001111000011110000100111011101010011010100100111001001110011011100 
2 2 0 2 2 2 0 0  11011101110111000101010010011100010111001001000011111100110111011111111111111111111111000101111010010000100101001001010001011100100100001111000011110000100111011101010011010100100100001001110011011100 
2 2 0 2 2 2 0 0  01010000010111000101010010011100010111001001000011111100110111011111100001000100111100000101111010010000100101001001010001011100100100001111000011110000100111011101010011010100100100001001110011011100 
2 2 0 2 2 2 0 0  01010100010111000101000010011000100110001001000010001000110110000100000010000000100000001000000010010000100101001001010001011100100100001111000011110000100111011101010011010100100100001001110011011100 
2 0 0 0 0 0 0 0  10000000100000001000000010000000100000001000000010000000100000001000000010000000100000001000000010010000100101001001010010000000100000001000000010000000100000001000000010010100100100001001110011011100 
2 2 0 2 2 2 0 0  11011101110111000101010010011100010111001001000010001000110110000111000001000100111100000101000010010000100101001001010001011100100101001000000010000000100111001001100011010100100100001000110010001100 
2 2 2 2 2 2 2 1  11111101110111011111111111111111111111111111110011111100110111011111111111111111111111000101111010111111111111111111010001011100111111111111111111111111111111111111111111111111111111111111111111111100 
2 2 0 2 2 2 0 0  01010000010111000101010010011100010111111001001111111100110111011111100001000100111100000101111010010000100101001001010001011100100100001111000011110000100111011101000010010100100100001001110011011100 
2 2 0 2 2 2 0 0  11010100010111000101010010011100010100001001000010001000110101011111111101000100111100000101111010010000100101001001010001011100100100001111000011110000100111011101010011010100100111001001110011011100 
2 2 0 2 2 2 0 0  01010100010111000101010010011100010100001001000010001000110100000111000001000100111100000101110010010000100101001001010001011100100100001111000010000000100110001001100011010100100100001000110010001100 
2 2 0 2 2 2 0 0  10001000100010001001010010011100010111001001000011111100110111011111100001000100111100000101111010010000100101001001010001011100100100001111000011110000100111011101010011010100100100001001110010001100 
2 2 0 2 2 2 0 0  01010000010111000101010010011100010111001001000010001000110110000111000001011111111111000101111010010011110101001001010001011100111111111111111111111100100111011101010011010100100100001001110011011100 
2 2 0 2 2 2 0 0  01010100010111000101000010011000100110001001000010001000110110000100000010000000100000001000000010010000100101001001010010000000100000001000000010000000100000001101010011010100100100001001110011011100 
2 0 0 0 0 0 0 0  10000000100000001000000010000000100000001000000010000000100000001000000010000000100000001000000010000000100000001000000010000000100000001000000010000000100000001000000010000000100000001000100010001000 
2 2 0 2 2 2 0 0  11011101110111011111010010011100010111111111110011111100110111011111111111111111111111000101110010010000100101001001010001011100100100001111000011110000100111011101010011010100100111001001110011011100 
2 2 0 2 2 2 0 0  01010000010111000101010010011100010100001001000010001000110100000111000001000100111100000101110010010000100101001001010001011100100100001111000011110000100111001001100011010100100100001001110011011100 
2 2 0 2 2 2 0 0  11010100010111000101010010011100010111001001000010001000110110000111000001000100111100000101111010010000100101001001010001011100100100001111000011110000100111011101010011010100100100001001110011011100 
2 0 0 2 2 2 0 0  10001000100010001001010010011000100110001001000010001000100000001000000010000000100000001101110010010000100101001001000010000000100000001000000010000000100000001000000010000000100000001000100010001000 
2 0 0 2 2 2 0 0  10001000100010001001010010011000100110001001000010001000100000001000000010000000100000001000000010000000100000001000000010000000100111001000000010000000100111001001100011010100100100001000100010001100 
2 2 0 2 2 2 0 0  11011101110111011111010010011100010111001001000011111100110111011111111111111111111111000101111010010000100101001001010001011100100100001111000011110000100111011101010011010100100100001001110011011100 
2 2 0 2 2 2 0 0  11011100010111000101010010011100010111001001000010001100110111011111100001000100111100000101111010010000100101001001010001011100100100001111000011110000100111011101010011010100100100001001110011011100 
2 0 0 2 2 2 0 0  10001000100010001001010010011000100110001001000010001000100000001000000010000000100000001000000010000000100000001000000010000000100111001000000010000000100000001000000010000000100100001000100010001100 
2 2 0 2 2 2 0 0  01010000010111000101010010011100010111001001000010001000110110000111000001000100111100000101111010010000100101001001010001011100100100001111000011110000100111011101010011010100100100001001110011011100 
2 2 2 2 2 2 2 0  11111101110111011111111111111111111111111111111111111111111111111111111111111111111111111111111111111111111111111111111111111111111111111111111111111111111111111111111111010100100111001001110011011100 
2 2 0 2 2 2 0 0  10001000100010001001010010011000100110001001000010001000110110000100000010000000100000001000000010010000100101001001010001011100100100001111000011110000100111011101010011010100100100001000100010001000 
2 0 0 2 2 2 0 0  10001000100010001001010010011000100110001000000010000000100000001000000010000000100000001000000010010000100101001001010010010000100111001000000010000000100111001001100011010100100100001000100010001100 
2 2 0 2 2 2 0 0  01010100010111000101000010011000100110001001000010001000110110000100000010000000100000001000000010010000100101001001010010000000100000001000000010000000100000001000000010000000100000001000000010000000 
2 2 0 2 2 2 0 0  01010000010111000101010010011100010100001001001111111100110111011111110001000100111100000101110010010000100101001001010001011100100100001111000011110000100111011101010011010100100111001001110011011000 
2 2 0 2 2 2 0 0  01010100010111000101010010011100010111001001000011111100110111011111111111000100111100000101110010010000100101001001010001011100100100001111000011111111111111111101010011010100100100001001110011011100 
2 0 0 2 2 2 0 0  10001000100010001001010010011000100110001001000010000000100000001000000010000000100000001000000010000000100000001000000010000000100000001000000010000000100000001000000010000000100100001001110010001100 
2 2 0 2 2 2 0 0  11011101110111000101010010011100010111111111110011111100110111011111111111111111111111000101110010010000100101001001010001011100100100001111000011110000100111011101010011010100100111001001110011011100 
2 2 2 2 2 2 2 0  11111111111111111111111111111111111111111111111111111111111111111111111111111111111111110101111010010011110101001001010001011100111111111111111111111111111111111111111111111111111111001001110011011100 
2 2 0 2 2 2 0 0  11011101110111000101010010011100010111001001000011111100110111011111111111000100111100000101110010010011110101001001010001011100111111111111111011110000100111011101010011010100100111001001110011011100 
2 0 0 0 0 0 0 0  10000000100000001000000010000000100000001000000010000000100000001000000010000000100000001000000010010000100101001001010010000000100000001000000010000000100000001000000010000000100100001001110011011100 
2 2 0 2 2 2 2 0  11011101110111011111010010011100010111111111110011111100110110000111111111111111111111000101111010010011110101001001010001011100111111111111111111111100100111011101010011011111111111111001110011011111 
2 2 0 2 2 2 2 0  11011101110111011111010010011100010111111111110011111111111111111111111111111111111111110101111010010011110101001001010001011100111111111111111111111111111111111111111111111111111111001001110011011100 
2 2 0 2 2 2 0 0  01010100010111000101010010011100010100001001000010001000110110011111110001000100111100000101110010010000100101001001010001011100100100001111000011110000100111011101010011010100100100001000100010001100 
2 2 0 2 2 2 0 0  01010100010111000101000010011000100110001001000010001000110110000100000010000000100000001000000010010000100101001001010001011100100100001111000011110000100111001001100011010100100100001000100010001000 
2 2 0 2 2 2 0 0  01010100010111000101000010011100010111001001000010001000110110000111000001000100111100000101000010010000100101001001010001011100100100001111000011110000100111011101010011010100100111001001110011011100 
2 2 0 2 2 2 0 0  01010100010111000101000010011000100110001001000010001000110110000100000001000100111100000101000010010000100101001001010001011100100100001111000011110000100111011101010011010100100111001001110011011100 
2 0 0 2 2 2 0 0  10001000100010001001010010011000100110001001000010001000100000001000000010000000100000001101110010010000100101001001000010000000100000001000000010000000100000001001010011010100100111001001110011011100 
2 2 0 2 2 2 0 0  01010100010111000101010010011100010100001001000010001000110110000100000010000000100000001000000010010000100000001001010001011100100100001111000011110000100111011001010011010100100100001001110011011100 
2 2 0 2 2 2 0 0  01010100010111000101000010011000100110001001000010001000110110000100000010000000100000001000000010010000100101001001010010000000100000001000000010000000100000001000000011010100100100001001110011011100 
2 2 0 2 2 2 0 0  11010100010111000101010010011100010100001001000011111100110111011111111111000100111100000101110010010000100101001001010001011100100100001111000011111111111111111101010011010100100100001001110011011100 
2 2 0 2 2 2 0 0  01010100010111000101010010011100010111001001000011111100110111011111111111000100100000001101110010010000100101001001010001011100100100001111000011110000100111011101010011010100100111001001110011011100 
2 0 0 2 2 2 0 0  10001000100010001001010010011000100110001001000010001000100000001000000010000000100000001101110010010000100101001001000010000000100000001000000010000000100110001001100011010100100100001000100010011000 
2 2 0 2 2 2 2 0  11011101110111000101010010011100010111001001000011111100110111011111111111000100111101110101111010010011110101001001010001011100111111111111111111111111111111111111111111111111111111001001110011011100 
2 2 0 2 2 2 0 0  11011101110111000101010010011100010111001001000011111100110111011111111111000100111100000101110010010000100101001001010001011100100100001111000011110000100111011101010011010100100111001001110011011100 
2 0 0 2 2 2 0 0  10001000100010001001010010011000100110001001000010001000100000001000000010000000100000001101110010010000100101001001010001011100100100001111000010000000100110001001100011010100100100001000100010011000 
2 0 0 2 2 2 0 0  10001000100010001001010010011000100110001001000010001000100000001000000010000000100000001101110010010000100101001001000010000000100000001000000010000000100111011101010011010100100100001001110011011100 
2 0 0 2 2 2 0 0  10001000100010001001010010011000100110001001000010001000100000001000000010000000100000001101110010010000100101001001010010000000100000001000000010000000100000001000000010000000100000001000110010001100 
