259.35517521897214 1.235009562735844 
239.5365050789561 3.1688371947095066 
240.18745466366727 3.096828026065728 
240.40628568514387 2.491026082938434 
245.01889878565288 2.063531481233074 
251.5303652971898 1.4721399112383156 
251.90426093381893 1.4482573788053248 
251.319240038585 1.4899845145172088 
244.55831297139133 2.0847200401779435 
247.58325490875148 1.7737774656619052 
240.69623365902487 2.4406635436991313 
254.84573388585488 1.3448531297050836 
241.77157487710537 2.348989129684653 
250.9862880283942 1.5087575919080043 
258.1632754368466 1.2656380277204282 
248.54376381117208 1.6795455168510491 
258.4030771160537 1.2542483790050565 
245.98468550310668 1.9278041022125854 
253.1569180978571 1.4116190699356397 
248.8354097552235 1.6312275959799334 
240.6551305437161 2.4771104043276044 
252.8131427810016 1.4320823019738609 
253.51257318505156 1.4017735709639636 
248.54939229797492 1.6559886858578141 
245.5714810098782 1.9770571985022058 
248.22275974801386 1.7062968472398932 
255.01893175062594 1.3259332182350765 
239.78648050132944 3.1345642578431225 
247.07291543826432 1.8327671991699623 
256.386123002705 1.3029405545838177 
255.7990485394222 1.3145180947706108 
246.28102317550696 1.901733555920848 
249.7731043349856 1.5736370196983631 
257.7011420558572 1.267991608117681 
252.29396104826338 1.441405754587987 
243.48406128615693 2.2154247425933464 
256.74025536078693 1.298771505994121 
245.40150754777306 1.9974000921736392 
249.5663418353492 1.5833718206034302 
254.31072318731526 1.3765040716426307 
240.95503500647908 2.4215402512533006 
244.3153945604517 2.1191297832452807 
242.15946396111974 2.3296063331609043 
259.1517967762192 1.2386438410911953 
242.54809812970325 2.2815581377347747 
244.51456849464938 2.1033983071887254 
241.42070203539356 2.390468917677094 
250.04374527357237 1.5617479722977996 
247.99128628555087 1.734053727752089 
249.2616674752823 1.605295003118588 
247.99128628555087 1.734053727752089 
257.16791111070313 1.288064988540753 
252.813641357299 1.413674894339077 
250.34765556292734 1.5412154014851747 
254.56851617681383 1.3666498155866205 
256.91842602612957 1.290186967952208 
241.60596191653264 2.3591699449971673 
243.23970870884273 2.23083136753697 
249.39607234632558 1.6003322879828152 
258.7919770154707 1.2461314468893643 
242.3947926158869 2.3092945241286564 
239.66317431119228 3.1669543641883533 
243.80910880989597 2.19597345511067 
248.14210745094903 1.716879093232907 
250.101455028911 1.5482050481852905 
245.95943503963218 1.9505992795331062 
241.42736221720673 2.3677424782668997 
255.44773211894085 1.3231602133421863 
242.82161324188195 2.2581991150331198 
250.56567069863195 1.5403521688591824 
250.78100834091532 1.5202658324376477 
239.9430719579193 3.114368910102916 
245.12788701178573 2.0407814686069132 
247.33056221586372 1.7913749683454954 
245.73570566430845 1.9534469126348382 
254.00076099712686 1.378064922442552 
252.25679552572473 1.445306510049445 
255.39597734183945 1.324080156024896 
244.26949913660195 2.1417912958100493 
246.6227080378714 1.861523345922346 
253.73199905220713 1.3900832430789491 
258.8100212039689 1.2425315679036812 
246.54902339332352 1.873842284596623 
247.52932208494025 1.7755320176017466 
257.38335942248466 1.281220596800384 
243.84792416217311 2.17714541669299 
250.63661119888621 1.5217316213736811 
249.02124508968495 1.6198647307664091 
246.3953985151815 1.8819380702934685 
256.0609746056805 1.3042864349552545 
243.10002727926974 2.250153934374211 
247.1070821454025 1.8041685700891854 
243.36156647169867 2.2188645453443807 
242.65986143515516 2.27535581907185 
243.9757762974632 2.1707275336138268 
241.21816942327922 2.4049176203411187 
256.0600275145224 1.3115148120794111 
239.93670634622424 3.1193771024197443 
245.37196948116042 2.0221357766466794 
254.53821448961241 1.3675383858695669 
