6.1986801277068935
17.007950747824566
4.819435107065601
20.126701711600276
8.597063818044035
4.953045828402367
6.190381353121893
5.068953672178623
5.166260854639745
5.206314393156049
21.343502618138274
4.120434430326952
3.2462299485198685
6.77732060025869
5.335111193968373
5.796088754922266
4.42358731595624
2.9969720901394794
4.441490481896011
14.739632665030825
5.728659612644947
5.905514768678131
18.6403996203845
5.311638003964504
5.143930096032591
8.266952496970276
20.861767510149207
4.4317858322903305
4.78281181466869
3.912993411800471
