501.653014763877 820.3971489439125 
537.0384268925137 585.1950780698288 
516.5045295243164 768.8730350132374 
627.5182349659783 160.14846792063878 
755.9970725176568 120.35981713331533 
615.0473116676882 168.00065938151315 
541.7895226985464 473.79990150924027 
545.1483759604432 353.0113004331056 
542.9464415848898 417.1270507614393 
647.0979216459532 145.06206286890514 
700.3513046727458 125.72793311285508 
619.9529239132411 165.37024582129123 
540.067236790428 533.6709641391552 
642.7082228152634 149.99865877887095 
528.3152290028504 709.0019723833167 
655.2871355891828 141.65919599024568 
636.3985793962665 156.676360425134 
667.6114804147663 137.72545482239084 
560.1144144821081 334.7974434683145 
611.272004988775 174.2758153455315 
588.0937594170226 262.5807035243958 
672.0810239039055 135.82011460092082 
599.211753876373 220.22997136794172 
507.79298249015795 814.6910800125819 
540.7260846118587 522.8161583907004 
538.2191802954854 573.4733398253062 
568.7561525490717 316.5120433788509 
566.5986843710739 321.9512829559522 
533.4080161109612 657.477858452641 
594.7578194562918 238.24947468876732 
579.0340453767441 287.9156065792625 
561.8495052089011 330.2246230569864 
694.2392837577279 127.99192121626308 
544.3467388839766 373.02795917268645 
570.8228608671219 310.660568276648 
709.1743267400589 124.24811491987198 
600.7320496082791 214.35423027276454 
539.180018444482 563.8636793827386 
685.3570510352507 131.86685395024423 
715.6931021665764 123.17429401928015 
580.8359466257101 283.1344469675296 
574.1229143933253 301.7709327963053 
564.1242913631809 327.0714462622307 
582.4998273211966 278.7977149707467 
572.5107624806554 305.8794086649156 
550.3916373504907 350.2973387229303 
596.3540216166474 232.37373359359032 
605.9468238424976 192.68413524739094 
604.7607752083915 197.48500967055617 
602.3720159361302 208.56294749707874 
678.5283070485154 134.72842522164999 
520.5453153271145 760.2824754648465 
723.2265443811368 120.94831496960911 
585.5009712362835 271.46018293352347 
607.5327784124557 186.45038845427817 
534.96637121888 641.0517121891544 
597.6584235803288 227.95121396489193 
543.7736987736473 391.9470716794223 
511.77682341408826 809.1197394975514 
515.0375881431868 792.9845417551791 
512.9994979448468 803.066495368365 
521.7846147723408 754.1851086838103 
533.9951171366542 650.8980249277586 
529.2225332175985 702.4221388584347 
651.4881835995768 143.39116334540125 
555.2863380455942 346.62415887169516 
589.5210010566902 257.79954391266415 
526.995180741236 728.5435239373371 
576.0537524296684 297.0026848748242 
524.9419009178688 738.5659014244065 
522.8576916536758 748.6198906651368 
592.3037240869303 248.59033921484422 
542.3547211291036 463.95358877063615 
608.6640371619349 182.2531856413503 
726.4485175536313 120.75609004957832 
610.0397206973947 177.71184959639203 
584.2927416718352 274.1922152127029 
518.5583968883415 766.0978134556168 
577.3088499823717 293.8227622977654 
505.8284184360937 817.6219273862919 
531.7980645540921 681.3416802954549 
523.9251908235194 743.4711538480113 
514.0939623594141 797.6205821921675 
530.1903308892153 694.40241771354 
603.6723302352625 203.87664232330988 
532.4806618052025 675.9287257059134 
530.8272483168918 689.253680896415 
640.4114640435155 154.50640296638423 
535.6655652222702 634.1654866741803 
526.1590115878299 733.2410998588155 
536.3400497534112 627.7957314989013 
543.441482513681 403.9292451821004 
553.224920054504 348.2301408213724 
593.6338219142955 244.9538734378165 
544.8784414070234 358.2915043705858 
559.2097346114231 342.2828014483229 
663.9190301485227 140.6348034648865 
688.2265908102438 130.36936202328587 
690.4553230187109 129.6500964448751 
590.9489416922099 252.97370955504113 
