501.653014763877 820.3971489439125 
636.1507463378047 174.12847496822653 
546.1428705429415 359.658305879685 
528.0082311918915 711.3235439933842 
516.9834215493163 769.6676620352747 
537.7265801112637 587.9957255926415 
561.2263129317289 337.7636446909954 
596.5082646304861 248.63226152169335 
571.2238759975653 318.7903432286218 
543.2402144087774 469.7730369324178 
601.2532061054817 227.71447813939184 
672.9202397806703 135.4823245936698 
647.318597335904 151.36445185416306 
575.9728835956146 308.0899926503592 
592.1899497527428 262.99521630485225 
541.3886367179517 529.4742845307319 
627.6164495848918 191.189823662281 
588.9737745474661 272.67028506680117 
608.6669574974861 199.31175801171852 
566.8796620620795 331.6387875541089 
656.4576941342443 145.05332942859997 
607.2766978992759 203.79422036467545 
584.575543368165 285.5394399771767 
543.7928406223901 423.0666223617384 
724.2912673321068 120.61678468406498 
640.4248612630117 167.77061184819257 
536.6270254134139 634.3075670440566 
598.5369727839959 244.74525281586827 
668.1981356008229 139.1105411900752 
649.2460463767507 150.07781655275895 
685.1034873535403 129.2846685083466 
551.0902639993952 357.1186107355929 
619.9234266670368 196.85092084917105 
632.6088918717254 188.79263583131265 
581.24719102946 295.73314332931835 
612.2000641464151 198.24045199065955 
534.1321295030843 660.5940570847438 
512.1837547083135 808.6696418345487 
659.5049634994319 142.61798528054382 
759.6025733513782 120.35981713331533 
662.7372951926855 141.203307129351 
513.9292419105126 802.2274700444331 
642.3737807963352 165.13510450370316 
645.165290843484 161.74932986468417 
703.0050252291578 125.13649429079435 
564.0303087649779 335.2239495469041 
602.5275094471176 223.490554886578 
530.1290974976083 703.2209542656688 
522.8454318645308 753.4651837298129 
545.58752391407 369.56509375010353 
710.0588444570417 124.04212831712967 
507.0333532655246 815.7628538003081 
509.5241673892908 813.3039369781535 
539.9102770384626 567.1363997890969 
681.1032805825552 131.4532508816898 
678.6134011502468 133.0323963280924 
540.6934869672942 558.4447489086915 
524.034457745119 747.7048315637462 
606.3213826482356 214.71697824407204 
535.7136565948451 644.3915787792823 
542.7021415262456 510.2332557586753 
698.7499739747445 126.16385815763219 
542.0271723887266 521.1336034721712 
526.1226301085742 737.3883486414809 
604.2205313596523 220.8949531972153 
581.9251359818853 292.1519462790923 
716.1372834244048 123.04142113844105 
525.0657368322499 742.8631389294268 
689.1886181302252 128.05927235664618 
531.0100908999902 696.6221596780157 
539.2782125943202 575.3378027052659 
531.7347567755572 690.8147213193989 
532.5248662984089 684.1853446413912 
521.7294738659581 759.339059629278 
515.7851840565817 793.3083071006429 
735.4986602553757 120.4372778964395 
554.5710588564192 354.8266844836482 
559.4883337394937 351.0708919678283 
573.2970339933044 314.7024989522748 
545.2035755952191 382.1280602397437 
533.2108094289206 679.6719201256269 
583.4321373573289 288.51598489910265 
544.0688569614106 414.24433765906 
504.96463973862416 818.4299483498949 
520.8407271104297 763.2254902451584 
527.1504695950639 732.7534810525776 
556.4435428090493 353.53344874279776 
518.8584920410516 767.7004614412568 
544.8483002478833 393.1348142315809 
515.0822547201826 796.9208668042694 
721.5023174758664 121.73092264964976 
538.6009665541127 582.8697142209003 
544.536468494213 403.8273178030339 
535.0258956584522 650.8337505693983 
626.0425856422739 194.86716472494345 
693.1298237460037 127.53812706712603 
534.5638720546739 655.4680457130028 
590.2892517720104 268.7473326663923 
590.8053469150356 267.296277926789 
574.3334079841522 312.239942177305 
