501.653014763877 820.3971489439125 
535.3843447007329 585.1950780698288 
526.1612564001107 709.0019723833167 
516.0384473325355 768.8730350132374 
545.1483759604432 353.0113004331056 
541.5956048903273 473.79990150924027 
610.7868652874726 175.10176514294162 
560.2538183492306 330.2663387357197 
726.4920493165972 120.55644314468829 
649.6236852089431 144.6418340719341 
644.0412072599696 150.72860361034142 
618.4846980167811 164.4351715651063 
542.9550323731979 416.5697186472341 
533.082098302742 657.477858452641 
759.6000425541596 120.35981713331533 
638.7065892832819 155.3636978061299 
570.251381415067 310.660568276648 
654.0487705921548 142.9050198641017 
540.0053189822088 533.6709641391552 
689.9555823435547 128.85626299677966 
557.5730187748878 344.0409709289745 
528.2550666940281 703.2959034519865 
588.0562799649679 262.5807035243958 
662.1549268347295 139.8218585385682 
665.6071006517436 137.40439834138454 
604.7607752083915 197.48500967055617 
607.5078677860835 186.46939045766783 
700.9405652618839 125.69614650868343 
624.0225678939903 162.27513707065478 
544.6341668239195 363.0594077402078 
680.5450260941927 132.56292943109366 
722.234817152111 121.3768915253201 
520.2508067471882 758.8768151304929 
591.3855390460845 251.56508431150877 
609.3140435214157 180.19146695787984 
589.6801579894594 257.24082531497396 
594.2895956546157 239.8357418270115 
572.5458279911765 305.834733919025 
633.3799654344863 159.0397039560241 
518.5710266807553 763.7242981961122 
568.0793900915614 318.1292145074043 
617.0492795986148 169.10320368121637 
695.0867115361547 127.386868621203 
713.1177249148275 123.61604181178882 
669.9779732036149 135.9418860214859 
579.0340453767441 287.9156065792625 
599.211753876373 220.22997136794172 
603.2327444591361 205.51617114833397 
628.565450353057 160.6723371485982 
574.3583202829766 301.03385949585976 
606.0761849781544 192.14513146113345 
538.3847954236719 571.605716857725 
684.7465465983022 131.1208023472383 
539.2299855470924 561.9950703102778 
522.21459517774 751.6266388424914 
706.9173503108284 124.51683519168436 
530.1903308892153 694.40241771354 
601.776208560565 210.58680463298214 
553.218665407209 348.1966114413362 
542.3215068167602 463.2403672148215 
513.9316709034229 798.3689194468867 
584.887498544275 272.9670337117731 
600.4730392792017 215.44881175620915 
575.9655391770041 297.09793388664366 
595.5763033496459 235.25193892142377 
593.0380799925377 246.7520421541627 
523.2349814344627 746.7213864188866 
580.488684382995 284.1646388936505 
566.5748392017257 322.10992284727433 
586.4827609597507 269.31101496952834 
596.912225953724 230.42610456380058 
544.112228712536 381.9274648786905 
537.2256420938684 580.4975021483501 
675.5843365249336 134.8467707407946 
577.5302655708339 293.5517619996656 
534.1316772868099 649.2380941263294 
511.2769930535011 806.8163602753234 
582.0470833545327 279.8948797481503 
583.2205000514494 276.89998736637324 
509.697987365631 810.1385054987389 
530.9886125353617 687.8906168776427 
515.2823518681906 792.3131687664255 
598.075754018396 226.49018467598435 
506.6866352498997 815.6995730224339 
564.937034197123 325.97950816435343 
543.4753025456789 401.8181534850251 
532.3987544782979 676.5964760788618 
562.4909798270107 328.66035678604237 
512.8313310208337 803.2741718704908 
531.6948706157622 682.3808398563732 
534.7748675560863 642.878303782864 
550.8007189712623 349.8025933910132 
548.4579573130484 351.40531848342823 
504.9124119075318 818.2782390444729 
524.4552094292075 741.015317487556 
508.40386040489363 813.176150618789 
525.1026673847789 737.9606211791887 
543.7652007357801 392.58911217337123 
541.096836116728 518.3620668627424 
540.7260846118587 522.8161583907004 
