501.653014763877 820.3971489439125 
535.3843447007329 585.1950780698288 
744.7102694869262 120.36688294889089 
526.1612564001107 709.0019723833167 
545.1483759604432 353.0113004331056 
660.1296158153724 144.2169395488667 
541.5956048903273 473.79990150924027 
516.0384473325355 768.8730350132374 
568.1341211410945 310.660568276648 
727.5348698559949 121.050322393584 
667.1645295016813 139.59559528488276 
585.4050196909952 262.5807035243958 
559.916558075258 330.2663387357197 
623.1607699800275 163.31200254529907 
533.082098302742 657.477858452641 
654.18742602165 150.53420944921496 
616.7789618703565 170.0451098503309 
540.0053189822088 533.6709641391552 
612.8084743559773 175.50783064193755 
609.3521383696897 179.8387821841078 
578.4813056507166 287.9156065792625 
599.0150141503457 220.22997136794172 
542.9105773388999 422.2757875785647 
678.8015612256768 134.6795996640804 
627.8639330489332 161.60265017845 
534.289909560056 647.6315457140369 
719.54500908121 122.71083575217578 
510.28048200221843 808.5401101818006 
637.6868504481487 158.64942530936403 
556.541187636918 343.9422911442298 
540.7260846118587 522.8161583907004 
538.3847954236719 571.605716857725 
704.0951488371635 125.50413036413707 
604.7607752083915 197.48500967055617 
528.1766921388938 703.8532355661919 
651.5241288031601 154.1598976492242 
544.4877925397894 368.0610158161305 
512.5096160024509 803.6348577581965 
576.870874078211 294.84895577764775 
645.3983132681451 157.33890605638592 
570.6599171520756 307.6466738914821 
536.8460249131454 580.0463412527038 
583.2848353716385 276.70263066022835 
565.6473813364685 322.80331139652105 
600.6119010458693 214.89009315851865 
714.1952133809017 124.05924171082528 
574.8142829318584 299.93669471845647 
698.3342421284892 126.39516897617041 
543.208260250819 408.68642636646 
602.064387073369 209.5014723831598 
542.2714513089657 462.94509576078474 
686.730438143892 132.79919706248728 
524.806948592644 739.6043894748948 
514.1870580054659 797.4980629003131 
603.3928838658777 204.8770553025222 
594.0928559285883 239.8357418270115 
539.4523962231223 560.5312994044641 
573.3146188107232 303.6923242278449 
530.9463462071985 688.2814204967236 
597.4491176875526 228.60630795380797 
523.7285826015014 744.6625297697301 
590.9489416922099 252.97370955504113 
543.7666198248594 392.7067564895939 
587.2724897129978 259.89985490270783 
634.4466600578595 160.00435219290102 
605.9468238424976 192.68413524739094 
589.2279923411181 256.95461402072056 
608.0072779937755 184.66828955333187 
580.662261733061 283.64849081932937 
522.6599114025615 750.0839351313492 
517.3824858980046 766.3526563041506 
694.2200091931414 127.71721446395907 
596.3540216166474 232.37373359359032 
506.6866352498997 815.6995730224339 
581.840669018414 280.4338835344077 
519.2717393045267 761.7135721726041 
508.41849111626 813.2376861032794 
620.6222399854942 168.2732950207943 
690.3867301059405 130.84949564911514 
531.6638277705293 682.62845715167 
607.0104350993118 188.41701948745768 
544.1300751797555 380.874753261767 
563.0545171472381 325.9630502101827 
592.4114361183308 248.37507297507358 
521.6888849347417 754.7415026558263 
515.22264551132 792.592810476709 
520.2647884912141 758.938350614983 
548.3832075696448 351.3888605292576 
504.7385875042492 818.3864229204045 
532.4305406934795 676.6612599893747 
595.1584026203772 236.64084935352295 
561.830553908507 327.5854901140308 
673.0206579243942 138.94105637556663 
692.6145314003725 128.86116638762158 
552.7153602358982 348.2153071469928 
550.8007189712623 349.8025933910132 
554.7068529781498 346.82639671489324 
677.9941945464436 136.1955571803756 
593.3079140131912 245.6739446862029 
529.9462178590726 696.508818143744 
