501.653014763877 820.3971489439125 
516.5045295243164 768.8730350132374 
560.2538183492306 330.2663387357197 
537.0384268925137 585.1950780698288 
527.4193385918916 709.0019723833167 
541.7895226985464 473.79990150924027 
545.1483759604432 353.0113004331056 
627.0961067916429 157.69696514686063 
759.5258749349105 120.35981713331533 
687.0755748752192 130.6820324736719 
646.0437623765927 148.26787607635114 
726.7194561528045 120.56397633479374 
542.9464415848898 417.1270507614393 
540.067236790428 533.6709641391552 
633.7546498258839 155.27133846566042 
570.251381415067 310.660568276648 
697.2382527887705 126.67735262127356 
676.4373063322687 134.33626123858798 
672.6607347466937 135.66035406997423 
622.4021906490777 161.48468166651313 
618.7571188608406 164.15697283749645 
553.9674978877639 347.10202995789155 
704.0298652730647 125.11044013372815 
594.2895956546157 239.8357418270115 
588.0562799649679 262.5807035243958 
611.5701940308041 172.3096729421571 
585.9773864461885 270.191939839956 
533.4080161109612 657.477858452641 
579.0340453767441 287.9156065792625 
550.0957694168969 350.33045181141676 
604.7607752083915 197.48500967055617 
563.5547832889231 326.895811981299 
639.8356037571095 153.7203403773082 
583.7868966588975 275.5181430812584 
692.1783181464845 128.81276362848078 
513.9000312411222 798.5276341671255 
568.2751890841995 317.6634332788096 
592.5886732312931 247.8376785185686 
521.0315371602626 757.5956255668759 
659.8368483184455 141.25756982413805 
566.4255038072238 322.245611904607 
507.79298249015795 814.6910800125819 
524.2295701758612 741.6041728777268 
599.211753876373 220.22997136794172 
603.3039160240743 205.05511947941903 
606.0761849781544 192.14513146113345 
590.9497890409796 252.95399474360806 
607.5677591582614 186.27101464574665 
515.161934113442 792.697716301138 
544.7586955956315 358.1785206431618 
577.06749675194 294.4858190607515 
542.4344136333186 459.40290735595204 
510.68773128505524 810.5508362053089 
608.9034241280744 181.3494097431609 
531.1877223371266 686.4424689815678 
512.4316255841742 805.7975942741359 
575.4876136370159 298.2631047786456 
518.5583968883415 766.0978134556168 
667.2857093047171 139.22068101455113 
589.5479804972314 257.7548691667735 
601.7392634182528 210.60326258715273 
536.2302204066675 627.1543000087642 
573.7327190243071 302.6398414455368 
529.3989694550212 700.7622080570056 
711.6852280943664 123.84529081095145 
582.0470833545327 279.8948797481503 
539.3804425257723 559.8603531104607 
543.3206536165652 405.1442379616271 
614.4314795540928 169.64987827507696 
595.7683921128697 234.4958636175885 
530.1903308892153 694.40241771354 
723.4935725225463 121.0844296608629 
610.3533958629158 176.1845477203332 
525.4122794361672 735.9026350683905 
600.6119010458693 214.89009315851865 
544.2132262043581 377.89137377673546 
557.7857179996948 344.6772990657734 
572.3355394108061 306.39345251671546 
580.6640332269965 283.6287760078964 
540.645310784436 524.4227068029927 
543.8598661323002 388.9094265593722 
649.221661283921 145.4466317631115 
522.8651936019094 748.5719425341246 
532.0725033384257 679.2227703960156 
538.6691238416844 569.2748397622929 
505.8284184360937 817.6219273862919 
656.3185112985522 142.90747181586508 
716.8269176647686 123.04111448036588 
534.1316772868099 649.2380941263294 
596.9567197772856 230.20903304622263 
651.2443212965692 144.4322545245634 
535.5483636844792 635.3577331342572 
534.7748675560863 642.878303782864 
538.0728643671334 576.9553137435179 
526.5110977627892 730.819106485722 
541.2811002443373 515.3772105721148 
598.1903350279325 226.0493678969093 
616.8480093419834 167.56547790811925 
522.054818465722 752.6903731432716 
532.8443795401698 672.5809150557573 
