502.54890517483597 820.3971489439125 
535.9556623030445 587.9957255926415 
516.4995037410972 769.6676620352747 
526.6663133836723 711.3235439933842 
631.8283556183092 172.04917389331004 
560.8890526577563 337.7636446909954 
542.3708150926388 478.9221206421205 
610.8110454234882 191.04899580821424 
731.0443463056083 120.56921833147265 
533.7580473113035 660.5940570847438 
546.1428705429415 359.658305879685 
569.1066157235928 318.7903432286218 
616.2332439227563 187.9505507610471 
540.7805286095204 537.2662386840033 
759.5999347642853 120.35981713331533 
626.5839214748461 181.79411147483086 
676.449736795118 134.59764644111652 
579.431800233215 296.89568203993167 
586.3225142734934 272.67028506680117 
640.7481333850027 164.98297028480198 
647.7443847200232 159.22192645395174 
514.7137521245111 799.0960368662513 
543.7507377211514 428.1926337334798 
528.8764083557147 705.5161056347675 
594.9993505110866 250.77562387811204 
651.5880556017305 156.44385984435928 
599.9105087328439 231.80232241573853 
519.0043948476067 765.0333668916701 
698.3080788834654 125.71302914670102 
557.8190897894118 350.76633399539435 
525.0553221762368 743.6663076132941 
665.975722177027 142.4865914429134 
660.9909688394434 148.87292357180573 
545.5848604276008 368.5255815241925 
541.5398554393175 526.3327889536454 
668.018022046645 140.45548314819757 
537.5118843623319 582.8697142209003 
511.11343903745046 809.4636992135544 
508.2062671682829 814.5897105852957 
535.1179250502415 651.0520244031453 
545.1060543026944 384.9898845924978 
530.9054966287397 697.4162170570215 
694.6921504575407 126.81787425093628 
707.2749002299026 124.77455729665691 
715.4068413799029 123.2021534529621 
581.7864412082083 292.28310235055335 
609.0236057520552 197.1727756140007 
523.7446027337312 749.532550517107 
592.0842761725964 262.8376915460542 
543.1072226815124 467.9886709117624 
544.0752587877439 413.79088941901074 
539.8738210941357 566.6946135149811 
555.2639678274301 353.89858838221926 
605.900088347775 209.16388410735837 
644.4685821085608 162.92083925222576 
522.6361512311023 754.9996179819344 
544.5566747364231 401.58291395588134 
571.5450863228726 315.72591267149846 
593.5499509442261 258.3758340469847 
688.274596541703 130.76725540186902 
565.311500349937 332.13985166461174 
539.1659341490937 574.3027858645899 
512.7261853955495 806.462837045181 
506.2495464219342 817.3595038238626 
655.5686032675217 154.30053842075736 
658.2816117310708 152.18117665751578 
521.1981660758115 761.0513761702417 
691.5009438984615 128.97692689872846 
587.5180087699837 270.64468848077524 
596.5272679244617 246.16304418873378 
685.3604038155355 132.7273326038354 
604.4938625004802 216.38815941665007 
563.5802416358973 334.6795468087036 
590.269744453344 267.7132820922032 
573.6637989056661 313.0420420056702 
601.3685338617 227.18974272636052 
624.2814524148858 185.7209633776455 
575.626054020587 308.90959320334196 
532.6667965706606 683.3549889773857 
583.4096426825722 288.20745845642364 
584.6224887333962 285.3051663641225 
552.2259918730289 356.5742079973926 
607.9059296818102 201.21943764354083 
725.403011880522 121.67190856274756 
549.4524518955467 358.12235712964724 
567.7514379582904 329.07542110748864 
606.8419653287235 205.29508153767023 
720.1920746074047 122.43326487866491 
663.812150298409 147.07878421051072 
598.6096378891766 239.1851082023032 
597.7174436891203 242.0874002946042 
576.8632264381332 306.03184095884217 
578.1108147071798 303.4008956147725 
602.4975606937186 223.11409883223095 
603.3462064783091 220.21180673992984 
673.2639541969152 136.43564975295823 
639.7402626088999 168.9506346975616 
672.2512844001487 137.44703250429941 
631.1267192730897 177.8626871156545 
531.8849723194185 689.5704800317033 
