502.54890517483597 820.3971489439125 
535.9556623030445 587.9957255926415 
527.5622037946313 711.3235439933842 
545.8610549110308 364.8929671376505 
631.7250604440059 169.43686313019822 
517.2804199352752 768.8730350132374 
542.3708150926388 478.9221206421205 
579.2465052933721 302.13034329789684 
540.7805286095204 537.2662386840033 
606.4402677916308 215.14232248501364 
751.9414742519481 120.35981713331533 
599.7873835726455 234.56181241343242 
560.734806338434 342.99830594896025 
616.5473121725321 199.1039524609169 
565.9490927836264 334.1538838583298 
572.6358558611346 317.4398384164644 
534.5339377222624 660.5940570847438 
610.3177740483761 206.36577254479974 
589.8943373398864 271.2616995096741 
669.0985355485275 136.05690574670507 
633.9116176948168 167.02060425523138 
725.7437436610969 120.56836450050605 
543.7507377211514 428.1926337334798 
647.9360784966808 150.2746025816582 
583.6343342680512 293.6262877173049 
568.9383576547873 324.02500448658765 
659.7070646496778 140.51741326044026 
586.1163727695979 277.9049463247663 
597.0067074290633 251.29964349976467 
529.7722987666737 705.5161056347675 
681.9803170073732 131.46667611092101 
626.6346614409792 192.18849957426747 
641.7599034547057 160.3380342513318 
639.6174893786043 162.8529841163999 
654.9972519258314 145.28957238992984 
604.0982019255634 227.83269370506412 
537.5118843623319 582.8697142209003 
544.0752587877439 413.79088941901074 
651.7025556625041 147.75354175052 
516.0962771349895 795.8627898830723 
563.3202328239008 339.8472297194172 
539.1659341490937 574.3027858645899 
676.8832003447762 134.49919470048144 
511.73772731105316 808.6696418345487 
581.13752908429 299.0659127407736 
576.6092978353544 314.5925630618805 
520.6641513930682 762.5744500695153 
543.1072226815124 467.9886709117624 
551.0766869386417 362.41779587737886 
629.2494979586784 189.62173033299916 
645.4313466296082 156.69065455837261 
691.6172142951406 127.22915751932915 
602.0319077630916 231.49738185630926 
701.9941455628132 125.25479598816185 
540.1041348068209 564.9958007839238 
570.1591612344296 321.486040354649 
531.6379672506515 697.8429810205565 
619.0275812969644 198.12041016933188 
722.3126493707962 121.06638727640068 
507.5825256608586 815.6995730224339 
526.6249245435331 738.8541719363518 
544.6604490140968 398.220873228875 
522.3052073659543 757.9401549259104 
525.3058642336542 745.1333029744343 
545.3630344537015 376.4578446217523 
695.3917131752473 126.43167543657619 
553.7096371189883 360.5103497427964 
688.1579482182837 128.91119648359086 
532.4570987350062 690.8480615814274 
541.5398554393175 526.3327889536454 
509.79313999203055 813.3039369781535 
717.1651961912187 122.81600053590618 
514.4443491330345 802.8622034759321 
557.8905549977626 356.11641719743636 
524.4625623340003 749.3121609304345 
707.3724104439175 124.37238987039264 
556.4163983353923 357.78308319769224 
533.6767852623266 680.5100538944613 
608.0983630049305 212.07789192789022 
505.6344779152081 818.3864229204045 
667.6792947029409 137.8293369232996 
658.5467114476115 142.02537386120477 
523.495546097606 754.0999171613117 
545.0289308422227 387.33500884247997 
599.3164604672091 243.75215040838404 
711.9399161239239 123.70291915203184 
588.7981939951154 274.7538700952229 
518.8841449160811 766.9506375316673 
513.3990888205474 805.4505058324285 
535.3397624656328 655.4680457130028 
685.4809690813377 130.34773068203833 
533.1550614841473 685.1443490380661 
609.3823612764182 208.92681569834687 
594.4421858854845 262.85514484116175 
541.9696460106945 519.8496480254743 
625.3731164292802 196.06618989931633 
647.1722605309446 153.66753470864666 
560.3581935654131 350.1785625669781 
585.9206853309585 282.25790813278525 
594.773849127081 256.01028513607736 
