502.54890517483597 820.3971489439125 
722.4647738166457 120.56824325003056 
517.2804199352752 768.8730350132374 
537.0384268925137 585.1950780698288 
560.2538183492306 330.2663387357197 
528.3152290028504 709.0019723833167 
665.793425882701 141.78556535935002 
611.2955445631582 173.1220325929634 
639.1874273597684 156.18054221125897 
545.1483759604432 353.0113004331056 
630.3280621088484 161.31304087143155 
540.067236790428 533.6709641391552 
620.9604323397173 166.2127721583512 
541.7895226985464 473.79990150924027 
748.0998053839127 120.37481543908709 
645.0559237602967 150.10362592360366 
531.9077694193805 680.6930939619895 
701.4183386726611 125.07345418200985 
648.1601450085053 147.98940278814982 
522.7965568106507 749.2427151345765 
616.8232426358786 169.74504537707415 
570.251381415067 310.660568276648 
678.0801905734618 136.0556312876935 
542.9105773388999 422.2757875785647 
524.3580060144787 741.817084001885 
540.9458426223354 519.2739699858677 
534.4776571037772 647.0742135998318 
526.0201161007494 734.2429566987753 
599.211753876373 220.22997136794172 
515.161692230394 793.3411979325609 
536.3069919346783 627.1182456108048 
592.5934657696606 247.67384368464516 
696.9406316493331 127.23118998022508 
588.0562799649679 262.5807035243958 
563.0578141824797 327.5854901140308 
568.1596592957261 317.8698943434918 
566.515064206177 322.1567249148579 
655.9751120104673 145.80825451947274 
530.3579375858131 699.7537150471542 
709.3422040569847 123.75821813698803 
600.7320496082791 214.35423027276454 
686.1262076014058 133.07233120224174 
607.5457845462403 186.27203375152294 
604.7607752083915 197.48500967055617 
675.6155735851376 138.4739659090278 
602.1702966197577 209.0169954489086 
606.0761849781544 192.14513146113345 
590.8387921935146 253.3765082200917 
715.9146724339225 122.57538064503142 
597.760107584077 227.439297434785 
542.2714513089657 462.94509576078474 
627.2036734961822 164.00228715789964 
594.2895956546157 239.8357418270115 
552.0840734295199 348.7080119075688 
543.2170257775247 407.8787934252761 
538.6751242055947 569.0124161998637 
579.0340453767441 287.9156065792625 
574.9813011942659 299.4475923576156 
589.5210010566902 257.79954391266415 
581.8388846998257 280.45359834584076 
548.3832075696448 351.3888605292576 
596.3540216166474 232.37373359359032 
603.6600862402595 203.7358252841694 
584.7621596921982 273.0087467395095 
557.7657570809251 344.7970564692715 
514.0636222722472 798.5084181426165 
583.2848353716385 276.70263066022835 
539.4591404615858 559.9842020451182 
511.9217828061733 809.3028666145063 
507.5825256608586 815.6995730224339 
543.6775979551921 394.9538198567772 
573.3478300516404 303.7147081175481 
580.2153922915877 284.7207141057737 
513.1697193338775 803.5967976831755 
533.4968578206046 673.328098783609 
554.6038888828807 347.1086358059464 
538.0223136459191 577.4598570283006 
531.3122963830409 691.7339939022597 
519.3342872993004 766.0978134556168 
534.18390652192 657.477858452641 
509.6115374975452 813.6888469989259 
535.581104546621 640.6775071919047 
692.249823320794 131.3616985621126 
572.1604047505142 306.90960059103656 
683.3749072861523 134.4393806930234 
527.5340839062734 728.6900422704349 
544.7723840348965 362.1209622644635 
694.9104121385693 129.3456872304717 
576.4711072590765 295.75370843689655 
505.6344779152081 818.3864229204045 
595.1584026203772 236.64084935352295 
544.3461306743327 373.24790570515194 
577.5771217891362 293.3290415653446 
660.0481547402336 145.20632772508668 
609.5432668542803 179.0529152762678 
544.0978973409402 381.9396185060624 
608.9566140724903 180.99086358678375 
586.5304392640344 268.96163996411053 
586.3204584469235 269.6215321554193 
521.0303739996053 758.4693901604278 
