501.653014763877 820.3971489439125 
516.5045295243164 768.8730350132374 
545.1483759604432 353.0113004331056 
527.4193385918916 709.0019723833167 
560.2538183492306 330.2663387357197 
537.0384268925137 585.1950780698288 
541.7895226985464 473.79990150924027 
646.2839897124761 147.9984166775081 
681.7537221726164 130.51748422358165 
633.2531177605563 160.415268561693 
540.067236790428 533.6709641391552 
611.8071213112578 170.98133071261466 
542.9464415848898 417.1270507614393 
570.251381415067 310.660568276648 
756.1226414666571 120.35981713331533 
664.1116671047216 141.9678627830185 
641.9719765464954 156.0482913893806 
533.4080161109612 657.477858452641 
556.3909871910205 345.5295773882505 
724.4005012901998 120.51249959724001 
585.6686411168633 271.10739535368253 
572.5107624806554 305.8794086649156 
599.211753876373 220.22997136794172 
691.4838847147153 126.94594573056717 
620.1290037454293 166.912179728008 
678.3511815383304 133.6924944340665 
604.7607752083915 197.48500967055617 
574.9163684971136 299.6449490637604 
566.4255038072238 322.245611904607 
509.854165392807 812.3774277990182 
707.8834907727418 123.94878816913811 
576.5408901016917 295.8466559974862 
579.0340453767441 287.9156065792625 
583.589838679608 276.0082645478757 
563.0578141824797 327.5854901140308 
568.3015768915151 317.62827961898233 
623.6399869180897 163.71076786040638 
626.4475039081693 162.42301041930847 
669.0403038790733 137.95316506679612 
600.7320496082791 214.35423027276454 
610.0714214629198 177.3441854752904 
515.1195847726574 793.4313764648043 
506.6866352498997 815.6995730224339 
671.2144394336542 136.7881289940702 
588.0562799649679 262.5807035243958 
512.7497424967418 804.4941355182445 
658.6822518360738 145.04172369700726 
716.2329623316288 122.56152773604875 
581.8388846998257 280.45359834584076 
542.4344136333186 459.40290735595204 
653.8006690329378 146.52743356407805 
552.0840734295199 348.7080119075688 
608.6691354068641 182.29316204385557 
526.1493253985993 733.4566628245357 
534.8407513801724 641.4864057634923 
591.4756100814678 251.33155483976023 
544.6312503714561 363.055486196653 
520.9881741376133 758.2064723673739 
513.7889457588672 799.58888309464 
539.3900597830527 559.6539153936228 
602.1979331090432 208.96709402349217 
543.7723724890463 391.8991235484101 
540.7260846118587 522.8161583907004 
522.0929543283196 752.8815823240883 
597.7166110206194 227.6366541409299 
614.3784471800009 169.91902984210572 
645.0882943256736 150.94016971549885 
532.4296428463282 676.3301309728776 
538.5945510955049 569.256743738706 
596.5004777421517 231.81501499589982 
544.2718324110573 375.837532337883 
688.2016426289147 128.78460839893438 
534.1204866111906 649.6822801345469 
603.3972439971336 204.85040649506107 
519.7985382316392 764.1754590917589 
543.3228514459768 404.8240971169088 
593.260014763483 246.04687102654685 
523.2676530726732 747.2571362227807 
530.8119047982874 689.5567705528159 
594.2895956546157 239.8357418270115 
531.6726635556166 682.4876376027133 
550.0957694168969 350.33045181141676 
536.1742133990688 627.5405725058511 
529.238149042686 702.1376387550689 
580.2153922915877 284.7207141057737 
530.0055779192195 695.8335144212973 
537.9984915525557 576.7544536748502 
590.3379886119842 255.04907905412614 
541.3127239115872 513.722575264751 
721.8155337597227 120.89416811874578 
595.1584026203772 236.64084935352295 
700.8154380046383 125.0968620299654 
589.0262443197727 259.3858110509079 
697.559368452419 125.70082784419034 
524.2306439458177 742.4779374712787 
525.0711997676498 738.816511827801 
535.6696076806477 633.6980791356879 
504.7385875042492 818.3864229204045 
607.3551697807837 187.1639347774144 
606.1890360389406 191.60926857537945 
