501.653014763877 820.3971489439125 
535.3843447007329 585.1950780698288 
526.1612564001107 709.0019723833167 
541.5956048903273 473.79990150924027 
516.0384473325355 768.8730350132374 
547.330458152224 353.0113004331056 
562.4359005410114 330.2663387357197 
633.7810353133618 158.4270805533395 
647.9920821555633 150.1892221285114 
533.082098302742 657.477858452641 
540.0053189822088 533.6709641391552 
688.8338016000739 127.99045287407762 
543.7726595306807 422.2757875785647 
658.4425408064296 140.55608401879647 
612.6721086228858 175.3376786184775 
729.0857083226906 120.92075556441002 
700.2095843227621 126.19801856298558 
753.691090782788 120.35981713331533 
510.28048200221843 808.5401101818006 
652.6949524661251 144.5703498518823 
669.2190543622954 136.8960071040456 
538.426385094391 573.3380393077173 
572.4334636068479 310.660568276648 
619.7261470278481 166.93538999446065 
606.9428574001723 197.48500967055617 
581.2161275685248 287.9156065792625 
586.5302820257973 274.0915349401127 
596.4716778463965 239.8357418270115 
611.0485344342214 181.4691040235054 
642.4385679501937 156.90032870543988 
544.7727794463594 405.19294808168416 
554.3409535251257 348.7244698617395 
708.0039414801146 125.1259918449403 
588.3852354610281 269.57842743404575 
715.8075109908436 123.91910602279 
536.8460249131454 580.0463412527038 
584.6412302918548 278.8476163961632 
512.7659402723825 802.4734341801237 
722.7030292328544 122.67925846816846 
545.7274535520056 388.19828929520526 
560.4653302037976 342.67076192393176 
583.0197987622576 283.11473215609664 
528.0685298171783 704.3043964618383 
546.7448390721412 366.1436490141352 
531.6715727981413 689.7232678787517 
608.3711182307214 191.60926857537945 
519.2717393045267 761.7135721726041 
677.3326735864782 132.9520919297709 
595.1635650306514 246.38773393160284 
542.9193333771997 465.5964683837479 
534.0354211850942 652.3291216355157 
609.6266210282803 186.76113611236389 
569.1500747814339 321.0647868169807 
737.9131936864653 120.48919425104772 
590.2383621567487 262.5807035243958 
570.9172545783763 316.5963933015427 
557.468420237375 346.62415887169516 
593.5473089056 251.75406831624386 
524.3984182995785 747.3764410652566 
629.0845870675155 162.22923167648844 
514.0873722903629 799.4187378717567 
550.6400395048292 351.40531848342823 
579.7779156854693 293.01672479398707 
664.7563635128438 139.24781308802696 
603.3504580973581 212.74824832308735 
597.8035194530279 235.03486740384582 
598.9930312984028 230.76775164391313 
578.0970061584381 297.142618868996 
626.4590946184169 163.52340745424564 
565.462560344178 327.91668598614734 
604.6862426844082 207.83352697571516 
546.191567213272 379.0469851240487 
601.3938360681539 220.22997136794172 
600.2806507920858 226.31779241935897 
529.6913625849271 698.9715252149147 
576.8056362838197 300.4091096203567 
517.5089151410361 766.2261935122684 
520.8523437408015 757.0159962511251 
506.6866352498997 815.6995730224339 
654.7606240172316 143.3081601946008 
605.7254138593426 204.03700177514744 
523.0142226455758 750.9186294700892 
508.41849111626 813.2376861032794 
575.3800565105189 304.1372215940317 
540.7197113909461 528.5222273220297 
592.3529764478187 255.6348433652968 
567.6538858234468 324.9291039118631 
673.9464335727575 134.8508403419464 
683.2254083733857 130.3585971537124 
530.6072706163757 695.056139125675 
574.1925116070253 307.33211406752 
504.7385875042492 818.3864229204045 
544.3190406020489 414.07235445307197 
681.1890243126393 131.13458903181254 
591.2083265115535 259.3858110509079 
602.215817726232 217.03507889445333 
619.0475060648369 169.101960593284 
615.2590242782493 174.3922794315949 
624.0673394204023 165.5532113087186 
521.8439127253479 754.2407746935045 
