501.653014763877 820.3971489439125 
526.1612564001107 709.0019723833167 
627.5305663538121 159.01016287724005 
536.6515833443046 583.0761681703892 
516.5045295243164 768.8730350132374 
650.2928343271694 145.970005708956 
545.1483759604432 353.0113004331056 
560.2538183492306 330.2663387357197 
533.082098302742 657.477858452641 
722.8505687117062 121.11633774163275 
691.7341991206158 129.8280962758069 
541.7895226985464 473.79990150924027 
759.5232423031078 120.35981713331533 
618.6709387227385 168.5988156971979 
540.067236790428 533.6709641391552 
542.9464415848898 417.1270507614393 
623.3864013584714 164.4975445922168 
570.251381415067 310.660568276648 
737.6595819076845 120.53951369091503 
667.3928373531058 138.3981283451072 
659.833416067755 143.10652936834367 
638.0776242008632 157.2068893417452 
663.8991648716217 139.87452378722975 
518.7676639103918 764.1072836128284 
647.5726847596077 151.27430351323463 
599.211753876373 220.22997136794172 
594.2895956546157 239.8357418270115 
566.4255038072238 322.245611904607 
675.4457211320985 136.11303142006926 
568.2009040665724 317.8199929180753 
595.89544192911 233.96000073183438 
552.3607432237758 348.8556599207439 
563.0578141824797 327.5854901140308 
555.8810492542519 346.1748112990552 
603.344869034801 204.78873316852219 
696.7596815534432 127.74447133073808 
506.6866352498997 815.6995730224339 
588.0562799649679 262.5807035243958 
538.6844563787375 567.660473147636 
601.6427141009721 211.0257760636364 
544.6236835886668 363.4101715985871 
534.289909560056 647.6315457140369 
575.4967079840568 298.2142224590054 
710.0938135961916 124.13439788555108 
604.7607752083915 197.48500967055617 
511.56227130351795 807.6884999998492 
531.836750316129 681.121576326697 
577.3283763660804 293.6320438332082 
521.071515376809 757.986429185957 
542.2714513089657 462.94509576078474 
679.4478815386813 134.5446637089826 
584.7235345308882 273.17360067920936 
703.210107479128 125.26207314038139 
535.1150544822146 638.8395642625237 
579.0340453767441 287.9156065792625 
530.1903308892153 694.40241771354 
717.2555237558712 122.94602945385748 
610.4293331671784 175.87140621427915 
644.5024726161997 155.06531194928797 
529.238149042686 702.1376387550689 
513.4231075345664 801.4065645669364 
543.3186944460091 405.06195416780776 
586.5726333210422 268.8127087017387 
535.8905604127507 630.5997999362127 
522.3019587994048 751.8474447050731 
548.489045452666 351.42401418908474 
609.1508489148746 180.22295575536762 
540.7260846118587 522.8161583907004 
583.1383017401163 277.105429325279 
591.8519341589817 250.2506563032739 
572.5107624806554 305.8794086649156 
611.9494354891525 173.58399834865884 
510.0259887212602 811.9465492343203 
573.7327190243071 302.6398414455368 
581.6921675147632 280.85639701089127 
600.375660590175 215.85161042125972 
531.0609850073134 687.480603988998 
605.8556138923675 193.10664872387457 
514.4559686790493 796.5560434932459 
614.4935156189305 172.3638705627522 
590.4633359890523 254.55997669328525 
543.8549772538763 389.5216623743052 
515.5228733686733 791.492076349403 
593.2284972241193 245.7899236834533 
580.2153922915877 284.7207141057737 
544.1782719925451 378.96688060037445 
523.3223897389829 746.9421922814681 
589.4091230931448 258.20234257771455 
539.4530229440825 560.2050079077 
684.0985145956056 133.95840591796073 
541.2790357304033 514.3382208289602 
525.0345462636689 738.3111890792454 
607.8885484997305 185.01894904147989 
607.0486405564584 188.28081436625075 
559.2060644854487 342.4037832595375 
537.8504542158398 578.378592248911 
524.2699435766361 741.9949764968079 
504.9124119075318 818.2782390444729 
700.934896289167 126.29294515036592 
597.4392722894416 228.572864482562 
