501.653014763877 820.3971489439125 
516.5045295243164 768.8730350132374 
646.784013849048 150.2554885455298 
537.0384268925137 585.1950780698288 
545.1483759604432 353.0113004331056 
560.2538183492306 330.2663387357197 
541.7895226985464 473.79990150924027 
611.0889374398379 174.0181058993409 
653.6534630398451 147.39097649335514 
528.3152290028504 709.0019723833167 
685.3249931657356 133.4098408970591 
540.067236790428 533.6709641391552 
703.6517730887774 125.26954661139582 
533.4080161109612 657.477858452641 
665.8479198724629 141.4922607944414 
759.5233397458152 120.35981713331533 
661.4281658801938 144.2647933675158 
640.890563416646 157.6154524298558 
623.1198855006696 165.03374148455717 
730.5969912812993 120.49917835209558 
601.1678732550993 212.76796313452047 
506.6866352498997 815.6995730224339 
599.211753876373 220.22997136794172 
570.251381415067 310.660568276648 
602.8135130498483 206.88850545866123 
604.7607752083915 197.48500967055617 
534.289909560056 647.6315457140369 
724.5186010058575 120.92596417631417 
542.9105773388999 422.2757875785647 
520.7558441288484 758.971056264939 
594.2895956546157 239.8357418270115 
697.7473533223983 127.41948121711421 
535.4088797219723 636.3665029469679 
632.1711419320643 162.19904223703878 
554.7830133191263 346.64285457735167 
579.0340453767441 287.9156065792625 
590.9489416922099 252.97370955504113 
524.869671923559 738.597424700372 
531.4183616090406 684.3484284728098 
588.0562799649679 262.5807035243958 
592.6665334038178 247.61679771126873 
523.346939050175 746.3135316114885 
608.5989083974883 182.50226485009188 
532.4238547655714 676.121980832393 
522.1985785162501 751.924507224441 
567.0533462852708 320.6593447663627 
530.348052447967 693.3131357122103 
509.27722285778174 812.9243514648131 
529.3989694550212 700.7622080570056 
544.6301824606871 363.2609287726724 
690.8363149365507 130.702068973643 
543.7663231505727 391.9161747367271 
515.2079886547352 792.4584642145537 
572.5107624806554 305.8794086649156 
526.0519287399464 733.1780207085982 
618.2850080675616 166.41649014040883 
543.186236047377 409.97283393403427 
577.2232561561206 294.10937621949944 
607.1382799883089 187.87801570120018 
677.390664292055 137.898010146094 
671.2476295428794 140.35491489829082 
584.9951224799837 272.4930640854985 
536.3069919346783 627.1182456108048 
538.6751242055947 569.0124161998637 
589.388556278377 258.3135877644638 
527.4181114106267 725.7942013218106 
542.3736340028419 461.4969478647102 
680.2535165140063 136.61182607750524 
719.0886607949899 122.70710396783507 
574.0815881734916 301.809649611128 
693.693495414527 129.14877048322194 
539.3804425257723 559.8603531104607 
583.1364974368727 277.1251441367121 
565.4069999715008 324.92646052629595 
540.7136137245578 524.3295486476944 
568.9420292478032 316.02726471514865 
544.1912881069036 378.1944223008912 
550.9856628633354 349.81640795961647 
575.6605948619635 298.0087805000997 
513.9316709034229 798.3689194468867 
605.9464707462251 192.703850058824 
518.634997332817 766.2261935122684 
595.6207733419635 235.05458221527894 
596.7663631830645 230.98482316149102 
537.8598299154036 578.5981933566295 
586.4673134707564 269.23604802690795 
580.5153880187914 284.05128948438005 
557.91646613396 344.4616960758132 
644.3089084126564 155.56267411258563 
617.455516044973 167.9411896116851 
598.1047423067258 226.44028325056786 
512.102362756358 807.7199486379934 
610.1235231978411 177.5530325171722 
581.8388846998257 280.45359834584076 
711.6416929743745 123.90226310813995 
562.4892535462994 328.6800715974752 
541.3699599469891 514.1661570457748 
548.3832075696448 351.3888605292576 
513.0364913897014 803.0223727165151 
635.6835779808381 161.4700185933673 
