501.653014763877 820.3971489439125 
516.5045295243164 768.8730350132374 
661.4660283606258 137.9625880872223 
537.0384268925137 585.1950780698288 
527.4193385918916 709.0019723833167 
568.1341211410945 310.660568276648 
585.4050196909952 262.5807035243958 
545.1483759604432 353.0113004331056 
648.7473276849311 143.53372948167097 
641.6356627340639 151.55523127184452 
541.7895226985464 473.79990150924027 
686.5576959703689 129.54402106218848 
724.7727699961106 120.50282160781694 
618.2796277903109 165.36652438552613 
691.9029773776597 127.08156964000833 
533.4080161109612 657.477858452641 
540.067236790428 533.6709641391552 
630.8132854861522 157.11605896754315 
753.7662175457032 120.35981713331533 
559.916558075258 330.2663387357197 
680.0639904612104 133.15070535481752 
506.6866352498997 815.6995730224339 
611.8394031211858 172.42210793982866 
542.9105773388999 422.2757875785647 
604.7607752083915 197.48500967055617 
698.8241516160016 125.53223677599549 
599.0150141503457 220.22997136794172 
594.0928559285883 239.8357418270115 
578.4813056507166 287.9156065792625 
522.0660903219035 753.184198342131 
534.289909560056 647.6315457140369 
520.4464493376847 760.8533138683429 
535.27545736467 636.788829842014 
713.7217925904434 123.13335586317419 
706.6252689387657 124.2836526581258 
627.0472066811362 159.44701601145852 
544.6902361668382 360.0667729589501 
530.7308240963989 690.1274454899668 
582.0470833545327 279.8948797481503 
565.4956636701394 322.7681577366938 
603.0139172367273 205.97220164171574 
606.1890360389406 191.60926857537945 
536.1161341621743 628.2659216532154 
543.2107683139928 408.3662855217416 
515.0623047467762 793.7882136050313 
563.0545171472381 325.9630502101827 
509.39100940658045 812.8837044433814 
607.5457845462403 186.27203375152294 
614.475371525425 170.51282091695904 
538.7934282301902 566.871488733282 
589.3086435388191 256.1488872170967 
583.7963633455038 275.56466769063184 
542.2714513089657 462.94509576078474 
544.1887002076681 379.13948983037096 
610.2365103936023 177.07351261796768 
537.9984915525557 576.7544536748502 
608.9103099977249 181.33116013870034 
543.7670163899879 392.9398697418351 
525.2725969741545 737.5421883143703 
552.0840734295199 348.7080119075688 
721.5836446710736 121.13929477388578 
592.6473466900314 247.57926299827616 
540.7260846118587 522.8161583907004 
601.7387635229238 210.6229773985858 
677.2189253213255 135.15243217443194 
548.3832075696448 351.3888605292576 
600.4967776521464 215.40413701031858 
587.2399132859016 259.69204698856703 
557.4799679369733 343.38459165231575 
580.2153922915877 284.7207141057737 
513.9335120140393 799.1469422370768 
591.3112420609885 251.8522045396151 
529.7926548403275 698.0107116336894 
570.5725917403744 307.46567580315957 
669.2426509131868 137.28275225708794 
575.6615366876258 297.82515245376794 
574.3565050789014 301.0535743072928 
523.3314699801449 747.1816688624189 
597.669064235133 227.87909510808376 
532.3864013374493 676.7832874065356 
526.5896307590695 731.3930854325547 
524.2306439458177 742.4779374712787 
531.8098632506433 681.7804356514991 
621.7270553739293 163.24524935745436 
577.3398746999154 293.6588536311486 
572.2731741816559 305.18973053218394 
595.4535099235749 235.76598277322358 
637.1662419895071 156.10634092553025 
623.9780504902635 161.79781226687402 
596.571535816086 231.7880914639184 
518.6361843901843 766.5083273298313 
539.5131231800044 559.2963888534358 
541.2924790124991 514.4115883936807 
512.8983517376874 804.2802301174905 
512.0449108937808 808.1861285219026 
529.030609947113 703.8532355661919 
646.5068692220411 149.20732816163414 
648.034244551892 145.30528845934052 
560.9347202879816 329.08287026252583 
554.4811380998486 346.4320666365928 
