501.653014763877 820.3971489439125 
516.5045295243164 768.8730350132374 
616.4581917798034 170.9955955305185 
678.2099549700833 135.00201637909908 
537.0384268925137 585.1950780698288 
527.4193385918916 709.0019723833167 
560.2538183492306 330.2663387357197 
609.6909157144007 178.73013141343108 
759.5202091794262 120.35981713331533 
541.7895226985464 473.79990150924027 
701.7227188601337 125.9430092041966 
545.1483759604432 353.0113004331056 
663.0418388413756 142.85007014429422 
670.0217969543104 140.55425186143202 
630.5927614177833 162.00218326296624 
588.0562799649679 262.5807035243958 
542.9464415848898 417.1270507614393 
654.2045497836333 147.09275240524536 
540.067236790428 533.6709641391552 
570.251381415067 310.660568276648 
579.0340453767441 287.9156065792625 
572.5458279911765 305.834733919025 
574.9558340341571 299.6259470603709 
533.4080161109612 657.477858452641 
710.4363880325794 124.55647633389749 
535.9836244633431 630.9792395554953 
599.211753876373 220.22997136794172 
594.2895956546157 239.8357418270115 
604.7607752083915 197.48500967055617 
645.2878853352266 156.77597937912964 
576.7735640597808 295.1641553082356 
507.79298249015795 814.6910800125819 
534.9285354649332 641.2717553705718 
625.2393882155828 166.15088404480693 
634.7955548103383 160.71761038295168 
513.9958430192769 797.9143019933618 
690.019683246206 132.6433143608847 
722.5455808756309 121.78503006609502 
739.3419517208029 120.63828397542459 
649.506852929204 152.8940188658098 
589.8163996570262 256.70496242921985 
580.8359466257101 283.1344469675296 
512.4316255841742 805.7975942741359 
622.4965919104633 167.9682834488922 
600.7320496082791 214.35423027276454 
532.4451845805172 675.8255202840113 
582.665434170566 278.3086126099058 
557.5117716194593 344.1455480932043 
697.1968003850825 128.9407296381678 
728.2435032814948 121.08844887350382 
542.4344136333186 459.40290735595204 
567.0533462852708 320.6593447663627 
515.1915895543322 792.3222411782733 
531.4183616090406 684.3484284728098 
526.102204142797 733.3318752305248 
544.6962414647678 360.19229036122806 
544.2726406453772 375.6097948552465 
543.7663231505727 391.9161747367271 
592.6710785175198 247.62648174016562 
591.3223567481615 251.79024108184757 
524.9315348920699 738.6680963816134 
585.5219867569359 271.5660601916987 
534.0081605357694 650.6135248243929 
563.0578141824797 327.5854901140308 
510.56419806109125 811.3689347891661 
568.7765149460779 316.4645259572217 
520.1106112044048 762.2932014883545 
608.3774120678339 183.21078199015938 
504.9124119075318 818.2782390444729 
548.3832075696448 351.3888605292576 
651.8105427108179 150.42928853299767 
602.1289543898076 209.23406696648655 
603.2804051110928 205.27574958371028 
658.5304005830938 145.81840471186433 
523.7649873741277 744.2194911027303 
606.0761849781544 192.14513146113345 
552.0840734295199 348.7080119075688 
541.1213703284619 516.753591276781 
597.8567550952571 227.21739752170868 
554.1436575644818 347.1217447693247 
543.3170333123707 405.35841471618903 
607.1382799883089 187.87801570120018 
522.7456230618197 749.1247435263354 
595.6207733419635 235.05458221527894 
530.5998726723034 691.2127621010582 
718.3215712226253 123.39925978451953 
529.833466774881 697.4934452227262 
584.3629515196392 274.1137938007648 
537.905995616626 577.9274313532642 
642.3271547536982 159.1674438630176 
521.6751813858165 754.2734803434604 
539.4796248376634 559.7407176515974 
596.7079395839104 231.19026512039676 
540.6123139728653 524.9800389171976 
565.4069999715008 324.92646052629595 
529.030609947113 703.8532355661919 
695.2898792673029 130.66499424119692 
521.043971861783 758.5570779860561 
538.7972320287716 567.5237865004556 
686.4643357381913 134.39175218333273 
