501.653014763877 820.3971489439125 
516.5045295243164 768.8730350132374 
527.4193385918916 709.0019723833167 
545.1483759604432 353.0113004331056 
585.4050196909952 262.5807035243958 
537.0384268925137 585.1950780698288 
722.9408455312989 121.03261512245078 
759.3820289250291 120.35981713331533 
568.1341211410945 310.660568276648 
643.5906467528415 150.03901970501298 
559.916558075258 330.2663387357197 
639.5864337459722 154.67123894314912 
542.0519678180767 468.0938325779098 
691.20765133048 127.85917667801152 
617.7217829106552 167.1299503371047 
700.3712554903047 125.70236389941364 
540.067236790428 533.6709641391552 
542.9464415848898 417.1270507614393 
620.9692658675427 164.30117093974056 
578.4813056507166 287.9156065792625 
533.4080161109612 657.477858452641 
662.7240991224198 141.96506429702765 
611.7320470742391 173.34007659537224 
588.1246764996096 258.2938729530308 
609.5113124043091 179.21385475904663 
594.0928559285883 239.8357418270115 
669.7871226476102 136.9027999300073 
599.0150141503457 220.22997136794172 
632.2832870607289 159.0487663244012 
707.5124914206979 124.38631837457122 
521.0315371602626 757.5956255668759 
677.9218440618043 133.8428183957002 
604.7607752083915 197.48500967055617 
550.0957694168969 350.33045181141676 
512.4316255841742 805.7975942741359 
526.0064566130727 733.8976663928258 
715.3188916676588 123.15804594305578 
509.4343092648407 812.661927902384 
515.0452472955902 792.936593624167 
565.453824157091 322.2784796956741 
524.5037292022365 740.7718330940355 
737.2453647421174 120.6500682892149 
544.6906680484057 360.4133987358445 
603.0406724822961 205.93348482689308 
583.6763719512802 275.7784823509472 
570.5754006102012 307.9797196549594 
513.8781141840914 799.0289350525835 
541.2634209043996 514.9079967192449 
581.840669018414 280.4338835344077 
592.4003878344259 248.3528141144215 
576.5149452065904 295.7131204176908 
590.9489416922099 252.97370955504113 
506.6866352498997 815.6995730224339 
688.1613877302486 129.7231258150417 
530.7846024653106 689.6444845154957 
544.1838524817598 378.71241279856355 
534.1316772868099 649.2380941263294 
518.5583968883415 766.0978134556168 
673.6451549338387 135.32523803470366 
538.5703238484352 569.4868069582857 
573.5226535553803 303.19856004322713 
534.9789389846551 640.7672120857891 
535.7580961076958 632.8243145421355 
522.21459517774 751.6266388424914 
557.9579005690855 341.7812908797227 
523.283639407992 746.4779020253663 
625.8888877192069 162.3641620493553 
648.658529419715 147.02127149151767 
529.8051074143286 697.44006283359 
600.7320496082791 214.35423027276454 
684.6948107020013 132.14589378848825 
629.1290192086094 160.53393900853953 
543.760482026037 393.0766042698367 
532.428425964497 676.109526156752 
666.8937240923636 140.00157652456207 
555.227541900676 345.0234413930603 
574.9145409946773 299.66466387519347 
540.6269373750741 524.910198899458 
539.4194531191442 560.9391542118624 
597.8910190009134 226.96688253288488 
531.7254911533099 681.9223928344225 
596.5004777421517 231.81501499589982 
580.2153922915877 284.7207141057737 
613.9528612299288 171.9827871964272 
607.9773724311827 184.61615037642937 
543.2964117357467 406.5675164670201 
601.7387635229238 210.6229773985858 
537.9526638358475 577.3700992390593 
654.213626020611 145.15418977202597 
650.7291770842027 145.70184265860527 
553.8082376137913 347.10202995789155 
542.4229292588859 459.8903994524175 
595.4980564047684 235.5686260670787 
561.830553908507 327.5854901140308 
563.4253569059298 325.50690154919954 
607.1386269225721 187.85830088976712 
529.077105574239 703.5609172604617 
504.7385875042492 818.3864229204045 
536.5872639390551 624.3430240531841 
605.9468238424976 192.68413524739094 
