0.7471931940332119
0.7340983093328958
0.7485527547016754
0.734303284703728
0.7461977350365682
0.749122066306651
0.7497306338313809
0.7489503361435874
0.7501347803989973
0.7481418585062555
0.7343513420879069
0.7501627584543727
0.750070724824044
0.746669203395461
0.7486232348527504
0.7481064736453445
0.748798049164363
0.7507519347289606
0.7492729219191093
0.7374928717661314
0.7471253986895484
0.7455907434536652
0.7346505180550428
0.7498336572964891
0.7485901197849758
0.7487520581081769
0.7303996101532952
0.7493535591050056
0.7502373708169924
0.7502746345242814
