0.5487399849058482
0.4741332317642301
0.6115663235596686
0.5399607354841097
0.5470708666571823
0.56274137275798
0.668032382505042
0.5651000666801207
0.5868863563201794
0.5982761321135682
0.5693269757955979
0.600223962477774
0.5865022954697428
0.5599526848703816
0.5791890153373674
0.5613299143647997
0.5842411171786036
0.5571672277662878
0.5559075496570577
0.5939981364541602
0.5540534600321949
0.6446376117092677
0.562877650507338
0.5988302538508373
0.5709215141586881
0.5780701713847931
0.5675294262580416
0.5669628455393554
0.5615762889544758
0.5873372900910699
