3 0 0 0 0 0 0 0  10000000100000001000000010000000100000001000000010000000100000001000000010000000100000001000000010000000100000001000000010000000100000001000000010000000100000001000000010000000100000001000000010000000 
2 0 0 1 0 0 0 0  10010000100000001000000010000000100000001000000010000000100000001000000010000000100000001000000010000000100000001000000010000000100000001000000010000000100000001000000010000000100000001000000010000000 
3 0 0 1 0 0 0 0  10000000100000001001000010000000100000001000000010000000100000001000000010000000100000001000000010000000100000001000000010000000100000001000000010000000100000001000000010000000100000001000000010000000 
3 0 0 1 0 0 0 0  10000000100100001000000010000000100000001000000010000000100000001000000010000000100000001000000010000000100000001000000010000000100000001000000010000000100000001000000010000000100000001000000010000000 
2 0 0 2 0 0 0 0  10010000100100001001010010010000100100001001000010010000100100001001000010010000100100001001000010010000100100001001000010010000100100001001000010010000100100001001000010010000100100001001000010010000 
2 0 0 2 0 2 0 0  10010100100101001001010010010100100101001001010010010100100101001001010010010100100100001001010010010100100101001001000010010100100101011001010010010100100101001001010010010100100101011001010010010100 
2 0 0 2 0 2 0 0  10010101100101001001010010010100100101001001010010010100100101001001010010010100100101001001010010010100100101001001000010010100100101001001010010010100100101001001010010010100100101001001010010010100 
2 0 0 2 0 0 0 0  10010000100100001001000010000000100100001000000010000000100000001000000010000000100000001000000010000000100000001000000010000000100000001000000010000000100000001000000010000000100000001000000010000000 
2 0 0 2 0 0 0 0  10010000100100001000000010000000100000001000000010000000100000001000000010000000100000001000000010000000100000001000000010000000100000001000000010000000100000001000000010000000100000001000000010000000 
2 1 0 2 0 2 0 0  11010101110101011101010110010100100101001101010110010100100101001001010010011100100101001001010110010000100101011001010010010100110101001001010010010100100101001001010011010100100101001101010010011100 
2 0 0 2 0 0 0 0  10010000100100001001000010010000100100001001000010010000100100001001000010010000100100001001000010010000100100001001000010010000100100001001000010010000100100001001000010010000100100001001000010010000 
2 0 0 2 0 0 0 0  10010000100101001001000010010000100100001001000010010000100100001001000010010000100100001001000010010000100100001001000010010000100100001001000010010000100100001001000010010000100100001001000010010000 
2 0 0 2 0 0 0 0  10010000100000001001000010000000100000001000000010000000100000001000000010000000100000001000000010000000100000001000000010000000100000001000000010000000100000001000000010000000100000001000000010000000 
2 1 0 2 0 2 0 0  11010101110101001101010010010100110101001001010110010100110111001001010010010100100101011001010010010100100101001001010010010100100101001001010010010100100101001001010010010100100101001101110010010100 
2 0 0 2 0 2 0 0  10010101100101001001010010010100100101001001010010010100100101101001010010010100100101011001010010010100100101011001001010010100100101011001010010010100100101001001010010010100100101001001010010010100 
2 1 2 2 2 2 2 1  11111101111111011111111111111101111111111101111111111111111111111111111011111111111111111111110111111011111111111111111111110111111111011111111111110011111111111111110111111110110111001111111111110101 
2 0 1 2 0 2 2 0  11111111111111111111111111111111111111101111111111111111111111111101111111111111111111111111111011111110111111111111111111110111111111111111111111111111111111111111111111111110111111111111111111111111 
2 1 0 2 0 2 0 0  11010101110101001001010010010100100101001001010110010100100101001001010010010100100101011001010010010100100101001001000010010100100101011001010010010100100101001001010010010100100101001001010010010100 
2 1 2 2 2 2 0 1  11111101111111011111010111010100111101001101110110010100110101001001010011011101111101001011010110110100101101011101110011110101110101001011011010011100110101001111010011011100110111001101110010011100 
2 0 0 2 0 2 0 0  10010100100100001001010010010000100100001001000010010000100100001001000010010000100100001001000010010000100100001001000010010000100100001001000010010000100100001001000010010000100100001001000010010000 
2 1 2 2 2 2 0 1  11111101111111011111110110110100111111001001110111110100111111111111010011111101111101011011010110110101111101011111110111110111110111011111011011110100111111001111110011111100011111001101110011011100 
3 0 0 2 0 0 0 0  10000000100100001001000010000000100000001000000010000000100000001000000010000000100000001000000010000000100000001000000010000000100000001000000010000000100000001000000010000000100000001000000010000000 
2 0 0 2 0 2 0 0  10010100100101001001010010010100100101001001010010010100100101001001000010010100100100001001010010010100100101001001000010010000100101001001010010010100100100001001010010010000100101001001000010010100 
2 0 0 2 0 0 0 0  10010000100100001001010010010000100100001001010010010000100100001001000010010000100101001001000010010000100100001001000010010000100100001001000010010000100100001001000010010000100100001001000010010000 
3 0 0 2 0 0 0 0  10000000100100001000000010010000100100001001000010010000100100001001000010000000100000001000000010000000100000001001000010000000100000001000000010000000100000001000000010000000100000001001000010000000 
2 0 0 2 0 0 0 0  10010000100100001001000010010000100100001001010010010100100100001001000010010000100100001001000010010000100100001001000010010000100100001001000010010000100100001001000010010000100100001001000010010000 
3 0 0 2 0 0 0 0  10000000100100001000000010000000100000001001000010010000100000001001000010000000100000001000000010000000100000001001000010000000100000001000000010000000100000001001000010000000100000001001000010000000 
2 1 2 2 2 2 2 1  11111101111111111111111111111101111111111111111111111111111111111101111011111101111101111111111111111010111111111111111111110111111111011111111111110011111110111111110111110110111111101111111111111101 
2 1 0 2 0 2 0 1  11010101110101011101010110010100110101001101010110010100110101001001010010011101111101001001010110010100100101011001110010110100110101011001010010010100110101011011010011010100100111001101110010010100 
2 0 0 2 0 0 0 0  10010100100100001001000010010000100100001001000010010000100100001001000010010000100100001001000010010000100100001001000010010000100100001001000010010000100100001001000010010000100100001001000010010000 
2 0 0 2 0 2 0 0  10010000100100001001010010010100100101001001000010010100100100001001000010010000100100001001000010010000100100001001000010010000100100001001000010010000100100001001000010010000100100001001000010010100 
2 1 2 2 2 2 2 1  11111101111111011111110111111100111111001001110011111100111111111111110011111101110111011011111010111100111101111111110110010011110111010111011111110110111111011111110111111100010111001111110011011100 
2 0 0 2 0 2 0 0  10010100100101001001000010010000100100001001000010010000100100001001000010010000100100001001000010010000100100001001000010010000100100001001000010010000100100001001000010010000100100001001000010010000 
2 0 0 2 0 2 0 0  10010100100101001001010010010000100100001001000010010000100100001001000010010000100100001001000010010000100100001001000010010000100100001001000010010000100100001001000010010000100100001001000010010000 
2 0 0 2 0 2 0 0  10010100100100001001000010010000100101001001010010010000100100001001000010010100100101001001010010010000100100001001000010010000100101001001000010010000100100001001000010010000100101001001000010010100 
2 0 0 2 0 2 0 0  10010000100100001001010010010100100101001001010010010100100100001001000010010100100100001001000010010000100100001001000010010000100100001001000010010000100100001001000010010000100100001001000010010100 
2 0 0 2 0 2 0 0  10010100100101001001000010010100100101001001010010010100100100001001000010010100100100001001010010010000100100001001000010010000100100001001000010010000100100001001000010010100100100001001000010010100 
2 0 0 2 0 0 0 0  10010000100000001000000010000000100000001000000010010000100000001001000010010000100000001000000010000000100000001000000010000000100000001000000010010000100100001001000010000000100000001001000010000000 
3 0 0 0 0 0 0 0  10000000100000001000000010000000100000001000000010010000100000001000000010000000100000001000000010000000100000001000000010000000100000001000000010000000100000001000000010000000100000001000000010000000 
2 0 0 2 0 2 0 0  10010100100101001001000010010100100101001001010010010000100100001001000010010000100100001001000010010000100100001001000010010000100100001001000010010000100100001001000010010000100100001001000010010100 
2 1 1 2 2 2 2 1  11111111111111111111111111111111111111101111111111111111111111111101111111111111111111111111111011111110111111111111111111110111111111111110111111111111011111111111111111111110111111111111111111111111 
3 0 0 2 0 0 0 0  10000000100000001000000010000000100000001001000010010000100000001001000010000000100000001000000010000000100000001001000010010000100000001000000010000000100000001001000010000000100000001001000010000000 
2 0 0 2 0 0 0 0  10010000100100001000000010000000100100001001000010000000100100001000000010000000100000001000000010000000100000001000000010000000100000001000000010000000100000001000000010000000100000001000000010000000 
2 1 2 2 2 2 2 1  11111111111111111111111111010101111111001101101011111110111111111101101011111111111011011011111111111111110111011101110011110011111101111111011101110011110111111111110111111100110111101111110111011101 
2 0 0 2 0 2 0 0  10010000100101001001010010010100100101001001010010010100100100001001000010010100100100001001010010010000100100001001000010010000100100001001000010010000100100001001000010010100100100001001000010010100 
3 0 0 2 0 0 0 0  10000000100000001001000010000000100000001000000010010000100000001001000010000000100000001000000010000000100000001000000010000000100000001000000010000000100000001001000010000000100000001001000010000000 
2 0 0 2 0 2 0 0  10010100100100001001000010010100100101001001010010010100100100001001000010010000100100001001000010010000100100001001000010010000100100001001000010010000100100001001000010010000100100001001000010010000 
2 0 0 2 0 0 0 0  10010000100100001001000010010000100100001001010010010100100100001001000010010000100100001001000010010000100100001001000010010000100101001001000010010000100100001001000010010100100100001001000010010100 
2 0 0 2 0 2 0 0  10010100100100001001000010010000100101001001000010010100100100001001000010010000100100001001000010010000100100001001000010010000100100001001000010010000100100001001000010010000100100001001000010010000 
3 0 0 2 0 0 0 0  10000000100000001001000010010000100000001001000010010000100000001001000010000000100000001000000010000000100000001001000010010000100000001000000010000000100000001001000010000000100000001001000010000000 
3 0 0 1 0 0 0 0  10000000100000001001000010000000100000001000000010010000100000001000000010000000100000001000000010000000100000001000000010000000100000001000000010000000100000001000000010000000100000001000000010000000 
2 0 0 2 0 2 0 0  10010100100101001001010010010100100101001001010010010100100100001001000010010100100100001001010010010000100100001001000010010000100101001001000010010000100101001001000010010100100100001001000010010100 
2 0 0 2 0 2 0 0  10010000100101001001010010010100100101001001010010010100100100001001000010010000100100001001000010010000100100001001000010010000100100001001000010010000100100001001000010010000100100001001000010010100 
2 0 0 2 0 0 0 0  10010000100100001001000010000000100100001001000010010000100100001000000010000000100000001000000010000000100000001000000010000000100000001000000010000000100000001000000010000000100000001001000010000000 
2 1 2 2 0 2 0 1  11110101110101011111010111010100110101001101010110010100110101001001010010011100111101001001010110010100100101011001010010110100110101001001011010010100110101001011010011010100100111001101110010011100 
3 0 0 2 0 0 0 0  10000000100000001000000010000000100000001000000010010000100000001001000010010000100000001000000010000000100000001000000010000000100000001000000010010000100000001001000010000000100000001001000010000000 
2 0 0 2 0 2 0 0  10010000100101001001010010010000100101001001010010010100100100001001000010010000100100001001000010010000100100001001000010010000100100001001000010010000100100001001000010010000100100001001000010010000 
3 0 0 2 0 0 0 0  10000000100100001000000010000000100000001000000010010000100000001001000010000000100000001000000010000000100000001000000010000000100000001000000010000000100000001001000010000000100000001001000010000000 
2 0 0 2 0 2 0 0  10010100100101001001000010010000100101001001000010010100100100001001000010010000100100001001000010010000100100001001000010010000100100001001000010010000100100001001000010010000100100001001000010010000 
3 0 0 1 0 0 0 0  10000000100000001001000010000000100000001000000010010000100000001000000010000000100000001000000010000000100000001000000010000000100000001000000010000000100000001000000010000000100000001001000010000000 
2 0 0 2 0 0 0 0  10010000100100001001000010010000100100001001000010010000100100001001000010010000100000001001000010010000100100001000000010010000100100001001000010010000100100001001000010010000100100001001000010010000 
2 0 0 2 0 2 0 0  10010000100101001001010010010000100100001001000010010000100100001001000010010000100100001001000010010000100100001001000010010000100100001001000010010000100100001001000010010000100100001001000010010000 
3 0 0 1 0 0 0 0  10000000100100001000000010000000100000001000000010010000100000001000000010000000100000001000000010000000100000001000000010000000100000001000000010000000100000001000000010000000100000001000000010000000 
3 0 0 1 0 0 0 0  10000000100000001000000010000000100000001000000010010000100000001000000010010000100000001000000010000000100000001000000010000000100000001000000010010000100000001000000010000000100000001001000010000000 
2 0 0 2 0 0 0 0  10010000100100001001000010010000100100001001000010010100100100001001000010010000100100001001000010010000100100001001000010010000100100001001000010010000100100001001000010010000100100001001000010010000 
2 0 0 2 0 2 0 0  10010100100101001001010010010100100101001001010010010100100100001001000010010100100100001001000010010000100100001001000010010000100100001001000010010000100101001001000010010000100100001001000010010100 
2 0 0 2 0 2 0 0  10011101100101001001010010010100100101001001010010010100100101001001010010010100100101001001010010010100100101001001000010010100100101011001010010010100100101001001010010011100100101001001010010010100 
2 0 0 2 0 2 0 0  10010100100101001001010010010000100101001001010010010100100100001001000010010000100100001001000010010000100100001001000010010000100100001001000010010000100100001001000010010000100100001001000010010100 
2 0 0 2 0 2 0 0  10010100100100001001010010010000100101001001000010010100100100001001000010010000100100001001000010010000100100001001000010010000100100001001000010010000100100001001000010010000100100001001000010010000 
2 0 0 2 0 0 0 0  10010000100000001001000010010000100000001001000010010000100000001000000010000000100000001000000010000000100000001000000010000000100000001000000010000000100000001000000010000000100000001001000010000000 
2 0 0 2 0 0 0 0  10010000100100001001000010010000100100001001000010010000100000000001000010000000100000001000000010000000100000001000000010010000100000001001000010000000100000001001000010010000100000001001000010000000 
2 0 0 2 0 0 0 0  10010000100000001000000010000000100100001001000010000000100100001000000010000000100000001000000010000000100000001000000010000000100000001000000010000000100000001000000010000000100000001000000010000000 
2 1 2 2 0 2 0 1  11110101111101011111110111111101110111001101110110110100111111001011010011111101111111001011110110110100111101010101110010110100110101011111011010010100110111001111010011010100110111001101110111010100 
2 0 0 1 0 0 0 0  10010000100000001000000010000000100000001000000010010000100100001000000010000000100000001000000010000000100000001000000010000000100000001000000010000000100000001000000010000000100000001000000010000000 
2 1 2 2 0 2 0 1  11110101110101011111110111110100110111001101110110110100110101001011010011011101111111001001110110110100100111010101110010110100110101011111011010010100110111001001010011010100110111001101110011011100 
2 1 2 2 2 2 0 1  11111101110111011111010111010100111101001101110110010100110101001001010011011101111101001011010110110100101101011101110011110101110101001011011010011100110101001111010011011100110111001101110010011100 
2 0 0 2 0 0 0 0  10010000100100001001000010010000100100001001000010010000100100001001000010010000100000001001000010000000100000001000000010010000100000001001000010010000100100001001000010000000100000001001000010000000 
3 0 0 2 0 0 0 0  10000000100000001001000010010000100000001001000010010000100000001001000010000000100000001000000010000000100000001000000010000000100000001000000010000000100000001001000010000000100000001001000010000000 
3 0 0 2 0 0 0 0  10000000100000001001000010000000100000001001000010010000100000001001000010000000100000001000000010000000100000001000000010000000100000001000000010000000100000001001000010000000100000001001000010000000 
2 0 0 2 0 2 0 0  11010101100101001001010010010100100101001001010110010100100101001001010010010100100101011001010010010100100101001001000010010100100101011001010010010100100101001001010010010100100101001001010010010100 
2 0 0 2 0 0 0 0  10010000100000001001000010000000100000001001000010000000100100001000000010000000100000001000000010000000100000001000000010000000100000001000000010000000100000001000000010000000100000001000000010000000 
2 0 0 2 0 2 0 0  10010000100101001001010010010000100101001001000010010000100100001001000010010000100100001001000010010000100100001001000010010000100100001001000010010000100100001001000010010000100100001001000010010000 
2 0 0 2 0 2 0 0  10010100100101001001010010010000100101001001000010010100100100001001000010010000100100001001000010010000100100001001000010010000100100001001000010010000100100001001000010010000100100001001000010010000 
2 1 0 2 0 2 0 1  11110101110101011101010111010100110101001101110110010100110101001001010010011100110101001001010110010100100111011001010010110100110101001001011010010100110101001001010011010100100111001101010010011100 
2 0 0 2 0 2 0 0  10010000100101001001010010010100100101001001010010010100100100001001000010010100100101001001010010010000100100001001000010010000100100001001000010010000100101001001010010010000100101001001010010010100 
2 0 0 2 0 2 0 0  10010100100100001001010010010100100101001001010010010100100100001001000010010100100100001001000010010000100100001001000010010000100100001001000010010000100100001001000010010000100100001001000010010100 
2 0 0 2 0 2 0 0  10011101100101001001010010010100100101001001010010010100100101001001010010010100100101011001010010010100100101001001001010010100100101001001010010010100100101001001010010011100100101001001010010010100 
2 0 0 2 0 2 0 0  10010000100101001001000010010100100101001001010010010000100100001001000010010100100100001001000010010000100100001001000010010000100100001001000010010000100100001001000010010000100100001001000010010100 
2 0 0 2 0 2 0 0  10010000100101001001000010010000100101001001000010010000100100001001000010010000100100001001000010010000100100001001000010010000100100001001000010010000100100001001000010010000100100001001000010010100 
3 0 0 1 0 0 0 0  10000000100000001000000010000000100000001000000010010000100000001000000010010000100000001000000010000000100000001000000010000000100000001000000010000000100000001000000010000000100000001000000010000000 
2 0 0 2 0 2 0 0  10010100100100001001010010010000100101001001010010010100100100001001000010010000100100001001000010010000100100001001000010010000100100001001000010010000100100001001000010010000100100001001000010010100 
2 0 0 2 0 2 0 0  10010000100101001001000010010100100101001001010010010100100100001001000010010100100100001001000010010000100100001001000010010000100100001001000010010000100100001001000010010100100100001001000010010100 
2 0 0 2 0 2 0 0  10010000100101001001000010010100100101001001010010010100100100001001000010010100100101001001000010010000100100001001000010010000100100001001000010010000100100001001010010010100100101001001000010010100 
3 0 0 1 0 0 0 0  10000000100000001000000010000000100000001000000010010000100000001000000010010000100000001000000010000000100000001000000010000000100000001000000010000000100000001000000010000000100000001001000010000000 
3 0 0 2 0 0 0 0  10000000100100001001000010000000100000001000000010000000100000001001000010000000100000001000000010000000100000001000000010000000100000001000000010000000100000001001000010000000100000001000000010000000 
2 1 0 2 0 2 0 1  11010101110111011101010110010100110101001101010110010100100111001001010010011101110101001001010110010100100101011001010010110100110101011001010010010100100101011001010011010100100101001101010010010100 
2 0 0 2 0 0 0 0  10010000100100001001000010010000100100001001010010010100100100001001000010010100100101001001000010010000100100001001000010010000100100001001000010010000100100001001000010010000100100001001000010010000 
2 0 0 2 0 2 0 0  10010000100101001001000010010000100101001001010010010000100100001001000010010000100100001001000010010000100100001001000010010000100100001001000010010000100100001001000010010000100100001001000010010100 
3 0 0 1 0 0 0 0  10000000100100001000000010000000100000001000000010010000100000001001000010000000100000001000000010000000100000001000000010000000100000001000000010000000100000001000000010000000100000001000000010000000 
3 0 0 2 0 0 0 0  10000000100100001001000010000000100000001001000010010000100000001001000010000000100000001000000010000000100000001000000010000000100000001000000010000000100000001000000010000000100000001000000010000000 
