3 0 0 0 0 0 0 0  10000000100000001000000010000000100000001000000010000000100000001000000010000000100000001000000010000000100000001000000010000000100000001000000010000000100000001000000010000000100000001000000010000000 
3 0 0 0 0 0 0 0  10000000100000001001000010000000100000001000000010000000100000001000000010000000100000001000000010000000100000001000000010000000100000001000000010000000100000001000000010000000100000001000000010000000 
2 0 0 2 0 2 0 0  10010101100101001001010010010100100101001001010010010100100100001001010010010000100100001001010010010000100100001001000010010100100101001001000010010000100101001001010010010000100101001001000010010100 
2 1 1 2 0 2 2 1  11110101111101011101010111010101100101001101010011010100100111011001010010010100110101000101011111110110110101101111001010111101111101111001010111011100110101011001001001110100111101001101010010010100 
2 0 0 0 0 0 0 0  10010000100000001000000010000000100000001000000010000000100000001000000010000000100000001000000010000000100000001000000010000000100000001000000010000000100000001000000010000000100000001000000010000000 
3 0 0 0 0 0 0 0  10000000100100001000000010000000100000001000000010000000100000001000000010000000100000001000000010000000100000001000000010000000100000001000000010000000100000001000000010000000100000001000000010000000 
2 0 0 2 0 0 0 0  10010000100100001001010010010000100100001001000010010000100100001001000010010000100100001001000010010000100100001001000010010000100100001001000010010000100100001001000010010000100100001001000010010000 
2 0 0 2 0 2 0 0  10010100100101001001010010010100100101001001010010010000100100001001000010010100100100001001010010010000100100001001000010010100100101001001000010010100100100001001010010010000100101001001000010010100 
0 0 0 0 0 0 0 0  11111111111111111111111111111111111111101111111011111111111111111111111111111111111111111111111111111111111111111111111111111111111111111111111111111111111111111111111111111111111111111111111111111111 
2 0 0 2 0 0 0 0  10010000100100001000000010000000100000001000000010000000100000001000000010000000100000001000000010000000100000001000000010000000100000001000000010000000100000001000000010000000100000001000000010000000 
2 1 2 2 2 2 2 1  11111101111111011111110111111110110111011111111111111101110101111111110111011101110111001111111111111110111100111111110001111111111111001111011111110101110111010111001111111100111101111111111011011101 
2 0 0 2 0 0 0 0  10010000100100001001000010010000100100001001000010010000100100001001000010010000100100001001000010010000100100001001000010010000100100001001000010010000100100001001000010010000100100001001000010010000 
2 1 0 2 0 2 2 0  11010101110101011101010010010100100101001101010010010100100111001001010010010100100101001001010010010110110101001001001010001101100101011001010111010100110101011001011010010010110111001101010010010110 
2 1 1 2 0 2 2 1  11010101110101011101010111010100100101001101011011010100100111011001110010010100110111000101011110010110110101101101001111111101101101011001010111011100110101001001011001010100111111001101010010010110 
2 1 0 2 0 2 0 0  10010101100101001101010010010100100101001001010010010100100101001001010010011100100101001001010010010100100100001101000010010100100101011001001110010000100101001001010010010100100101001001000010010101 
2 0 0 2 0 0 0 0  10010100100100001001000010010000100100001001000010010000100100001001000010010000100100001001000010010000100100001001000010010000100100001001000010010000100100001001000010010000100100001001000010010000 
2 0 0 2 0 0 0 0  10010000100100001001000010000000100000001001000010000000100000001000000010000000100000001000000010000000100000001000000010000000100000001000000010000000100000001000000010000000100000001000000010000000 
2 1 0 2 0 2 0 0  11010101110101011101010011010100100101001101010010010100100111001001010010011111100101001101010010010000100100001101001110010100110101011001011111010000100101001001010010010100110101001001000010010100 
2 0 0 2 0 0 0 0  10010000100000001001000010000000100000001000000010000000100000001000000010000000100000001000000010000000100000001000000010000000100000001000000010000000100000001000000010000000100000001000000010000000 
2 0 0 2 0 0 0 0  10010000100101001001000010010000100100001001000010010000100100001001000010010000100100001001000010010000100100001001000010010000100100001001000010010000100100001001000010010000100100001001000010010000 
2 0 0 2 0 2 0 0  10010000100101001001010010010000100100001001000010010000100100001001000010010000100100001001000010010000100100001001000010010000100100001001000010010000100100001001000010010000100100001001000010010000 
2 0 0 2 0 2 0 0  10010000100101001001000010010100100100001001010010010000100100001001000010010000100100001001000010010000100100001001000010010000100100001001000010010000100100001001000010010000100100001001000010010000 
2 0 0 2 0 2 0 0  10010000100101001001000010010100100101001001010010010000100100001001010010010000100100001001000010010000100100001001000010010000100100001001000010010000100100001001000010010000100100001001000010010100 
3 0 0 2 0 0 0 0  10000000100100001001000010000000100000001000000010000000100000001000000010000000100000001000000010000000100000001000000010000000100000001000000010000000100000001000000010000000100000001000000010000000 
2 1 2 2 2 2 2 1  11111101111111111111110111111111110111011111111111011101111101111001110111011111110111110111011111110010111101111011110101111111111111111111011111110111111111010111101111011110111111110111111011011101 
3 0 0 2 0 0 0 0  10000000100100001001000010010000100000001001000010010000100000001001000010000000100000001000000010000000100000001001000010010000100000001000000010000000100000001001000010000000100000001000000010000000 
2 0 0 2 0 2 0 0  10010100100101001001000010010000100100001001000010010000100100001001000010010000100100001001000010010000100100001001000010010000100100001001000010010000100100001001000010010000100100001001000010010000 
2 0 0 2 0 2 0 0  10010100100100001001010010010000100100001001000010010000100100001001000010010000100100001001000010010000100100001001000010010000100100001001000010010000100100001001000010010000100100001001000010010000 
2 0 0 2 0 2 0 0  10010100100101001001010010010000100100001001000010010000100100001001000010010000100100001001000010010000100100001001000010010000100100001001000010010000100100001001000010010000100100001001000010010000 
2 1 0 2 0 2 0 1  11010101100101001101010010010100100101001101010010010100100101001001010010010000100100000101010010010100100100001101000010010100100101011001000010010100100101001001010010010110100101001001000010010100 
2 0 0 2 0 2 0 0  10010000100101001001000010010100100101001001010010010000100100001001010010010100100100001001010010010000100100001001000010010000100101001001000010010000100100001001000010010000100100001001000010010100 
3 0 0 0 0 0 0 0  10000000100000001000000010000000100100001000000010000000100000001000000010000000100000001000000010000000100000001000000010000000100000001000000010000000100000001000000010000000100000001000000010000000 
3 0 0 2 0 0 0 0  10000000100100001001000010000000100000001001000010010000100000001000000010000000100000001000000010000000100000001000000010000000100000001000000010000000100000001001000010000000100000001001000010000000 
2 0 0 2 0 2 0 0  10010101100101001001010010010100100101001001010010010100100100001001110010010010100100001001010010010000100100001001000010010100100101011001001110010000100101001001010010010100100101001001000010010100 
2 1 0 2 0 2 0 0  10010101100101001101010010010100100101001001010010010100100111011001010010011100100101001101011010010100100100001101001010010100100101011001001110010000100101001001010010010100100101001001000010010101 
3 0 0 2 0 0 0 0  10000000100000001000000010000000100000001001000010010000100000001001000010000000100000001000000010000000100000001000000010000000100000001001000010000000100000001001000010000000100000001001000010000000 
2 1 2 2 0 2 2 1  11110101111101011111010110111100110111011101011011111100111101111101110010010110110101110111011101110110110101111111110011111111111111111101011111111100110111001001001011111111111101111011011011011101 
2 1 2 2 2 2 2 1  11111111111111111111111111111100110111001101011011011110111101111111110010010110110111111111011111111110111101111111111011111111111111111101111111111101111111011101101011111110111101111011011011011101 
1 0 2 2 2 2 0 0  11111111111111111111111111111111111111111111111111111111111101111101111111011111110111111111111111111111111100111111111111111111111111111111111111111111111111110111111111111111111111111111111011111111 
2 1 0 2 0 2 0 0  11010101100101001101010010010100100101001001010010010100100111011001010010011100100101000101011010010100100100001101001010010100100101011001001110010000100101001001010010010100110101001001000010010101 
2 0 0 2 0 2 0 0  10010100100100001001000010010000100101001001010010010000100100001001000010010000100100001001000010010000100100001001000010010000100100001001000010010000100100001001000010010000100100001001000010010000 
2 0 0 2 0 2 0 0  10010000100101001001010010010000100101001001000010010000100100001001000010010000100100001001000010010000100100001001000010010000100100001001000010010000100100001001000010010000100100001001000010010100 
3 0 0 2 0 0 0 0  10000000100000001000000010000000100000001000000010010000100000001001000010000000100000001000000010000000100000001000000010000000100000001000000010000000100000001001000010000000100000001001000010000000 
2 0 0 2 0 2 0 0  10010101100101001001010010010100100101001001010010010100100101001001010010010010100100001001010010010000100100001001000010010100100100001001000110010000100101001001010010010100100101001001000010010100 
2 0 0 2 0 2 0 0  10010100100101001001000010010000100101001001010010010000100100001001000010010000100100001001000010010000100100001001000010010000100100001001000010010000100100001001000010010000100100001001000010010000 
3 0 0 2 0 0 0 0  10000000100100001000000010010000100100001001000010010000100000001001000010000000100000001000000010010000100000001000000010000000100000001000000010000000100000001001000010000000100000001001000010000000 
2 0 0 2 0 2 0 0  10010000100101001001010010010100100101001001010010010000100100001001000010010000100100001001000010010000100100001001000010010000100100001001000010010000100100001001000010010000100100001001000010010100 
2 0 0 2 0 0 0 0  10010000100100001001000010010000100100001001010010010000100100001001000010010000100100001001000010010000100100001001000010010000100101001001000010010000100100001001000010010100100101001001000010010100 
2 1 2 2 2 2 2 1  11111101110111011111110111010100110111001101011111011101110101111001110011010111110111110101111101110100111101111111110001010101100110111111011011010101010111011001001111111111111111001111110011011101 
1 1 2 2 2 2 2 0  11111111111111111111111111111111110111001111111111011111111101111111111111011110110111111111111111111010111100111111111101011111111111111111111111111111111111010111111111111111111111101111111011111111 
2 0 0 2 0 0 0 0  10010000100100001000000010000000100100001001000010000000100000001001000010000000100000001000000010000000100000001000000010000000100000001000000010000000100000001000000010000000100000001000000010000000 
2 0 0 2 0 2 0 0  10010000100100001001010010010100100101001001010010010000100100001001000010010000100100001001000010010000100100001001000010010000100100001001000010010000100100001001000010010000100100001001000010010100 
3 0 0 2 0 0 0 0  10000000100000001000000010000000100000001001000010010000100000001001000010000000100000001000000010010000100000001000000010000000100000001001000010000000100100001001000010000000100000001001000010000000 
3 0 0 2 0 0 0 0  10000000100100001000000010010000100000001001000010010000100000001001000010000000100000001000000010000000100000001000000010000000100000001000000010000000100000001001000010000000100000001001000010000000 
3 0 0 2 0 0 0 0  10000000100000001001000010010000100100001001000010010000100000001001000010000000100000001000000010010000100000001000000010000000100000001000000010000000100000001001000010000000100000001001000010010000 
2 0 0 2 0 0 0 0  10010000100100001001000010010000100100001001000010010000100100001001000010000000100000001001000010010000100100001000000010010000100100001001000010010000100100001001000010010000100100001001000010010000 
2 0 0 2 0 0 0 0  10010000100100001001000010010000100100001001000010010000100000001001000010000000100000001001000010000000100000001000000010010000100100001000000010010000100000001001000010010000100000001001000010010000 
2 0 0 2 0 0 0 0  10010000100100001001000010010000100100001001000010010000100000001001000010000000100000001000000010000000100000001000000010000000100000001000000010000000100000001001000010000000100000001001000010000000 
2 0 0 2 0 2 0 0  10010100100100001001000010010100100101001001010010010000100100001001000010010000100100001001010010010000100100001001000010010000100101001001000010010000100100001001010010010000100101001001000010010100 
2 0 0 2 0 2 0 0  10010100100100001001000010010100100101001001010010010000100100001001000010010000100100001001010010010000100100001001000010010000100100001001000010010000100100001001000010010000100100001001000010010100 
3 0 0 2 0 0 0 0  10000000100000001001000010010000100000001001000010010000100000001001000010000000100000001000000010010000100000001000000010000000100000001001000010000000100000001001000010000000100000001001000010000000 
2 0 0 2 0 2 0 0  10010000100101001001010010010100100101001001010010010000100100001001010010010000100100001001000010010000100100001001000010010100100101001001000010010000100100001001010010010000100101001001000010010100 
3 0 0 2 0 0 0 0  10000000100100001001000010000000100000001000000010000000100000001001000010000000100000001000000010000000100000001000000010000000100000001000000010000000100000001000000010000000100000001001000010000000 
2 0 0 2 0 0 0 0  10010000100100001001010010010000100100001001010010010000100100001001000010010000100100001001000010010000100100001001000010010000100100001001000010010000100100001001000010010000100100001001000010010000 
3 0 0 0 0 0 0 0  10000000100000001000000010000000100100001000000010000000100000001000000010000000100000001000000010000000100000001000000010000000100000001000000010000000100000001000000010000000100000001001000010000000 
2 0 0 2 0 2 0 0  10010000100100001001010010010100100101001001010010010000100100001001000010010000100100001001010010010000100100001001000010010000100101001001000010010000100100001001000010010000100101001001000010010100 
3 0 0 2 0 0 0 0  10000000100000001001000010000000100000001000000010000000100000001001000010000000100000001000000010000000100000001000000010000000100000001000000010000000100000001001000010000000100000001000000010000000 
2 0 0 2 0 2 0 0  10010100100101001001010010010100100101001001010010010000100100001001000010010100100100001001000010010000100100001001000010010000100101001001000010010000100100001001000010010000100101001001000010010100 
3 0 0 0 0 0 0 0  10000000100000001000000010000000100000001000000010000000100100001000000010000000100000001000000010000000100000001000000010000000100000001000000010000000100000001000000010000000100000001000000010000000 
2 0 0 2 0 0 0 0  10010000100100001001000010010000100100001001000010010000100100001001000010010000100100001001000010010000100100001001000010010000100101001001000010010000100100001001000010010000100100001001000010010000 
2 1 0 2 0 2 0 1  11010101110101001101010010010100100101001101010010010100100101011001010010010010100100001101010010010100100100001101000010010100100101011001000110010100110101001001010010010111100101001001000010010100 
2 0 0 2 0 2 0 0  10010100100101001001000010010100100101001001010010010000100100001001000010010000100100001001000010010000100100001001000010010000100100001001000010010000100100001001000010010000100101001001000010010100 
2 0 0 2 0 2 0 0  10010100100101001001000010010100100101001001010010010000100100001001000010010000100100001001010010010000100100001001000010010000100101001001000010010000100100001001010010010000100101001001000010010100 
2 1 0 2 0 2 0 1  11010101110101011101010011010100100101001101010010010100100111011001110010011010100101001101011010010101100100001101011110011100100101011001001111010000110101001001010010010101110101001001000010010101 
3 0 0 2 0 0 0 0  10000000100000001001000010010000100000001001000010010000100000001001000010000000100000001000000010000000100000001000000010000000100000001000000010000000100000001001000010000000100000001001000010000000 
2 0 0 2 0 2 0 0  10010100100101001001010010010100100101001001000010010000100100001001000010010000100100001001000010010000100100001001000010010000100100001001000010010000100100001001000010010000100100001001000010010000 
2 0 0 2 0 0 0 0  10010000100100001001000010010000100100001001010010010000100100001001000010010000100100001001000010010000100100001001000010010000100101001001000010010000100100001001000010010000100100001001000010010000 
2 0 0 2 0 0 0 0  10010000100000001001000010000000100100001001000010000000100000001001000010000000100000001000000010000000100000001000000010010000100000001000000010000000100000001000000010000000100000001000000010000000 
2 0 0 2 0 2 0 0  10010100100100001001010010010100100101001001010010010000100100001001000010010000100100001001000010010000100100001001000010010000100101001001000010010000100100001001000010010000100101001001000010010100 
2 0 0 2 0 0 0 0  10010000100100001001000010010000100100001001010010010000100100001001000010010000100100001001000010010000100100001001000010010000100101001001000010010000100100001001000010010000100100001001000010010100 
2 0 0 2 0 0 0 0  10010000100100001001000010000000100100001001000010000000100000001001000010000000100000001000000010000000100000001000000010010000100000001000000010000000100000001000000010000000100000001000000010000000 
2 0 0 2 0 2 0 0  10010100100101001001010010010100100101001001010010010000100100001001000010010000100100001001000010010000100100001001000010010000100100001001000010010000100100001001000010010000100100001001000010010100 
3 0 0 2 0 0 0 0  10000000100000001001000010000000100000001001000010010000100000001001000010000000100000001000000010000000100000001000000010000000100000001000000010000000100000001001000010000000100000001001000010000000 
2 0 0 2 0 2 0 0  10010100100100001001010010010000100101001001000010010000100100001001000010010000100100001001000010010000100100001001000010010000100100001001000010010000100100001001000010010000100100001001000010010100 
3 0 0 2 0 0 0 0  10000000100100001000000010010000100000001001000010010000100000001000000010000000100000001000000010000000100000001000000010000000100000001000000010000000100000001001000010000000100000001000000010000000 
2 1 2 2 2 2 2 0  11111111111111011111110111111111110111011111111111111101110101111111110111011101110111001111111111111010111101111011110101111111111111001111011111111101110111010111101111011100111101111111111011011101 
3 0 0 2 0 0 0 0  10000000100100001000000010000000100000001001000010000000100000001000000010000000100000001000000010000000100000001000000010000000100000001000000010000000100000001001000010000000100000001001000010000000 
2 0 0 2 0 2 0 0  10010000100101001001010010010100100101001001010010010000100100001001000010010000100100001001010010010000100100001001000010010000100101001001000010010000100100001001000010010000100101001001000010010100 
2 0 0 2 0 0 0 0  10010000100000001000000010000000100000001001000010000000100100001000000010000000100000001000000010000000100000001000000010000000100000001000000010000000100000001000000010000000100000001000000010000000 
2 1 0 2 0 2 0 0  11010101100101001001010010010100100101001001010010010000100101011001010010010000100101001001000010010100100100001001001010010100100101011001001010010000100101001001010010010100100101001001000010010101 
3 0 0 2 0 0 0 0  10000000100000001001000010000000100000001000000010010000100000001001000010000000100000001000000010000000100000001000000010000000100000001000000010000000100000001001000010000000100000001001000010000000 
2 0 0 2 0 0 0 0  10010000100000001000000010000000100100001001000010010000100000001001000010000000100000001000000010000000100000001000000010000000100000001000000010000000100000001001000010000000100000001001000010000000 
2 0 0 2 0 2 0 0  10010100100100001001010010010000100101001001010010010000100100001001000010010000100100001001010010010000100100001001000010010000100100001001000010010000100100001001000010010000100100001001000010010100 
2 0 0 2 0 0 0 0  10010000100000001001000010000000100000001001000010000000100000001001000010000000100000001000000010000000100000001000000010000000100000001000000010000000100000001000000010000000100000001000000010000000 
2 0 0 2 0 2 0 0  10010000100100001001010010010100100101001001000010010000100100001001000010010000100100001001000010010000100100001001000010010000100100001001000010010000100100001001000010010000100100001001000010010000 
3 0 0 2 0 0 0 0  10000000100100001000000010000000100000001001000010000000100000001000000010000000100000001000000010000000100000001000000010000000100000001000000010000000100000001000000010000000100000001000000010000000 
2 1 2 2 2 2 2 1  11111101110101011111110111010100110111001101011111011101110111111001110011010110110111010101011101110100110101111111110001010111101110111011011011011100010101011001001111111111111111101101010011011111 
3 0 0 2 0 0 0 0  10000000100000001001000010000000100000001001000010000000100000001000000010000000100000001000000010000000100000001001000010010000100000001000000010000000100000001000000010000000100000001000000010000000 
2 0 0 2 0 0 0 0  10010000100000001000000010000000100100001001000010010000100100001000000010000000100000001000000010000000100000001000000010000000100000001000000010000000100000001000000010000000100000001000000010000000 
2 1 2 2 0 2 2 1  11110101111101011111010110111100100101011101011011011100111101011001010010010110100101110101011101110110110101111111000010111111111111111101001111111100110111011001001011111111111101111001010010011101 
