3 0 0 0 0 0 0 0  10000000100000001000000010000000100000001000000010000000100000001000000010000000100000001000000010000000100000001000000010000000100000001000000010000000100000001000000010000000100000001000000010000000 
2 0 0 1 0 0 0 0  10010000100000001000000010000000100000001000000010000000100000001000000010000000100000001000000010000000100000001000000010000000100000001000000010000000100000001000000010000000100000001000000010000000 
3 0 0 1 0 0 0 0  10000000100000001001000010000000100000001000000010000000100000001000000010000000100000001000000010000000100000001000000010000000100000001000000010000000100000001000000010000000100000001000000010000000 
3 0 0 1 0 0 0 0  10000000100100001000000010000000100000001000000010000000100000001000000010000000100000001000000010000000100000001000000010000000100000001000000010000000100000001000000010000000100000001000000010000000 
2 0 0 2 0 2 0 0  10010101100101001001010010010100100101001001010010010100100101001101010010010100100101001001010011010000100101001001010010010100100101001001110010010100100111001001010010011100110101001001010010010100 
2 0 0 2 0 0 0 0  10010000100100001001000010010000100100001001000010010000100100001001000010010000100100001001000010010000100100001001000010010000100100001001000010010000100100001001000010010000100100001001000010010000 
2 2 0 2 1 2 0 0  11011101110101011101010111011101110101001101010011010100110101110101010010010100110101000101010011010101110101011101011010010100110111101001110010011101110111011101010110010100010111001101010011010100 
2 0 0 1 0 0 0 0  10010000100100001000000010000000100000001000000010000000100000001000000010000000100000001000000010000000100000001000000010000000100000001000000010000000100000001000000010000000100000001000000010000000 
2 0 0 2 0 2 0 0  10010101100101001001010010010100100101001001010010010100100101001101000010010100100101001001010010010000100101001001000010010100100101001001110010010100100111001001010010010000100101001001010010010100 
2 0 0 2 0 1 0 0  10010000100101001001000010010000100100001001000010010000100100001001000010010000100100001001000010010000100100001001000010010000100100001001000010010000100100001001000010010000100100001001000010010000 
2 0 0 2 0 1 0 0  10010000100100001001010010010000100100001001000010010000100100001001000010010000100100001001000010010000100100001001000010010000100100001001000010010000100100001001000010010000100100001001000010010000 
2 2 0 2 0 2 0 0  11010101110101001001010010011100110101001101010010010100100100001101010010010100110101001001010010010100100101001001001011010100100101011001110010011100110101011001010010010100110101001001100010010100 
2 0 0 1 0 0 0 0  10010000100000001001000010000000100000001000000010000000100000001000000010000000100000001000000010000000100000001000000010000000100000001000000010000000100000001000000010000000100000001000000010000000 
2 0 0 2 0 0 0 0  10010000100100001001000010000000100000001001000010000000100000001000000010000000100000001000000010000000100000001000000010000000100000001000000010000000100000001000000010000000100000001000000010000000 
2 0 0 0 0 0 2 0  11111111111111111111111111111111111111101111111111111111111101111101111111111110111111101111111111111111111111111111111111111111111111111111111111111111111111111111111111111111111111111111111111111111 
2 2 0 2 2 2 2 0  11111111111111111111111111011111111111111111110111111111111101111111111111111100111111101111111111111111111111111111111011111111111111111111111111111111111111011111101111111111111111101111111111111111 
3 0 0 1 0 0 0 0  10000000100100001001000010000000100000001000000010000000100000001000000010000000100000001000000010000000100000001000000010000000100000001000000010000000100000001000000010000000100000001000000010000000 
2 0 0 2 0 1 0 0  10010100100100001001000010010000100100001001000010010000100100001001000010010000100100001001000010010000100100001001000010010000100100001001000010010000100100001001000010010000100100001001000010010000 
2 0 0 2 0 1 0 0  10010000100101001001010010010000100100001001000010010000100100001001000010010000100100001001000010010000100100001001000010010000100100001001000010010000100100001001000010010000100100001001000010010000 
2 2 1 2 2 2 2 0  11111101110111011101010111011101110111101101110011010101110100110101010111010100110101001101010011011110110101001101111011011100111111111111110111011101111111011101010111010100010110101101001111010100 
2 0 0 2 0 1 0 0  10010100100101001001000010010000100100001001000010010000100100001001000010010000100100001001000010010000100100001001000010010000100100001001000010010000100100001001000010010000100100001001000010010000 
2 2 0 2 0 2 0 0  11010101110101011001010011011100110101001101010011010100110101001101010111010100110101001001010011010000100101001001000011011100110111011111110110011101110101011001010110010100010101001101100111010100 
2 0 0 2 0 1 0 0  10010000100101001001000010010000100101001001000010010000100100001001000010010000100100001001000010010000100100001001000010010000100100001001000010010000100100001001000010010000100100001001000010010000 
2 2 1 2 2 2 2 0  11111101111111011101110111011101111111101111110011111101111111011111110111110101111101111101010011010110110111110101011011011101111011111111110111110101111111011111110111010100111110101101101011011110 
2 0 0 2 0 2 0 0  10010100100101001001010010010100100101001001010010010100100100001001010010010100100101001001010010010000100100001001000010010000100100001001010010010100100100001001000010010000100101001001000010010100 
3 0 0 1 0 0 0 0  10000000100000001001000010000000100000001001000010000000100000001000000010000000100000001000000010000000100000001000000010000000100000001000000010000000100000001000000010000000100000001000000010000000 
3 0 0 1 0 0 0 0  10000000100100001000000010000000100000001001000010000000100000001000000010000000100000001000000010000000100000001000000010000000100000001000000010000000100000001000000010000000100000001000000010000000 
2 2 0 2 2 2 2 0  11011101110111011101010111011101110111001101110011010101110111110101010111010100110101000101010011010010110101001101111011011100110111111111110111011101111111011101010111010100010110101101010111010100 
2 2 1 2 2 2 2 0  11111101111111011111110111011111111111111111110011111101111111111111111111111100111111111111111111011111110111011101111111111111111011111111110111110111111111011111111111110101111111101111111011111110 
2 0 0 2 0 0 0 0  10010000100000001001000010000000100000001001000010000000100000001000000010000000100000001001000010010000100000001000000010000000100000001000000010000000100000001000000010000000100000001000000010000000 
2 2 0 2 2 2 2 0  11011101110111011101110111011101110111001101110011010101110110110111010111010101110111001101010011010110110101011101111011011101110111111111110111011101111111011101010111010100011110101101001111010100 
2 2 1 2 2 2 2 0  11111101110111011101110111011101110111101111110011111101111110111111010111110101110101011101010011010110110111110101111011011101110011111111110111011101111101011001110111010100111110101101101011010100 
3 0 0 1 0 0 0 0  10000000100000001000000010000000100000001001000010010000100000001000000010010000100000001000000010000000100000001000000010000000100000001000000010000000100000001001000010000000100000001000000010000000 
3 0 0 2 0 0 0 0  10000000100100001000000010000000100000001001000010010000100000001000000010000000100000001000000010000000100000001000000010000000100000001000000010000000100000001001000010000000100000001000000010000000 
2 0 0 2 0 0 0 0  10010000100000001000000010010000100000001001000010010000100100001000000010000000100000001000000010000000100000001000000010000000100000001000000010000000100100001001000010000000100000001000000010000000 
3 0 0 2 0 0 0 0  10000000100000001001000010010000100100001001000010010000100000001000000010000000100000001000000010000000100000001001000010000000100100001000000010000000100000001000000010000000100000001001000010000000 
2 0 0 2 0 0 0 0  10010000100100001001000010010000100100001001000010010000100100001001000010010000100000001001000010010000100100001000000010010000100100001001000000010000100100001001000010010000100000001001000010010000 
2 2 0 2 1 2 0 0  11010101110111011101010111011101110101001101010011010101110111101101010011010100110101001101010011010000110101001101010011011000110111011111010111011101111111011101010010011100010101101101110011011100 
3 0 0 2 0 0 0 0  10000000100100001000000010000000100100001001000010010000100000001000000010000000100000001000000010010000100000001001000010000000100000001000000010000000100000001001000010000000100000001001000010000000 
2 0 0 2 0 1 0 0  10010000100100001001010010010100100101001001010010010000100100001001000010010000100100001001000010010000100100001001000010010000100100001001010010010000100100001001000010010000100100001001000010010000 
2 0 0 2 0 1 0 0  10010100100100001001000010010100100100001001010010010000100100001001000010010000100100001001000010010000100100001001000010010100100100001001000010010000100100001001000010010000100100001001000010010000 
2 0 0 2 0 2 0 0  10010000100101001001000010010100100101001001010010010100100100001001000010010000100100001001010010010000100100001001000010010000100100001001000010010000100100001001010010010000100101001001000010010100 
2 0 0 2 0 0 0 0  10010000100000001000000010000000100000001000000010010000100100001000000010000000100000001000000010000000100000001000000010000000100000001000000010000000100100001001000010000000100000001000000010000000 
3 0 0 1 0 0 0 0  10000000100000001001000010000000100000001001000010010000100000001000000010000000100000001000000010000000100000001000000010000000100000001000000010000000100000001000000010000000100000001000000010000000 
2 2 1 2 2 2 2 0  11111111111111111111110111011111111111111111110011111101111101111111011111111100111111011111101111010111110111111101111111111111111011111111110111110111111111011111101111110101111111101111111011011110 
3 0 0 2 0 0 0 0  10000000100000001000000010010000100000001001000010010000100100001000000010000000100000001000000010000000100000001000000010000000100000001000000010000000100000001001000010000000100000001001000010010000 
2 0 0 2 0 1 0 0  10010100100100001001010010010000100100001001000010010000100100001001000010010000100100001001000010010000100100001001000010010000100100001001000010010000100100001001000010010000100100001001000010010000 
2 0 0 1 0 0 0 0  10010000100000001000000010000000100000001000000010010000100000001000000010000000100000001000000010000000100000001000000010000000100000001000000010000000100000001000000010000000100000001000000010000000 
2 0 0 2 0 0 0 0  10010000100100001000000010000000100000001001000010000000100000001000000010000000100000001000000010010000100000001000000010000000100000001000000010000000100000001000000010010000100000001000000010000000 
2 0 0 2 0 1 0 0  10010000100100001001000010010100100101001001010010010100100100001001000010010000100100001001000010010000100100001001000010010000100100001001000010010000100100001001000010010000100100001001000010010000 
2 0 0 2 0 0 0 0  10010000100100001001000010010000100100001001000010010000100100001000000010000000100000001000000010000000100000001000000010000000100000001000000010000000100000001001000010000000100000001001000010010000 
2 2 0 2 1 2 0 0  11010101110111001101110011011101110101001001010011010101110101001111010011010101110101001101010011010000110101001101010011011100110111001101010110011100100101011101010010011100010101011101110011011100 
2 0 0 2 0 1 0 0  10010000100100001001000010010100100101001001000010010000100100001001000010010000100100001001000010010000100100001001000010010000100101001001000010010000100100001001000010010000100100001001000010010000 
3 0 0 2 0 0 0 0  10000000100100001000000010000000100100001001000010010000100000001000000010000000100000001000000010000000100000001001000010000000100000001000000010000000100000001000000010000000100000001001000010000000 
2 2 1 2 2 2 2 0  11111101111111111111111111011111111111111111110011111111111101111111111111111100110111101111111111110111111111111111111011111111111111111111111111111111111111011111101111110111111111101111110011011111 
2 0 0 2 0 1 0 0  10010000100100001001010010010100100100001001010010010000100100001001000010010000100100001001000010010000100100001001000010010000100100001001000010010000100100001001000010010000100100001001000010010000 
3 0 0 1 0 0 0 0  10000000100000001000000010000000100000001000000010010000100000001000000010010000100000001001000010000000100000001000000010000000100000001000000010000000100000001000000010000000100000001000000010000000 
2 0 0 2 0 2 0 0  10010000100101001001000010010100100101001001010010010000100100001001000010010000100100001001000010010000100100001001000010010000100100001001000010010000100100001001000010010000100100001001000010010000 
2 0 0 2 0 2 0 0  10010100100101001001000010010100100100001001010010010000100100001001000010010000100100001001000010010000100100001001000010010000100100001001000010010000100100001001000010010000100100001001000010010000 
3 0 0 2 0 0 0 0  10000000100100001001000010000000100000001001000010010000100000001000000010000000100000001000000010000000100000001001000010000000100000001000000010000000100000001000000010000000100000001000000010000000 
3 0 0 2 0 0 0 0  10000000100000001001000010010000100000001001000010010000100000001000000010000000100000001000000010000000100000001001000010000000100100001000000010000000100000001000000010000000100000001001000010000000 
3 0 0 2 0 0 0 0  10000000100000001000000010000000100000001001000010010000100100001000000010000000100100001000000010000000100000001001000010000000100000001000000010000000100000001000000010000000100000001001000010000000 
2 0 0 2 0 2 0 0  10010100100100001001010010010100100101001001010010010000100100001001000010010000100100001001000010010000100100001001000010010000100100001001000010010000100100001001000010010000100100001001000010010000 
2 0 0 2 0 0 0 0  10010000100100001001000010010000100100001001010010010000100100001001000010010000100100001001000010010000100100001001000010010000100100001001000010010000100100001001000010010000100100001001000010010000 
2 0 0 2 0 2 0 0  10010100100101001001010010010100100101001001010010010100100101001001010010010000100100001001010010010000100100001001000010010100100101001001110010010000100111001001000010010100100100001001010010010100 
2 0 0 2 0 2 0 0  10010100100100001001010010010100100101001001010010010100100100001001000010010000100101001001000010010000100100001001000010010000100100001001000010010000100100001001000010010000100100001001000010010100 
2 0 0 2 0 1 0 0  10010100100100001001000010010100100100001001000010010000100100001001000010010000100100001001000010010000100100001001000010010000100100001001000010010000100100001001000010010000100100001001000010010000 
2 0 0 2 0 2 0 0  10010000100101001001010010010000100101001001000010010000100100001001000010010000100100001001000010010000100100001001000010010000100100001001000010010000100100001001000010010000100100001001000010010000 
2 0 0 2 0 0 0 0  10010000100100001001000010000000100000001001000010000000100100001000000010000000100000001001000010010000100000001000000010000000100000001000000010000000100000001000000010010000100000001000000010000000 
2 2 0 2 0 2 0 0  11010100110101001001010011010100110101001001010010010100100101001111010010010100100101001001010011010000100101001001010011010100100111001001110010011100100111001101010010011100110101011001010011011100 
2 0 0 2 0 0 0 0  10010000100100001001000010010000100100001001000010010000100100001000000010000000100000001001000010000000100100001000000010000000100100001001000010000000100100001001000010000000100000001001000010010000 
2 0 0 2 0 2 0 0  10010100100101001001010010010100100101001001010010010000100100001001000010010000100100001001000010010000100100001001000010010000100100001001000010010000100100001001000010010000100100001001000010010000 
2 0 0 2 0 2 0 0  10010000100101001001000010010100100101001001010010010100100100001001000010010000100100001001000010010000100100001001000010010000100100001001000010010000100100001001000010010000100100001001000010010100 
2 2 1 2 2 2 2 0  11111101111111111111110111011111111111111111110011111101111101111111111111111100110111111111111111010111110111111101111111111111111011111111110111110111111111011111101111110101111111101111111011011111 
2 0 0 2 0 0 0 0  10010000100100001001000010010000100100001001010010010100100100001001000010010000100100001001000010010000100100001001000010010000100100001001000010010000100100001001000010010000100100001001000010010000 
2 0 0 2 0 1 0 0  10010000100100001001010010010000100100001001010010010000100100001001000010010000100100001001000010010000100100001001000010010000100100001001000010010000100100001001000010010000100100001001000010010000 
3 0 0 0 0 0 0 0  10000000100000001000000010000000100000001000000010010000100000001000000010000000100000001000000010000000100000001000000010000000100000001000000010000000100000001000000010000000100000001000000010000000 
2 0 0 2 0 2 0 0  10010100100101001001010010010000100100001001000010010000100100001001000010010000100100001001000010010000100100001001000010010000100100001001000010010000100100001001000010010000100100001001000010010000 
2 0 0 2 0 2 0 0  10010100100101001001010010010100100101001001010010010100100100001001010010010100100100001001010010010000100100001001000010010000100100001001000010010000100100001001000010010000100100001001000010010100 
2 2 0 2 0 2 0 0  11010100110101001001010011011101110101001001010011010100100101001111010010010101110101001001010011010000110101001001010011010100100111001001110010011100100101001101010010011100110101011101110011011100 
2 0 0 2 0 2 0 0  10010100100101001001010010010100100101001001000010010100100101001101000010010100100101001001010010010000100101001001000010010100100101001001110010010100100111001001010010010000100101001001010010010100 
2 0 0 2 0 2 0 0  10010100100100001001010010010000100101001001000010010000100100001001000010010000100100001001000010010000100100001001000010010000100100001001000010010000100100001001000010010000100100001001000010010000 
2 0 0 2 0 2 0 0  10010100100101001001000010010100100101001001010010010100100100001001000010010000100100001001000010010000100100001001000010010000100100001001000010010000100100001001000010010000100100001001000010010000 
3 0 0 1 0 0 0 0  10000000100000001000000010000000100000001000000010010000100000001000000010010000100000001000000010000000100000001000000010000000100000001000000010000000100000001000000010000000100000001000000010000000 
2 0 0 2 0 2 0 0  10010100100100001001000010010100100101001001010010010000100100001001000010010000100100001001000010010000100100001001000010010000100100001001000010010000100100001001000010010100100100001001000010010000 
2 0 0 2 0 2 0 0  10010100100101001001000010010100100101001001010010010100100100001001000010010100100100001001000010010000100100001001000010010000100100001001000010010000100100001001000010010000100100001001000010010100 
3 0 0 0 0 0 0 0  10000000100000001000000010000000100000001000000010000000100000001000000010000000100100001000000010000000100000001000000010000000100000001000000010000000100000001000000010000000100000001000000010000000 
2 0 0 2 0 2 0 0  10010100100101001001010010010000100101001001000010010000100100001001000010010000100100001001000010010000100100001001000010010000100100001001000010010000100100001001000010010000100100001001000010010000 
3 0 0 2 0 0 0 0  10000000100100001001000010000000100000001001000010000000100000001000000010000000100000001000000010000000100000001000000010000000100000001000000010000000100000001000000010000000100000001000000010000000 
3 0 0 2 0 0 0 0  10000000100000001001000010000000100000001001000010000000100000001001000010000000100000001000000010000000100000001001000010000000100000001000000010000000100000001000000010000000100000001001000010000000 
2 0 0 2 0 2 0 0  10010000100101001001010010010000100101001001010010010000100100001001000010010000100100001001000010010000100100001001000010010000100100001001000010010000100100001001000010010000100100001001000010010100 
2 0 0 2 0 2 0 0  10010100100101001001000010010100100101001001010010010100100100001001010010010000100101001001010010010000100100001001000010010000100100001001000010010000100100001001000010010100100100001001010010010100 
2 0 0 2 0 2 0 0  10010100100101001001010010010100100101001101010010010100100101001001000010010100100101001001010010010000100101001001000010010100100101001001010010010000100110001001000010010100100101001001010010010100 
2 0 0 2 0 2 0 0  10010100100100001001000010010100100101001001010010010000100100001001010010010000100100001001010010010000100100001001000010010000100100001001000010010000100100001001000010010000100100001001010010010100 
3 0 0 2 0 0 0 0  10000000100000001001000010000000100000001001000010010000100000001000000010000000100000001000000010010000100000001001000010000000100000001000000010000000100000001000000010000000100000001001000010000000 
2 0 0 2 0 2 0 0  10010100100101001001010010010100100101001001010010010100100100001001000010010000100101001001000010010000100100001001000010010000100100001001000010010000100100001001000010010000100100001001000010010100 
2 0 0 2 0 2 0 0  10010000100101001001010010010100100101001001010010010000100100001001000010010000100100001001000010010000100100001001000010010000100100001001000010010000100100001001000010010100100100001001000010010100 
2 2 0 2 0 2 0 0  11010101110101011101010111011101110111001101110011010101110101001101010111011100111101001001010011010000110101001101110011011000110111011111010110011101110101011101000110011100010111001101110111010100 
2 0 0 2 0 2 0 0  10010100100100001001000010010100100101001001010010010100100100001001010010010000100100001001010010010000100100001001000010010000100100001001010010010000100100001001000010010000100101001001000010010100 
2 2 0 2 0 2 0 0  11010100110101001001010010011101110101001001010011010101100101001101000010010100100101001001010011010000100100001001010010010100100111001001010010010100100101001001010010011100110101001001010010011100 
