3 0 0 0 0 0 0 0  10000000100000001000000010000000100000001000000010000000100000001000000010000000100000001000000010000000100000001000000010000000100000001000000010000000100000001000000010000000100000001000000010000000 
2 0 0 1 0 0 0 0  10010000100000001000000010000000100000001000000010000000100000001000000010000000100000001000000010000000100000001000000010000000100000001000000010000000100000001000000010000000100000001000000010000000 
0 2 0 2 0 2 0 0  11111111111111111111111111111111111111111111111111111111111111111111111111111110111111111111111111111111111111111111111111111011111111111111111111111111111111111111111111111110111111111111111011111110 
3 0 0 1 0 0 0 0  10000000100100001000000010000000100000001000000010000000100000001000000010000000100000001000000010000000100000001000000010000000100000001000000010000000100000001000000010000000100000001000000010000000 
2 0 0 2 0 0 0 0  10010000100100001001000010010000100100001001000010010000100100001001000010010000100100001001000010010000100100001001000010010000100100001001000010010000100100001001000010010000100100001001000010010000 
2 2 0 2 2 2 0 0  11011101110101001001010010001100100111001101010110011100110101011101010111001100100011001001010010011100100101001001100010011101110111001001110010010101110111001000110010010100100101001000110010001100 
2 0 0 1 0 0 0 0  10010000100100001000000010000000100000001000000010000000100000001000000010000000100000001000000010000000100000001000000010000000100000001000000010000000100000001000000010000000100000001000000010000000 
3 0 0 1 0 0 0 0  10000000100000001001000010000000100000001000000010000000100000001000000010000000100000001000000010000000100000001000000010000000100000001000000010000000100000001000000010000000100000001000000010000000 
2 0 0 2 0 1 0 0  10010000100101001001000010010000100100001001000010010000100100001001000010010000100100001001000010010000100100001001000010010000100100001001000010010000100100001001000010010000100100001001000010010000 
2 2 2 2 2 2 1 0  11111111111111111111111111101111111111011111110011111111111110111111110110111110111111111111110111011111111111111111111111111011110101111111111111110110111111111111111111111110111111111111101011111110 
2 2 0 2 2 2 0 0  11011101110101011101010110001100100111001101010111011100110101010101010110011100111011001001010010010100100101001001000010011001100011001101110011010100100101001101110011110100100101001001110101101100 
2 0 0 2 0 1 0 0  10010100100100001001000010010000100100001001000010010000100100001001000010010000100100001001000010010000100100001001000010010000100100001001000010010000100100001001000010010000100100001001000010010000 
2 0 0 2 0 1 0 0  10010000100100001001010010010000100100001001000010010000100100001001000010010000100100001001000010010000100100001001000010010000100100001001000010010000100100001001000010010000100100001001000010010000 
2 0 0 2 0 2 0 0  10010101100101011001010010010100100101001001010010010100100101001001010010010100100100001001000010010100100100001001010010010100100111001001010010010100100101001001010010010000100100001001010010011100 
3 0 0 1 0 0 0 0  10000000100100001001000010000000100000001000000010000000100000001000000010000000100000001000000010000000100000001000000010000000100000001000000010000000100000001000000010000000100000001000000010000000 
2 2 0 2 2 2 0 0  11011100110101001001010010001100100111001101010110011100100101011101010111001100100011001001010010011100100101001001000010011101110111001001110010010101110111001000110010010100100101001000110010001100 
2 0 0 2 0 2 0 0  10010101100101001001010010010100100101001001010010010000100101001001010010010100100100001001000010010100100100001001000010010100100101001001000010010000100101001001010010010000100101001001000010010100 
2 0 0 1 0 0 0 0  10010000100000001001000010000000100000001000000010000000100000001000000010000000100000001000000010000000100000001000000010000000100000001000000010000000100000001000000010000000100000001000000010000000 
2 0 0 2 0 2 0 0  10010100100101001001010010010100100101001001010010010100100101001001010010010100100100001001000010010000100100001001001010010000100100001001010010010000100101001001010010010000100101001001010010010100 
2 0 0 2 0 2 0 0  10010100100101001001010010010100100101001001010010010100100101001001000010010100100100001001000010010000100100001001000010010000100100001001000010010000100101001001010010010000100101001001000010010100 
2 0 0 2 0 1 0 0  10010000100101001001010010010000100100001001000010010000100100001001000010010000100100001001000010010000100100001001000010010000100100001001000010010000100100001001000010010000100100001001000010010000 
2 0 0 2 0 1 0 0  10010100100101001001000010010000100100001001000010010000100100001001000010010000100100001001000010010000100100001001000010010000100100001001000010010000100100001001000010010000100100001001000010010000 
2 0 0 2 0 0 0 0  10010000100100001001000010000000100000001000000010000000100000001000000010000000100000001000000010000000100000001000000010000000100000001000000010000000100000001000000010000000100000001000000010000000 
2 2 0 2 2 2 1 0  11011101110111011101010111011100111011000101010011011100111101010101010110011100111111001101110011010100110111001101001011011011110011001101110011010101110111001101110010010110110111011101110011101100 
2 0 0 2 0 2 0 0  10010101100101011001010010010100100101001001010010010100100101001001010010010100100100001001000010011100100100101001010010010100100111001001010010010000100101001001010010011100100100001001010010011100 
3 0 0 2 0 0 0 0  10000000100100001001000010000000100000001001000010010000100000001000000010000000100000001000000010000000100000001000000010000000100000001000000010000000100000001000000010000000100000001000000010000000 
2 2 2 2 2 2 1 0  11111111111111011111110111111101111111011111110011111111111110111111111110111111111111111111110111011100111111011111111111111011110101111111110111011111111111111111110111110110111111111001111111111110 
3 0 0 1 0 0 0 0  10000000100000001000000010000000100000001001000010010000100000001000000010000000100100001000000010000000100000001000000010000000100000001000000010000000100000001000000010000000100000001000000010000000 
2 0 0 2 0 2 0 0  10010101100101011001010010010100100111001001010010010100100101001101010010010100100110001001001010010100100100101001010010011100100111001001010010010000100101011000110010011100100111001001110010001100 
2 0 0 2 0 1 0 0  10010000100100001001000010010000100101001001010010010100100100001001000010010000100100001001000010010000100100001001000010010000100100001001000010010000100100001001000010010100100100001001000010010000 
2 0 0 2 0 0 0 0  10010000100000001001000010000000100100001001000010000000100000001000000010000000100000001000000010000000100000001000000010000000100000001000000010000000100000001000000010000000100000001000000010000000 
2 0 0 2 0 0 0 0  10010000100000001000000010000000100100001001000010000000100000001000000010000000100000001000000010000000100000001000000010000000100000001001000010000000100000001000000010000000100000001000000010000000 
2 2 2 2 2 2 1 0  11111101111111011111110111101101111111011111110011111111111110111111111110111110111111111101110111011101111111111111101111111110110101111111111111011111111111111111111111111110111111011101111011111110 
2 0 0 2 0 2 0 0  10010100100101001001010010010000100100001001000010010000100100001001000010010000100100001001000010010000100100001001000010010000100100001001000010010000100100001001000010010000100100001001000010010000 
3 0 0 1 0 0 0 0  10000000100100001000000010000000100000001001000010000000100000001000000010000000100000001000000010000000100000001000000010000000100000001000000010000000100000001000000010000000100000001000000010000000 
2 0 0 2 2 2 0 0  10011101110101001001010010011100100111001001010010010100100101001001010010001100100111001001010010011100100101001001000010011100100111001001110010010101110101001000110010011100100100001001010010001100 
2 0 0 2 0 0 0 0  10010000100100001001000010010000100100001001000010010000100100001001000010000000100000001001000010010000100000001000000010010000100100001001000010010000100000001001000010000000100100001001000010010000 
3 0 0 1 0 0 0 0  10000000100000001000000010010000100000001001000010010000100000001000000010000000100100001000000010000000100000001000000010000000100000001000000010000000100000001000000010000000100000001000000010000000 
2 0 0 2 0 2 0 0  10010000100101001001000010010100100101001001010010010100100100001001000010010000100100001001000010010000100100001001000010010000100101001001000010010000100100001001000010010100100101001001000010010100 
2 0 0 2 2 2 0 0  10010101100101011001110010010100100111001101010110001100100101011101010110001100100011001001001010010100100101001001000010011101100111001001110010010101100101001000110010010100110101001000110010001100 
2 0 0 2 0 1 0 0  10010000100101001001000010010000100100001001000010010000100100001001010010010000100100001001000010010000100100001001000010010000100100001001000010010000100100001001000010010000100100001001000010010100 
2 0 0 1 0 0 0 0  10010000100000001000000010000000100000001001000010000000100000001000000010000000100000001000000010000000100000001000000010000000100000001000000010000000100000001000000010000000100000001000000010000000 
2 0 0 2 0 2 0 0  10010000100101001001010010010100100101001001010010010100100100001001000010010000100100001001000010010000100100001001000010010000100100001001000010010000100100001001000010010000100100001001000010010100 
2 0 0 2 0 1 0 0  10010000100100001001010010010000100101001001010010010000100100001001000010010000100100001001000010010000100100001001000010010000100100001001000010010000100100001001000010010100100100001001000010010000 
2 0 0 2 0 2 0 0  10010100100101001001000010010100100101001001000010010000100100001001000010010000100100001001000010010000100100001001000010010000100100001001000010010000100100001001000010010000100100001001000010010000 
2 2 2 2 2 2 1 0  11111101111111111111110111101111111111011111110011111111111110111111111110111110111111111111110111011111111111111111111111111111110101111111111111011111111111111111111111111110111111011111111011011110 
2 0 0 2 0 2 0 0  10010000100101001001000010010000100101001001010010010100100100001001000010010100100100001001000010010000100100001001000010010000100100001001000010010000100100001001000010010000100100001001000010010100 
2 2 1 2 2 2 1 0  11111101111111011111110111011100111111011111110011011111111110111101110110111100111111001101110011111101011111011101101011011110110111011011110111010111110101001101110011110100111111001101111111101110 
2 0 0 2 0 0 0 0  10010000100100001001000010000000100100001001000010000000100000001000000010000000100000001000000010000000100000001000000010000000100000001001000010000000100000001000000010000000100000001000000010000000 
2 0 0 2 0 2 0 0  10010100100101001001000010010100100101001001010010010000100100001001000010010000100100001001000010010100100100001001000010010000100100001001000010010000100100001001000010010000100100001001000010010100 
2 0 0 2 0 0 0 0  10010000100100001000000010000000100100001001000010000000100000001000000010000000100000001000000010000000100000001000000010000000100000001000000010000000100000001000000010000000100000001000000010000000 
2 2 1 2 2 2 1 0  11011101111111011101010111011100111011001101110011011100110101011101010110001100111111001101111011011110010111001101101011001110110111001011110011010101110111011101110010010110110101011101111011101100 
3 0 0 2 0 0 0 0  10000000100000001001000010000000100000001001000010010000100000001000000010000000100100001000000010000000100000001001000010000000100000001000000010010000100100001001000010000000100100001001000010000000 
3 0 0 2 0 0 0 0  10000000100000001000000010000000100000001001000010010000100000001000000010000000100100001000000010000000100000001001000010000000100000001001000010000000100000001001000010000000100100001000000010000000 
2 0 0 2 0 2 0 0  10010100100101001001000010010100100101001001010010010000100100001001010010010100100100001001000010010000100100001001000010010000100100001001000010010000100101001001000010010000100101001001000010010100 
2 0 0 2 0 1 0 0  10010100100100001001010010010000100100001001000010010000100100001001000010010000100100001001000010010000100100001001000010010000100100001001000010010000100100001001000010010000100100001001000010010000 
2 0 0 2 0 0 0 0  10010000100000001000000010000000100100001001000010010000100000001000000010000000100000001001000010000000100000001000000010000000100000001001000010000000100000001000000010000000100000001001000010000000 
2 0 0 2 0 1 0 0  10010000100101001001000010010000100100001001010010010000100100001001010010010000100100001001000010010000100100001001000010010000100100001001000010010000100101001001000010010000100100001001000010010100 
3 0 0 2 0 0 0 0  10000000100100001000000010010000100000001001000010010000100000001000000010000000100000001000000010000000100000001001000010000000100000001000000010000000100000001000000010000000100000001001000010000000 
2 0 0 2 0 2 0 0  10010100100100001001010010010100100101001001010010010000100100001001000010010000100100001001000010010000100100001001000010010000100101001001000010010000100100001001000010010000100100001001000010010100 
3 0 0 2 0 0 0 0  10000000100000001001000010000000100000001001000010010000100000001000000010000000100000001000000010000000100000001001000010000000100000001001000010000000100000001001000010000000100100001001000010000000 
2 0 0 2 0 2 0 0  10010100100100001001000010010100100101001001010010010000100100001001000010010000100100001001000010010000100100001001000010010000100100001001000010010000100100001001000010010000100100001001000010010100 
2 0 0 2 0 0 0 0  10010000100100001001000010010000100100001001000010010000100000001000000010000000100000001001000010000000100000001000000010000000100000001001000010000000100000001000000010000000100000001001000010000000 
2 0 0 2 0 1 0 0  10010100100100001001000010010000100100001001010010010000100100001001000010010000100100001001000010010000100100001001000010010000100100001001000010010000100100001001000010010000100100001001000010010000 
2 0 0 2 0 2 0 0  10010101100101011001010010011100100111001001010010010100100101001001010010010100100100001001001010011100100100101001000010011100100111001001010010010101100101001001010010011100100100001001010010011100 
2 0 0 2 0 2 0 0  10010100100101001001010010010000100101001001000010010100100100001001000010010000100100001001000010010000100100001001000010010000100100001001000010010000100100001001000010010000100100001001000010010000 
2 0 0 2 0 1 0 0  10010100100100001001000010010100100100001001000010010000100100001001000010010000100100001001000010010000100100001001000010010100100100001001000010010000100100001001000010010000100100001001010010010100 
2 0 0 2 0 2 0 0  10010100100101001001010010010100100101001001010010010000100100001001000010010000100100001001000010010000100100001001000010010000100101001001000010010000100100001001000010010100100100001001000010010100 
2 0 0 2 0 2 0 0  10010000100101001001010010010000100100001001010010010000100100001001000010010000100100001001000010010000100100001001000010010000100100001001000010010000100100001001000010010000100100001001000010010100 
3 0 0 2 0 0 0 0  10000000100000001001000010000000100000001001000010000000100000001000000010000000100100001000000010000000100000001001000010000000100000001000000010000000100000001001000010000000100100001001000010000000 
3 0 0 1 0 0 0 0  10000000100000001001000010000000100000001000000010000000100000001000000010000000100000001000000010000000100000001000000010010000100000001000000010000000100000001000000010000000100000001000000010000000 
2 2 1 2 2 2 1 0  11111101111111011101110111011100111111011111010011011111111101011101110111111100111011001001110011011101111101001101101011011010110111011101110111010111110101001101110011110100111111001101110111101100 
2 0 0 2 0 2 0 0  10010100100100001001010010010000100101001001010010010000100100001001000010010000100100001001000010010000100100001001000010010000100100001001000010010000100100001001000010010000100100001001000010010100 
3 0 0 0 0 0 0 0  10000000100000001000000010000000100000001000000010010000100000001000000010000000100000001000000010000000100000001000000010000000100000001000000010000000100000001000000010000000100000001000000010000000 
2 0 0 2 0 2 0 0  10010000100101001001010010010000100101001001010010010100100100001001000010010000100100001001000010010000100100001001000010010000100100001001000010010000100100001001000010010000100100001001000010010000 
3 0 0 1 0 0 0 0  10000000100000001001000010000000100000001001000010000000100000001000000010000000100100001000000010000000100000001000000010000000100000001000000010000000100000001000000010000000100000001000000010000000 
3 0 0 1 0 0 0 0  10000000100000001000000010000000100000001001000010000000100000001000000010000000100100001000000010000000100000001000000010000000100000001000000010000000100000001000000010000000100000001000000010000000 
2 0 0 2 0 2 0 0  10010101100101011001010010010000100101001001010010010100100101001001000010010100100100001001000010010100100100001001010010010100100101001001000010010000100101001001010010011100100100001001000010010100 
2 2 0 2 2 2 0 0  11111101111111011101010110001100101111001101010011111110101101010101010110011100111011001101010011011100110111001111101011001001110011001101110011010100100101001101110011110100110101001001110001111100 
3 0 0 2 0 0 0 0  10000000100100001000000010010000100000001001000010010000100000001000000010000000100000001000000010000000100000001001000010000000100100001000000010000000100000001001000010000000100000001001000010000000 
2 0 0 2 0 2 0 0  10010100100101001001010010010000100101001001010010010100100100001001000010010000100100001001000010010000100100001001000010010000100100001001000010010000100100001001000010010000100100001001000010010100 
2 0 0 2 0 0 0 0  10010000100100001001000010010000100100001001000010010000100000001001000010000000100000000001000010000000100000001000000010000000100100001001000010000000100000001001000010000000100100001001000010010000 
2 0 0 2 0 1 0 0  10010000100100001001010010010000100100001001010010010000100100001001000010010000100100001001000010010000100100001001000010010000100101001001000010010000100100001001000010010000100100001001000010010000 
2 0 0 2 0 2 0 0  10010100100100001001000010010100100101001001010010010000100100001001000010010000100100001001000010010000100100001001000010010000100101001001000010010000100100001001000010010100100101001001000010010100 
3 0 0 2 0 0 0 0  10000000100000001001000010000000100000001001000010000000100000001000000010000000100000001000000010000000100000001000000010000000100000001000000010000000100000001001000010000000100100001001000010000000 
3 0 0 2 0 0 0 0  10000000100000001000000010010000100000001001000010010000100000001000000010000000100100001000000010000000100000001001000010000000100000001001000010000000100000001001000010000000100100001000000010000000 
3 0 0 1 0 0 0 0  10000000100000001001000010000000100000001001000010000000100000001000000010000000100100001000000010000000100000001000000010000000100000001000000010000000100100001000000010000000100000001000000010000000 
2 0 0 2 0 0 0 0  10010000100100001001000010010000100100001001000010010000100100001001000010010000100100001001000010010000100100001001000010010000100101001001000010010000100100001001000010010000100100001001000010010000 
3 0 0 0 0 0 0 0  10000000100000001000000010000000100000001000000010000000100000001000000010000000100100001000000010000000100000001000000010000000100000001000000010000000100000001000000010000000100000001000000010000000 
3 0 0 2 0 0 0 0  10000000100100001000000010000000100100001001000010010000100100001000000010000000100000001001000010000000100000001000000010010000100000001001000010000000100000001001000010000000100000001001000010000000 
2 0 0 2 0 2 0 0  10010100100100001001010010010000100101001001000010010000100100001001000010010000100100001001000010010000100100001001000010010000100100001001000010010000100100001001000010010000100100001001000010010000 
2 0 0 2 0 1 0 0  10010000100100001001010010010000100100001001010010010000100100001001000010010000100100001001000010010000100100001001000010010000100100001001000010010000100100001001000010010000100100001001000010010000 
2 2 0 2 2 2 0 0  11011101110101011101110110001100101111001101010011011110110101010101010110011100111011001001010011011100100101001011000011011000100011001101110011010100100101001101110011110100100101001001110101101100 
2 2 1 2 2 2 1 0  11111101111111011101010111011100111111001101010011011111111101011101010110011100111111001101110011011110010111001101101011011111110111001001110011010111110101001101110011010100110101000101111111101110 
2 0 0 2 0 0 0 0  10010000100100001001000010010000100100001001000010010000100100001001000010010000100100001001000010010000100100001001000010010000100101001001000010010000100100001001000010010100100100001001000010010100 
2 0 0 2 0 0 0 0  10010000100100001001000010010000100100001001000010010000100100001001000010010000100100001001000010010000100100001001000010010000100101001001000010010000100100001001000010010000100100001001000010010100 
2 0 0 2 0 0 0 0  10010000100100001001000010010000100100001001000010010000100100001001000010010000100100001001000010010000100100001001000010010000100101001001000010010000100100001001000010010100100101001001000010010100 
2 2 1 2 2 2 1 0  11011101110111011101010110011100111011001101110111011100110101011101010110011100111111001001111010010100100101001101000010001010110111001001110011010101110101001101110011110100110101001101110001101100 
2 0 0 2 0 2 0 0  10010100100100001001000010010100100101001001010010010000100100001001010010010000100100001001000010010000100100001001000010010000100101001001000010010000100101001001000010010100100101001001000010010100 
3 0 0 2 0 0 0 0  10000000100100001000000010000000100000001001000010010000100000001000000010000000100000001000000010000000100000001001000010000000100000001000000010000000100000001000000010000000100000001000000010000000 
