2 0 0 0 0 0 0 0  10000000100000001000000010000000100000001000000010000000100000001000000010000000100000001000000010000000100000001000000010000000100000001000000010000000100000001000000010000000100000001000000010000000 
2 0 0 0 1 0 0 0  10001000100000001000000010000000100000001000000010000000100000001000000010000000100000001000000010000000100000001000000010000000100000001000000010000000100000001000000010000000100000001000000010000000 
2 0 0 0 1 0 0 0  10000000100010001000000010000000100000001000000010000000100000001000000010000000100000001000000010000000100000001000000010000000100000001000000010000000100000001000000010000000100000001000000010000000 
2 0 0 0 2 0 0 0  10001000100010001000100010001000100010001000100010001000100010001000100010001000100010001000100010001000100010001000100010000000100010001000000010001000100010001000100010001000100010001000100010001000 
2 2 0 2 0 2 1 0  01010100010101000101010011010100010101000101010001010100110111000101010101011101110101101111010011010100010101000101110001010101110101100101010001010100110011001101010001010100110101010101000011010100 
2 0 0 0 0 0 0 0  10000000100000001001000010000000100000001000000010000000100000001000000010000000100000001000000010000000100000001000000010000000100000001000000010000000100000001000000010000000100000001000000010000000 
2 0 0 0 1 0 0 0  10001000100010001000000010000000100000001000000010000000100000001000000010000000100000001000000010000000100000001000000010000000100000001000000010000000100000001000000010000000100000001000000010000000 
2 0 0 0 2 1 0 0  10001000100011001000110010001000100010001000100010001000100010001000100010001000100010001000100010001000100010001000100010000000100010001000000010001000100010001000100010001000100010001000100010001000 
2 0 0 0 1 0 0 0  10001000100000001000100010000000100000001000000010000000100000001000000010000000100000001000000010000000100000001000000010000000100000001000000010000000100000001000000010000000100000001000000010000000 
2 0 0 0 2 1 0 0  10001100100011001000110010001000100010001000100010001000100010001000100010001000100010001000100010001000100010001000100010000000100010001000000010001000100010001000100010001000100010001000100010001000 
0 0 0 0 0 0 2 0  11111111111111111111111111111111111111111111111111111110111101111111111111111111111111111111111111111111111111111111111111111111111111111111111111111111111111111111111111111111111111111111111111111111 
2 0 0 0 2 1 0 0  10001100100011001000100010001000100010001000100010001000100010001000100010001000100010001000100010001000100010001000100010001000100010001000000010001000100010001000100010001000100010001000100010001000 
2 0 0 0 2 1 0 0  10001000100010001000110010001000100010001000100010001000100010001000100010001000100010001000100010001000100010001000100010000000100010001000000010001000100010001000100010001000100010001000100010001000 
2 0 0 0 2 1 0 0  10001101100011001000110010001000100011001000100010001000100010001000100010001000100010001000100010001000100011001000100010001000100010001000010010001000100010001000100010001000100010001000110110001000 
2 0 0 0 2 1 0 0  10001000100010001000110010001000100011001000100010001000100010001000100010001000100010001000100010001000100010001000100010001000100010001000010010001000100010001000100010001000100010001000110010001000 
2 0 0 0 2 1 0 0  10001000100011001000100010001000100011001000100010001000100010001000100010001000100010001000100010001100100010001000100010001000100010001000000010001000100010001000100010001000100010001000100010001000 
2 0 0 0 1 0 0 0  10000000100010001000100010000000100000001000000010000000100000001000000010000000100000001000000010000000100000001000000010000000100000001000000010000000100000001000000010000000100000001000000010000000 
2 0 0 0 2 1 0 0  10001100100011001000110010001000100011001000100010001000100010001000100010001000100010001000100010001000100010001000100010000100100010001000010010001000100010001000100010001000100010001000110010001000 
2 0 0 0 2 1 0 0  10001100100010001000100010001000100011001000100010001000100010001000100010001000100010001000100010001000100010001000100010001100100010001000000010001000100010001000100010001000100010001000100010001000 
2 2 0 2 1 2 1 1  11011101110101011101010111010100110101011101010111010100110101011101010011011101110101101111010011110100110101001101110011010111110101000101010111010100110111011101010001010111110101011101001011010100 
2 2 0 2 0 2 1 0  01010100010101001101010011010100010101000101010001010100110111001101010001011101110101001111010011010100010101000101110101010100110101100101010001010100110011001101010001010100110101010101001011010100 
2 2 1 2 2 2 2 0  11111111111111111111111111111111111111111111111111111110111111111101111111111110111111111111111011110111111111110111111011110111111111110111111111111111111111111111011111111011111111101111110111011111 
2 0 0 0 2 0 0 0  10001000100010001000100010000000100000001000000010000000100000001000000010000000100000001000000010000000100000001000000010000000100000001000000010000000100000001000000010000000100000001000000010000000 
2 2 0 2 0 2 1 0  11010100110101001101010111010100010101001101010001010100110111001101010001011101110101101111010011010100010101001101110111010100110101100101010001010100110111001101010001010110110101011101001011010100 
2 0 0 0 2 1 0 0  10001000100011001000110010001000100011001000100010001000100010001000100010001000100010001000100010001000100011001000100010001100100010001000000010001000100010001000100010001000100010001000110110001000 
2 0 0 0 2 1 0 0  10001000100011001000100010001000100010001000100010001000100010001000100010001000100010001000100010001000100010001000100010000000100010001000000010001000100010001000100010001000100010001000100010001000 
2 2 0 2 1 2 1 1  11010101110101011101010111010100110101011101010101010100110101011101010101011101110101001111010011010100110101001101010011010101110101001101110011010100110111011101010001010111110111011101001011010100 
2 0 0 0 2 1 0 0  10001100100010001000100010001000100010001000100010001000100010001000100010001000100010001000100010001000100010001000100010000000100010001000000010001000100010001000100010001000100010001000100010001000 
2 0 0 0 2 1 0 0  10001100100010001000110010001000100010001000100010001000100010001000100010001000100010001000100010001000100010001000100010000100100011001000000010001000100010001000100010001000100010001000110010001000 
2 0 0 0 1 0 0 0  10000000100010001000000010000000100010001000000010000000100000001000000010000000100000001000000010000000100000001000000010000000100000001000000010000000100000001000000010000000100000001000000010000000 
2 2 1 2 2 2 1 1  11111101110111011101010111110100010111001101010001010100110111011101010101010101110101101111010011010100110101001101010011010101110101001101010111010100110111001101010101010110110111011101001010010100 
2 2 0 2 0 2 1 0  01010100010101000101000011010100010101000101010001010100110111000101010011011101110101101111010001010100010101000101110101010101110101100101010001010100110011001101010001010100110101010101000011010100 
2 2 0 2 0 2 1 0  01010101010101001101010011010100010101000101010001010100110111000101010010011101110101101111010011010100010101000101110101010101110101100101010101010100110011011101010001010100110101000101001011010100 
2 2 0 2 0 2 1 0  01010101010101000101010011010100010101000101010011010100110111000101010001011101110101101111010011010100010101000101110101010101110101100101010101010100110011001101010001010100110111010101000011010100 
2 2 0 2 1 2 1 0  11010101110101001101010011010100110101001101010001010100110111001101010011011101110101101111010001010100110101000101110101010100110101100101010011010100110111001101010001010100110101010101001011010100 
2 0 0 0 2 1 0 0  10001100100011001000100010001000100011001000100010001000100010001000100010001000100010001000100010001000100010001000100010001100100010001000010010001000100010001000100010001000100010001000100010001000 
2 0 0 0 1 0 0 0  10001000100000001000000010000000100000001000100010000000100000001000000010000000100000001000000010000000100000001000000010000000100000001000000010000000100000001000000010000000100000001000000010000000 
2 0 0 0 2 0 0 0  10001000100010001000100010000000100010001000100010000000100000001000100010000000100000001000000010000000100000001000000010000000100000001000000010000000100000001000000010000000100000001000000010000000 
2 2 0 2 0 2 1 0  11010100110101011101010111010100010101001101010001010100110111001101010101011101110101101111010011010101010101000101110011010100110101100101010001010100110111001101010001010110110101011101001011010100 
2 0 0 0 2 0 0 0  10000000100000001000000010000000100010001000100010001000100000001000100010001000100000001000000010000000100000001000000010000000100000001000000010000000100000001000100010000000100000001000000010000000 
2 0 0 0 2 1 0 0  10001000100010001000110010001000100010001000100010001000100010001000100010001000100010001000100010001000100010001000100010000100100010001000000010001000100010001000100010001000100010001000110010001000 
2 0 0 0 2 0 0 0  10001000100000001000000010000000100010001000100010000000100000001000000010000000100000001000000010000000100000001000000010000000100000001000100010000000100000001000000010000000100000001000000010000000 
2 2 1 2 2 2 1 1  11011101110111011101010111110100110101011101010101010100110111011101010111010101110101101111010011110100110101001101110011010111110101001101010111010100110111011101010101010111110111001101001011010100 
2 0 0 0 1 0 0 0  10000000100000001000000010000000100000001000100010001000100000001000000010000000100010001000000010000000100000001000000010000000100000001000000010000000100000001000000010000000100000001000000010000000 
2 0 0 0 2 1 0 0  10001000100011001000110010001000100011001000100010001000100010001000100010001000100010001000100010001000100010001000100010000000100010001000000010001000100010001000100010001000100010001000100010001000 
2 0 0 0 2 1 0 0  10001000100011001000100010001000100011001000100010001000100010001000100010001000100011001000100010001000100010001000100010000100100010001000010010001000100010001000100010001000100010001000110010001000 
2 0 0 0 1 0 0 0  10000000100000001000100010000000100000001000100010000000100000001000000010000000100010001000000010000000100000001000000010000000100000001000000010000000100000001000000010000000100000001000000010000000 
2 0 0 0 2 0 0 0  10001000100010001000000010000000100010001000100010000000100000001000000010000000100000001000000010000000100000001000000010000000100000001000000010000000100000001000000010000000100000001000000010000000 
2 0 0 0 2 1 0 0  10001000100010001000100010001000100010001000100010001000100010001000100010001000100010001000100010001000100010001000100010001000100010001000000010001000100010001000100010001000100010001000100010001000 
2 2 0 2 0 2 1 0  01010100010101001101000011010100010101000101010001010100110111001101010011011101110101101111010001010100010101000101110101010101110101000101010001010100110011001101010001010100110101010101001011010100 
2 2 0 2 0 2 1 0  11010100010101001101010011010100010101001101010001010100110111001101010001011101110101101111010011010101010101000101110001010100110111100101010001010100100011001101010001010100110101010101001011010100 
2 2 1 2 2 2 1 1  11111101111111011111010111110100110111011111010011110101111101011101010010110100110111001111110011110100111101011101010011010111111101010101010111011101111111011111010101010011100111001101001111010101 
2 0 0 0 2 1 0 0  10001100100011001000100010001000100011001000100010001000100010001000100010001000100010001000100010001000100010001000100010001000100010001000000010001000100010001000100010001000100010001000100010001000 
2 2 1 2 2 2 2 1  11111101111111011111110111111101111111011111110111011110111101111101110111111111111101101111111011111111111111011111111011110011111111111111111111110111111111011101010111110011111111101111011111011101 
2 0 0 0 2 0 0 0  10001000100000001000000010001000100010001000100010001000100000001000000010001000100000001000000010000000100000001000000010000000100000001000000010000000100000001000000010000000100000001000000010000000 
2 0 0 0 2 1 0 0  10001000100011001000100010001000100010001000100110001000100010001000100010001000100010001000100010001000100010001000100010001000100010001000000010001000100010001000100010001000100010001000100010001000 
2 0 0 0 2 0 0 0  10000000100010001000000010000000100010001000100010000000100000001000000010000000100000001000000010000000100000001000100010000000100000001000000010000000100000001000000010000000100000001000000010000000 
2 0 0 0 2 1 0 0  10001101100011001000110010001000100011001000100010001000100010001000100010001000100010001000100010001000100011001000101010001000100010001000010010001000100010001000100010001000100010001000110110001000 
2 2 1 2 2 2 2 1  11111111111111111111111111111101111111001101111111011110111111111101110111111101111111101111111111111110111111111111111011110011111111111111111111110111110111011101010111111011111110101111011111011110 
2 0 0 0 0 0 0 0  10000000100000001000000010000000100000001000000010010000100000001000000010000000100000001000000010000000100000001000000010000000100000001000000010000000100000001000000010000000100000001000000010000000 
2 0 0 0 2 0 0 0  10000000100000001000100010001000100010001000100010001000100000001000000010000000100010001000100010001000100000001000100010000000100000001000000010000000100000001000000010000000100000001000000010000000 
2 0 0 0 2 0 0 0  10001000100010001000100010001000100010001000100010001000100000001000100010000000100000001000000010001000100000001000000010000000100000001000000010000000100000001000000010000000100000001000100010000000 
2 0 0 0 1 0 0 0  10000000100000001000100010000000100000001000100010001000100000001000000010000000100010001000000010000000100000001000000010000000100000001000000010000000100000001000000010000000100000001000000010000000 
2 0 0 0 2 0 0 0  10000000100000001000100010000000100010001000100010001000100000001000100010001000100000001000000010000000100000001000000010000000100000001000000010000000100000001000100010000000100000001000000010000000 
2 0 0 0 2 0 0 0  10001000100010001000100010001000100010001000100010001000100000001000100010001000100000001000100010001000100010001000000010000000100000001000000010001000100010001000100010001000100010001000100010000000 
2 2 1 2 2 2 1 1  11111101111111011111110111110100110111011111010011111101111101111101010110110100110101101111110011111101111101011101010011010111111101010111010111011101111111011111010101010011100111001101001111010111 
2 0 0 0 2 1 0 0  10001000100010001000100010001000100011001000100010001000100010001000100010001000100010001000100010001000100010001000100010000000100010001000000010001000100010001000100010001000100011001000100010001000 
2 2 1 2 2 2 1 1  11111101111111011101010111110100010111011101110001010100110101011101010110110100110111001111010011010100111101010101010011010111110101011101010111011100111011011101010001010011110111011101001111010100 
2 0 0 0 2 0 0 0  10000000100010001000000010001000100010001000100010001000100000001000000010000000100000001000000010000000100000001000000010000000100000001000000010000000100000001000000010000000100000001000000010000000 
2 0 0 0 2 0 0 0  10001000100000001000100010000000100010001000100010000000100000001000000010000000100000001000000010000000100000001000000010000000100000001000000010000000100000001000000010000000100000001000000010000000 
2 0 0 0 1 0 0 0  10000000100000001000000010000000100000001000100010000000100000001000000010000000100010001000000010000000100000001000000010000000100000001000000010000000100000001000000010000000100000001000000010000000 
2 2 1 2 2 2 2 1  11111111111111011111110111111101111111011101111111011110111111111101110111111111111101101111101011111111111111111111111011110011111111111111111111110111111111011101010111111011111111111111011111010101 
2 0 0 0 1 0 0 0  10000000100000001000000010000000100010001000100010001000100000001000000010000000100010001000000010000000100000001000000010000000100000001000000010000000100000001000000010000000100000001000000010000000 
2 0 0 0 2 1 0 0  10001000100010001000100010001000100011001000100010001000100010001000100010001000100010001000100010001000100010001000100010000100100010001000010010001000100010001000100010001000100010001000110010001000 
2 0 0 0 2 0 0 0  10000000100000001000100010001000100010001000100010000000100000001000000010000000100010001000000010000000100000001000100010000000100000001000000010000000100000001000000010000000100000001000000010000000 
2 2 1 2 2 2 2 1  11111101111111011111111111111111111111011111110111111110111101111101110111111111111101101111111011111111111111111111111011110011111111111111111111111111111111011101010111110011111111101111111111011111 
2 0 0 0 2 1 0 0  10001000100010001000100010001000100011001000100010001000100010001000100010001000100010001000100010001000100010011000100010001100100010001000000010001000100010001000100010001000100010001000100010001000 
2 0 0 0 2 0 0 0  10000000100010001000000010001000100010001000100010001000100000001000000010000000100010001000100010001000100000001000100010000000100000001000000010000000100000001000000010000000100000001000000010000000 
2 0 0 0 2 1 0 0  10001100100011001000110010001000100011001000100010001000100010001000100010001000100010001000100010001000100010001000100010000000100010001000000010001000100010001000100010001000100010001000100010001000 
2 0 0 0 0 0 0 0  10000000100000001000000010000000100000001000000010000000100000001000000010000000100100001000000010000000100000001000000010000000100000001000000010000000100000001000000010000000100000001000000010000000 
2 2 0 2 1 2 1 1  11011101110101011101010111010100110101011101010101010100110101011101010001011101110101101111010011110100110001000101010001010101110101001101010111010100110111000101010001010100110111111101001011010100 
2 2 0 2 1 2 1 1  11010101110101011101010111010100110101001101010001010100110111011101010101011101110101001111010011010100110001000101010001010101110101001101110011010100110111001101010001010100110111000101001011010100 
2 0 0 0 2 0 0 0  10000000100000001000100010000000100010001000100010001000100000001000000010000000100000001000000010000000100000001000000010000000100000001000000010000000100000001000000010000000100000001000000010000000 
2 0 0 0 2 0 0 0  10001000100010001000100010001000100010001000100010001000100000001000100010001000100000001000000010001000100000001000000010000000100000001000000010000000100000001000100010001000100010001000100010000000 
2 0 0 0 2 1 0 0  10001100100011001000100010001000100010001000100010001000100000001000100010001000100010001000100010001000100000001000100010000000100010001000000010001000100010001000100010001000100010001000100010000000 
2 2 1 2 2 2 2 1  11111101111111111111111101111101111111001101110011011110111111111101110111111101111111101111111111111110111111111111111011110011111111111111111111110101111111011101010111110011111111101111011011010110 
2 0 0 0 2 1 0 0  10001100100010001000100010001000100010001000100010001000100010001000100010001000100010001000100010001000100010001000100010000100100010001000000010001000100010001000100010001000100010001000110010001000 
2 0 0 0 1 0 0 0  10000000100000001000100010000000100000001000000010000000100000001000000010000000100000001000000010000000100000001000000010000000100000001000000010000000100010001000000010000000100000001000000010000000 
2 0 0 0 1 0 0 0  10000000100000001000000010000000100000001000100010001000100000001000000010000000100010001000000010000000100000001000000010000000100000001000000010000000100000001000000010000000100000001000100010000000 
2 0 0 0 2 0 0 0  10000000100010001000100010000000100000001000100010000000100000001000000010000000100000001000000010000000100000001000000010000000100000001000000010000000100000001000000010000000100000001000000010000000 
2 2 1 2 2 2 1 1  11111101110111011101010111110100110111011101010001010100111101011101010110110100110111001111010011010100111101011101010011010111110101011101010111111100111011001101010101010010110111011101001110010100 
2 0 0 0 2 0 0 0  10000000100010001000000010001000100010001000100010000000100000001000000010000000100010001000100010001000100000001000100010000000100000001000000010000000100000001000000010000000100000001000000010000000 
2 0 0 0 2 1 0 0  10001100100011001000110010001000100011001000100010001000100010001000100010001000100010001000100010001000100010001000100010000100100010001000000010001000100010001000100010001000100010001000110010001000 
2 0 0 0 2 1 0 0  10001100100010001000110010001000100010001000100010001000100010001000100010001000100000001000100010001000100000001000000010000000100010001000000010001000100010001000100010001000100010001000100010001000 
2 0 0 0 2 0 0 0  10001000100000001000100010000000100010001000100010000000100000001000100010000000100000001000100010000000100000001000000010000000100000001000000010000000100000001000000010000000100000001000000010000000 
2 2 0 2 0 2 1 0  01010100010101000101000011010100010101000101000001010100110111000101010011010101110101101111010001010100010101000101110101010101110101100101000001010100110011001101010001010100110101010101000011010100 
2 2 0 2 0 2 1 0  11010100110101001101010011010100010101000101010001010100110111001101010001011101110101101110010011010100010101000101110011010100110101100101010001010100110111011101010001010110110111010101001011010100 
2 0 0 0 2 1 0 0  10001000100010001000110010001000100010001000100010001000100010001000100010001000100000001000100010001000100010001000000010000000100000001000000010001000100010001000100010001000100010001000100010001000 
2 0 0 0 2 1 0 0  10001100100010001000100010001000100010001000100010001000100000001000100010001000100010001000100010001000100000001000100010000000100010001000000010001000100010001000100010001000100010001000100010001000 
2 0 0 0 2 1 0 0  10001100100010001000110010001000100010001000100010001000100010001000100010001000100010001000100010001000100010001000100010000000100010001000000010001000100010001000100010001000100010001000100010001000 
