3 0 0 0 0 0 0 0  10000000100000001000000010000000100000001000000010000000100000001000000010000000100000001000000010000000100000001000000010000000100000001000000010000000100000001000000010000000100000001000000010000000 
3 0 0 0 0 0 0 0  10000000100000001001000010000000100000001000000010000000100000001000000010000000100000001000000010000000100000001000000010000000100000001000000010000000100000001000000010000000100000001000000010000000 
2 0 0 2 0 0 0 0  10010000100100001001000010010000100100001001000010010000100100001001000010010000100100001001000010010000100100001001000010010000100100001001000010010000100100001001000010010000100100001001000010010000 
3 0 0 0 0 0 0 0  10000000100100001000000010000000100000001000000010000000100000001000000010000000100000001000000010000000100000001000000010000000100000001000000010000000100000001000000010000000100000001000000010000000 
2 0 0 2 0 0 0 0  10010000100100001001010010010000100100001001000010010000100100001001000010010000100100001001000010010000100100001001000010010000100100001001000010010000100100001001000010010000100100001001000010010000 
2 0 0 0 0 0 0 0  10010000100000001000000010000000100000001000000010000000100000001000000010000000100000001000000010000000100000001000000010000000100000001000000010000000100000001000000010000000100000001000000010000000 
2 0 0 2 0 0 0 0  10010000100100001000000010000000100000001000000010000000100000001000000010000000100000001000000010000000100000001000000010000000100000001000000010000000100000001000000010000000100000001000000010000000 
2 2 0 2 0 2 0 0  11010101110101001101010010010100100101001101010010010100110101001101010010010100110101001001010010010000100101001001000010010101100101011001010010011100100101001001110010011100100111000101110010010100 
2 2 2 2 2 2 0 1  11111101111101011101010111010100111111011001110011111101111101011111110110001100111101101111010011010100110101001101110010010100101101001001110111111101111111001101110011011100110111001111110010011101 
2 2 0 2 0 2 0 0  10010101100101001001010010010100100101001001010010010100110101001101010010010100110101001001010010010000100101001001001010010100100101011001010010011100100101001001110010011100100111000101110010010100 
2 0 0 2 0 0 0 0  10010000100000001001000010000000100000001000000010000000100000001000000010000000100000001000000010000000100000001000000010000000100000001000000010000000100000001000000010000000100000001000000010000000 
2 0 0 2 0 2 0 0  10010100100101001001010010010100100101001001010010010100100100001001010010010100100100001001010010010000100101001001010010010000100101001001010010010000100101001001010010010100100101001001010010010100 
2 0 0 2 0 0 0 0  10010000100100001001000010000000100000001001000010000000100000001000000010000000100000001000000010000000100000001000000010000000100000001000000010000000100000001000000010000000100000001000000010000000 
2 0 0 2 0 0 0 0  10010000100101001001000010010000100100001001000010010000100100001001000010010000100100001001000010010000100100001001000010010000100100001001000010010000100100001001000010010000100100001001000010010000 
0 0 2 0 0 0 0 0  11111111111111111111111111111111111111111111111111111111111111111111111111111111111111111111111111111111111111111111111111111111111111111111111111111111111111111111111111111111111111111111111111111110 
2 2 0 2 2 2 0 1  11010101110111011101010011010100110101001001010011010100100101011101110011001100110101001101110011010101110111101001100110010100100011101001110110001100100111001001110011110100110111000101110010010100 
2 2 0 2 0 2 0 0  11010101100101001001010010010100100101001001010010010100100100001001010010011100110101001001000011010000100101001001000010010100100101001001010010011100100101001001010010011100100101001101110010010101 
3 0 0 2 0 0 0 0  10000000100100001001000010000000100000001000000010000000100000001000000010000000100000001000000010000000100000001000000010000000100000001000000010000000100000001000000010000000100000001000000010000000 
2 0 0 2 0 0 0 0  10010000100100001001000010010000100101001001010010010100100100001001000010010000100100001001000010010000100100001001000010010000100100001001000010010000100100001001000010010000100100001001000010010000 
2 2 2 2 2 2 2 0  11111111111111111111111111111111111111111111111111111110111111111111111111111111111111001111111111011110111111111111110011111101111101111111110111111111111111111101111111111111111111111111111111111110 
2 0 0 2 0 2 0 0  10010000100101001001010010010100100101001001010010010100100100001001010010010100100100001001000010010000100101001001000010010000100100001001000010010000100100001001000010010100100101001001000010010000 
2 0 0 2 0 2 0 0  10010000100101001001000010010000100101001001000010010000100100001001000010010000100100001001000010010000100100001001000010010000100100001001000010010000100100001001000010010000100100001001000010010100 
2 0 0 2 0 2 0 0  10010100100101001001000010010000100100001001000010010000100100001001000010010000100100001001000010010000100100001001000010010000100100001001000010010000100100001001000010010000100100001001000010010000 
2 2 2 2 2 2 1 1  11111101111111011101110111011100111111001111110011111101111101011111110110011101111101101111110011010100111101111001110011010100101101011001110111111111111111011101110111111100111111001101110011111111 
2 0 0 2 0 2 0 0  10010101100101001001010010010100100101001001010010010100100100001001010110011100100100001001010010010000100101001001000010010000100101001001010010010000100101001001100010010100100101001001010010010100 
2 2 2 2 2 2 0 1  11111101110101011101010111010100111111001001010011110101111101011111110010001100111101001111010011011000110101001101110010010100101101001001110111111101111111001001110010011100110111001111110010010101 
2 0 0 2 0 2 0 0  10010100100101001001010010010000100100001001000010010000100100001001000010010000100100001001000010010000100100001001000010010000100100001001000010010000100100001001000010010000100100001001000010010000 
2 0 0 2 0 2 0 0  10010000100101001001000010010100100101001001010010010100100100001001000010010000100100001001000010010000100100001001000010010000100100001001000010010000100100001001000010010000100101001001000010010000 
2 0 0 2 0 2 0 0  10010000100100001001010010010100100101001001010010010000100100001001000010010000100100001001000010010000100100001001000010010000100100001001000010010000100100001001000010010000100100001001000010010000 
3 0 0 0 0 0 0 0  10000000100000001000000010000000100000001000000010010000100000001000000010000000100000001000000010000000100000001000000010000000100000001000000010000000100000001000000010000000100000001001000010000000 
2 2 2 2 2 2 2 1  11111101111111111111110111111111111111011111111111111111111101111111111011111111111111001111110111011111111111111111110011110101111101111011110111111101111111011101110111111101111111001111110011111110 
2 0 0 2 0 2 0 0  10010000100101001001000010010000100101001001010010010100100100001001010010010100100100001001000010010000100100001001000010010000100100001001000010010000100101001001000010010000100101001001000010010100 
2 0 0 2 0 2 0 0  10010000100101001001010010010000100100001001000010010000100100001001000010010000100100001001000010010000100100001001000010010000100100001001000010010000100100001001000010010000100100001001000010010000 
2 0 0 2 0 2 0 0  10010000100101001001010010010000100101001001010010010100100100001001000010010100100100001001010010010000100100001001000010010000100100001001000010010000100100001001000010010000100100001001000010010100 
2 0 0 2 0 0 0 0  10010000100100001001010010010000100100001001010010010000100100001001000010010000100100001001000010010000100100001001000010010000100100001001000010010000100100001001000010010000100100001001000010010000 
2 0 0 2 0 2 0 0  10010000100100001001010010010100100101001001010010010100100100001001000010010000100100001001000010010000100100001001000010010000100101001001000010010000100100001001000010010000100101001001000010010000 
2 0 0 2 0 2 0 0  10010101100101001001010010010100100101001001010010010100100101001001010110011100100101001001010010010000100101001001100010010100100101001001111010000100100101001001110010011100100101001001010010010100 
2 0 0 2 0 2 0 0  10010101100101011001010010010100100101001001010010010100100100001001010010010101100101001001010010010000100101001001000010010100100101001001010010011000100101001001000010011100100101001101110010010100 
2 2 0 2 2 2 0 1  11011101110111011101010011010100110101001001010011010100100101011101110011001100110101001101110011010101110111101001100111010100100011101001110110001100100111001001110011110100110111000101110010010100 
2 0 0 2 0 2 0 0  10010100100101001001000010010000100101001001010010010000100100001001000010010000100100001001000010010000100100001001000010010000100100001001000010010000100100001001000010010000100100001001000010010000 
2 0 0 2 0 2 0 0  10010100100101001001010010010100100101001001010010010100100100001001010010010100100100001001010010010000100101001001000010010000100101001001010010010000100100001001000010010000100100001001010010010100 
3 0 0 2 0 0 0 0  10000000100000001000000010010000100000001001000010010000100000001001000010000000100000001000000010000000100000001000000010000000100100001001000010000000100000001000000010000000100000001001000010000000 
3 0 0 0 0 0 0 0  10000000100000001000000010000000100000001000000010010000100000001000000010000000100000001000000010000000100000001000000010000000100000001000000010000000100000001000000010000000100000001000000010000000 
2 2 0 2 2 2 0 1  11011101110111011101010011010100110101001001010011010100100101011101110111001100110101001101110011010101110111101001110111010100100011101011110110001100100111011001110011110100110111000101110010010100 
2 0 0 2 0 0 0 0  10010100100100001001000010010000100100001001000010010000100100001001000010010000100100001001000010010000100100001001000010010000100100001001000010010000100100001001000010010000100100001001000010010000 
3 0 0 2 0 0 0 0  10000000100000001000000010000000100000001001000010010000100000001000000010000000100000001000000010000000100000001000000010000000100000001001000010000000100000001000000010000000100000001001000010000000 
2 2 0 2 0 2 0 1  11010101110111011101010010010100110101001001010010010100100101001001110111001100110100001101010010010100100101001001000010010000100101001001110010010100100101001001110011110100100111011101010010010100 
2 2 2 2 2 2 2 1  11111111111111011111110111111111111111011111111111111111111101111111111111111111111111001111111111011111111111111111110011110101111100111011110111111101111111011101111111111101111111001111110011111110 
2 0 0 2 0 2 0 0  10010000100101001001010010010000100101001001010010010000100100001001000010010000100100001001000010010000100100001001000010010000100100001001000010010000100100001001000010010000100100001001000010010100 
2 0 0 2 0 0 0 0  10010000100100001000000010000000100100001001000010000000100000001001000010000000100000001000000010000000100000001000000010000000100000001000000010000000100000001000000010000000100000001000000010000000 
2 2 0 2 2 2 0 0  11010101110101001101010010010100100101001101010010010100110101001101010110010100110101001101010010010100110101001001000010010101100101011001011010011100100101001001110010011100100111001101110011010100 
2 0 0 2 0 0 0 0  10010000100100001001000010010000100100001001010010010000100100001001000010010000100100001001000010010000100100001001000010010000100101001001000010010000100100001001000010010000100100001001000010010000 
2 0 0 2 0 2 0 0  10010100100101001001010010010100100101001001010010010100100100001001000010010000100100001001010010010000100100001001000010010000100101001001010010010000100100001001000010010000100100001001000010010100 
3 0 0 2 0 0 0 0  10000000100000001001000010010000100100001001000010010000100000001001000010000000100000001000000010000000100000001000000010000000100100001001000010000000100000001000000010010000100000001001000010000000 
3 0 0 2 0 0 0 0  10000000100100001001000010010000100000001001000010000000100000001000000010000000100000001000000010000000100000001000000010000000100100001000000010000000100000001000000010000000100000001001000010000000 
2 0 0 2 0 2 0 0  10010100100100001001000010010100100101001001010010010100100100001001000010010000100100001001000010010000100100001001000010010000100101001001000010010000100100001001000010010000100100001001000010010000 
2 0 0 2 0 0 0 0  10010000100100001001000010010000100100001001000010010000100100001001000010010000100000001001000010010000100000001000000010010000100100001001000010010000100100001000000010010000100100001001000010010000 
3 0 0 2 0 0 0 0  10000000100000001001000010000000100000001000000010010000100000001000000010000000100000001000000010000000100000001001000010000000100000001000000010000000100000001000000010000000100000001001000010000000 
3 0 0 2 0 0 0 0  10000000100000001000000010010000100000001001000010010000100000001000000010000000100000001000000010000000100000001000000010000000100000001001000010000000100000001000000010000000100000001001000010000000 
2 0 0 2 0 0 0 0  10010000100000001000000010010000100100001001000010010000100000001000000010000000100000001000000010000000100100001000000010000000100000001001000010000000100000001000000010000000100000001000000010000000 
2 0 0 2 0 2 0 0  10010100100101001001000010010100100101001001010010010000100100001001000010010100100100001001000010010000100100001001000010010000100100001001000010010000100100001001000010010000100100001001000010010100 
2 0 0 2 0 0 0 0  10010000100100001001000010010000100100001001000010010000100000001001000010000000100000001001000010000000100000001000000010000000100000001000000010000000100000001000000010000000100000001001000010000000 
2 0 0 2 0 0 0 0  10010000100000001001000010000000100100001001000010000000100000001000000010000000100000001000000010000000100000001000000010000000100000001000000010000000100000001000000010000000100000001000000010000000 
3 0 0 2 0 0 0 0  10000000100000001001000010010000100000001001000010000000100000001000000010000000100000001000000010000000100000001000000010000000100100001000000010000000100000001000000010000000100000001001000010000000 
2 0 0 2 0 2 0 0  10010100100100001001010010010100100101001001010010010100100100001001000010010000100100001001010010010000100100001001000010010000100100001001000010010000100100001001000010010000100101001001000010010000 
2 0 0 2 0 2 0 0  10010100100101001001010010010100100101001001010010010100100101001001010010011100100100001001010010010000100101001001000010010000100101001001011010010100100101001001110010010100100101001001010010010100 
2 2 0 2 0 2 0 0  11010101110101001001010010010100100101001001010010010100100101001101010010011100100101001001000011010000100101001001000010010101110101001001010010011100100101001001110010011100100101000101110010010100 
3 0 0 2 0 0 0 0  10000000100100001000000010010000100100001001000010010000100000001001000010000000100000001000000010000000100000001000000010000000100100001001000010000000100000001000000010000000100000001001000010000000 
2 0 0 2 0 0 0 0  10010000100000001000000010000000100100001001000010000000100000001000000010000000100000001000000010000000100100001000000010000000100000001001000010000000100000001000000010000000100000001000000010000000 
2 0 0 2 0 2 0 0  10010100100100001001010010010100100101001001010010010000100100001001000010010000100100001001000010010000100100001001000010010000100100001001000010010000100100001001000010010000100100001001000010010000 
2 0 0 2 0 0 0 0  10010000100100001001000010010000100100001001000010010000100000001001000010010000100000001001000010010000100000001000000010000000100100001001000010010000100000001000000010000000100000001001000010010000 
2 2 2 2 2 2 1 1  11111101111101011101110111011100111111001101110011111101111101011111110110011100111101101111110011010100110101111101110010010100101101011001110111111111111111011101110011011100110111001111110011111101 
3 0 0 2 0 0 0 0  10000000100100001001000010000000100000001001000010000000100000001000000010000000100000001000000010000000100000001001000010000000100000001000000010000000100000001000000010000000100000001000000010000000 
2 0 0 2 0 2 0 0  10010100100101001001000010010100100101001001010010010100100100001001000010010100100100001001000010010000100101001001000010010000100100001001000010010000100100001001000010010000100101001001000010010100 
3 0 0 2 0 0 0 0  10000000100000001001000010000000100000001000000010010000100000001000000010000000100000001000000010000000100000001000000010000000100000001000000010000000100000001000000010000000100000001000000010000000 
2 0 0 2 0 0 0 0  10010000100100001001000010000000100100001001000010000000100000001001000010000000100000001001000010000000100000001000000010000000100000001000000010000000100000001000000010000000100000001000000010000000 
2 0 0 2 0 2 0 0  10010100100100001001000010010100100101001001010010010000100100001001000010010100100100001001000010010000100101001001000010010000100100001001010010010000100100001001000010010100100101001001000010010100 
3 0 0 2 0 0 0 0  10000000100000001001000010010000100000001001000010010000100000001001000010000000100000001000000010000000100000001000000010000000100000001000000010000000100000001000000010000000100000001001000010000000 
3 0 0 2 0 0 0 0  10000000100100001000000010000000100000001001000010010000100000001001000010000000100000001000000010000000100000001000000010000000100000001001000010000000100000001000000010000000100000001001000010000000 
2 0 0 2 0 2 0 0  10010100100100001001010010010000100100001001000010010000100100001001000010010000100100001001000010010000100100001001000010010000100100001001000010010000100100001001000010010000100100001001000010010000 
3 0 0 2 0 0 0 0  10000000100100001000000010010000100100001001000010010000100000001000000010000000100000001000000010000000100000001000000010000000100000001001000010000000100000001000000010000000100000001001000010000000 
2 0 0 2 0 0 0 0  10010000100100001001000010010000100100001001010010010000100100001001000010010000100100001001000010010000100100001001000010010000100100001001000010010000100100001001000010010000100100001001000010010000 
3 0 0 2 0 0 0 0  10000000100100001001000010010000100100001001000010010000100000001001000010000000100000001000000010000000100000001000000010000000100100001000000010000000100000001000000010000000100000001001000010000000 
3 0 0 2 0 0 0 0  10000000100100001000000010000000100000001000000010000000100000001001000010000000100000001000000010000000100000001000000010000000100000001000000010000000100000001000000010000000100000001001000010000000 
2 0 0 2 0 2 0 0  10010000100101001001010010010000100101001001000010010000100100001001000010010000100100001001000010010000100100001001000010010000100100001001000010010000100100001001000010010000100100001001000010010000 
3 0 0 2 0 0 0 0  10000000100100001000000010000000100000001001000010010000100000001000000010000000100000001000000010000000100000001000000010000000100000001000000010000000100000001000000010000000100000001001000010000000 
2 0 0 2 0 0 0 0  10010000100000001000000010000000100100001000000010000000100000001000000010000000100000001000000010000000100000001000000010000000100000001001000010000000100000001000000010000000100000001000000010000000 
2 0 0 2 0 2 0 0  10010100100100001001000010010000100101001001010010010000100100001001000010010100100100001001000010010000100100001001000010010000100100001001000010010000100100001001000010010000100100001001000010010000 
2 0 0 2 0 0 0 0  10010000100000001001000010000000100100001001000010000000100000001001000010000000100000001000000010010000100000001000000010000000100000001001000010000000100000001000000010000000100000001000000010000000 
2 2 2 2 2 2 2 1  11111111111111111111111111111111110111011111111111111111111111111111111111111111111111001111111111011111111111111111110011111101111101111101110111111101110111011101111111111100111111111111110011111110 
2 0 0 2 0 2 0 0  10010100100100001001010010010000100101001001000010010000100100001001000010010000100100001001000010010000100100001001000010010000100100001001000010010000100100001001000010010000100100001001000010010000 
2 2 2 2 2 2 2 1  11111101111111011111110111111111111111011111110111111111111101111111111011111111111111001111110111011111111111111111110011110101111101111011110111111101111111011101101111111101111111101111110011111110 
2 0 0 2 0 2 0 0  10010100100100001001000010010000100101001001000010010000100100001001000010010000100100001001000010010000100100001001000010010000100100001001000010010000100100001001000010010000100100001001000010010000 
2 2 2 2 2 2 1 1  11111101111111011111110111011110110111011111110011111101111101011111111111111101111111101111111011011100111111111111110011011100111101111101110111111111111111011101110111111100111111101101110011011111 
3 0 0 2 0 0 0 0  10000000100000001001000010010000100100001001000010010000100000001000000010000000100000001000000010000000100000001000000010000000100100001000000010000000100000001000000010000000100000001001000010000000 
3 0 0 2 0 0 0 0  10000000100000001001000010010000100100001001000010010000100000001001000010000000100000001000000010000000100000001000000010000000100000001001000010000000100000001000000010000000100000001001000010000000 
3 0 0 2 0 0 0 0  10000000100100001001000010010000100100001001000010010000100000001000000010000000100000001000000010000000100000001000000010000000100000001000000010000000100000001000000010000000100000001001000010000000 
3 0 0 0 0 0 0 0  10000000100000001000000010000000100000001000000010000000100000001000000010000000100100001000000010000000100000001000000010000000100000001000000010000000100000001000000010000000100000001000000010000000 
2 0 0 2 0 2 0 0  10010100100101001001010010010000100101001001010010010100100100001001000010010100100100001001010010010000100100001001000010010000100100001001000010010000100100001001000010010000100100001001000010010000 
2 0 0 2 0 2 0 0  10010100100101001001010010010000100101001001010010010000100100001001000010010000100100001001000010010000100100001001000010010000100100001001000010010000100100001001000010010000100100001001000010010000 
