3 0 0 0 0 0 0 0  10000000100000001000000010000000100000001000000010000000100000001000000010000000100000001000000010000000100000001000000010000000100000001000000010000000100000001000000010000000100000001000000010000000 
2 0 0 1 0 0 0 0  10010000100000001000000010000000100000001000000010000000100000001000000010000000100000001000000010000000100000001000000010000000100000001000000010000000100000001000000010000000100000001000000010000000 
3 0 0 1 0 0 0 0  10000000100100001000000010000000100000001000000010000000100000001000000010000000100000001000000010000000100000001000000010000000100000001000000010000000100000001000000010000000100000001000000010000000 
3 0 0 1 0 0 0 0  10000000100000001001000010000000100000001000000010000000100000001000000010000000100000001000000010000000100000001000000010000000100000001000000010000000100000001000000010000000100000001000000010000000 
2 0 0 2 0 0 0 0  10010000100100001001010010010000100100001001000010010000100100001001000010010000100100001001000010010000100100001001000010010000100100001001000010010000100100001001000010010000100100001001000010010000 
2 0 0 2 0 2 0 0  10010101100101001001010010010100100101001001010010010100100100001001010010011100100101001001010011010100100101001001000010010100100101001001010010010100100101001001010010010100100101001001010010010101 
2 0 0 1 0 0 0 0  10010000100100001000000010000000100000001000000010000000100000001000000010000000100000001000000010000000100000001000000010000000100000001000000010000000100000001000000010000000100000001000000010000000 
2 2 0 2 0 2 0 0  11010101110101001001010011010100100101001001010010010100100101001001010010011100100101011001000011010100100101001101010010010000110101001001010010010100100100011001010010010100100101001001010011010100 
2 2 0 2 0 2 0 0  10010101110101001001010011010100100101001001010010010100100101011001010010010100100001011001010010010100100101001001010010010100100101001001010010010100100101001001010010010100100101001001010011010101 
2 2 0 2 0 2 0 0  11010101110101011001010110010100100101001001010010010100100101001001010010011100100101001001000011010100100101001001010010010100100101011101010010011100100101001001000010010100100101001001010011010100 
2 0 0 2 0 0 0 0  10010000100100001001000010000000100000001001000010000000100000001000000010000000100000001000000010000000100000001000000010000000100000001000000010000000100000001000000010000000100000001000000010000000 
2 2 2 2 2 2 2 1  11111111111111111111111111111101111111111111111011111110111101111101010110111100111111111101110111111101111101011111010011111111111111111111110111111011111111011101110111110100011111001101110111111100 
3 0 0 2 0 0 0 0  10000000100100001001000010000000100000001000000010000000100000001000000010000000100000001000000010000000100000001000000010000000100000001000000010000000100000001000000010000000100000001000000010000000 
0 0 0 0 0 0 0 0  11111111111111111111111111111111111111111111111111111110111111111111111111111111111111111111111111111111111111111111111111111111111111111111111111111111111111111111111111111111111111111111111111111111 
3 2 2 0 2 2 2 0  11111111111111111111111111111111111111101111111111111110111111111111111011111111111100111111111111111111111111111101011111111111111111111111111111111111111111111111111111111111111101111111111111111111 
2 0 0 1 0 0 0 0  10010000100000001001000010000000100000001000000010000000100000001000000010000000100000001000000010000000100000001000000010000000100000001000000010000000100000001000000010000000100000001000000010000000 
2 2 1 2 2 2 0 1  11111101111111011111010101111100100101001101010111011100100011001001010010110100110111111101010011010101111011011111010011101100110101001001010011011100110111011111010101011100100101001101010111011100 
2 2 0 2 0 2 0 0  11010101110101001101010111010100100101011101010011011100100101011001010010010100110011001001010011010100100011001111010011111100110101001001010011011100100101011101010110011100100101000101010001010101 
2 0 0 2 0 0 0 0  10010000100100001001000010010000100100001001000010010000100100001001000010010000100100001001000010010000100100001001000010010000100100001001000010010000100100001001000010010000100100001001000010010000 
2 0 0 2 0 2 0 0  10010100100101001001010010010100100101001001010010010000100100001001010010010100100100001001010010010000100101001001000010010100100101001001010010010100100100001001010010010100100101001001010010010100 
2 0 0 2 0 2 0 0  10010100100101001001010010010100100101001001010010010100100100011001010010010100100001011001010010010100100101001001010010010100100101001001010010010100100100001001010010010100100101001001010010010101 
2 2 0 2 2 2 0 0  11011101110111011101010111010100100101001101010011011100100101011001010010010100100101011101110010010100101111011011010011011100100101001001010011011101110111011101110111010100101101001101010011011100 
3 0 0 1 0 0 0 0  10000000100000001001000010000000100000001001000010000000100000001000000010000000100000001000000010000000100000001000000010000000100000001000000010000000100000001000000010000000100000001000000010000000 
2 0 0 2 0 2 0 0  10010100100101001001000010010000100100001001000010010000100100001001000010010000100100001001010010010000100100001001000010010000100100001001000010010000100100001001000010010000100100001001000010010000 
2 0 0 2 0 0 0 0  10010000100101001001000010010000100100001001000010010000100100001001000010010000100100001001000010010000100100001001000010010000100100001001000010010000100100001001000010010000100100001001000010010000 
2 0 0 2 0 2 0 0  10010000100101001001010010010000100100001001000010010000100100001001000010010000100100001001010010010000100100001001000010010000100100001001000010010000100100001001000010010000100100001001000010010000 
3 0 0 2 0 0 0 0  10000000100100001001000010000000100000001000000010010000100000001001000010000000100000001000000010000000100000001000000010000000100000001000000010000000100000001000000010000000100000001001000010000000 
3 0 0 1 0 0 0 0  10000000100100001000000010000000100000001001000010000000100000001000000010000000100000001000000010000000100000001000000010000000100000001000000010000000100000001000000010000000100000001000000010000000 
3 0 0 2 0 0 0 0  10000000100000001000000010000000100000001001000010010000100000001001000010000000100100001000000010000000100000001000000010000000100100001000000010000000100000001001000010000000100000001000000010000000 
3 0 0 1 0 0 0 0  10000000100000001000000010000000100000001000000010010000100000001000000010010000100000001000000010000000100000001000000010000000100000001000000010000000100000001000000010000000100000001000000010000000 
2 0 0 2 0 2 0 0  10010101100101001001010010010100100101001001010010010000100100001001010010011100100100001001010010010000100101001001000010011100100101001001010010010100100101001001010010010100100101001001010010010100 
2 2 0 2 0 2 0 0  10010101100101011001010110010100100101001001010010010100100101001001010010010100100101001001010011010000100101001001000010010000100101001101010010010100100101001001000011010100100101001001010011010100 
2 0 0 2 0 2 0 0  10010100100101001001010010010000100100001001000010010000100100001001000010010000100100001001000010010000100100001001000010010000100100001001000010010000100100001001000010010000100100001001000010010000 
2 2 1 2 2 2 0 1  11011101111111011111110101111101100101001101010011011100110011011001010011010100110111011101010010010101111011011111010011101100110101001001010011011100100111011101010111111100100101001101010101010100 
2 0 0 2 0 2 0 0  10010100100100001001010010010000100100001001000010010000100100001001000010010000100100001001010010010000100100001001000010010000100100001001000010010000100100001001000010010000100100001001000010010000 
2 2 0 2 2 2 0 0  11011101110101001101110111110100100101001101010011011100100011011001010011010100110011011101010010010100101011001011010011111100110101001001010011011100100101011101010111011100100101001101010001010100 
3 0 0 2 0 0 0 0  10000000100000001001000010010000100000001001000010000000100000001001000010000000100000001000000010000000100000001001000010000000100000001001000010000000100100001001000010000000100000001001000010000000 
2 2 0 2 2 2 0 0  11011101110101001101010111010100100101001101010011011100100101001001010011011100110111001001010011010100100011001111010011111100110101001001010011011100100101001001000111011100100101001001010001010100 
2 0 0 2 0 2 0 0  10010000100101001001010010010000100101001001000010010000100100001001000010010000100100001001010010010000100100001001000010010000100100001001000010010000100100001001000010010000100100001001000010010100 
2 0 0 2 0 2 0 0  10010000100101001001010010010100100101001001010010010000100100001001000010010000100100001001010010010000100100001001000010010000100100001001000010010000100100001001000010010000100100001001000010010100 
2 0 0 1 0 0 0 0  10010000100000001000000010000000100000001001000010000000100000001000000010000000100000001000000010000000100000001000000010000000100000001000000010000000100000001000000010000000100000001000000010000000 
2 0 0 2 0 0 0 0  10010000100100001001000010000000100100001001000010000000100000001001000010000000100000001000000010000000100000001000000010000000100100001000000010000000100000001000000010010000100000001000000010000000 
2 0 0 2 0 0 0 0  10010000100000001000000010000000100100001001000010000000100000001000000010000000100000001000000010000000100000001000000010000000100000001001000010000000100000001000000010000000100000001000000010000000 
2 0 0 2 0 0 0 0  10010000100100001001010010010000100100001001010010010000100100001001000010010000100100001001000010010000100100001001000010010000100100001001000010010000100100001001000010010000100100001001000010010000 
3 0 0 2 0 0 0 0  10000000100000001001000010000000100000001000000010010000100000001001000010000000100000001000000010000000100000001000000010000000100000001000000010000000100000001001000010000000100000001000000010000000 
2 0 0 2 0 2 0 0  10010100100101001001010010010000100101001001010010010000100100001001000010010000100100001001000010010000100100001001000010010000100100001001000010010000100100001001000010010000100100001001000010010000 
2 0 0 2 0 0 0 0  10010000100100001000000010000000100100001001000010000000100000001000000010000000100000001000000010000000100000001000000010000000100000001000000010000000100000001000000010000000100000001000000010000000 
3 0 0 0 0 0 0 0  10000000100000001000000010000000100000001000000010000000100000001000000010000000100000001000000010000000100000001001000010000000100000001000000010000000100000001000000010000000100000001000000010000000 
2 0 0 2 0 2 0 0  10010000100101001001000010010100100101001001010010010000100100001001010010010100100100001001010010010100100100001001000010010000100100001001000010010000100100001001000010010100100101001001000010010100 
2 0 0 2 0 0 0 0  10010100100100001001000010010000100100001001000010010000100100001001000010010000100100001001000010010000100100001001000010010000100100001001000010010000100100001001000010010000100100001001000010010000 
2 0 0 2 0 2 0 0  10010100100101001001010010010100100101001001010010010000100100001001000010010000100100001001010010010000100100001001000010010000100100001001000010010000100100001001000010010000100100001001000010010100 
2 0 0 2 0 2 0 0  10010100100100001001000010010100100101001001010010010000100100001001000010010100100100001001010010010100100100001001000010010000100100001001000010010000100100001001000010010000100100001001000010010000 
2 0 0 2 0 0 0 0  10010000100000001000000010010000100100001001000010000000100000001000000010000000100000001000000010000000100100001000000010000000100100001001000010000000100000001000000010000000100000001000000010000000 
3 0 0 2 0 0 0 0  10000000100100001000000010000000100000001000000010010000100000001001000010000000100000001001000010000000100000001000000010000000100000001000000010000000100000001001000010000000100000001000000010000000 
2 0 0 2 0 2 0 0  10010000100101001001010010010100100101001001010010010000100100001001000010010100100100001001010010010100100100001001000010010000100100001001000010010000100100001001000010010000100101001001000010010100 
2 2 2 2 2 2 0 1  11111101111111011111110101111100101111011111010011111110111111111111010110110100110111111101110111111101111101010111010010110101100111011111010011111111110111011111111101111101001101011101110111111100 
3 0 0 2 0 0 0 0  10000000100000001001000010000000100000001000000010010000100000001001000010000000100000001000000010010000100000001000000010000000100000001000000010000000100000001001000010000000100000001001000010000000 
2 0 0 2 0 2 0 0  10010100100100001001000010010100100101001001010010010000100100001001010010010100100100001001010010010100100100001001010010010000100100001001000010010000100100001001000010010000100101001001010010010000 
2 2 2 2 2 2 0 1  11111101111111011111110101111101101101001111010011011100111011011001110011010100110111111101110010010100111101010111010010101100100111011111010011011110100111011101111111111101101101011101010011110100 
2 0 0 2 0 2 0 0  10010100100101001001010010010100100101001001010010010000100100001001000010010100100100001001010010010000100100001001000010010000100100001001000010010000100100001001000010010100100101001001010010010100 
3 0 0 2 0 0 0 0  10000000100000001001000010000000100000001001000010010000100000001001000010000000100000001000000010010000100000001000000010000000100000001000000010000000100000001001000010000000100000001001000010000000 
2 0 0 2 0 0 0 0  10010000100100001001000010010000100100001001000010010000100100001001000010010000100000001001000010010000100100001000000010010000100100001001000010010000100100001001000010010000100100001001000010010000 
2 0 0 2 0 2 0 0  10010100100100001001010010010100100101001001010010010000100100001001000010010100100100001001010010010100100100001001000010010000100100001001000010010000100100001001000010010000100101001001000010010000 
2 0 0 2 0 0 0 0  10010000100100001001000010010000100100001001000010010000100000001001000010010000100000001000000010000000100000001000000010000000100000001001000010000000100000001001000010010000100000001000000010000000 
2 0 0 2 0 2 0 0  10010000100101001001010010010100100101001001010010010000100100001001010010010100100100001001010010010100100100001001000010010000100100001001000010010000100100001001000010010100100101001001010110010100 
2 0 0 2 0 2 0 0  10010000100101001001000010010100100101001001010010010000100100001001000010010100100100001001010010010000100100001001000010010000100100001001000010010000100100001001000010010000100101001001000010010100 
2 0 0 2 0 2 0 0  10010100100101001001000010010100100101001001010010010000100100001001000010010100100100001001010010010000100100001001000010010000100100001001000010010000100100001001000010010000100101001001000010010000 
3 0 0 2 0 0 0 0  10000000100000001000000010000000100000001001000010010000100000001001000010010000100000001000000010010000100000001000000010000000100100001000000010000000100000001001000010000000100000001001000010000000 
2 0 0 2 0 2 0 0  10010100100100001001000010010000100101001001010010010000100100001001000010010000100100001001000010010000100100001001000010010000100100001001000010010000100100001001000010010000100101001001000010010000 
2 0 0 2 0 2 0 0  10010000100100001001010010010100100101001001000010010000100100001001000010010000100100001001010010010000100100001001000010010000100100001001000010010000100100001001000010010000100100001001000010010000 
3 0 0 2 0 0 0 0  10000000100100001000000010010000100100001001000010010000100000001001000010010000100000001000000010000000100000001000000010000000100000001000000010000000100000001001000010000000100000001001000010000000 
2 0 0 2 0 2 0 0  10010100100101001001010010010100100101001001010010010000100100001001010010010100100100001001010010010000100100001001000010010000100101001001010010010000100100001001000010010100100101001001010010010100 
2 0 0 2 0 0 0 0  10010000100100001001000010010000100101001001010010010000100100001001000010010000100100001001000010010000100100001001000010010000100100001001000010010000100100001001000010010000100101001001000010010000 
2 0 0 2 0 0 0 0  10010000100100001001000010010000100101001001000010010100100100001001000010010000100100001001000010010000100100001001000010010000100100001001000010010000100100001001000010010000100100001001000010010000 
2 0 0 2 0 0 0 0  10010000100100001001000010010000100100001001000010010000100000001001000010010000100000001000000010010000100000001000000010010000100100001000000010010000100100001001000010010000100000001000000010010000 
3 0 0 1 0 0 0 0  10000000100000001000000010000000100000001000000010010000100000001001000010010000100000001000000010000000100000001000000010000000100000001000000010000000100000001001000010000000100000001000000010000000 
2 2 2 2 2 2 2 1  11111101111111011111111111111101111111111111111011111110111101111101010110111100111111111101110111111101111101011111011011110111111111111111010111111011111111011101110111110100011111011101110111111100 
2 0 0 2 0 2 0 0  10010000100100001001010010010100100101001001010010010000100100001001000010010000100100001001010010010100100100001001000010010000100100001001000010010000100100001001000010010000100101001001000010010100 
2 0 0 2 0 2 0 0  10010000100101001001000010010100100101001001010010010000100100001001000010010000100100001001010010010100100100001001000010010000100100001001000010010000100100001001000010010000100100001001000010010000 
3 0 0 2 0 0 0 0  10000000100100001000000010000000100000001000000010010000100000001001000010000000100000001001000010010000100000001000000010000000100000001000000010000000100000001001000010000000100000001001000010000000 
3 0 0 1 0 0 0 0  10000000100000001000000010000000100000001000000010010000100000001000000010000000100000001000000010000000100000001000000010000000100000001000000010000000100000001001000010000000100000001001000010000000 
2 0 0 2 0 2 0 0  10010000100101001001000010010100100101001001000010010000100100001001000010010000100100001001000010010000100100001001000010010000100100001001000010010000100100001001000010010000100101001001000010010000 
2 2 2 2 2 2 2 1  11111101111111111111111111111101111111111111111011111110111101111101010110111100111111111101110111111101111101011111010011111111111111111111110111111011111111011101110111110101011111001101110111111101 
2 0 0 2 0 0 0 0  10010000100000001001000010000000100000001001000010000000100000001001000010000000100000001000000010000000100000001000000010000000100000001000000010000000100000001000000010000000100000001000000010000000 
3 0 0 2 0 0 0 0  10000000100100001000000010010000100000001001000010010000100000001001000010000000100000001001000010000000100000001001000010000000100000001000000010000000100000001001000010000000100000001000000010000000 
2 0 0 2 0 2 0 0  10010000100100001001010010010100100101001001010010010000100100001001000010010000100100001001010010010100100100001001000010010000100100001001000010010000100100001001000010010000100100001001000010010000 
2 0 0 2 0 2 0 0  10010100100101001001000010010100100101001001010010010000100100001001000010010100100100001001010010010000100100001001000010010000100100001001000010010000100100001001000010010100100101001001010010010100 
2 0 0 2 0 2 0 0  10010100100100001001010010010000100101001001010010010000100100001001000010010000100100001001000010010000100100001001000010010000100100001001000010010000100100001001000010010000100100001001000010010000 
2 0 0 2 0 2 0 0  10010000100101001001000010010100100100001001000010010000100100001001000010010000100100001001010010010000100100001001000010010000100100001001000010010000100100001001000010010000100100001001000010010000 
2 0 0 2 0 2 0 0  10010100100100001001010010010100100101001001010010010000100100001001000010010000100100001001010010010000100100001001000010010000100100001001000010010000100100001001000010010000100100001001000010010000 
2 2 2 2 2 2 2 1  11111101111111011111110111111101111111111111111011111110111101111101010110101101111111101111110111111101111101011111010010111111111111111111010111111011111111011111110111110101001111011101110111111100 
2 0 0 2 0 0 0 0  10010000100100001001000010010000100100001001000010010100100100001001000010010000100100001001000010010000100100001001000010010000100100001001000010010000100100001001000010010000100101001001000010010000 
2 0 0 2 0 0 0 0  10010000100000001001000010000000100100001001000010000000100000001001000010000000100000001000000010000000100000001000000010000000100000001000000010000000100000001000000010010000100000001000000010000000 
2 0 0 2 0 2 0 0  10010100100100001001000010010100100100001001000010010000100100001001000010010000100100001001010010010000100100001001000010010000100100001001000010010000100100001001000010010000100100001001000010010000 
2 2 2 2 2 2 2 1  11111111111111011111110111111101111111111111111011111110111101111101010110101100111111110111110111111101111101011111010011111111111111111111010111111011111111011101110111110100001111011101110111111100 
2 0 0 2 0 2 0 0  10010000100100001001000010010100100101001001000010010000100100001001000010010100100100001001000010010100100100001001000010010000100101001001000010010000100100001001000010010000100100001001000010010000 
2 2 1 2 2 2 0 1  11011101110111011111110111111101100101001101010011011100110011011001010011010100110111011101110010010100101011011111010011101100100101001001010011011100100111011101010111111100101101001101010001010100 
2 0 0 2 0 0 0 0  10010000100100001001000010010000100100001001000010010100100100001001000010010000100100001001000010010000100100001001000010010000100100001001000010010000100100001001000010010000100100001001000010010000 
2 2 0 2 0 2 0 0  11010101110101011101010111010100100101011101010010011100100101011001010010010100100011011001110010010100101101001011010011010100100101001001010011010100100111011100010110010100101101000101010011010101 
2 0 0 2 0 2 0 0  10010100100101001001000010010000100101001001010010010000100100001001000010010000100100001001010010010000100100001001000010010000100100001001000010010000100100001001000010010000100100001001000010010000 
