3 0 0 0 0 0 0 0  10000000100000001000000010000000100000001000000010000000100000001000000010000000100000001000000010000000100000001000000010000000100000001000000010000000100000001000000010000000100000001000000010000000 
2 0 0 0 0 0 0 0  10010000100000001000000010000000100000001000000010000000100000001000000010000000100000001000000010000000100000001000000010000000100000001000000010000000100000001000000010000000100000001000000010000000 
3 0 0 0 0 0 0 0  10000000100100001000000010000000100000001000000010000000100000001000000010000000100000001000000010000000100000001000000010000000100000001000000010000000100000001000000010000000100000001000000010000000 
3 0 0 0 0 0 0 0  10000000100000001001000010000000100000001000000010000000100000001000000010000000100000001000000010000000100000001000000010000000100000001000000010000000100000001000000010000000100000001000000010000000 
2 0 0 2 0 0 0 0  10010000100100001001000010010000100100001001000010010000100100001001000010010000100100001001000010010000100100001001000010010000100100001001000010010000100100001001000010010000100100001001000010010000 
2 0 0 2 0 2 0 0  10010101100101001001010010010100100101001001010010010100100100001001010010010000100101001001010110010100100100001001000010010100100101001001010010010000100101001001000010010100100100001001000010010100 
2 0 0 2 0 2 0 0  10010100100101001001010010010100100101001001010010010100100101001001010010010000100100001001010110010100100100001001010110010100100101001001010010010000100101001001000010010100100100001001010010010000 
2 0 0 2 0 0 0 0  10010000100100001000000010000000100000001000000010000000100000001000000010000000100000001000000010000000100000001000000010000000100000001000000010000000100000001000000010000000100000001000000010000000 
2 0 0 2 0 0 0 0  10010000100000001001000010000000100000001001000010000000100000001000000010000000100000001000000010000000100000001000000010000000100000001000000010000000100000001000000010000000100000001000000010000000 
2 0 0 2 0 2 0 0  10010101100101011001010110010100100101001001010010010100100101001001010010010100100100001001010010010100100110001001010010010100100111001111010010011100101101001001010010010100100101001001010110010100 
0 0 0 0 0 2 3 0  11111111111111111111111111111111111111111111111111111111111111111111111111111110111111111111111111111111111111111111111111111111111111111111111111111111111111111111111111111111111111111111111111111111 
2 2 1 2 1 2 2 1  11111101110101011101010111010111110101001101010111010100111101011111010010011010110111101101001011110100010011011101101010011100110101001111010111011101110111011101110011111011111101001101111010010101 
2 0 0 2 0 0 0 0  10010000100100001001010010010000100100001001000010010000100100001001000010010000100100001001000010010000100100001000000010010000100100001001000010010000100100001001000010010000100100001001000010010000 
2 0 0 2 0 0 0 0  10010000100100001001000010000000100000001001000010000000100000001000000010000000100000001000000010000000100000001000000010000000100000001000000010000000100000001000000010000000100000001000000010000000 
2 2 0 2 0 2 0 0  11010101110101011101010110010100100101001001010011010100100110000101010010010100111100001001010010010100110111101001001111010100100101001111110011010100110101001001010011010011101101001001010110010101 
2 0 0 2 0 2 0 0  10010000100101001001010010010000100100001001000010010000100100001001000010010000100100001001000010010000100100001001000010010000100100001001000010010000100100001001000010010000100100001001000010010000 
2 2 2 2 1 2 2 1  11111111111111111111111111111111111111001111110111111111111101111111110011111011111111101011101011111110111101110111011011111111111111111111110111011101110111111101111111111111011111011111011111001110 
2 2 0 2 0 2 0 0  11010101110101001001010110010100100101001001010011010100100111001001010010010000110100101001010010010100100101001001011010010100100101001111010011010100100101001001010011010100101101001001010110010100 
2 2 2 2 1 2 2 1  11111101111111011111010111010111110101001101110011111111110101011111110110011010110111001111001011110010111011111101001111111100110111011111010101111101110111011101110111111011110101000111110011110110 
2 0 0 2 0 0 0 0  10010000100000001000000010010000100000001000000010010000100100001001000010010000100000001000000010000000100000001000000010000000100000001000000010000000100000001001000010000000100000001001000010000000 
3 0 0 2 0 0 0 0  10000000100100001001000010000000100000001000000010000000100000001000000010000000100000001000000010000000100000001000000010000000100000001000000010000000100000001000000010000000100000001000000010000000 
2 2 2 2 1 2 2 1  11111101111101011101010111010101110101001111110011011101110101011111010010011011110111001111001011110100011011010101101011111100110101011111010101111101110111011101110011111011110101100111110011110111 
1 2 2 2 0 2 2 1  11111111111111111111111111111111111111101111111111111111111111111111110111111011111111101111111011111111111111111111111111111111111111111111110111011101111111111111111111111111011111111111111111111111 
2 2 1 2 0 2 2 1  11110101110101011101010111010101110101001101010111110100111101011111011010011010110110101101001011010100010111101101101010010100100101011111010111010101110101011101010011110011111101001101011111010101 
2 0 0 2 0 0 0 0  10010000100000001000000010000000100000001000000010010000100000001001000010000000100000001000000010000000100000001000000010000000100000001000000010000000100000001000000010000000100000001001000010000000 
2 0 0 2 0 2 0 0  10010101100101001001010010010100100101001001010010010100100101001001010010010000100100001001010011010100100111001001010010010100100101001011010010011101100101001001010010010100100101001001010110010100 
3 0 0 0 0 0 0 0  10000000100000001000000010000000100000001000000010010000100000001000000010000000100000001000000010000000100000001000000010000000100000001000000010000000100000001001000010000000100000001000000010000000 
3 0 0 0 0 0 0 0  10000000100000001000000010000000100000001000000010000000100000001000000010000000100000001000000010000000100000001000000010000000100000001000000010000000100000001000000010000000100000001001000010000000 
2 0 0 2 0 0 0 0  10010000100100001001010010010000100100001001000010010000100100001001000010010000100100001001000010010000100100001001010010010000100100001001000010010000100100001001000010010000100100001001000010010000 
2 0 0 2 0 2 0 0  10010100100101001001010010010000100100001001000010010000100100001001000010010000100100001001000010010000100100001001000010010000100100001001000010010000100100001001000010010000100100001001000010010000 
2 2 2 2 1 2 2 1  11111101111111111111111111111111111111001111110111111111111111111111110011111011111111101011101011111110111101110111111111111111111111111111110111011101110111111111111111111101111111011111011111101110 
2 0 0 2 0 2 0 0  10010100100101001001000010010000100100001001000010010000100100001001000010010000100100001001000010010000100100001001000010010000100100001001000010010000100100001001000010010000100100001001000010010000 
2 0 0 2 0 2 0 0  10010100100101001001010010010100100101001001010010010100100100001001000010010000100100001001010010010000100100001001000010010000100100001001000010010000100100001001000010010000100100001001000010010100 
2 0 0 2 0 0 0 0  10010000100100001001000010010000100100001001010010010000100100001001000010010000100100001001000010010000100100001001000010010000100100001001000010010000100100001001000010010000100100001001000010010000 
2 0 0 2 0 2 0 0  10010100100101001001010010010000100101001001010010010000100100001001000010010000100100001001000010010000100100001001000010010000100100001001000010010000100100001001000010010000100100001001000010010000 
2 0 0 2 0 2 0 0  10010000100101001001010010010000100100001001010010010000100100001001000010010000100100001001010010010000100100001001000010010000100100001001000010010000100100001001000010010000100100001001000010010100 
2 0 0 2 0 0 0 0  10010000100100001001000010010000100100001001010010010000100100001001000010010000100100001001000010010000100100001001010010010000100101001001000010010000100100001001000010010000100100001001000010010000 
2 0 0 2 0 2 0 0  10010100100101001001010010010100100101001001010010010100100100001001000010010000100100001001010010010100100100001001000010010000100101001001000010010000100101001001000010010100100100001001000010010100 
2 2 0 2 0 2 0 0  11010101110101001001010010010100100101001001010011010100100101001001010010010000110100001001010010010100100101001001010010010100100101001111010011010100100101001001010010010100101101001001010110010100 
3 0 0 2 0 0 0 0  10000000100100001001000010000000100000001000000010010000100000001001000010000000100000001000000010000000100000001000000010000000100000001000000010000000100000001000000010000000100000001000000010000000 
2 0 0 2 0 2 0 0  10010100100100001001010010010000100100001001000010010000100100001001000010010000100100001001000010010000100100001001000010010000100100001001000010010000100100001001000010010000100100001001000010010000 
2 0 0 2 0 2 0 0  10010000100101001001000010010100100101001001010010010100100100001001000010010000100100001001010010010000100100001001000010010000100101001001000010010000100100001001000010010100100100001001000010010100 
2 0 0 2 0 0 0 0  10010000100100001001000010010000100100001001000010010000100100001001000010010000100000001001000010010000100000001000000010010000100100001001000010010000100100001001000010010000100100001001000010010000 
3 0 0 2 0 0 0 0  10000000100000001000000010000000100000001000000010010000100000001001000010010000100000001000000010010000100000001001000010000000100000001000000010000000100000001001000010000000100000001001000010000000 
2 0 0 2 0 0 0 0  10010000100100001001000010010000100101001001010010010000100100001001000010010000100100001001000010010000100100001001010010010000100101001001000010010000100100001001000010010000100100001001000010010000 
2 0 0 2 0 0 0 0  10010100100100001001000010010000100100001001000010010000100100001001000010010000100100001001000010010000100100001001000010010000100100001001000010010000100100001001000010010000100100001001000010010000 
3 0 0 2 0 0 0 0  10000000100100001001000010010000100000001001000010000000100000001001000010000000100000001000000010000000100000001000000010000000100100001000000010000000100000001000000010000000100000001001000010000000 
2 0 0 2 0 2 0 0  10010000100101001001010010010100100101001001010010010100100100001001000010010000100100001001010010010100100100001001010010010000100101001001000010010000100100001001000010010100100100001001000010010100 
2 0 0 2 0 2 0 0  10010100100101001001000010010100100101001001000010010000100100001001000010010000100100001001000010010000100100001001000010010000100100001001000010010000100100001001000010010000100100001001000010010000 
3 0 0 2 0 0 0 0  10000000100000001001000010010000100000001001000010010000100000001001000010000000100000001001000010010000100000001001000010000000100000001000000010000000100100001001000010000000100000001001000010000000 
2 2 2 2 1 2 2 1  11111101111111011111110111111110111111001111110111111111111111111111110011111011111111101011101011111110111101110111011111111101111111011111110111011101110111111101111111111111111111011111011111001110 
2 0 0 2 0 2 0 0  10010100100101001001000010010000100101001001010010010100100100001001000010010000100100001001000010010000100100001001000010010000100101001001000010010000100100001001000010010000100100001001000010010100 
2 0 0 2 0 0 0 0  10010000100100001001000010010000100100001001000010010000100000001001000010000000100000001000000010000000100000001000000010000000100000001000000010000000100000001001000010000000100000001001000010000000 
2 0 0 2 0 2 0 0  10010101100101001001010010010100100101001001010010010100100101001001000010010000100100001001010010010100100110001001010010010100100111001011010010011100100101001001010010010100100101001001010110010100 
2 0 0 2 0 2 0 0  10010000100101001001010010010000100101001001010010010100100100001001000010010000100100001001010010010000100100001001000010010000100100001001000010010000100100001001000010010000100100001001000010010100 
2 2 0 2 0 2 0 0  10010101110101011001010010010100100101001001010010010100100101001001010010010000100100001001010011010100100111011001010010010100100101001111010010010100100101001001010010010100100101001001010110010100 
3 0 0 2 0 0 0 0  10000000100000001000000010010000100000001001000010010000100000001001000010000000100100001000000010000000100000001000000010000000100000001000000010010000100000001001000010000000100000001001000010000000 
2 0 0 2 0 0 0 0  10010000100100001001000010010000100100001001000010010000100000001001000010010000100000001001000010010000100000001000000010000000100100001001000010000000100000001001000010000000100000001001000010000000 
2 0 0 2 0 2 0 0  10010000100101001001000010010100100101001001000010010000100100001001000010010000100100001001010010010000100100001001000010010000100100001001000010010000100100001001000010010000100100001001000010010100 
2 0 0 2 0 0 0 0  10010000100000001001000010000000100100001000000010010000100000001001000010000000100000001000000010000000100000001000000010000000100000001000000010000000100000001000000010000000100000001001000010000000 
3 0 0 2 0 0 0 0  10000000100000001001000010010000100000001001000010010000100000001001000010000000100000001000000010010000100000001000000010000000100100001000000010000000100000001001000010000000100000001001000010000000 
2 0 0 2 0 2 0 0  10010100100101001001000010010100100101001001010010010100100100001001000010010000100100001001010010010000100100001001000010010000100101001001000010010000100100001001000010010100100100001001000010010100 
3 0 0 2 0 0 0 0  10000000100100001000000010000000100000001000000010010000100000001001000010000000100000001000000010000000100000001000000010000000100000001000000010000000100000001000000010000000100000001000000010000000 
2 0 0 2 0 2 0 0  10010000100100001001010010010100100101001001010010010000100100001001000010010000100100001001010010010100100100001001000010010000100100001001000010010000100100001001000010010000100100001001000010010100 
2 2 0 2 0 2 2 1  11010101110101011101010111010100110101101101010111010100110111000101011010010100011100101001001010010110010111101101111010010100100101011111010111010100110101011001010011110010111101011001011111010100 
2 0 0 2 0 2 0 0  10010100100100001001000010010100100101001001010010010100100100001001000010010000100100001001000010010100100100001001000010010000100101001001000010010000100100001001000010010100100100001001000010010100 
2 0 0 2 0 2 0 0  10010000100101001001000010010000100100001001000010010000100100001001000010010000100101001001010010010000100100001001000010010000100100001001000010010000100100001001000010010000100100001001000010010100 
2 0 0 2 0 0 0 0  10010000100100001000000010000000100000001000000010010000100000001001000010000000100000001000000010000000100000001000000010000000100000001000000010000000100000001000000010000000100000001001000010000000 
2 2 1 2 1 2 2 1  11011101110101011101010111010111111101101101010111010100110101011111011010010010111111101001001010010100010111111101101010011101110101011111010110011101110101011001110111111011111101011101111011010100 
2 0 0 2 0 2 0 0  10010000100101001001010010010100100101001001010010010100100100001001000010010000100100001001010010010000100100001001000010010000100100001001000010010000100100001001000010010100100100001001000010010100 
2 0 0 2 0 2 0 0  10010000100101001001000010010100100101001001010010010000100100001001000010010000100100001001010010010100100100001001000010010000100100001001000010010000100100001001000010010000100100001001000010010100 
2 0 0 2 0 0 0 0  10010000100100001001010010010000100100001001010010010000100100001001000010010000100100001001000010010000100100001001000010010000100101001001000010010000100100001001000010010000100100001001000010010000 
3 0 0 2 0 0 0 0  10000000100100001000000010010000100100001001000010010000100000001001000010000000100000001000000010000000100000001001000010000000100000001000000010000000100000001001000010000000100000001001000010000000 
2 0 0 2 0 2 0 0  10010100100100001001010010010100100101001001010010010000100100001001000010010000100100001001010010010000100100001001000010010000100101001001000010010000100100001001000010010000100100001001000010010100 
3 0 0 2 0 0 0 0  10000000100000001001000010000000100000001000000010010000100000001001000010000000100000001000000010010000100000001001000010000000100000001000000010000000100000001001000010000000100000001001000010000000 
2 0 0 2 0 2 0 0  10010000100100001001010010010100100100001001010010010000100100001001000010010000100100001001010010010000100100001001000010010000100100001001000010010000100100001001000010010000100100001001000010010100 
2 2 2 2 1 2 2 1  11111101111111011111111111111111111111001111110111111111111111111111110011111011111111101011101011011110111101110111111111111111111111111111110111011101110111111111111111111111111111011111011011001110 
3 0 0 2 0 0 0 0  10000000100000001000000010000000100000001000000010010000100000001001000010010000100000001000000010000000100000001000000010000000100000001000000010000000100000001001000010000000100000001001000010000000 
3 0 0 2 0 0 0 0  10000000100000001001000010000000100000001000000010010000100000001001000010000000100000001000000010000000100000001000000010000000100000001000000010000000100000001001000010000000100000001001000010000000 
3 0 0 0 0 0 0 0  10000000100000001001000010000000100000001000000010000000100000001000000010000000100000001000000010000000100000001000000010010000100000001000000010000000100000001000000010000000100000001000000010000000 
2 0 0 2 0 2 0 0  10010000100101001001000010010000100100001001000010010000100100001001000010010000100100001001000010010000100100001001000010010000100100001001000010010000100100001001000010010000100100001001000010010000 
2 0 0 2 0 2 0 0  10010100100100001001000010010100100101001001010010010100100100001001000010010000100100001001000010010000100100001001000010010000100100001001000010010000100100001001000010010000100100001001000010010100 
3 0 0 2 0 0 0 0  10000000100100001000000010000000100000001000000010010000100000001001000010000000100000001000000010000000100000001000000010000000100000001000000010000000100000001001000010000000100000001001000010000000 
2 0 0 2 0 2 0 0  10010100100100001001010010010000100100001001010010010100100100001001000010010000100100001001000010010000100100001001000010010000100100001001000010010000100100001001000010010000100100001001000010010000 
3 0 0 2 0 0 0 0  10000000100100001000000010010000100000001001000010010000100000001000000010000000100000001000000010000000100000001000000010000000100000001000000010000000100000001001000010000000100000001001000010000000 
2 0 0 2 0 2 0 0  10010000100100001001010010010100100101001001010010010100100100001001000010010000100100001001010010010000100100001001000010010000100101001001000010010000100100001001000010010100100100001001000010010100 
3 0 0 2 0 0 0 0  10000000100000001001000010010000100000001000000010010000100000001001000010000000100000001000000010010000100000001001000010000000100000001000000010000000100000001001000010000000100000001001000010000000 
2 0 0 2 0 2 0 0  10010100100100001001000010010000100101001001010010010100100100001001000010010000100100001001000010010000100100001001000010010000100100001001000010010000100100001001000010010000100100001001000010010000 
2 0 0 2 0 2 0 0  10010100100100001001010010010000100101001001010010010100100100001001000010010000100100001001000010010000100100001001010010010000100100001001000010010000100100001001000010010000100100001001000010010000 
2 2 0 2 0 2 2 1  11010101110101011101010111010100111101101101010111010100110101001101011010010110111101101001001010010110010101111101101010010101110101011111010111010100110101011001110111111010111101011101111011010100 
3 0 0 2 0 0 0 0  10000000100000001000000010000000100000001000000010000000100000001001000010010000100000001000000010000000100000001000000010000000100000001000000010000000100000001001000010000000100000001001000010000000 
3 0 0 2 0 0 0 0  10000000100000001001000010000000100000001000000010000000100000001001000010000000100000001000000010000000100000001000000010000000100000001000000010000000100000001001000010000000100000001001000010000000 
3 0 0 2 0 0 0 0  10000000100100001001000010010000100000001001000010010000100000001001000010000000100000001000000010000000100000001001000010000000100100001000000010000000100000001000000010000000100000001001000010000000 
3 0 0 2 0 0 0 0  10000000100100001000000010010000100000001001000010010000100000001001000010000000100000001000000010000000100000001001000010000000100000001000000010000000100000001001000010000000100000001001000010000000 
2 0 0 2 0 2 0 0  10010100100100001001000010010000100100001001000010010100100100001001000010010000100100001001000010010000100100001001000010010000100100001001000010010000100100001001000010010000100100001001000010010100 
2 0 0 2 0 2 0 0  10010101100101011001010010010100100101001001010010010100100101001001010010010000100100001001010011010000100111011001010010010100100101001011010010011100100101011001010010010100100101001001010110010100 
2 2 1 2 0 2 0 1  11110101110101011101010111010101100101001101010011110100110101011101010010011010110110101101010011110100100111001101101010010100100101011011010011010100100101011001010011110000111101001101011111010101 
2 0 0 2 0 0 0 0  10010000100100001001000010010000100000001001000010000000100000001000000010000000100000001000000010000000100000001000000010000000100000001000000010000000100000001000000010000000100000001001000010000000 
3 0 0 2 0 0 0 0  10000000100100001001000010010000100100001001000010010000100000001001000010000000100000001000000010000000100000001000000010000000100100001000000010000000100000001001000010000000100000001001000010000000 
2 2 0 2 0 2 0 0  11010101110101001001010010010100100101001001010011010100100111001001010010010000110100101001010010010100100101001001010010010100100101001111010011010100100101001001010011010100101101001001010110010100 
