2 0 0 0 0 0 0 0  10000000100000001000000010000000100000001000000010000000100000001000000010000000100000001000000010000000100000001000000010000000100000001000000010000000100000001000000010000000100000001000000010000000 
2 0 0 0 1 0 0 0  10001000100000001000000010000000100000001000000010000000100000001000000010000000100000001000000010000000100000001000000010000000100000001000000010000000100000001000000010000000100000001000000010000000 
3 0 0 0 1 0 0 0  10000000100000001000100010000000100000001000000010000000100000001000000010000000100000001000000010000000100000001000000010000000100000001000000010000000100000001000000010000000100000001000000010000000 
3 0 0 0 1 0 0 0  10000000100010001000000010000000100000001000000010000000100000001000000010000000100000001000000010000000100000001000000010000000100000001000000010000000100000001000000010000000100000001000000010000000 
2 0 0 1 2 2 0 0  10011100100111001001110010001100100111001000100010001101100010001000100010001100100010001000110010011000100011001000110010001100100111001001110010011000100010001000100010001100100011001000100010001100 
2 0 0 0 2 1 0 0  10001000100010001000110010001000100010001000100010001000100010001000100010001000100010001000100010001000100010001000100010001000100010001000100010001000100010001000100010001000100010001000100010001000 
2 0 0 0 1 0 0 0  10001000100010001000000010000000100000001000000010000000100000001000000010000000100000001000000010000000100000001000000010000000100000001000000010000000100000001000000010000000100000001000000010000000 
2 0 0 0 2 2 0 0  10001100100011001000110010001000100011001000110010001100100010001000110010001100100010001000110010001000100010001000110010001100100011001000100010001000100010001000110010001000100011001000100010001100 
2 1 2 2 2 2 3 0  11111111111111111111111111111111111111101111111111111111111111111111110011111110111111011111111011111111111111111111111111111101111111111111111111111111110111111111111101111110110111101111110011111111 
3 0 0 0 1 0 0 0  10000000100010001000100010000000100000001000000010000000100000001000000010000000100000001000000010000000100000001000000010000000100000001000000010000000100000001000000010000000100000001000000010000000 
2 0 0 0 2 0 0 0  10001000100010001000100010001000100010001000100010001000100010001000100010001000100010001000100010001000100010001000100010001000100010001000100010001000100010001000100010001000100010001000100010001000 
2 0 0 0 2 1 0 0  10001000100011001000100010001000100010001000100010001000100010001000100010001000100010001000100010001000100010001000100010001000100010001000100010001000100010001000100010001000100010001000100010001000 
2 0 0 0 2 2 0 0  10001101100011001000110010001100100011001000110010001100100010001000100010001100100010001000110010001000100010001000100010001000100010001000100010001000100010001000110010001000100011001000100010001100 
2 0 0 0 1 0 0 0  10001000100000001000100010000000100000001000000010000000100000001000000010000000100000001000000010000000100000001000000010000000100000001000000010000000100000001000000010000000100000001000000010000000 
0 0 0 0 0 0 0 0  11111111111111111111111111111111111111111111111111111111111111111101111111111111111111111111111111111111111111111111111111111111111111111111111111111111111111111111111111111111111111111111111111111111 
2 0 0 1 2 2 0 0  10011100100011001000110010001000100011001000110010001100100010001000100010001100100011011000110010001000100010001000100010001100100011001000110010001000100010001000100010001000100011001000110010001100 
2 1 0 2 2 2 1 1  11011101110111011101010110011100110111001101110011011101110011101001110110011101100101101000110011011100111101011001010011011100110101011101110110011101100101001001111111011100100101001101110011111101 
2 0 0 0 2 1 0 0  10001000100011001000110010001000100010001000100010001000100010001000100010001000100010001000100010001000100010001000100010001000100010001000100010001000100010001000100010001000100010001000100010001000 
2 0 0 0 2 1 0 0  10001100100010001000100010001000100010001000100010001000100010001000100010001000100010001000100010001000100010001000100010001000100010001000100010001000100010001000100010001000100010001000100010001000 
2 0 0 0 2 2 0 0  10011101100111001001110010011100100111001000100010001101100010001000110010001100100011001000110010011100100011001000000010001100100111001001110010001000100011001001100010001100100101001000100010001100 
2 0 0 0 2 2 0 1  10011101100111011001010010010100100111001000110010011101100010001000110010011100100111001000110110011100100011001000000010001100100111001100110110011000100111001001100010011100100111001000100010001100 
3 0 0 0 2 0 0 0  10000000100000001000000010000000100010001000100010001000100000001000000010000000100000001000000010000000100000001000000010000000100000001000100010000000100000001000100010000000100000001000000010000000 
2 0 0 0 2 0 0 0  10001000100010001000100010000000100000001000000010000000100000001000000010000000100000001000000010000000100000001000000010000000100000001000000010000000100000001000000010000000100000001000000010000000 
3 0 0 0 1 0 0 0  10000000100010001000000010000000100010001000000010000000100000001000000010000000100000001000000010000000100000001000000010000000100000001000000010000000100000001000000010000000100000001000000010000000 
2 0 0 0 2 1 0 0  10001100100010001000110010001000100010001000100010001000100010001000100010001000100010001000100010001000100010001000100010001000100010001000100010001000100010001000100010001000100010001000100010001000 
2 0 0 0 2 2 0 0  10011101100111001001110010010100100111001001110011011101100011001000110110001100100101001000110110011100100011001001000010001100110101001001110110011010100111001001100010011100100111001000100010001100 
2 0 0 0 2 1 0 0  10001100100011001000100010001000100010001000100010001000100010001000100010001000100010001000100010001000100010001000100010001000100010001000100010001000100010001000100010001000100010001000100010001000 
3 0 0 0 1 0 0 0  10000000100000001000100010000000100000001000000010001000100000001000000010000000100000001000000010000000100000001000000010000000100000001000000010000000100000001000000010000000100000001000000010000000 
2 1 2 2 2 2 1 1  11111101111111011111110111111101110111001111110111111100111111111001110011111101111101111111110011111100111111111101011011111101101111111111110111111101100101011111111111111111110111011111110001111101 
2 0 0 0 2 1 0 0  10001000100010001000100010001000100011001000100010001000100010001000100010001100100010001000100010001000100010001000100010001000100011001000110010001000100010001000100010001000100010001000100010001100 
3 0 0 0 2 0 0 0  10000000100000001000100010001000100010001000100010001000100000001000000010000000100000001000000010001000100000001000000010000000100000001000000010000000100010001000000010000000100000001000000010000000 
2 1 0 2 2 2 1 1  11010101110101001101010110011100110111001101110011011101110011101001110111011100100101101000110111011100110101011001010011011101110101011101010110011101100101011001011110011100100101001101110111111101 
2 1 0 2 2 2 0 1  10011101100111011101010110011100110111001001110011011101110011001001110110011100100101001000110111011100110101001001000010011100110101011101010110011011100111001001011110011100100101001101100011011101 
2 0 0 0 2 0 0 0  10001000100010001000100010001000100010001000100010001000100000001000100010001000100000001000100010001000100000001000000010001000100010001000100010001000100010001000100010001000100010001000100010001000 
2 0 0 0 2 0 0 0  10001000100000001000100010000000100010001000100010000000100000001000000010000000100000001000000010000000100000001000000010000000100000001000000010000000100000001000000010000000100000001000000010000000 
2 1 0 2 2 2 0 1  11011101110111001101010110011100110111001000110010011101100011001001110010011100100101001010110111011100110111011001000010001101110101001101110110010001100111001000110011011100100111001100110010011100 
2 0 0 0 1 0 0 0  10001000100000001000000010000000100000001000100010000000100000001000000010000000100000001000000010000000100000001000000010000000100000001000000010000000100000001000000010000000100000001000000010000000 
3 0 0 0 1 0 0 0  10000000100000001000000010000000100010001000100010000000100000001000000010000000100000001000000010000000100000001000000010000000100000001000000010000000100000001000000010000000100000001000000010000000 
3 0 0 0 0 0 0 0  10000000100000001000000010000000100010001000000010000000100000001000000010000000100000001000000010000000100000001000000010000000100000001000000010000000100000001000000010000000100000001000000010000000 
3 0 0 0 2 0 0 0  10000000100010001000100010001000100000001000000010001000100000001000000010000000100000001000000010000000100000001000000010000000100000001000000010000000100000001000000010000000100000001000000010000000 
2 0 0 0 2 0 0 0  10001000100010001000100010001000100010001000100010001000100000001000100010000000100000001000100010001000100000001000000010000000100010001000000010000000100010001000100010001000100000001000000010001000 
3 0 0 0 2 0 0 0  10000000100010001000000010000000100010001000100010000000100000001000000010000000100000001000000010000000100000001000000010000000100000001000000010000000100000001000100010000000100000001000000010000000 
2 1 2 2 2 2 1 1  11111101111111011111110111011101110111011111110111111100111111001001110011111101100101001110110011111100111111111101001001111101101111001101110111011101100101011111111111111101100101000111110110111101 
2 1 2 2 2 2 1 0  11111101111111011111111111111111110111101111110111111101111111111001110011111101111101111111110011111101111111111101111011111101111111111111110111111101110111011111111111111101110111011111110011111101 
2 1 2 2 2 2 1 1  11111111111111011111110111111101111111001111110111111101111101111101110011111101111101011111010011111100111111111101011011011111111111011111110111111101101111111111111101111101110111011101110001111101 
2 0 0 0 2 2 0 0  10001000100011001000110010001000100011001000100010001000100010001000100010001000100010001000100010001000100010001000100010001000100010001000100010001000100010001000100010001000100010001000100010001100 
2 0 0 0 2 2 0 0  10001100100011001000110010001000100011001000110010001100100010001000100010001100100010001000110010001000100010001000100010001000100010001000100010001000100010001000100010001000100011001000100010001100 
3 0 0 0 2 0 0 0  10000000100000001000100010000000100010001000100010000000100000001000100010000000100000001000000010000000100000001000000010000000100000001000100010000000100000001000100010000000100000001000000010000000 
2 0 0 0 2 2 0 0  10001100100010001000100010001000100011001000110010001100100010001000100010001000100010001000110010001000100010001000100010001000100010001000100010001000100010001000100010001000100010001000100010001100 
2 0 0 0 2 0 0 0  10001000100010001000000010000000100010001000100010000000100000001000000010000000100000001000000010000000100000001000000010000000100000001000000010000000100000001000000010000000100000001000000010000000 
2 0 0 0 2 0 0 0  10001000100010001000100010000000100010001000100010000000100000001000100010000000100000001000000010000000100000001000000010000000100000001000000010000000100000001000000010000000100000001000000010000000 
2 0 0 0 2 0 0 0  10001000100000001000000010000000100010001000100010001000100000001000000010000000100000001000000010000000100000001000000010000000100000001000100010000000100000001000100010000000100000001000000010000000 
2 0 0 0 2 1 0 0  10001000100010001000100010001000100011001000100010001000100010001000100010001000100010001000100010001000100010001000100010001000100011001000110010001000100010001000100010001000100010001000100010001000 
2 0 0 0 2 2 0 0  10001100100011001000110010001000100010001000100010001000100010001000100010001000100010001000100010001000100010001000100010001000100010001000100010001000100010001000100010001000100010001000110010001000 
2 0 0 0 2 1 0 0  10011101100111001001110010001100100111001001100010011101100010001000110010001100100010001000110010011100100011001000110010001100100101001000110010011000100110001000100010001100100111001000100010001100 
3 0 0 0 2 0 0 0  10000000100000001000100010001000100000001000100010001000100000001000000010000000100000001000000010000000100000001000000010000000100000001000000010000000100000001000000010000000100000001000000010000000 
2 0 0 0 2 0 0 0  10001000100010001000100010001000100010001000100010001000100000001000100010000000100000001000000010000000100000001000000010000000100010001000000010000000100000001000000010000000100000001000000010000000 
2 0 0 0 2 1 0 0  10001000100011001000100010001000100011001000100010001000100010001000100010001000100010001000100010001000100010001000100010001000100010001000100010001000100010001000100010001000100010001000100010001000 
2 0 0 0 2 2 0 0  10001100100010001000100010001000100011001000110010001100100010001000100010001100100010001000110010001000100010001000100010001000100011001000100010001000100010001000100010001000100011001000100010001100 
2 1 0 2 2 2 1 1  11111101110111011101110110011100110101001101010010011101110011001001110010010101100101101010110011011100110111011101011011011100110101011101110110010101100111001001111111011100100101001101110111111101 
2 0 0 0 2 1 0 0  10001000100010001000110010001000100010001000110010001100100010001000100010001000100010001000100010001000100010001000100010001000100010001000100010001000100010001000100010001000100010001000100010001100 
2 0 0 0 2 0 0 0  10001000100000001000000010000000100010001000100010000000100000001000000010000000100000001000000010000000100000001000000010000000100000001000100010000000100000001000000010000000100000001000000010000000 
3 0 0 0 1 0 0 0  10000000100000001000000010001000100010001000000010000000100000001000000010000000100000001000000010000000100000001000000010000000100000001000000010000000100000001000000010000000100000001000100010000000 
3 0 0 0 0 0 0 0  10000000100000001000000010000000100000001000000010000000100000001000000010000000100000001000000010000000100000001000000010000000100000001000000010000000100000001001000010000000100000001000000010000000 
2 1 0 2 2 2 0 1  10011101100111001101010010011100110111001001110011011101110011001000110110011100100101001000110110011100110011011001000010001101110101011101110110011010100111001000100010011100100111001100100010001100 
2 1 0 2 2 2 1 1  10010101100101011101010110011100110111001101110011011101110011101001110110010100100101101000110011001100110101011001010011011101110101011101011110001101100101001001011110011100100101001101110011111101 
3 0 0 0 1 0 0 0  10000000100000001000100010000000100010001000000010000000100000001000000010000000100000001000000010001000100000001000000010000000100000001000000010000000100000001000000010000000100000001000000010000000 
2 1 2 2 2 2 1 1  11111101110111011111110111011101110111011111110111111100110111011001110111010101100101101110110010011100100111111001011001111101111111011101010110011101100101001011111111011100100101000111110110111101 
2 0 0 0 2 1 0 0  10001100100010001000100010001100100010001000100010001000100010001000100010001000100010001000100010001000100010001000100010001000100010001000100010001000100010001000100010001000100010001000100010001000 
2 0 0 0 2 2 0 0  10001100100010001000110010001000100011001000100010001000100010001000100010001000100010001000100010001000100010001000100010001000100010001000100010001000100010001000100010001000100010001000100010001100 
2 1 1 2 2 2 1 1  11111101110101011101010110011100110101001101110011111101110011101001010011010101101111001010110010011100110101011101011011101100110101011101010110011101100101001001111110011100100101001101110111111101 
2 0 0 0 2 2 0 0  10001100100011001000100010001000100011001000110010001100100010001000100010001100100010001000110010001000100010001000100010001000100011001000100010001000100010001000110010001000100011001000100010001100 
2 0 0 0 2 1 0 0  10001000100010001000110010001000100010001000100010001100100010001000100010001000100010001000100010001000100010001000100010001000100010001000100010001000100010001000100010001000100010001000100010001100 
2 0 0 0 2 1 0 0  10001100100010001000100010001100100010001000100010001000100010001000110010001000100010001000100010001000100010001000100010001000100010001000100010001000100010001000100010001000100010001000100010001100 
2 0 0 0 2 1 0 0  10001000100011001000100010001000100011001000100010001000100010001000100010001000100010001000100010001000100010001000100010001000100010001000110010001000100010001000100010001000100010001000100010001100 
2 0 0 0 2 2 0 0  10001100100011001000100010001000100011001000100010001000100010001000100010001000100010001000100010001000100010001000100010001000100010001000100010001000100010001000100010001000100010001000100010001100 
2 0 0 0 2 2 0 0  10001101100011001000110010011100100111001001110010001101100010001000100010001100100010001000110110001000100010001000100010001000100101001000110010001000100010001000100010001000100011001000100010001100 
2 0 0 0 2 2 0 0  10001000100011001000100010001000100011001000110010001000100010001000100010001100100010001000110010001000100010001000100010001000100010001000100010001000100010001000100010001000100010001000100010001100 
3 0 0 0 2 0 0 0  10000000100010001000000010001000100010001000100010001000100000001000000010000000100010001000000010001000100000001000000010000000100000001000000010000000100010001000000010000000100000001000000010000000 
2 0 0 0 2 2 0 0  10001000100011001000110010001000100011001000110010001100100010001000100010001000100010001000100010001000100010001000100010001000100010001000100010001000100010001000100010001000100010001000100010001100 
2 0 0 0 2 2 0 0  10001000100011001000110010001000100011001000110010001100100010001000100010001100100010001000100010001000100010001000100010001000100010001000100010001000100010001000100010001000100011001000100010001100 
2 0 0 0 2 0 0 0  10001000100010001000100010001000100010001000100010001100100010001000100010001000100010001000100010001000100010001000100010001000100010001000100010001000100010001000100010001000100010001000100010001100 
2 0 0 0 2 2 0 0  10001100100011001000110010001000100011001000110010001100100010001000100010001000100010001000100010001000100010001000100010001000100010001000100010001000100010001000100010001000100010001000100010001100 
2 1 2 2 2 2 1 1  11111111111111111111111111111111111111001111110111111101111101111101110011111101110111011111010011111100111111111101011011011111111111001111110111111100111111111111011101111101110111011101110001111101 
2 0 0 0 2 0 0 0  10001000100010001000100010001000100010001000100010001100100010001000100010001000100010001000100010001000100010001000100010001000100010001000100010001000100010001000100010001000100010001000100010001000 
2 0 0 0 2 1 0 0  10001000100010001000110010001000100011001000110010001100100010001000100010001000100010001000100010001000100010001000100010001000100010001000100010001000100010001000100010001000100010001000100010001100 
2 0 0 0 2 2 0 0  10001100100011001000110010001000100011001000100010001000100010001000100010001000100010001000100010001000100010001000100010001000100010001000100010001000100010001000100010001000100010001000100010001100 
2 1 2 2 2 2 1 1  11111111111111011111111111111101110111001111110111111101111111111101110011111100111101011111110011011100111111111101111011110101111111111111110111111101100111011111111111111101110111011111110011111101 
2 1 0 2 2 2 1 1  10011101100111011101010110011100110111001001110011011101110011101101110110010100100101001000110011011100110101001001010010011100110101011101011110011101100101001001011110011100100101001101110011111101 
2 0 0 0 2 2 0 0  10001100100010001000110010001000100011001000110010001100100010001000100010001100100010001000100010001000100010001000100010001000100010001000100010001000100010001000100010001000100011001000100010001100 
2 0 0 0 2 2 0 0  10001100100010001000110010001000100011001000110010001100100010001000100010001000100010001000100010001000100010001000100010001000100010001000100010001000100010001000100010001000100010001000100010001100 
2 0 0 0 2 2 0 0  10001000100011001000100010001000100011001000110010001000100010001000100010001100100010001000110010001000100010001000100010001000100011001000100010001000100010001000100010001000100011001000100010001100 
2 0 0 0 2 2 0 0  10001000100011001000100010001000100011001000110010001100100010001000100010001100100010001000100010001000100010001000100010001100100011001000110010001000100010001000100010001000100011001000100010001100 
2 0 0 0 2 2 0 0  10001100100011001000100010001000100011001000110010001100100010001000100010001000100010001000100010001000100010001000100010001000100010001000100010001000100010001000100010001000100010001000100010001100 
2 0 0 0 2 2 0 0  10001100100011001000100010001000100011001000110010001100100010001000100010001100100010001000100010001000100010001000100010001000100010001000100010001000100010001000100010001000100011001000100010001100 
2 1 0 2 2 2 1 1  11011101110101011101110110011100110101001001010010011101110011001101110110010101100101001000110011011100110101011001011010011100110101011101010110011101100101001001011110011100100101001101110011111101 
2 0 0 0 2 2 0 0  10011101100111001001110010010100100111001001100010001101100010001000110010001100100110001000110110011000100010001000100010001000100101001000110010001000100010001000100010001000100011001001100010001100 
2 1 0 2 2 2 0 1  11011101110101011101010010011100110111001001110011011101110011101001110111011100100101001000110110011100110111011001010011011101110101011111010110011100100101011001111110011100100111001101110111111100 
2 0 0 0 2 2 0 0  10011100100111001000110010001000100011001000110010001100100010001000100010001100100010001000110010001000100010001000100010001100100011001000110010001000100010001000100010001000100011001000100010001100 
3 0 0 0 2 0 0 0  10000000100010001000000010000000100010001000100010001000100000001000100010000000100000001000000010000000100000001000000010000000100000001000000010000000100010001000000010000000100000001000000010000000 
