3 0 0 0 0 0 0 0  10000000100000001000000010000000100000001000000010000000100000001000000010000000100000001000000010000000100000001000000010000000100000001000000010000000100000001000000010000000100000001000000010000000 
2 0 0 0 0 0 0 0  10010000100000001000000010000000100000001000000010000000100000001000000010000000100000001000000010000000100000001000000010000000100000001000000010000000100000001000000010000000100000001000000010000000 
3 0 0 0 0 0 0 0  10000000100000001001000010000000100000001000000010000000100000001000000010000000100000001000000010000000100000001000000010000000100000001000000010000000100000001000000010000000100000001000000010000000 
2 0 0 2 0 2 0 0  10010101100101011001010010010100100101011001010010010100100101001001010110010100100100001101010011010100100100001001010010010100110101011001010010010100100101011001010110010000100101001001010010010100 
3 0 1 0 0 0 0 0  11111111111111111111111111111111111111111111111111111111111101111111111111111111111111111111111111111110111111111111111011111111111111111111111111111111111111111111111111111111111111101111111111111111 
2 0 0 2 0 2 0 0  10010100100101001001010010010100100101001001010010010100100101001001010010010100100100001001010011010100100101001001010010010100100101011001010010010100100101001001010110010000100101001001010010010100 
2 0 0 2 0 0 0 0  10010000100100001000000010000000100000001000000010000000100000001000000010000000100000001000000010000000100000001000000010000000100000001000000010000000100000001000000010000000100000001000000010000000 
2 0 0 2 0 0 0 0  10010000100100001001000010010000100100001001000010010000100100001001000010010000100100001001000010010000100100001001000010010000100100001001000010010000100100001001000010010000100100001001000010010000 
2 0 0 2 0 0 0 0  10010000100100001001000010000000100000001001000010000000100000001000000010000000100000001000000010000000100000001000000010000000100000001000000010000000100000001000000010000000100000001000000010000000 
2 2 0 2 0 2 0 0  11010101110101011101010010010100110101011001010111010100110101001001010011010100110101010101010011010101100101001001010110010100100101001001010011010100100101011001010010010000100101001101010001010100 
2 2 2 2 2 2 2 0  11111101111111011111110111111101110111011111110011111101111101111101011011110101110101000111111011010100110101111111110111110011111111111111010111011111110101111111111001011110111101011111111111111100 
2 0 0 2 0 2 0 0  10010101100101001001010010010100100101001001010010010100100101001001010010010000100101001101000010010100100100001001010010010100100101001001010010010100100101001001010110010000100101001001010010010100 
2 0 0 2 0 0 0 0  10010000100000001001000010000000100000001000000010000000100000001000000010000000100000001000000010000000100000001000000010000000100000001000000010000000100000001000000010000000100000001000000010000000 
2 2 0 2 0 2 0 0  11010101110101001101010010010000110101011001010111010100110101001001010111010100100101011101010010010101100101001001010010010100100101001001010010010100100101001101010010010000100101001101010010010100 
2 0 0 0 0 0 0 0  10000000100100001000000010000000100000001000000010000000100000001000000010000000100000001000000010000000100000001000000010000000100000001000000010000000100000001000000010000000100000001000000010000000 
2 2 0 2 0 2 0 0  11010101110101011101010110010101110101011001010111010100110101001001010011010101100101010101010011010101110101001001010010010101100101001001010011010100100100111101010010010010110101001101010101011101 
2 2 0 2 0 2 0 0  11010100110101001101010010010000100101011001010011010100100101001001010011010100100100001101010011010100100101001001010010010100100101011001010010010100100101001101010111010000100101001001010010010101 
2 2 1 2 0 2 0 0  11110101110101011111010110010100110101011001010111010100110101001001010111010101100101010101010011010101100101001001010010010101100101001001010011010100100100111101010010010010110101000101010101011101 
2 0 0 2 0 0 0 0  10010000100100001001010010010000100100001001000010010000100100001001000010010000100000001001000010010000100100001001000010000000100100001001000010010000100100001001000010010000100100001001000010010000 
2 0 0 2 0 2 0 0  10010100100101001001010010010100100101001001010010010100100101001001010010010000100100001001000010010000100100001001000010010100100101001001010010010100100101001001010110010000100101001001010010010100 
2 0 0 2 0 2 0 0  10010100100100001001000010010000100100001001000010010000100100001001000010010000100100001001000010010000100100001001000010010000100100001001000010010000100100001001000010010000100100001001000010010000 
2 2 1 2 0 2 0 0  11110101111101011111010110010100110101011001010111010100110101001001010111010101100101010111010011010101100101001001010010110101100101001001010010010100110100111101011010110101111101000101010101011101 
2 0 0 2 0 2 0 0  10010100100101001001000010010000100100001001000010010000100100001001000010010000100100001001000010010000100100001001000010010000100100001001000010010000100100001001000010010000100100001001000010010000 
3 0 0 0 0 0 0 0  10000000100000001000000010000000100100001000000010000000100000001000000010000000100000001000000010000000100000001000000010000000100000001000000010000000100000001000000010000000100000001000000010000000 
2 0 0 2 0 0 0 0  10010000100000001001000010000000100100001001000010000000100000001000000010000000100000001000000010000000100000001000000010000000100000001000000010000000100000001000000010000000100000001000000010000000 
2 0 0 2 0 0 0 0  10010000100000001000000010010000100000001000000010010000100100001000000010000000100000001000000010000000100000001000000010000000100000001000000010000000100000001000000010000000100000001000000010000000 
2 0 0 2 0 2 0 0  10010000100100001001010010010100100101001001010010010100100100001001000010010000100100001001000010010000100100001001000010010000100100001001000010010000100100001001010010010000100101001001000010010100 
2 0 0 2 0 2 0 0  10010000100100001001010010010100100101001001000010010000100100001001000010010000100100001001000010010000100100001001000010010000100100001001000010010000100100001001000010010000100101001001000010010100 
3 0 0 2 0 0 0 0  10000000100100001001000010000000100000001000000010000000100000001000000010000000100000001000000010000000100000001000000010000000100000001000000010000000100000001000000010000000100000001000000010000000 
2 0 0 2 0 2 0 0  10010100100100001001010010010000100100001001000010010000100100001001000010010000100100001001000010010000100100001001000010010000100100001001000010010000100100001001000010010000100100001001000010010100 
2 0 0 2 0 2 0 0  10010000100101001001010010010000100100001001000010010000100100001001000010010000100100001001000010010000100100001001000010010000100100001001000010010000100100001001000010010000100100001001000010010000 
2 0 0 2 0 0 0 0  10010000100100001001010010010000100100001001000010010000100100001001000010010000100100001001000010010000100100001001000010010000100100001001000010010000101100001001000010010000100100001001000010010000 
2 2 2 2 2 2 0 0  11111101111111011111010110010100110101011101010011011101111101101001010111110101111101000111110011010101110101111111010011010011100111001111010111011100110101111101110011010010111101011111110011010101 
2 0 0 2 0 0 0 0  10010000100100001001000010010000100100001001000010010000100000001001000010010000100000001001000010010000100000001000000010010000100100001001000010000000100000001001000010000000100100001001000010000000 
2 0 0 2 0 2 0 0  10010000100101001001000010010000100100001001000010010000100100001001000010010000100100001001000010010000100100001001000010010000100100001001000010010000100100001001000010010000100100001001000010010000 
2 2 2 2 2 2 2 0  11111101111111111111110111111101110111011111110111111111111111111111111111110111111101111111110011011101111111111111110111111011111111111111011111011101110111111111111011111010111101011111110011111101 
2 0 0 2 0 2 0 0  10010100100101001001000010010000100101001001010010010000100100001001000010010000100100001001000010010000100100001001000010010000100100001001000010010000100100001001000010010000100100001001000010010000 
2 0 0 2 0 0 0 0  10010000100000001000000010010000100000001001000010010000100000001001000010000000100000001000000010000000100000001000000010000000100000001000000010000000100000001001000010000000100000001000000010000000 
2 2 1 2 0 2 0 0  11111101111101011111010110010100110101011001010011010100110101001001010111010101100101010101010011010101100101101001010010010101100101001101010011010100100100111101010010010010110101000101010111010101 
2 2 2 2 2 2 2 0  11111111111111011111110111111101110111001111110011111101111101111111011111110101111101111111111011010101111111111111110111111011111111111111110111011101110111111111111001011010011101011111110011111101 
2 0 0 2 0 2 0 0  10010000100101001001010010010000100101001001000010010000100100001001000010010000100100001001000010010000100100001001000010010000100100001001000010010000100100001001000010010000100100001001000010010100 
2 0 0 2 0 2 0 0  10010000100101001001000010010000100101001001010010010000100100001001010010010000100100001001000010010000100100001001000010010000100100001001000010010000100100001001000010010000100100001001000010010100 
2 0 0 2 0 0 0 0  10010000100100001001010010010000100101001001000010010000100100001001000010010000100100001001000010010000100100001001000010010000100100001001000010010000100100001001000010010000100100001001000010010000 
2 0 0 2 0 2 0 0  10010000100101001001010010010000100101001001010010010000100100001001000010010100100100001001000010010000100100001001000010010000100100001001000010010000100100001001000010010000100100001001000010010100 
2 0 0 2 0 2 0 0  10010000100101001001000010010000100101001001000010010000100100001001000010010000100100001001000010010000100100001001000010010000100100001001000010010000100100001001000010010000100100001001000010010100 
2 0 0 2 0 0 0 0  10010000100100001001000010010000100100001001001010010000100100001001000010010000100100001001000010010000100100001001000010010000100100001001000010010000100100001001000010010000100100001001000010010000 
2 0 0 2 0 2 0 0  10010100100100001001010010010000100101001001010010010000100100001001000010010000100100001001000010010000100100001001000010010000100100001001000010010000100100001001000010010000100100001001000010010100 
2 0 0 2 0 2 0 0  10010100100101001001010010010000100101001001000010010100100100001001000010010000100100001001000010010000100100001001000010010000100100001001000010010000100100001001000010010000100100001001000010010000 
2 0 0 2 0 2 0 0  10010100100101001001010010010000100100001001000010010000100100001001000010010000100100001001000010010000100100001001000010010000100100001001000010010000100100001001000010010000100100001001000010010000 
2 0 0 2 0 2 0 0  10010100100101001001000010010000100101001001010010010000100100001001010010010100100100001001000010010100100100001001000010010000100100001001000010010000100100001001000010010000100100001001000010010100 
2 2 1 2 0 2 2 0  11110101111101011111010110010100110101001101011111010100110101001101010111010101100101010111010011010101100101001111010010110101110101101001010010010100110100111011011111110101111101011101010111111101 
3 0 0 2 0 0 0 0  10000000100000001001000010000000100000001000000010000000100000001001000010000000100100001000000010000000100000001000000010000000100000001000000010000000100000001001000010000000100000001000000010000000 
2 2 2 2 2 2 2 0  11111111111111111111111111111101110111001111111111111111111111111111111111110111111101111111111011010111111111111111110111111011111110111111011111011101110111111111111111111010111101111111110011111100 
2 0 0 2 0 2 0 0  10010000100101001001010010010100100101001001010010010100100100001001010010010000100100001001000010010000100100001001000010010000100100001001000010010000100101001001010010010000100101001001000010010100 
2 0 0 2 0 2 0 0  10010100100101001001010010010100100101001001010010010000100100001001010010010000100100001001000010010000100100001001000010010000100100001001000010010000100100001001000010010000100100001001000010010100 
3 0 0 2 0 0 0 0  10000000100100001001000010000000100000001001000010010000100000001001000010000000100000001000000010000000100000001000000010000000100000001000000010000000100000001001000010000000100000001000000010000000 
2 0 0 2 0 2 0 0  10010100100100001001010010010000100101001001010010010100100100001001010010010000100100001001000010010000100100001001000010010000100100001001000010010000100100001001000010010000100101001001000010010100 
2 0 0 2 0 0 0 0  10010000100100001001000010010000100100001001000010010000100000001001000010000000100000001000000010000000100000001000000010000000100000001000000010010000100000001000000010000000100000001001000010000000 
3 0 0 2 0 0 0 0  10000000100000001000000010000000100000001000000010010000100000001001000010000000100000001000000010000000100000001000000010000000100000001000000010000000100000001001000010000000100000001000000010000000 
3 0 0 2 0 0 0 0  10000000100000001000000010000000100000001001000010010000100000001001000010000000100100001000000010000000100000001001000010000000100000001000000010010000100000001001000010000000100000001001000010000000 
3 0 0 2 0 0 0 0  10000000100000001000000010010000100000001000000010000000100000001001000010010000100000001000000010000000100000001000000010000000100000001000000010000000100000001001000010000000100000001001000010000000 
3 0 0 2 0 0 0 0  10000000100000001001000010000000100000001000000010000000100000001001000010000000100100001000000010000000100000001000000010000000100000001000000010000000100100001001000010000000100000001001000010000000 
3 0 0 2 0 0 0 0  10000000100100001001000010000000100000001000000010000000100000001001000010000000100000001000000010000000100000001000000010000000100000001000000010000000100000001001000010000000100000001000000010000000 
3 0 0 2 0 0 0 0  10000000100100001000000010000000100000001000000010000000100000001001000010000000100000001000000010000000100000001000000010000000100000001000000010000000100000001001000010000000100000001000000010000000 
2 2 0 2 0 2 0 0  11010101110101011101010110010100110101011001010111010100110101001001010111010101100101010101010010010101100101001001010010010101100101001001010011010100100101011101010010010010100100001101010010010100 
2 0 0 2 0 0 0 0  10010000100100001001000010010000100101001001000010010100100100001001000010010000100100001001000010010000100100001001000010010000100100001001000010010000100100001001000010010000100100001001000010010100 
2 0 0 2 0 2 0 0  10010100100100001001000010010000100101001001000010010000100100001001000010010000100100001001000010010000100100001001000010010000100100001001000010010000100100001001000010010000100100001001000010010100 
3 0 0 2 0 0 0 0  10000000100000001001000010010000100000001001000010010000100000001001000010010000100100001000000010000000100000001000000010000000100100001000000010010000100100001001000010010000100000001001000010000000 
2 0 0 2 0 2 0 0  10010000100101001001000010010100100101001001010010010000100100001001000010010100100100001001000010010100100100001001000010010000100100001001000010010000100101001001000010010000100100001001000010010100 
3 0 0 2 0 0 0 0  10000000100000001001000010010000100000001001000010010000100000001001000010000000100000001000000010000000100000001001000010000000100000001000000010010000100000001001000010000000100000001001000010000000 
3 0 0 2 0 0 0 0  10000000100000001001000010000000100000001000000010010000100000001001000010000000100000001000000010000000100000001001000010000000100000001000000010010000100000001001000010000000100000001001000010000000 
2 0 0 2 0 2 0 0  10010100100100001001000010010100100101001001010010010100100100001001000010010100100100001001000010010100100100001001000010010000100100001001000010010000100100001001000010010000100100001001000010010100 
2 0 0 2 0 0 0 0  10010000100100001000000010000000100000001001000010010000100000001000000010000000100000001000000010000000100000001000000010000000100000001000000010000000100000001000000010000000100000001000000010000000 
2 0 0 2 0 2 0 0  10010100100101001001010010010100100101001001010010010000100100001001010010010100100100001001000010010000100100001001000010010000100100001001000010010000100100001001010010010000100101001001000010010100 
2 2 2 2 2 1 2 0  11111111111111111111111111110111110111111111111111111111111111111111111111111111111111111111111011011110111101111111111111111111111110111111111111011101111111111111111111111010111101110111111111111110 
2 0 0 2 0 2 0 0  10010100100101001001010010010100100101001001010010010100100100001001010010010000100100001001000010010000100100001001000010010100100100001001010010010100100101001001010010010000100101001001000010010100 
2 0 0 2 0 2 0 0  10010000100101001001010010010100100101001001010010010100100100001001000010010000100100001001000010010100100100001001000010010000100100001001000010010000100100001001000010010000100101001001000010010100 
3 0 0 0 0 0 0 0  10000000100000001001000010000000100000001000000010000000100000001000000010000000100000001000000010000000100000001000000010000000100000001000000010000000100100001000000010000000100000001000000010000000 
2 0 0 2 0 2 0 0  10010000100101001001000010010100100101001001010010010100100100001001010010010100100100001001000010010000100100001001000010010000100100001001000010010000100100001001010010010000100101001001000010010100 
3 0 0 0 0 0 0 0  10000000100000001000000010000000100000001000000010000000100000001000000010000000100000001000000010000000100000001000000010000000100000001000000010000000100100001000000010000000100000001000000010000000 
3 0 0 2 0 0 0 0  10000000100100001000000010010000100000001001000010010000100000001001000010000000100000001000000010000000100000001000000010000000100000001000000010010000100000001001000010000000100000001001000010000000 
3 0 0 2 0 0 0 0  10000000100000001001000010000000100000001001000010010000100000001001000010000000100000001000000010000000100000001001000010000000100000001000000010010000100000001001000010000000100000001001000010000000 
3 0 0 2 0 0 0 0  10000000100000001000000010000000100000001000000010010000100000001001000010010000100000001000000010000000100000001001000010000000100000001000000010010000100000001001000010000000100000001001000010000000 
3 0 0 2 0 0 0 0  10000000100100001000000010000000100000001000000010010000100000001001000010000000100000001000000010000000100000001000000010000000100000001000000010000000100000001001000010000000100000001001000010000000 
2 0 0 2 0 2 0 0  10010100100101001001000010010100100101001001010010010000100100001001010010010100100100001001000010010100100100001001000010010000100100001001000010010000100100001001010010010000100101001001000010010100 
3 0 0 2 0 0 0 0  10000000100100001000000010010000100100001001000010010000100000001001000010000000100000001000000010000000100000001000000010000000100000001000000010010000100000001000000010010000100000001001000010000000 
3 0 0 2 0 0 0 0  10000000100100001000000010000000100000001001000010010000100000001001000010000000100000001000000010000000100000001000000010000000100000001000000010000000100000001001000010000000100000001001000010000000 
2 2 0 2 0 2 0 0  11010100110101011101010010010000110101011001010011010100110101001001010011010100100101000101010011010000100101001001010010010100100101001001010010010100100101001101010110010000100101001101010010010100 
3 0 0 2 0 0 0 0  10000000100100001001000010000000100100001000000010010000100000001001000010000000100000001000000010000000100000001000000010000000100000001000000010010000100000001001000010000000100000001001000010000000 
3 0 0 2 0 0 0 0  10000000100000001001000010010000100000001001000010000000100000001001000010010000100100001000000010000000100000001000000010000000100100001000000010010000100100001001000010010000100000001001000010000000 
3 0 0 2 0 0 0 0  10000000100100001001000010010000100000001000000010010000100000001001000010000000100100001000000010000000100000001001000010000000100000001000000010000000100100001001000010010000100000001001000010000000 
2 0 0 2 0 0 0 0  10010000100100001001000010010000100100001000000010010000100000001000000010000000100000001000000010000000100000001000000010000000100000001000000010000000100000001001000010000000100000001000000010000000 
2 0 0 2 0 0 0 0  10010000100100001001000010010000100101001001000010010000100100001001000010010000100100001001000010010000100100001001000010010000100100001001000010010000100100001001000010010000100100001001000010010100 
2 0 0 2 0 2 0 0  10010100100100001001000010010100100101001001010110010000100100001001010010010100100100001001000010010100100100001001000010010000100100001001000010010000100101001001010010010000100101001001000010010100 
2 0 0 2 0 0 0 0  10010000100100001001000010010000100100001001000010010000100100001001000010010000100100001001000010010000100100001001000010000000100100000001000010010000100100001001000010010000100100001001000010010000 
2 0 0 2 0 2 0 0  10010000100100001001000010010100100101001001010010010000100100001001000010010000100100001001000010010100100100001001000010010000100100001001000010010000100100001001000010010000100100001001000010010100 
2 2 0 2 0 2 0 0  11010101110101011111010110010111110101011001010111010100110101001101010111010101100101010101010011011101110101001101010010010101100101001001010011010100110100111001010011010010110101011101010101011101 
2 2 1 2 2 2 0 0  11111101111111011111010110010100110101011001010011010100110101001001010111010101100101010101010011010101100101101001010010010101100101001101010011010100100100111001010010010010110101001101010010010101 
2 2 1 2 2 2 0 0  11111101111111011111010110010100110101011001010011011100110101001001010111010101110101000101110011010101100101101111010010010111100101001101010011010100110100111001010011010010110101011101010111011101 
2 0 0 2 0 2 0 0  10010100100100001001000010010100100101001001010010010000100100001001000010010000100100001001000010010000100100001001000010010000100100001001000010010000100100001001000010010000100100001001000010010100 
