3 0 0 0 0 0 0 0  10000000100000001000000010000000100000001000000010000000100000001000000010000000100000001000000010000000100000001000000010000000100000001000000010000000100000001000000010000000100000001000000010000000 
2 2 1 2 1 2 0 0  01010100010101000101010001010100000101001101110111010101110011001101010111010100100111011101010101110110110101001111010011010100010101000101000001010100110101001101010011111100010101001101010001110100 
2 0 0 0 2 0 0 0  10001000100010001000100010001000100010001000100010001000100010001000100010001000100010001000100010001000100010001000100010001000100010001000100010001000100010001000100010001000100010001000100010001000 
3 0 0 0 0 0 0 0  10000000100010001000000010000000100000001000000010000000100000001000000010000000100000001000000010000000100000001000000010000000100000001000000010000000100000001000000010000000100000001000000010000000 
3 0 0 0 0 0 0 0  10000000100000001000100010000000100000001000000010000000100000001000000010000000100000001000000010000000100000001000000010000000100000001000000010000000100000001000000010000000100000001000000010000000 
2 0 0 0 0 0 0 0  10001000100000001000000010000000100000001000000010000000100000001000000010000000100000001000000010000000100000001000000010000000100000001000000010000000100000001000000010000000100000001000000010000000 
2 0 0 0 2 0 0 0  10001000100010001000110010001000100010001000100010001000100010001000100010001000100010001000100010001000100010001000100010001000100010001000100010001000100010001000100010001000100010001000100010001000 
2 0 0 0 2 2 0 0  10001100100010001000110010001000100010001000110010001000100010000000100010001000100011001000100010001000100010001000100010001000100010001000100010001100100010001000100010001000100010001000100010001000 
2 0 0 0 2 0 0 0  10001000100011001000100010001000100010001000100010001000100010001000100010001000100010001000100010001000100010001000100010001000100010001000100010001000100010001000100010001000100010001000100010001000 
2 0 0 0 2 0 0 0  10001000100010001000000010000000100000001000000010000000100000001000100010000000100000001000100010000000100000001000000010000000100010001000000010000000100000001000000010000000100000001000000010000000 
2 0 0 0 2 2 0 0  10001100100011001000100010001000100010001000110010001000100010001000100010001000100010001000100010001000100010001000100010001000100010001000100010001000100010001000100010001000100010001000100010001100 
2 2 1 2 1 2 0 0  11110101111101011101010111010100100101000101110111011101110101011101010010010101110111011111011111010100111101001101010011011100110101000111010011010100110101001011010011111100010101001101010011110100 
2 2 1 2 1 2 0 0  11010100110101001101010001010100100101001101110011010100110111001001010111010101110111011101010101010100110101001101010011011100110101000101010001010100111101001101010011111100010101001101010111110100 
2 0 0 0 2 2 0 0  10001000100011001000100010001100100011001000110010001000100010001000100010001000100010001000100010001000100010001000100010001000100010001000100010001000100010001000100010001100100010001000100010001100 
2 0 0 0 2 2 0 0  10001100100010001000100010001100100010001000110010001000100010001000110010001000100011001000100010001000100010001000100010001000100010001000100010001000100010001000100010001100100010001000100010001100 
2 0 0 0 2 0 0 0  10001000100000001000100010000000100000001000100010000000100000001000000010000000100000001000000010000000100000001000000010000000100010001000000010000000100000001000000010000000100000001000000010000000 
2 0 0 0 2 2 0 0  10011100100011001000110010001100100011001000110010001000100010001000110010001000100010001000100010000000100010001000100010001000100010001000100010001000101010001000100010001000100010001000110010001100 
2 0 0 0 2 0 0 0  10001100100010001000100010001000100010001000100010001000100010001000100010001000100010001000100010001000100010001000100010001000100010001000100010001000100010001000100010001000100010001000100010001000 
2 0 0 0 2 2 0 0  10001100100011001000110010001100100010001000110010001000100010001000100010001000100011001000110010001000100010001000110010001000100010001000100010001100100010001000100010001000100010001000110010001100 
2 0 0 0 2 2 0 0  10001000100010001000110010001100100010001000110010001000100010001000100010001000100010001000100010001000100010001000100010001000100011001000100010001000100010001000100010001000100010001000100010001000 
2 2 1 2 1 2 0 0  11010101110101001101010011010100110101000101110111011100110111001101010011010101110111011101011101010100110101001101010011011100110101000101010001010100110101001101010011111100010101001101010111110100 
2 0 0 0 2 2 0 0  10001100100011001000110010001100100010001000110010001000100010001000100010001000100010001000100010001000100010001000100010001000100010001000100010001000100010001000100010001000100010001000100010001100 
2 0 0 0 2 2 0 0  10001000100011001000110010001100100011001000110010001000100010001000100010001000100011001000100010001000100010001000100010001000100010001000100010001000100010001000100010001100100010001000100010001100 
2 0 0 0 2 0 0 0  10001000100010001000100010000000100000001000100010000000100000001000000010000000100000001000000010000000100000001000000010000000100000001000000010000000100000001000000010000000100000001000000010000000 
2 2 2 2 2 2 2 0  11111111111111111111111111111111111111111111111111111111111100111111111011111011111111011111111111111110111101011111101011111111111111111111111111011101111101111111111111111111111111011111111111111111 
2 2 1 2 1 2 0 0  01010100010101000101010001010100010111001101110011010101110111001101010111010101100111011101011101110110110101001101010011010100110101000101010001010100100101111101010011111100010101001101010001110100 
3 0 0 0 2 0 0 0  10000000100010001000100010001000100000001000100010001000100000001000000010000000100000001000000010000000100000001000000010000000100010001000100010000000100000001000100010000000100000001000100010000000 
2 0 0 0 2 2 0 0  10001100100010001000110110001000100010001000110010001000100010001000100010001000100011001000100010001000100010001000100010001000100010001000100010001000100010001000100010001000100010001000100010001100 
2 2 1 2 1 2 0 0  11010101111101011101010101010100100101001101110111011101110101001101010010010101110111011111011101110100111101001101010011011100110101000111010011010100110101101011010111110100010101001101010011110100 
2 2 1 2 1 2 0 0  11010100110101001101010101010100100101001101110011010100110111001001010111010101110111011101010101010100110101001101010011011100110101000101010001010100111101001101010011111100010101001101010111110100 
2 2 1 2 1 2 0 0  11111101111111011111010111010100110111001101110011011101110101001101010010011100110101011101011111010100111101001101010010011100110101000101010001010100110101001001010111111100010101001101010111110100 
2 0 0 0 2 0 0 0  10001000100010001000100010001000100010001000110010001000100010001000100010001000100010001000100010001000100010001000100010001000100010001000100010001000100010001000100010001000100010001000100010001000 
2 0 0 0 2 0 0 0  10001100100011001000110010001100100010001000110010001100100010001000100010001000100011001000110010001000100010011000110010001000100010001000100010001000100010001000100010011000100011001000110010001100 
2 0 0 0 2 0 0 0  10011100100011001000110010001100100010001000110010001000100011001000110010001000100011001000100010001000100010001000100010001000100010001000100010001000100010001000110010001000100010001000110010001101 
2 0 0 0 2 2 0 0  10001000100011001000110010001000100010001000110010001000100010000000100010001000100011001000100010001000100010001000100010001000100010001000100010001000100010001000100010001000100010001000100010001000 
2 0 0 0 2 2 0 0  10001100100011001000110010001100100010001000110010001000100010001000100010001000100011001000110010001000100010001000110010001000100010001000101010001100100010001000100010001000100010001000110010001100 
3 0 0 0 2 0 0 0  10000000100010001000100010000000100000001000000010000000100000001000000010000000100000001000000010000000100000001000000010000000100000001000000010000000100000001000000010000000100000001000000010000000 
3 0 0 0 0 0 0 0  10000000100000001000000010000000100000001000100010001000100000001000000010000000100010001000000010000000100000001000000010000000100000001000000010000000100000001000000010000000100000001000000010000000 
2 2 1 2 1 2 0 0  11010101110101011101010101010100100111001101110011011100110101001001010111010101110111011101010101110100110101001101010111011100110101000101010101010100111101001101010011110100010101001101010101010000 
0 0 0 0 0 0 0 0  11111111111111111111111111111111111111111111111111111111111111111111111111111111111111111111111111111111111111111111111111111111111111111111111111111111111111111111111111111111111111111111111011111111 
2 2 1 2 1 2 0 0  11010101110101011101010101010100100111001101110011011101110101000101010111010100110101011101011101110100110101001101010011011100110101000101010001010100111101101001010011110100010101001101010111010100 
3 0 0 0 2 0 0 0  10000000100000001000000010000000100000001000100010001000100000001000100010000000100010001000000010000000100000001000000010000000100000001000000010000000100000001000100010000000100000001000000010000000 
2 2 1 2 1 2 0 0  01010100010111001101010001010100010101000101110011010100010111001101010111010101100111011101010101110110110101001111010011010100110101000101010001010100100101011101010011110100010101001101010001110100 
2 2 1 2 1 2 0 0  01010100110101001101010001010100100101000101110011010100110111001001010111010101100111011101010101010110110101001111010011010100110101000101010001010100100101011101010011110100010101001101010101110100 
2 2 2 2 2 2 2 0  11111101111111011111110111111101111111111111111011111101111101111101110111111111111111111111111111111011111101011101101011111111110111011111111111111101111111111111110111111101111111011111111111110110 
2 0 0 0 2 0 0 0  10001000100010001000110010001000100010001000110010001000100010001000100010001000100010001000100010001000100010001000100010001000100010001000100010001000100010001000100010001000100010001000100010001000 
2 0 0 0 2 2 0 0  10001100100011001000100010001000100010001000110010001000100010001000110010001000100010001000100010001000100010001000100010001000100010001000100010001000100010001000100010001100100011001000100010001100 
3 0 0 0 2 0 0 0  10000000100010001000000010000000100000001000000010001000100000001000100010000000100000001000000010000000100000001000000010000000100000001000000010000000100000001000000010000000100000001000000010000000 
3 0 0 0 2 0 0 0  10000000100000001000100010000000100000001000100010001000100000001000100010000000100000001000000010000000100000001000000010000000100000001000000010000000100000001000100010000000100000001000000010000000 
2 0 0 0 2 0 0 0  10001000100010001000100010001000100010001000100010001000100000001000100010001000100010001000100010001000100010001000000010001000100000001000100010001000100010001000100010001000100000001000100010001000 
2 2 2 2 2 2 2 0  11111101111111111111110111111100111111011111111111111101111101111111110011111111111111111111111111111111111101011111101011111111111111011111111111011101111111111111111111111111111111011111011111111100 
3 0 0 0 0 0 0 0  10000000100000001000000010000000100000001000000010001000100000001000000010000000100000001000000010000000100000001000000010000000100000001000000010000000100000001000000010000000100000001000000010000000 
3 0 0 0 0 0 0 0  10000000100000001000000010000000100000001000100010000000100000001000000010000000100010001000000010000000100000001000000010000000100000001000000010000000100000001000000010000000100000001000000010000000 
2 0 0 0 2 0 0 0  10001000100000001000000010000000100010001000000010001000100000001000000010000000100010001000000010000000100000001000000010000000100000001000100010000000100010001000100010000000100000001000000010000000 
2 2 1 2 2 2 0 0  11111101110111011101010111010100100111001101110011010101111101001101010011011100110101001101011101110100110101001101010011011100110101000111010001010100110101111001010111111100110101001001010011110100 
2 2 1 2 1 2 0 0  11111101110111011101010011010100110111001101110011011100110111001101010011011101110111011101011101010100110101001101010011011100110101000101010001010100110101001001010011111100110101001001010111110100 
2 0 0 0 2 0 0 0  10001000100000001000000010000000100010001000100010001000100000001000000010001000100000001000000010001000100000001000000010000000100000001000100010000000100000001000000010000000100010001000100010000000 
3 0 0 0 2 0 0 0  10000000100000001000100010001000100000001000000010001000100000001000100010000000100000001000000010000000100000001000000010000000100000001000100010000000100000001000100010000000100000001000100010000000 
2 0 0 0 2 2 0 0  10001100100011001000110010001000100010001000100010001000100010001000100010001000100011001000000010001000100010001000000010001000100010001000100010001000100010001000000010001100100010001000100010001100 
3 0 0 0 2 0 0 0  10000000100010001000100010000000100000001000100010001000100000001000100010000000100000001000000010000000100000001000000010000000100000001000000010000000100000001000100010000000100000001000000010000000 
2 0 0 0 2 0 0 0  10001000100000001000100010000000100010001000100010001000100000001000000010000000100000001000100010000000100000001000000010000000100000001000100010000000100010001000100010000000100000001000000010000000 
2 2 2 2 2 2 0 0  11111101111111011111110111110100110111001111110111011101101111111111110011110011110101111111111111111101111111011111101011111101111101011111011111011100111101111111110111111100111101011101011011111100 
2 0 0 0 2 0 0 0  10001000100000001000100010000000100010001000000010001000100000001000000010000000100000001000000010000000100000001000000010000000100000001000000010000000100010001000100010000000100000001000000010000000 
3 0 0 0 2 0 0 0  10000000100000001000100010001000100000001000100010001000100000001000100010000000100000001000000010001000100000001000000010001000100010001000000010000000100000001000100010000000100000001000100010000000 
2 0 0 0 2 2 0 0  10001100100011001000100010001100100010001000110010001000100010001000110010001000100011001000100010001000100010001000100010001001100010001000100010001100100010001000100010001100100010001000100010001100 
2 0 0 0 2 2 0 0  10001000100011001000110010001000100010001000110010001000100010001000100010001000100011001000100010001000100010001000100010001000100010001000100010001000100010001000100010001000100010001000100010001100 
2 2 2 2 2 2 2 0  11111111111111011111110111111101110111101111110011111101111101111101110110111111111111011111111111111011111101011101101011011111111101011111010111111101111111111111110111111101011111001111110111110111 
3 0 0 0 2 0 0 0  10000000100000001000100010001000100000001000100010001000100000001000100010000000100000001000000010000000100000001000000010001000100000001000000010000000100000001000100010000000100000001000100010000000 
2 2 1 2 2 2 0 0  11111101111111011111110111010100100111001101110011011101101101011101110010010100110101011111111111111100111111001101010011011101010101000111010011010100110101111011010111111100010101001101010001110100 
3 0 0 0 2 0 0 0  10000000100010001000000010000000100000001000100010001000100000001000000010000000100010001000000010000000100000001000000010000000100000001000000010000000100000001000100010000000100000001000000010000000 
2 0 0 0 2 0 0 0  10001000100000001000000010000000100000001000000010001000100000001000000010000000100000001000000010000000100000001000100010000000100000001000100010000000100010001000000010000000100000001000000010000000 
3 0 0 0 2 0 0 0  10000000100010001000000010000000100010001000100010001000100000001000000010000000100010001000000010000000100000001000000010000000100000001000000010000000100000001000100010000000100000001000000010000000 
3 0 0 0 2 0 0 0  10000000100010001000000010001000100000001000100010001000100000001000100010000000100000001000000010001000100000001000000010000000100000001000000010000000100000001000100010000000100000001000100010000000 
3 0 0 0 2 0 0 0  10000000100000001000100010000000100000001000000010001000100000001000000010000000100000001000000010000000100000001000000010001000100000001000000010000000100000001000000010000000100000001000100010000000 
3 0 0 0 2 0 0 0  10000000100000001000000010001000100000001000100010001000100000001000100010000000100000001000000010000000100000001000000010000000100000001000100010000000100000001000100010000000100000001000100010000000 
2 0 2 2 2 0 2 0  11111111111111111111111111111111111111111111111111111111111111111111111011111111111111111111111111111110111111011111101111111111111111111111111111111111111111111111111111111111111111011111111011111111 
2 0 0 0 2 0 0 0  10001000100010001000100010001000100010001000110010001000100010001000100010001000100010001000100010001000100010001000100010001000100010001000100010001000100010001000100010001000100010001000110010001100 
2 0 0 0 2 2 0 0  10001000100010001000100010001100100010001000110010001000100010001000100010001000100010001000110010001000100010001000100010001000100011001000100010001000100010001000100010001000100011001000100010001000 
2 0 0 0 2 2 0 0  10001000100011001000100010001000100010001000110010001000100010001000100010001000100010001000100010001000100010001000100010001000100010001000100010001000100010001000100010001000100010001000100010001100 
2 0 0 0 2 0 0 0  10001000100010001000100010001000100010001000100010001000100010000000100010000000100000001000100010001000100000001000000010001000100010001000100010000000100010001000100010001000100000001000000010000000 
3 0 0 0 2 0 0 0  10000000100010001000000010000000100000001000100010001000100000001000100010000000100010001000000010000000100000001000000010001000100010001000100010000000100000001000100010000000100000001000100010001000 
2 0 0 0 2 2 0 0  10001000100011001000110010001100100010001000110010001000100010001000100010001000100010001000100010001000100010001000100010001000100010001000100010001000100010001000100010001100100010001000110010001100 
2 0 0 0 2 0 0 0  10001000100010001000100010000000100010001000100010000000100000001000000010000000100000001000100010000000100000001000000010000000100000001000000010000000100000001000000010000000100000001000000010000000 
3 0 0 0 0 0 0 0  10000000100000001000000010000000100000001000000010000000100000001000000010000000100010001000000010000000100000001000000010000000100000001000000010000000100000001000000010000000100000001000000010000000 
3 0 0 0 2 0 0 0  10000000100000001000100010000000100000001000000010000000100000001000100010000000100000001000000010000000100000001000000010000000100000001000000010000000100000001000100010000000100000001000000010000000 
3 0 0 0 2 0 0 0  10000000100000001000100010001000100000001000100010001000100000001000100010000000100010001000000010000000100000001000000010001000100010001000100010000000100010001000100010000000100000001000100010000000 
2 0 0 0 2 0 0 0  10001000100010001000100010001100100010001000110010001000100010001000100010001000100010001000100010001000100010001000100010001000100011001000100010001000100010001000100010001000100010001000100010001000 
3 0 0 0 0 0 0 0  10000000100000001000100010000000100000001000000010000000100000001000000010000000100010001000000010000000100000001000000010000000100000001000000010000000100000001000000010000000100000001000000010000000 
2 0 0 0 2 0 0 0  10001000100010001000100010001000100010001000100010001000100000001000100010000000100000001000100010000000100000001000000010000000100010001000000010000000100010001000000010001000100000001000000010000000 
3 0 0 0 2 0 0 0  10000000100000001000000010000000100000001000100010001000100000001000100010000000100010001000000010000000100000001000100010000000100000001000100010000000100000001000100010000000100000001000000010000000 
2 2 2 2 2 2 2 0  11111111111111111111111111110111111111101111110111111101111111111101110010110111110101011111110111111100111111011111001011111101111101011111011011110110111101011011111111111110110111011101010011111101 
2 0 0 0 2 0 0 0  10001000100000001000000010000000100000001000100010000000100000001000000010000000100000001000000010000000100000001000000010000000100000001000000010000000100000001000000010000000100000001000000010000000 
2 0 0 0 2 0 0 0  10001000100010001000100010000000100010001000100010001000100000001000000010000000100000001000100010001000100000001000000010000000100000001000000010000000100000001000100010000000100000001000000010000000 
3 0 0 0 2 0 0 0  10000000100010001000100010000000100000001000100010001000100000001000000010000000100000001000000010000000100000001000000010000000100000001000000010000000100000001000000010000000100000001000000010000000 
2 0 0 0 2 2 0 0  10011100100011001000110010001100100010001000110010001000100011001000100010001000100011001000000010001000100010001000100010001000100010001000100010001000100010001000010010001000100010001000110010001100 
2 2 2 2 2 2 0 0  11111101111111011111110111110100100111001101110011011101101111111101110010010111110101011111111111111100111111001111010011011101111101010111010011010100111101111011010111111100010101011101010011110100 
3 0 0 0 2 0 0 0  10000000100010001000100010000000100000001000100010000000100000001000000010000000100000001000000010000000100000001000000010000000100000001000000010000000100000001000000010000000100000001000000010000000 
2 0 0 0 2 2 0 0  10001100100010001000100010001000100010001000110010001000100010001000110010001000100010001000100010001000100010001000100010001000100010001000100010001000100010001000100010001000100010001000100010001000 
2 0 0 0 2 2 0 0  10001100100010001000100010001100100010001000100010001000100010001000100010001000100011001000110010001000100010001000100010001000100010001000100010001000100010001000100010001000100010001000100010001100 
2 0 0 0 2 2 0 0  10001000100011001000100010001000100010001000110010001000100010001000100010001000100010001000110010001000100010001000100010001000100010001000100010001000100010001000100010001000100011001000100010001100 
