3 0 0 0 0 0 0 0  10000000100000001000000010000000100000001000000010000000100000001000000010000000100000001000000010000000100000001000000010000000100000001000000010000000100000001000000010000000100000001000000010000000 
3 0 0 0 0 0 0 0  10000000100000001001000010000000100000001000000010000000100000001000000010000000100000001000000010000000100000001000000010000000100000001000000010000000100000001000000010000000100000001000000010000000 
3 0 0 0 0 0 0 0  10000000100100001000000010000000100000001000000010000000100000001000000010000000100000001000000010000000100000001000000010000000100000001000000010000000100000001000000010000000100000001000000010000000 
2 0 0 2 0 0 0 0  10010000100100001001000010010000100100001001000010010000100100001001000010010000100100001001000010010000100100001001000010010000100100001001000010010000100100001001000010010000100100001001000010010000 
2 0 0 2 0 1 0 0  10010100100100001001000010010000100100001001000010010000100100001001000010010000100100001001000010010000100100001001000010010000100100001001000010010000100100001001000010010000100100001001000010010000 
2 0 0 0 0 0 0 0  10010000100000001000000010000000100000001000000010000000100000001000000010000000100000001000000010000000100000001000000010000000100000001000000010000000100000001000000010000000100000001000000010000000 
2 2 2 2 1 2 2 1  11111111111111111111111111111111111111111111111111111111110110111101110111111101111111111111011011110110110111110111110111010111111111111101111111111101111111111101111111111110111101101111011111111111 
0 0 0 0 0 0 0 0  11111111111111111111111111111111111111111111111111111110111111111101111111111111111111111111111111111111111111111111111011111111111111111111111111111111111111111111111111111111111111111111111011111111 
2 0 0 2 0 1 0 0  10010000100101001001000010010000100100001001000010010000100100001001000010010000100100001001000010010000100100001001000010010000100100001001000010010000100100001001000010010000100100001001000010010000 
2 2 0 2 0 2 0 0  11010101110101001001010010010100100101001001010010010100110111001001010011010100100101101001000010010100110101001001010010010100110101001001000010010100100101001001010010010100111101001001010110010100 
2 0 0 2 0 1 0 0  10010000100100001001010010010000100100001001000010010000100100001001000010010000100100001001000010010000100100001001000010010000100100001001000010010000100100001001000010010000100100001001000010010000 
2 0 0 2 0 2 0 1  10010101100101011001010110110100100101001001010010010100110101011101010010010100100101001001010010010100110101001001010010010101110101001001010111110100100101001101010010010100011101001001010010010101 
2 0 0 2 0 0 0 0  10010000100100001000000010000000100100001000000010000000100000001000000010000000100000001000000010000000100000001000000010000000100000001000000010000000100000001000000010000000100000001000000010000000 
2 2 2 2 1 2 0 1  11111101111111011111010111111101111111010111010010110101111101001101010111010101101111001111010011011100110111011111010111110100111111001101010111111100111111001101010011011010111101001111011110111111 
2 0 0 2 0 2 0 0  10010101100101001001010010010100100101001001010010010100100101001001000010010000100100001001000010010100100100001001010010010100100101001001000010010100100101001001010110010100100101001001010010010100 
2 2 2 2 1 2 2 1  11111101111111011111110111111100111111101111110111111101110100111101110111111101111111001111010011010100110111110111110110010111111111111101011111111101111111111101110111111110111101101111110111111111 
2 0 0 2 0 0 0 0  10010000100000001001000010000000100000001000000010000000100000001000000010000000100000001000000010000000100000001000000010000000100000001000000010000000100000001000000010000000100000001000000010000000 
2 0 0 2 0 0 0 0  10010000100100001001000010000000100000001001000010000000100000001000000010000000100000001000000010000000100000001000000010000000100000001000000010000000100000001000000010000000100000001000000010000000 
2 0 0 2 0 2 0 0  10010101100101001001010010010100100101001001010010010100100101001001010010010101100101001001000010010000100100001001010010010101100101001001000010010100100101001001010010010100111101001001010010010100 
2 0 0 2 0 1 0 0  10010000100101001001010010010000100100001001000010010000100100001001000010010000100100001001000010010000100100001001000010010000100100001001000010010000100100001001000010010000100100001001000010010000 
3 0 0 2 0 0 0 0  10000000100100001001000010000000100000001000000010000000100000001000000010000000100000001000000010000000100000001000000010000000100000001000000010000000100000001000000010000000100000001000000010000000 
2 2 0 2 0 2 0 0  11110101110101011001010110010100100101001001010010010100110111001001010011010100100101001001000010010100110101001101010010010100110101001001000111010100100101001011010010011100011101001001010110110100 
2 0 0 2 0 2 0 0  10010100100101001001010010010100100101001001010010010100100101001001010010010101100101001001000010010000100100001001010010010101100101001001000010010100100100001001010010010000100101001001010010010100 
2 0 0 2 0 1 0 0  10010100100100001001000010010000100100001001010010010100100100001001000010010000100100001001000010010000100100001001000010010000100100001001000010010000100100001001000010010000100100001001000010010000 
2 0 0 2 0 2 0 0  10010100100101001001010010010100100101001001010010010100100100001001010010010100100101001001000010010000100100001001000010010000100100001001000010010000100100001001010010010000100101001001010010010100 
2 0 0 2 0 1 0 0  10010100100100001001010010010000100100001001000010010000100100001001000010010000100100001001000010010000100100001001000010010000100100001001000010010000100100001001000010010000100100001001000010010000 
2 2 2 2 0 2 0 0  11110101111101011101010111111100110101001001010010010100110101010011010011010101100111101011010010010100110101001101010110010101110101001001000111010100100101001001010010010101111101001011011110010100 
2 0 0 2 0 1 0 0  10010100100101001001000010010000100100001001000010010000100100001001000010010000100100001001000010010000100100001001000010010000100100001001000010010000100100001001000010010000100100001001000010010000 
2 2 0 2 0 2 0 0  10010101100101001001010110010100100101001001010010010100110101001101010011010100100101001001010010010100110101001101010010010100110101001001000011110100100101001101010010010100011101001001010010010101 
2 2 2 2 1 2 2 1  11111101111111111111110111111101111111101111110111111101110101111101110111111101111101001111010011011100110111111111010111010111111111111101011111111101111111011111110111111110111101101111110111111111 
3 0 0 2 0 0 0 0  10000000100000001001000010000000100000001000000010010000100000001001000010000000100000001000000010000000100000001000000010000000100000001000000010000000100000001001000010000000100000001000000010000000 
2 2 2 2 1 2 0 1  11110101111101011111010111111101110111000111010010110101110101001111010111010101101111001111010010011100110111011101110110110100111111000101010111111100111111001101010010011101111101001111111110111111 
2 0 0 2 0 2 0 0  10010100100101001001010010010000100100001001000010010000100100001001000010010000100100001001000010010000100100001001000010010000100100001001000010010000100100001001000010010000100100001001000010010000 
2 0 0 2 0 0 0 0  10010000100100001001000010010000100100001001010010010000100100001001000010010000100100001001000010010000100100001001000010010000100100001001000010010000100100001001000010010000100100001001000010010000 
3 0 0 2 0 0 0 0  10000000100000001000000010000000100000001000000010010000100000001001000010000000100000001000000010000000100000001000000010000000100000001000000010000000100000001001000010000000100000001001000010000000 
3 0 0 2 0 0 0 0  10000000100000001001000010000000100100001001000010010000100100001001000010000000100100001000000010000000100000001001000010000000100000001000000010000000100000001001000010010000100000001001000010000000 
2 2 2 2 1 2 2 1  11111111111111011111110111110101111111101111110111111101111100111101110111111101101101001101010011011110110111111111010111010111111111111101011111111101111111011111110111111110111101101111110111111111 
3 0 0 0 0 0 0 0  10000000100000001000000010000000100000001000000010010000100000001000000010000000100000001000000010000000100000001000000010000000100000001000000010000000100000001001000010000000100000001000000010000000 
3 0 0 2 0 0 0 0  10000000100000001000000010000000100000001001000010010000100000001001000010000000100100001001000010000000100000001001000010000000100000001000000010000000100000001001000010000000100000001001000010000000 
2 0 0 2 0 1 0 0  10010000100100001001010010010000100100001001010010010100100100001001000010010000100101001001000010010000100100001001000010010000100101001001000010010000100100001001000010010000100101001001000010010000 
3 0 0 2 0 0 0 0  10000000100000001001000010000000100100001001000010010000100000001001000010000000100000001000000010000000100000001001000010000000100000001000000010000000100000001001000010000000100000001001000010000000 
0 2 2 0 0 2 2 0  11111111111111111111111111111111111111111111111111111111111111111101011111011111111111111111111011111111111111111111110111111111111111111111111111111101111111111101111101111111111111111111111111111111 
2 0 0 2 0 0 0 0  10010000100100001001000010010000100100001001000010010000100100001001000010010000100000001001000010010000100100001000000010010000100100001001000010010000100100001001000010000000100100001001000010010000 
2 0 0 2 0 2 0 0  10010100100101001001000010010100100101001001010010010100100100001001010010010100100100001001000010010000100100001001000010010000100100001001000010010000100100001001000010010000100100001001000010010100 
2 0 0 2 0 2 0 0  10010000100101001001010010010100100101001001010010010100100100001001000010010000100100001001000010010100100100001001000010010000100100001001000010010000100100001001000010010000100101001001000010010000 
2 0 0 2 0 1 0 0  10010000100101001001000010010000100100001001010010010000100100001001000010010000100100001001000010010000100100001001000010010000100100001001000010010000100100001001000010010000100100001001000010010000 
3 0 0 2 0 0 0 0  10000000100000001000000010000000100000001001000010010000100000001001000010000000100100001000000010000000100000001001000010000000100000001000000010000000100000001000000010000000100000001001000010000000 
2 0 0 2 0 0 0 0  10010000100000001001000010000000100100001001000010000000100100001000000010000000100000001001000010000000100000001000000010000000100000001001000010000000100000001000000010000000100000001000000010000000 
2 0 0 2 0 2 0 0  10010000100101001001010010010000100101001001010010010100100100001001000010010000100100001001000010010000100100001001000010010000100100001001000010010000100100001001000010010000100100001001000010010000 
2 0 0 2 0 2 0 0  10010100100100001001000010010100100101001001010010010100100100001001010010010000100100001001000010010000100100001001000010010000100100001001000010010000100100001001000010010100100100001001000010010100 
2 0 0 2 0 2 0 0  10010000100101001001000010010100100101001001010010010100100100001001000010010100100101001001000010010000100100001001000010010000100100001001000010010000100100001001000010010000100101001001000010010100 
2 0 0 2 0 2 0 0  10010100100100001001000010010100100101001001010010010000100100001001000010010000100100001001000010010000100100001001000010010000100100001001000010010000100100001001000010010000100100001001000010010100 
3 0 0 0 0 0 0 0  10000000100000001000000010000000100000001000000010010000100000001000000010000000100000001000000010000000100000001000000010000000100000001000000010000000100000001000000010000000100000001000000010000000 
2 2 2 2 1 2 0 1  11111101111101011111010111111101110111000111010010110101110101001101010111010101100111001111010010011100110111011111110110110100111111001101011111111100101111001101010011011010110101001111111110111111 
3 0 0 2 0 0 0 0  10000000100100001000000010000000100000001001000010010000100000001001000010000000100000001000000010000000100000001001000010000000100000001000000010000000100000001000000010000000100000001001000010000000 
2 0 0 2 0 0 0 0  10010000100100001001000010010000100100001001000010010000100100001001000010000000100000001001000010000000100000001000000010010000100000001001000010000000100100001001000010000000100000001001000010000000 
3 0 0 2 0 0 0 0  10000000100100001001000010000000100000001000000010010000100000001001000010000000100000001000000010000000100000001000000010000000100000001000000010000000100000001000000010000000100000001000000010000000 
3 0 0 0 0 0 0 0  10000000100000001001000010000000100000001000000010000000100000001000000010000000100000001000000010000000100000001000000010000000100000001000000010000000100100001000000010000000100000001000000010000000 
2 2 2 2 0 2 0 1  11110101111101011101010111111101110101010011010010110101110101001111010111010101111101001011010010010100110101001101110110110100111111000101010111111100100111001001010010011101111101001111111110110111 
2 0 0 2 0 0 0 0  10010000100000001000000010000000100100001001000010000000100100001000000010000000100000001000000010000000100000001000000010000000100000001001000010000000100000001000000010000000100000001000000010000000 
2 0 0 2 0 2 0 0  10010000100101001001000010010000100101001001010010010000100100001001000010010000100100001001000010010000100100001001000010010000100100001001000010010000100100001001000010010000100100001001000010010100 
3 0 0 2 0 0 0 0  10000000100100001001000010000000100000001001000010010000100000001001000010000000100000001000000010000000100000001000000010000000100000001000000010000000100000001000000010000000100000001001000010000000 
3 0 0 2 0 0 0 0  10000000100100001001000010010000100000001001000010010000100000001001000010000000100000001000000010000000100000001000000010000000100000001000000010000000100000001001000010000000100000001001000010000000 
3 0 0 2 0 0 0 0  10000000100000001001000010000000100000001000000010010000100000001001000010000000100000001000000010000000100000001001000010000000100000001000000010000000100000001001000010000000100000001001000010000000 
2 0 0 2 0 1 0 0  10010000100100001001000010010000100100001001010010010100100100001001000010010100100101001001000010010000100100001001000010010000100101001001000010010000100100001001000010010000100101001001000010010100 
3 0 0 2 0 0 0 0  10000000100000001001000010000000100000001001000010010000100000001001000010000000100000001000000010000000100000001001000010000000100000001000000010000000100000001001000010000000100000001001000010000000 
2 0 0 2 0 2 0 0  10010101100101011001010010010100100101001001010010010100100101001001010010010000100100101001000010010100100100001001010010010100100101011001000010010100100101001001010010011100101101001001010010010100 
2 2 0 2 0 2 0 0  11010101110101011001010010010100100101001001010010010100110111001001010011010100100101101001000010010100110101001001010010010100110101001001000110010100100101001001010010011100111101001001010110010100 
3 0 0 2 0 0 0 0  10000000100100001000000010000000100000001000000010010000100000001001000010000000100000001000000010000000100000001000000010000000100000001000000010000000100000001000000010000000100000001001000010000000 
2 0 0 2 0 2 0 0  10010100100101001001000010010000100101001001010010010000100100001001000010010000100100001001000010010000100100001001000010010000100100001001000010010000100100001001000010010000100100001001000010010000 
2 2 2 2 1 2 0 1  11110101111111011111010111110101111111000111010010110101111101001101010111010101101111001111010010011100110111011111010110110100111111001101110111111100111111001101010010011010111101001111011110111111 
2 0 0 2 0 2 0 0  10010101100101011001010010010100100101001001010010010100100101001001010010010100100101101001000010010100110100001001010010010100110101001001000010010100100101001001010010011100111101001001010110010101 
2 0 0 2 0 0 0 0  10010000100100001001000010010000100100001001000010010000100000001000000010000000100000001001000010000000100000001000000010000000100000001000000010000000100000001000000010000000100000001001000010010000 
3 0 0 2 0 0 0 0  10000000100100001000000010010000100000001001000010010000100000001001000010000000100000001000000010010000100000001001000010000000100000001000000010000000100100001001000010000000100000001001000010000000 
2 2 0 2 0 2 0 0  11110101110101011101010110011100100101001101010010010100110101011011010011010100100111001001010010010100110100001101011010010100110101001001000111110100100101001011010010010100111101001001010110010101 
2 0 0 2 0 1 0 0  10010000100100001001000010010000100100001001010010010100100100001001000010010000100101001001000010010000100100001001000010010000100101001001000010010000100100001001000010010000100101001001000010010000 
2 0 0 2 0 2 0 0  10010000100101001001000010010100100101001001010010010000100100001001000010010000100100001001000010010000100100001001000010010000100100001001000010010000100100001001000010010000100101001001000010010100 
2 0 0 2 0 0 0 0  10010000100000001001000010000000100100001000000010000000100000001000000010000000100000001001000010000000100000001000000010000000100000001000000010000000100000001000000010000000100000001000000010000000 
2 0 0 2 0 0 0 0  10010000100000001000000010000000100100001001000010010000100000001000000010000000100000001000000010000000100000001001000010000000100000001001000010000000100000001000000010000000100000001001000010000000 
2 0 0 2 0 2 0 0  10010100100100001001010010010100100101001001010010010100100100001001000010010100100100001001000010010000100100001001000010010000100100001001000010010000100100001001000010010000100100001001000010010100 
3 0 0 2 0 0 0 0  10000000100100001000000010010000100000001001000010010000100000001001000010000000100000001000000010010000100000001001000010000000100000001000000010000000100000001000000010000000100000001001000010000000 
2 0 0 2 0 2 0 0  10010100100100001001010010010100100101001001010010010000100100001001000010010000100100001001000010010000100100001001000010010000100100001001000010010000100100001001000010010000100100001001000010010000 
2 0 0 2 0 2 0 0  10010000100101001001010010010000100101001001000010010000100100001001000010010000100100001001000010010000100100001001000010010000100100001001000010010000100100001001000010010000100100001001000010010000 
2 0 0 2 0 2 0 0  10010100100101001001010010010100100101001001010010010100100101001001010010010101100101001001000010010000100100001001010010010101100101001001000010010100100101001001010010010000110101001001010010010100 
2 0 0 2 0 2 0 0  10010100100101001001010010010100100101001001010010010100100100001001000010010100100100001001000010010000100100001001000010010000100100001001000010010000100100001001000010010000100100001001000010010100 
2 0 0 2 0 0 0 0  10010000100100001001000010000000100100001001000010000000100100001000000010000000100000001000000010000000100000001000000010000000100000001001000010000000100000001000000010000000100000001000000010000000 
2 0 0 2 0 2 0 0  10010100100101001001000010010100100101001001010010010000100100001001000010010000100100001001000010010000100100001001000010010000100100001001000010010000100100001001000010010000100100001001000010010100 
2 0 0 2 0 0 0 0  10010000100000001000000010000000100100001000000010000000100100001000000010000000100000001000000010000000100000001000000010000000100000001000000010000000100000001000000010000000100000001000000010000000 
2 2 0 2 0 2 0 1  11010101110101011001010110110100100101001001010010010100110101010101010011010101100100101001000010010100110101001101010010110101110101001001000111010100100101001101010010010100011101001001010010010100 
2 2 0 2 0 2 0 0  11010101110101011001010110010100100101001001010010010100110111011011000011010100100101001001010010010100110101001101010010010100110101001001000110010100100101001001010010011100111101001001010110010101 
2 0 0 2 0 1 0 0  10010000100100001001000010010000100100001001010010010100100100001001000010010000100100001001000010010000100100001001000010010000100101001001000010010000100100001001000010010000100100001001000010010000 
2 0 0 2 0 0 0 0  10010000100100001000000010000000100100001001000010000000100000001000000010000000100000001001000010000000100000001000000010000000100000001000000010000000100000001000000010000000100000001000000010000000 
2 0 0 2 0 2 0 0  10010100100100001001010010010000100100001001010010010000100100001001000010010000100100001001000010010000100100001001000010010000100100001001000010010000100100001001000010010000100100001001000010010100 
2 0 0 2 0 1 0 0  10010000100100001001010010010000100100001001010010010000100100001001000010010000100100001001000010010000100100001001000010010000100100001001000010010000100100001001000010010000100100001001000010010000 
2 0 0 2 0 1 0 0  10010000100100001001010010010000100100001001010010010000100100001001000010010000100101001001000010010000100100001001000010010000100100001001000010010000100100001001000010010000100101001001000010010000 
2 0 0 2 0 2 0 0  10010100100101001001010010010100100101001001010010010100100100001001000010010000100100001001000010010000100100001001000010010000100100001001000010010000100100001001000010010000100100001001000010010000 
3 0 0 2 0 0 0 0  10000000100100001000000010000000100000001000000010000000100100001000000010000000100000001000000010000000100000001000000010000000100000001000000010000000100000001000000010000000100000001001000010000000 
3 0 0 0 0 0 0 0  10000000100000001000000010000000100000001000000010000000100000001000000010000000100100001000000010000000100000001000000010000000100000001000000010000000100000001000000010000000100000001000000010000000 
3 0 0 2 0 0 0 0  10000000100100001001000010010000100100001001000010010000100000001001000010000000100000001000000010000000100000001000000010000000100000001000000010000000100100001001000010000000100000001001000010000000 
2 0 0 2 0 2 0 0  10010100100101001001010010010000100101001001000010010100100100001001000010010000100100001001000010010000100100001001000010010000100100001001000010010000100100001001000010010000100100001001000010010000 
