3 0 0 0 0 0 0 0  10000000100000001000000010000000100000001000000010000000100000001000000010000000100000001000000010000000100000001000000010000000100000001000000010000000100000001000000010000000100000001000000010000000 
2 0 0 0 1 0 0 0  10001000100000001000000010000000100000001000000010000000100000001000000010000000100000001000000010000000100000001000000010000000100000001000000010000000100000001000000010000000100000001000000010000000 
3 0 0 0 1 0 0 0  10000000100000001000100010000000100000001000000010000000100000001000000010000000100000001000000010000000100000001000000010000000100000001000000010000000100000001000000010000000100000001000000010000000 
2 0 0 0 2 0 0 0  10001101100011001000110010001100100011001000110010001100100011001000110010001100100010001000100010001000100010001000100010001100100010001000100010001100100010001000100010001100100011001000110010001000 
2 0 0 0 2 0 0 0  10001000100010001000110010001000100010001000100010001000100010001000100010001000100010001000100010001000100010001000100010001000100010001000100010001000100010001000100010001000100010001000100010001000 
2 0 0 0 1 0 0 0  10001000100010001000000010000000100000001000000010000000100000001000000010000000100000001000000010000000100000001000000010000000100000001000000010000000100000001000000010000000100000001000000010000000 
2 0 0 0 2 0 0 0  10001000100011001000100010001000100010001000100010001000100010001000100010001000100010001000100010001000100010001000100010001000100010001000100010001000100010001000100010001000100010001000100010001000 
2 0 0 0 2 0 0 0  10001100100011001000100010001000100010001000100010001000100010001000100010001000100010001000100010001000100010001000100010001000100010001000100010001000100010001000100010001000100010001000100010001000 
3 0 0 0 1 0 0 0  10000000100010001000100010000000100000001000000010000000100000001000000010000000100000001000000010000000100000001000000010000000100000001000000010000000100000001000000010000000100000001000000010000000 
2 0 0 0 2 0 0 0  10001000100011001000110010001000100010001000100010001000100010001000100010001000100010001000100010001000100010001000100010001000100010001000100010001000100010001000100010001000100010001000100010001000 
3 0 0 0 1 0 0 0  10000000100010001000000010000000100000001000000010000000100000001000000010000000100000001000000010000000100000001000000010000000100000001000000010000000100000001000000010000000100000001000000010000000 
2 0 0 0 2 0 0 0  10001100100011001000110010001000100010001000100010001000100010001000100010001000100010001000100010001000100010001000100010001000100010001000100010001000100010001000100010001000100010001000100010001000 
2 0 0 0 2 0 0 0  10011101100011001000110010001100100011001000110010001100100011001000110010001000100010001000100010001000100010001000100010001000100011001000100010001100100010001000100010001000100011001000110010001100 
2 0 0 0 2 0 0 0  10001100100010001000100010001000100010001000100010001000100010001000100010001000100010001000100010001000100010001000100010001000100010001000100010001000100010001000100010001000100010001000100010001000 
2 2 2 2 2 2 2 1  11111111111111111111111111111111111111111111111111111110111111111111110011111111111110111111110011111101111111111111110111110101111111011111111111111111111111011101111111011110011111101111011011111110 
2 0 0 0 2 0 0 0  10001000100010001000100010000000100000001000100010000000100000001000000010000000100000001000000010000000100000001000000010000000100000001000000010000000100000001000000010000000100000001000000010000000 
2 0 0 0 2 0 0 0  10001101100011011000110010001100100011001000110010001100100011001000110010001000100010001000100010001000100010001000100010001000100011001000100010001100100010001001100010001100100011011000110010001000 
2 0 0 0 2 0 0 0  10001100100011001000110010001100100011001000110010001100100011001000100010001100100010001000100010001000100010001000100010001100100010001000100010001000100010001000100010001100100011001000110010001000 
2 0 0 0 2 0 0 0  10001000100010001000100010001000100010001000100010001000100010001000100010001000100010001000100010001000100010001000100010001000100010001000100010001000100010001000100010001000100010001000100010001000 
2 0 0 0 2 0 0 0  10001100100010001000110010001000100010001000100010001000100010001000100010001000100010001000100010001000100010001000100010001000100010001000100010001000100010001000100010001000100010001000100010001000 
2 0 0 0 1 0 0 0  10001000100000001000100010000000100000001000000010000000100000001000000010000000100000001000000010000000100000001000000010000000100000001000000010000000100000001000000010000000100000001000000010000000 
2 0 0 0 2 0 0 0  10001000100010001000100010001000100010001000110010001000100010001000100010001000100010001000100010001000100010001000100010001000100011001000100010001000100010001000100010001000100010001000100010001000 
2 2 1 2 2 2 1 1  11010101110101001101110111011100010111001101110101011100110111111111010001011100110111111101110111011001100011001001110101001100000111000110110011011100111011011101010011111100110101001011010011010010 
2 0 0 0 2 0 0 0  10001100100011001000100010001000100011001000110010001100100010001000100010001000100010001000100010001000100010001000100010001000100010001000100010001100100010001000100010001000100010001000100010001000 
2 2 2 2 2 2 2 1  11111101111111011111010111111101111111011111110111011110111111111111110011111111111110111111110011011101111111011111110101110101111111011111110111111110111111111101010011010010111111101111011011011111 
3 0 0 0 1 0 0 0  10000000100000001000100010000000100000001000100010000000100000001000000010000000100000001000000010000000100000001000000010000000100000001000000010000000100000001000000010000000100000001000000010000000 
2 2 1 2 2 2 2 1  11010101110101001101010111011100110101001100110101011100110101011111010001001100100111101110110111011101100011001101110101011100010111000110110011111100111011011101010111011101110111001001010011010010 
2 2 1 2 2 2 2 1  11011101110101011101010110011100010111001101110001011100110111111111110001011101110111111101011111010100111011001101110101011101110111000110110111111100111011011101110111111101110111101011010001010110 
2 2 1 2 2 2 2 1  11011101110111011101010110011101010111011101110101011100111111111101110011011101110111111101110111011101111111001111110101010101110111010111110111111100111011011101010111110101111111101011010011010011 
2 2 1 2 2 2 2 1  01010101010101011101010111011100010111001101110101011100110111111111110001011101110111111101011001010100111011001101110101011100110111000110110011111100111011011111110111111101110111101011010001010110 
3 0 0 0 0 0 0 0  10000000100000001000000010000000100000001000000010000000100000001000000010000000100000001000000010000000100000001000000010000000100000001000000010000000100000001000000010000000100000001001000010000000 
3 0 0 0 2 0 0 0  10000000100010001000100010000000100000001000100010001000100000001000000010000000100000001000000010000000100000001000000010000000100000001000000010000000100000001000000010000000100000001000000010000000 
2 0 0 0 2 0 0 0  10001000100010001000100010000000100010001000100010000000100000001000100010000000100000001000000010000000100000001000000010001000100000001000000010000000100000001000000010000000100000001000000010000000 
2 2 1 2 2 2 2 1  11011101111111011101010110011101110111001101110011011100111111111111110001011101100110111101111111010101111011001111110101110101111111000111110111111100111011011101010111111100110111101111110011011111 
2 0 0 0 2 0 0 0  10001000100010001000100010001000100010001000100010001000100000001000100010001000100000001000000010001000100010001000000010000000100000001000000010000000100000001000000010000000100010001000000010001000 
3 0 0 0 1 0 0 0  10000000100000001000100010000000100000001000100010001000100000001000000010000000100000001000000010000000100000001000000010000000100000001000000010000000100000001000000010000000100000001000000010000000 
2 2 1 2 2 2 2 0  11010100110101001101010111011100110111001100110101011110110101101111010001001100100111110110110001010101100011001100110111011100110111000110110001011100111011011101010011111100111101001011011011010010 
2 0 0 0 2 0 0 0  10001100100010001000110010001000100010001000110010001100100010001000100010001000100010001000100010001000100010001000100010001000100010001000100010001100100010001000100010001000100010001000110010001000 
2 0 0 0 2 0 0 0  10001100100011001000110010001000100011001000100010001100100010001000100010001000100011001000100010001000100010001000100010001100100010001000100010001000100010001000100010001100100010001000110010001000 
2 0 0 0 2 0 0 0  10001100100011001000110010001000100010001000110010001000100010001000100010001000100010001000100010001000100010001000100010001000100010001000100010001100100010001000100010001000100010001000100010001000 
2 0 0 0 2 0 0 0  10001100100011001000100010001000100010001000110010001000100010001000100010001000100010001000100010001000100010001000100010001000100010001000100010001100100010001000100010001000100010001000100010001000 
2 0 0 0 2 0 0 0  10001000100011001000110010001000100011001000110010001000100010001000100010001000100010001000100010001000100010001000100010001000100010001000100010001000100010001000100010001000100010001000100010001000 
2 0 0 0 2 0 0 0  10001000100010001000100010001000100010001000100010001000100000001000100010001000100000001000100010001000100010001000000010000000100010001000000010000000100010001000100010000000100010001000100010001000 
2 0 0 0 2 0 0 0  10001000100010001000000010000000100010001000100010000000100000001000000010000000100000001000000010000000100000001000000010000000100000001000000010000000100000001000000010000000100000001000000010000000 
2 2 1 2 2 2 1 0  01010100010101001101110111011100010111001101110101011110110111111111010001011101110111110101110001010100100011001001110111001100100111000110110011011100111011011101010011111100110101001011011001010110 
2 2 1 2 2 2 2 1  11010101110101011101010111011100110111001101110101011100110101111111110101011101100111110101110011011101001011001000110111011100110111000110110011011100111011011101010011001101110101001011011011010010 
2 0 0 0 2 0 0 0  10001100100011001000110010001100100011001000110010001100100011001000100010001100100010101000100011001000100010001000100010001000100010001000100010001100100010001000100010001100100011001000110010001100 
2 2 2 2 2 2 2 1  11111101111111111111111111111111111111111111111111111110111111111111110011111111111110111111110011111101111111111111110111110011111111011111111111111111111111011101111111011010011111111111011011111110 
3 0 0 0 2 0 0 0  10000000100000001000100010000000100000001000100010001000100000001000000010001000100000001000000010000000100000001000000010000000100000001000000010000000100000001000000010000000100000001000100010000000 
3 0 0 0 1 0 0 0  10000000100000001000000010000000100000001000000010001000100000001000000010001000100000001000000010000000100000001000000010000000100000001000000010000000100000001000100010000000100000001000000010000000 
3 0 0 0 2 0 0 0  10000000100010001000000010001000100010001000100010001000100000001000000010000000100000001000000010001000100000001000000010000000100000001000000010000000100000001000000010000000100000001000000010000000 
3 0 0 0 1 0 0 0  10000000100010001000000010000000100010001000000010000000100000001000000010000000100000001000000010000000100000001000000010000000100000001000000010000000100000001000000010000000100000001000000010000000 
3 0 0 0 1 0 0 0  10000000100000001000000010000000100000001000100010001000100000001000000010001000100000001000000010000000100000001000000010000000100000001000000010000000100000001000000010000000100000001000000010001000 
0 0 2 0 2 0 2 0  11111111111111111111111111111111111111111111111111111110111111111111111111111111111111111111111111111111111111111111111111110111111111111111111111111111111111111111111111111111111111111111111111111111 
3 0 0 0 2 0 0 0  10000000100000001000000010001000100010001000100010001000100000001000000010001000100000001000000010000000100000001000000010000000100000001000000010000000100000001000000010000000100000001000000010000000 
2 2 2 2 2 2 2 1  11111101111111011111111111111101111111011111110111111110111111111111110011111111111110111111110011111101111111011111110101110101111111011111110111111110111111111101110101010110011111101111011011111111 
2 2 1 2 2 2 2 1  11011101110101001101010111011100110111001100110101011100110101111111010001011101110111111111110111011100111011001101110101011101010111000110110111110100111011011101010011011101110111001001010011010011 
2 0 0 0 2 0 0 0  10001000100010001000100010001000100010001000100010001000100010001000100010001000100010001000100010001000100010001000100010001000100011001000100010001000100010001000100010001000100010001000100010001000 
2 2 1 2 2 2 2 0  01010101010101000101010111011100010111001101110101010100110101111111110001011101010111111101111111011100111011001001111101011100110111000110110011111100111011011111010011101100110101001011011001010111 
2 0 0 0 2 0 0 0  10001000100011001000100010001000100010001000110010001000100010001000100010001000100010001000100010001000100010001000100010001000100010001000100010001000100010001000100010001000100010001000100010001000 
2 0 0 0 2 0 0 0  10001100100010001000100010001000100010001000100010001100100010001000100010001000100010001000100010001000100010001000100010001000100010001000100010001100100010001000100010001000100010001000110010001000 
0 2 2 2 2 2 2 0  11111111111111111111111111111111111111111111111111111110111111111111111111111111111110111111111111111111111111111111110111110111111111111111111111111111111111111111111111111111111111111111111111111110 
2 2 2 2 2 2 2 1  11111101110111011101010111111101110111011101110111011110111111111111110011011100101111111101110001011101101111001111110101110101110111011111110111111100111111011101010011110100011111001011111011010111 
2 0 0 0 2 0 0 0  10001000100011001000110010001000100010001000110010001000100010001000100010001000100010001000100010001000100010001000100010001000100010001000100010001000100010001000100010001000100010001000100010001000 
3 0 0 0 1 0 0 0  10000000100000001000000010000000100000001000000010001000100000001000000010001000100000001000000010000000100000001000000010000000100000001000000010000000100000001000000010000000100000001000000010000000 
2 2 2 2 2 2 2 1  11111101111111011111010111111101111111001111110111011100110101111111110001111101100110111101110011011101001111001001110101111100111111000110110111011100111011111101010011001100110101001011011011011111 
3 0 0 0 2 0 0 0  10000000100010001000000010001000100000001000100010001000100000001000000010000000100000001000100010000000100000001000100010000000100000001000000010000000100010001000000010000000100010001000100010001000 
2 0 0 0 2 0 0 0  10001000100000001000000010001000100010001000100010000000100010001000000010001000100000001000000010000000100000001000000010000000100010001000000010000000100000001000000010000000100000001000000010000000 
3 0 0 0 1 0 0 0  10000000100000001000000010000000100010001000100010001000100000001000000010001000100000001000000010000000100000001000000010000000100000001000000010000000100000001000000010000000100000001000000010000000 
2 0 0 0 2 0 0 0  10001100100010001000100010001000100010001000110010001100100011001000100010001000100010001000100010001000100010001000100010001000100011001000100010001000100010001000100010001000100010001000110010001100 
2 0 0 0 2 0 0 0  10001000100011001000100010001000100010001000110010001000100011001000100010001000100010001000100010001000100010001000100010001000100010001000100010001000100010001000100010001000100010001000100010001100 
2 0 0 0 2 0 0 0  10001100100011001000110010001100100011001000100010001100100010001000100010001100100011001000100010001000100010001000100010001100100010001000100010001000100010001000100010001100100010001000110010001000 
2 0 0 0 2 0 0 0  10001100100010001000110010001000100010001000110010001000100010001000100010001000100010001000100010001000100010001000100010001000100010001000100010001000100010001000100010001000100010001000100010001000 
2 0 0 0 2 0 0 0  10001000100000001000100010000000100000001000100010000000100000001000100010000000100000001000100010000000100000001000000010001000100000001000000010000000100000001000000010000000100000001000000010000000 
2 0 0 0 2 0 0 0  10001000100010001000100010001000100010001000110010001100100011001000100010001000100010001000100010001000100010001000100010001000100011001000100010001000100010001000100010001000100010001000110010001100 
2 0 0 0 2 0 0 0  10001100100010001000100010001000100010001000110010001100100010001000100010001000100010001000100010001000100010001000100010001000100010001000100010001100100010001000100010001000100010001000110010001000 
3 0 0 0 2 0 0 0  10000000100000001000100010000000100010001000100010001000100000001000000010001000100000001000000010000000100000001000000010000000100010001000000010000000100000001000000010000000100000001000100010000000 
2 0 0 0 1 0 0 0  10001000100000001000000010000000100000001000100010000000100000001000000010000000100000001000000010000000100000001000000010000000100000001000000010000000100000001000000010000000100000001000000010000000 
2 0 0 0 2 0 0 0  10001000100010001000110010001000100011001000100010001000100010001000100010001000100010001000100010001000100010001000100010001000100011001000100010001000100010001000100010001100100010001000100010001000 
2 2 1 2 2 2 2 1  01010101010101001101010111011100010101001100110101011100110111111111110001001101100111111101010111011101101011001101110001011100110111000110110011111100111011011111110111011101110111001001010011010110 
2 2 2 2 2 2 2 1  11111101111111111111110111111101111111011111101111111110111111111111110011111111111110111111110011111101111111111111110111110111111111011111110111111111111111111101111111010110011111111111011011111110 
3 0 0 0 2 0 0 0  10000000100000001000100010001000100010001000000010000000100010001000000010000000100000001000100010001000100000001000100010000000100000001000000010000000100010001000000010000000100000001000100010001000 
3 0 0 0 2 0 0 0  10000000100010001000000010000000100000001000100010001000100000001000000010000000100000001000000010000000100000001000000010000000100000001000000010000000100000001000000010000000100010001000000010000000 
2 0 0 0 2 0 0 0  10001000100010001000110010001000100010001000110010001000100010001000100010001000100010001000100010001000100010001000100010001000100010001000100010001000100010001000100010001000100010001000100010001000 
2 0 0 0 1 0 0 0  10001000100000001000000010000000100000001000100010000000100000001000000010000000100000001000100010000000100000001000000010000000100000001000000010000000100000001000000010000000100000001000000010000000 
2 0 0 0 2 0 0 0  10001000100010001000110010001000100011001000110010001000100010001000100010001000100010001000100010001000100010001000100010001000100011001000100010001000100010001000100010001100100010001000100010001000 
2 0 0 0 2 0 0 0  10001000100010001000100010001000100010001000100010001000100010001000100010001000100000001000100010001000100010001000100010000000100010001000100010001000100010001000100010001000100010001000100010001000 
2 0 0 0 2 0 0 0  10001000100011001000100010001000100010001000110010001000100011001000100010001000100010001000100010001000100010001000100010001000100011001000100010001000100010001000100010001000100010001000110010001100 
2 0 0 0 2 0 0 0  10001000100010001000100010001000100011001000100010001100100010001000100010001000100010001000100010001000100010001000100010001000100011011000100010001000100010001000100010001000100010001000110010001000 
3 0 0 0 2 0 0 0  10000000100010001000000010001000100000001000100010001000100000001000000010000000100000001000000010000000100000001000000010000000100000001000000010000000100000001000000010000000100010001000000010000000 
2 0 0 0 2 0 0 0  10001000100000001000100010000000100010001000000010000000100000001000000010000000100000001000000010000000100000001000000010000000100000001000000010000000100000001000000010000000100000001000000010000000 
3 0 0 0 2 0 0 0  10000000100000001000100010000000100000001000100010001000100000001000000010001000100000001000000010000000100000001000000010000000100010001000000010000000100000001000000010000000100000001000100010001000 
2 0 0 0 2 0 0 0  10011101100011001000110010001100100011001000110010001100100011001000110010001000100010001000100010001000100010001000100010001000100010001000100010001100100010001000100010001000100011001000110010001100 
3 0 0 0 0 0 0 0  10000000100100001000000010000000100000001000000010000000100000001000000010000000100000001000000010000000100000001000000010000000100000001000000010000000100000001000000010000000100000001000000010000000 
2 0 0 0 2 0 0 0  10001100100010001000100010001000100010001000100010001000100000001000100010001000100010001000100010001000100010001000100010000000100010001000000010001000100010001000100010001000100010001000100010001000 
2 0 0 0 2 0 0 0  10001000100000001000000010000000100010001000100010000000100000001000000010001000100000001000000010000000100000001000000010000000100010001000000010000000100000001000000010000000100000001000000010000000 
2 0 0 0 2 0 0 0  10001000100011001000100010001000100011001000110010001000100011001000100010001000100010001000100010001000100010001000100010001000100011001000100010001000100010001000100010001000100010001000110010001100 
2 0 0 0 2 0 0 0  10001000100010001000110010001000100010001000110010001000100010001000100010001000100010001000100010001000100010001000100010001000100011001000100010001000100010001000100010001000100010001000100010001000 
2 2 1 2 2 2 1 0  01010100010101001101110111011100010111001101110101011110110111111111010001011101110111110101110001010000100011001001110111001100100111000110110011011100111011011101010011111100110101001011011001010110 
2 0 0 0 2 0 0 0  10001100100010001000100010001000100010001000110010001100100011001000110010001000100010001000100010001000100010001000100010001000100011001000100010001000100010001000100010001100100010001000100010001100 
