3 0 0 0 0 0 0 0  10000000100000001000000010000000100000001000000010000000100000001000000010000000100000001000000010000000100000001000000010000000100000001000000010000000100000001000000010000000100000001000000010000000 
3 0 0 1 0 0 0 0  10000000100100001000000010000000100000001000000010000000100000001000000010000000100000001000000010000000100000001000000010000000100000001000000010000000100000001000000010000000100000001000000010000000 
2 0 0 2 0 2 0 0  10010101100101011001010010010100100101001001010010010100100101011001010010010100100100001001010010010000100101011001010010010100110101001001011010010100100101011001010110010100100101011001000010011100 
2 0 0 1 0 0 0 0  10010000100000001000000010000000100000001000000010000000100100001000000010000000100000001000000010000000100000001000000010000000100000001000000010000000100000001000000010000000100000001000000010000000 
3 0 0 0 0 0 0 0  10000000100000001001000010000000100000001000000010000000100000001000000010000000100000001000000010000000100000001000000010000000100000001000000010000000100000001000000010000000100000001000000010000000 
2 2 0 2 0 2 0 1  11010101110101011001010110010100100101001001010010010000100101011001010010010101100101001101010111010000100101011101110010010100100101011101011110010100110101011101110011010100100101011101000011011100 
2 0 0 2 0 0 0 0  10010000100100001001000010010000100100001001000010010000100100001001000010010000100100001001000010010000100100001001000010010000100100001001000010010000100100001001000010010000100100001001000010010000 
2 0 0 2 0 0 0 0  10010000100100001001010010010000100100001001000010010000100100001001000010010000100100001001000010010000100100001001000010010000100100001001000010010000100100001001000010010000100100001001000010010000 
3 0 0 1 0 0 0 0  10000000100100001001000010000000100000001000000010000000100000001000000010000000100000001000000010000000100000001000000010000000100000001000000010000000100000001000000010000000100000001000000010000000 
2 2 1 2 2 2 2 1  11111111111111111111111111010111111111111111111111011111111111111101111011111110110011111111110011111110111111011101111111111101111111010111101111110101111111111111101111111100111111111101111011111111 
2 2 1 2 2 2 2 1  11111101110111011101010111010101110101101101111111010100110101111001110010110101100111111101011010010010110101011111111111010101110101001101001111111111110111011111110111111101110101111101010011011111 
2 0 0 2 0 0 0 0  10010000100100001000000010000000100000001000000010000000100000001000000010000000100000001000000010000000100000001000000010000000100000001000000010000000100000001000000010000000100000001000000010000000 
0 0 0 0 0 0 0 0  11111111111111111111111111111111111111101111111111111111111111111111111011111111111111111111111111111111111111111111111111111111111111111111111111111111111111111111111111111111111111111111111111111111 
2 0 0 2 0 2 0 0  10010101100101001001010010010100100101001001010010010000100101011001000010010100100100001001010010010000100101011001010010010100100101001001000010010100100100001001000010010100100101011001000010011100 
2 0 0 2 0 0 0 0  10010000100000001001000010000000100000001000000010000000100000001000000010000000100000001000000010000000100000001000000010000000100000001000000010000000100000001000000010000000100000001000000010000000 
2 0 0 2 0 0 0 0  10010000100100001001000010000000100000001001000010000000100000001000000010000000100000001000000010000000100000001000000010000000100000001000000010000000100000001000000010000000100000001000000010000000 
2 0 0 2 0 2 0 0  10010101100101001001010010010100100101001001010010010100100101011001000010010101100101001001010010010000110101011001000010010100100101001001010010010100100100011001010010010100100101001001000010011100 
2 0 0 2 0 0 0 0  10010000100101001001000010010000100100001001000010010000100100001001000010010000100100001001000010010000100100001001000010010000100100001001000010010000100100001001000010010000100100001001000010010000 
2 3 1 2 0 0 2 1  11111111111111111111111111111111111111111111111111111111111111111111111111111111111111111111101111111111111111011111111011111111111011111111101111111111111111111111111111111111111111111111111111110111 
2 2 1 2 0 2 0 1  11010101111101011101010110010100110101011001110111010101100101011001110010011101100111101101010011010010110101011111010111010101110101011101011111110110100101011111110001110100110101011101010011010100 
2 2 1 2 0 2 0 1  11010101110101011001010110010100100101011001010111010101100101011001110010011101100111001101010111010000110101011111110010010101110101001101001111110100100101011101110001111100100101011101010011011100 
2 2 0 2 0 2 0 1  10010101100101011001010111010100100101001001010010010000100101001001010010010100100100001101010010010010100101001001110010010101100101001101001110010100110101001001010111010100100101011101010011011100 
2 2 1 2 0 2 0 1  11010101110101011101010111010100110101001101110110010101100101011101110110011101100111101101010011010010110101011111010111010101110101011101011111010110100101111011110001111101110101011101010011010100 
3 0 0 1 0 0 0 0  10000000100000001001000010000000100000001000000010000000100100001000000010000000100000001000000010000000100000001001000010000000100000001000000010000000100000001000000010000000100000001000000010000000 
2 0 0 2 0 2 0 0  11010101100101011001010010010100100101001001010010010100100101011001010010010100100100001001010010010000100101011001010010010100100101001001011010010100100101011001010010010100100101011101000011011100 
2 0 0 2 0 2 0 0  10010100100101001001000010010000100100001001000010010000100100001001000010010000100100001001000010010000100100001001000010010000100100001001000010010000100100001001000010010000100100001001000010010000 
2 0 0 2 0 2 0 0  10010100100100001001010010010000100100001001000010010000100100001001000010010000100100001001000010010000100100001001000010010000100100001001000010010000100100001001000010010000100100001001000010010000 
2 0 0 2 0 2 0 0  10010000100100001001010010010100100101001001010010010000100100001001000010010000100100001001000010010000100100001001000010010000100100001001000010010000100100001001000010010000100100001001000010010000 
2 2 1 2 0 2 0 1  11110101110101011101010111010100110101011101110111010101100101011001110110111111100111101101010011010010110101011111110111010101110101001101001111110110100101111111110001111100110101011101010011011101 
2 0 0 2 0 2 0 0  10010000100100001001010010010100100101001001010010010000100100001001000010010100100100001001010010010000100100001001000010010000100100001001000010010000100100001001000010010000100100001001000010010100 
2 0 0 2 0 2 0 0  10010100100100001001010010010000100101001001010010010000100100001001000010010000100100001001000010010000100100001001000010010000100100001001000010010000100100001001000010010000100100001001000010010000 
2 0 0 2 0 0 0 0  10010000100100001001000010010000100101001001000010010000100100001001000010010000100100001001000010010000100100001001010010010000100100001001000010010000100100001001000010010000100100001001000010010000 
2 0 0 2 0 0 0 0  10010000100100001001010010010000100100001001010010010000100100001001000010010000100100001001000010010000100100001001000010010000100100001001000010010000100100001001000010010000100100001001000010010000 
2 0 0 2 0 0 0 0  10010000100100001001000010010000100101001001010010010000100100001001000010010000100100001001000010010000100100001001010010010000100100001001000010010000100100001001000010010000100100001001000010010000 
2 0 0 2 0 2 0 0  10010100100101001001000010010100100101001001010010010100100100001001000010010100100100001001010010010000100100001001000010010000100100001001000010010000100100001001000010010000100101001001000010010100 
2 2 1 2 2 2 2 1  11111101111111011101010111010101110111001101111111010101110101111001110110111101100101111111011011011010111111011111110111001111110111001111101111110111111111011111110111111100110101111101010011011111 
3 0 0 0 0 0 0 0  10000000100000001000000010000000100000001000000010010000100000001000000010000000100000001000000010000000100000001000000010000000100000001000000010000000100000001000000010000000100000001000000010000000 
2 0 0 2 0 0 0 0  10010100100100001001000010010000100100001001000010010000100100001001000010010000100100001001000010010000100100001001000010010000100100001001000010010000100100001001000010010000100100001001000010010000 
2 0 0 2 0 0 0 0  10010000100000001000000010010000100000001000000010010000100100001000000010000000100000001000000010000000100000001000000010000000100000001000000010000000100100001001000010000000100000001000000010000000 
2 0 0 2 0 2 0 0  10010100100101001001000010010100100101001001010010010000100100001001000010010000100100001001010010010000100100001001000010010000100100001001000010010000100100001001000010010000100100001001000010010000 
2 0 0 2 0 0 0 0  10010000100100001001000010010000100100001001000010010000100100001001000010010000100000001001000010010000100100001000000010010000100100001000000010000000100100001001000010010000100100001001000010010000 
3 0 0 2 0 0 0 0  10000000100100001001000010000000100000001001000010010000100000001000000010000000100000001000000010000000100000001000000010000000100000001000000010000000100000001000000010000000100000001000000010000000 
2 0 0 2 0 2 0 0  10010000100101001001000010010100100101001001010010010000100100001001000010010100100100001001010010010000100100001001000010010000100100001001000010010000100100001001000010010000100100001001000010010100 
2 2 1 2 2 2 2 1  11111101111111111111110111010111111111111111111111011111111110111101111011111110110011111111110011011110111111011111111111111101111111010111101111110101111111111111101111110100111111111101111011111110 
2 0 0 2 0 2 0 0  10010100100101001001010010010000100100001001000010010000100100001001000010010000100100001001000010010000100100001001000010010000100100001001000010010000100100001001000010010000100100001001000010010000 
3 0 0 1 0 0 0 0  10000000100000001000000010010000100000001000000010000000100100001000000010000000100000001000000010000000100000001001000010000000100000001000000010000000100000001001000010000000100000001000000010000000 
3 0 0 2 0 0 0 0  10000000100100001000000010000000100100001001000010010000100000001001000010000000100000001000000010010000100000001001000010000000100000001000000010000000100000001000000010000000100000001001000010000000 
2 0 0 2 0 2 0 0  10010000100101001001000010010100100101001001010010010100100100001001000010010100100100001001010010010000100100001001000010010000100100001001000010010000100100001001000010010100100101001001000010010100 
3 0 0 2 0 0 0 0  10000000100000001001000010000000100000001000000010010000100000001001000010000000100000001000000010000000100000001001000010000000100000001000000010000000100000001000000010000000100000001000000010000000 
2 0 0 2 0 0 0 0  10010000100100001000000010000000100100001001000010000000100000001000000010000000100000001000000010000000100000001000000010000000100000001000000010000000100000001000000010000000100000001000000010000000 
2 2 1 2 0 2 0 1  11110101111101011101010110010101110101011101111111010101100101011001010010011101100111101101010011110010110101011111110111010101110101001101101111110110100101111111110001111100110101011101010011110101 
2 0 0 2 0 2 0 0  10010000100101001001010010010100100101001001010010010100100100001001000010010100100101001001010010010000100100001001000010010000100100001001000010010000100100001001000010010000100100001001000010010100 
2 2 1 2 2 2 2 1  11111101111111011111110111010111111111111111111111011111111110111101111111111110110011111111110011011110111111011111111111111101111111010111101111110101111111111111101111111100111111111101111011111110 
3 0 0 2 0 0 0 0  10000000100100001001000010010000100000001001000010000000100000001000000010000000100000001000000010000000100000001001000010000000100100001000000010000000100000001000000010000000100000001001000010000000 
2 0 0 2 0 2 0 0  10010000100101001001010010010000100100001001000010010000100100001001000010010000100100001001000010010000100100001001000010010000100100001001000010010000100100001001000010010000100100001001000010010000 
3 0 0 2 0 0 0 0  10000000100100001000000010000000100000001000000010010000100000001001000010000000100000001000000010000000100000001000000010000000100000001000000010000000100000001001000010000000100000001001000010000000 
2 2 1 2 2 2 2 1  11111111111111011111110111010111111111111111111111011101111111111101111011111110110011111111110011110110111111011101011111111101111111010111101111110101111111111111101111111100111111111101111011111111 
2 0 0 2 0 2 0 0  10010100100101001001010010010100100101001001010010010100100100001001000010010100100101001001010010010000100101001001000010010100100101001001000010010000100100001001000010010100100101001001000010010100 
2 2 0 2 0 2 0 1  10010101110101011001010110010100100101001001010010010000100101011001010010010100100100001101010010010000100101011001110110010100100101001101001110010100110101001001010011010100100101011101000011011100 
3 0 0 2 0 0 0 0  10000000100100001000000010000000100000001000000010000000100000001001000010000000100000001000000010000000100000001000000010000000100000001000000010000000100000001000000010000000100000001001000010000000 
3 0 0 2 0 0 0 0  10000000100000001000000010010000100000001000000010010000100000001001000010010000100000001000000010000000100000001000000010000000100000001000000010000000100000001000000010000000100000001001000010000000 
2 0 0 2 0 0 0 0  10010000100100001001000010000000100100001001000010000000100000001001000010000000100000001000000010010000100000001000000010000000100000001000000010000000100000001000000010000000100000001000000010000000 
2 0 0 2 0 2 0 0  10010000100101001001010010010100100101001001010010010100100100001001000010010100100101001001010010010000100100001001000010010100100101001001000010010000100100001001000010010100100100001001000010010100 
3 0 0 2 0 0 0 0  10000000100100001001000010010000100000001001000010010000100000001001000010000000100000001000000010000000100000001001000010000000100100001000000010000000100000001000000010000000100000001001000010000000 
3 0 0 2 0 0 0 0  10000000100000001001000010000000100000001000000010010000100000001001000010000000100000001000000010010000100000001001000010000000100000001000000010000000100000001000000010000000100000001001000010000000 
2 0 0 2 0 0 0 0  10010000100100001001000010010000100100001001000010010000100100001001000010010000100100001001000010010000100100001001000010010000100100001001000010010000100100001001000010010100100100001001000010010000 
2 0 0 2 0 2 0 0  10010100100101001001010010010100100101001001010010010100100100001001000010010100100100001001010010010000100100001001000010010000100101001001000010010000100100001001000010010100100100001001000010010100 
2 0 0 2 0 0 0 0  10010000100000001001000010000000100100001001000010000000100000001000000010000000100000001000000010000000100000001000000010000000100000001000000010000000100000001000000010000000100000001000000010000000 
2 0 0 2 0 2 0 0  10010000100101001001010010010100100101001001010010010100100100001001000010010000100100001001010010010000100100001001000010010000100100001001000010010000100100001001000010010000100100001001000010010000 
2 0 0 2 0 2 0 0  10010100100100001001000010010000100101001001010010010100100100001001000010010000100101001001010010010000100100001001000010010000100100001001000010010000100100001001000010010000100101001001000010010100 
2 0 0 2 0 2 0 0  10010000100101001001000010010000100101001001000010010000100100001001000010010000100100001001000010010000100100001001000010010000100100001001000010010000100100001001000010010000100100001001000010010100 
2 0 0 2 0 2 0 0  10010100100101001001010010010100100101001001010010010100100100001001000010010100100101001001010010010000100101011001010110010100100101001001000010010100100100001001000010010100100101001001000010010100 
3 0 0 0 0 0 0 0  10000000100000001000000010000000100100001000000010000000100000001000000010000000100000001000000010000000100000001000000010000000100000001000000010000000100000001000000010010000100000001000000010000000 
2 0 0 2 0 2 0 0  10010000100101001001000010010100100101001001010010010000100100001001000010010000100100001001000010010000100100001001000010010000100100001001000010010000100100001001000010010000100100001001000010010000 
2 0 0 2 0 2 0 0  10010000100101001001010010010000100101001001010010010000100100001001000010010000100100001001010010010000100100001001000010010000100100001001000010010000100100001001000010010000100100001001000010010000 
2 0 0 2 0 2 0 0  10010100100101001001000010010000100101001001000010010000100100001001000010010000100100001001010010010000100100001001000010010000100100001001000010010000100100001001000010010000100100001001000010010000 
3 0 0 2 0 0 0 0  10000000100100001000000010000000100100001001000010010000100000001000000010000000100000001000000010000000100000001001000010000000100000001000000010000000100000001000000010000000100000001001000010000000 
2 0 0 2 0 2 0 0  10010100100101001001010010010000100101001001000010010000100100001001000010010000100100001001010010010000100100001001000010010000100100001001000010010000100100001001000010010000100100001001000010010000 
3 0 0 2 0 0 0 0  10000000100000001000000010000000100000001001000010010000100100001001000010000000100000001000000010000000100000001001000010000000100000001000000010000000100000001000000010000000100000001001000010010000 
2 0 0 2 0 2 0 0  10010100100101001001010010010100100101001001010010010100100100001001000110010100100101001001010010010000100101011001010110010100100101001001011010010100100100001001000010010100100101001001000010010100 
2 0 0 2 0 2 0 0  10010100100100001001000010010100100101001001010010010000100100001001000010010000100100001001000010010000100100001001000010010000100100001001000010010000100100001001000010010000100100001001000010010000 
2 0 0 2 0 0 0 0  10010000100100001001000010010000100100001001000010010000100000001001000010000000100000001000000010010000100000001000000010000000100100001000000010000000100000001000000010000000100000001001000010000000 
3 0 0 2 0 0 0 0  10000000100000001000000010010000100000001001000010010000100100001001000010010000100000001000000010000000100000001001000010000000100000001000000010000000100000001000000010000000100000001001000010000000 
2 0 0 2 0 2 0 0  10010100100100001001000010010100100101001001010010010100100100001001000010010100100100001001010010010000100100001001000010010100100100001001000010010000100100001001000010010100100100001001000010010100 
2 0 0 2 0 2 0 0  10010000100101001001010010010000100101001001000010010000100100001001000010010000100100001001000010010000100100001001000010010000100100001001000010010000100100001001000010010000100100001001000010010000 
2 0 0 2 0 0 0 0  10010000100100001001000010010000100100001001000010010000100100001001000010000000100000001000000010010000100000001000000010000000100100001000000010000000100100001001000010000000100100001001000010000000 
3 0 0 2 0 0 0 0  10000000100000001001000010010000100000001000000010010000100000001001000010000000100000001000000010010000100000001001000010000000100000001000000010000000100000001000000010000000100000001001000010000000 
2 0 0 2 0 2 0 0  10010100100100001001000010010000100101001001000010010000100100001001000010010000100100001001010010010000100100001001000010010000100100001001000010010000100100001001000010010000100100001001000010010000 
2 0 0 2 0 0 0 0  10010000100000001000000010010000100100001000000010010000100000001001000010000000100000001000000010010000100000001000000010000000100000001000000010000000100000001000000010000000100000001001000010000000 
2 2 1 2 0 2 0 1  11110101111101011101010111010101110101011101111111010101100101011001110110111111100111101101010011110010110101011111110111010101110101001101101111110110110111111111110011111100110101011101010011111111 
2 0 0 2 0 0 0 0  10010000100000001001000010000000100100001001000010000000100100001001000010000000100000001000000010010000100000001000000010000000100000001000000010000000100000001000000010000000100000001000000010000000 
3 0 0 2 0 0 0 0  10000000100000001001000010000000100000001001000010010000100000001001000010000000100000001000000010010000100000001001000010000000100100001001000010000000100000001001000010000000100000001001000010000000 
2 0 0 2 0 2 0 0  10010100100101001001010010010100100101001001010010010100100100001001000010010100100100001001010010010000100100001001000010010000100100001001000010010000100100001001000010010000100100001001000010010000 
2 0 0 2 0 2 0 0  10010100100101001001010010010100100101001001010010010000100100001001000010010000100100001001010010010000100100001001000010010000100100001001000010010000100100001001000010010000100100001001000010010000 
2 0 0 2 0 2 0 0  10010000100100001001000010010000100101001001000010010000100100001001000010010100100100001001000010010000100100001001010010010000100101001001000010010000100100001001000010010100100100001001000010010100 
2 0 0 2 0 0 0 0  10010000100000001000000010000000100000001000000010010000100100001000000010000000100000001000000010000000100000001000000010000000100000001000000010000000100000001000000010000000100000001000000010000000 
3 0 0 2 0 0 0 0  10000000100000001001000010010000100000001001000010010000100000001001000010000000100000001000000010000000100000001001000010000000100100001000000010000000100000001000000010000000100000001001000010000000 
3 0 0 0 0 0 0 0  10000000100000001000000010000000100000001000000010000000100100001000000010000000100000001000000010000000100000001000000010000000100000001000000010000000100000001000000010000000100000001000000010000000 
2 2 1 2 2 2 2 1  11111101111111011111010111010111110111101111111111010111111100111001111110111100110101111111011011011010111111011111111111101101111111010111101111110111111111011111101111111100110101111101110011011110 
2 0 0 2 0 2 0 0  10010100100100001001010010010100100101001001010010010000100100001001000010010100100100001001000010010000100100001001000010010000100100001001000010010000100100001001000010010000100100001001000010010100 
