3 0 0 0 0 0 0 0  10000000100000001000000010000000100000001000000010000000100000001000000010000000100000001000000010000000100000001000000010000000100000001000000010000000100000001000000010000000100000001000000010000000 
3 0 0 0 0 0 0 0  10000000100000001001000010000000100000001000000010000000100000001000000010000000100000001000000010000000100000001000000010000000100000001000000010000000100000001000000010000000100000001000000010000000 
2 0 0 2 0 0 0 0  10010000100100001001010010010000100100001001000010010000100100001001000010010000100100001001000010010000100100001001000010010000100100001001000010010000100100001001000010010000100100001001000010010000 
2 0 0 0 0 0 0 0  10010000100000001000000010000000100000001000000010000000100000001000000010000000100000001000000010000000100000001000000010000000100000001000000010000000100000001000000010000000100000001000000010000000 
3 0 0 0 0 0 0 0  10000000100100001000000010000000100000001000000010000000100000001000000010000000100000001000000010000000100000001000000010000000100000001000000010000000100000001000000010000000100000001000000010000000 
2 0 0 2 0 0 0 0  10010000100100001000000010000000100000001000000010000000100000001000000010000000100000001000000010000000100000001000000010000000100000001000000010000000100000001000000010000000100000001000000010000000 
2 0 0 2 0 0 0 0  10010000100100001001000010010000100100001001000010010000100100001001000010010000100100001001000010010000100100001001000010010000100100001001000010010000100100001001000010010000100100001001000010010000 
2 0 0 2 0 2 0 0  10010101100101011001010110010100100101001001110010010100100101011001110010010100100101101001010010010000100101001001010010010100100101001001000010011101100101011001010110010100100101001001010010010100 
0 0 0 0 0 0 0 0  11111111111111111111111111111111111111111111111111111111111111111111111111111111111111111111111111111111111111111111111111111111111111111111111111111111111111111111111111111111111111101111111011111111 
2 1 0 2 2 2 1 1  11111101110111011101010111011101110111011001010010011110110111001001010011011101100111101101110010011100110111011001010111110101110101001101110110011100110101111101001111110100110111001001010111011100 
2 1 0 2 0 2 0 0  11010101110101001001010111010100100101001001010010010100100101001001010010010100100111001001010010010101100100001101010010010100100101000101010010010101100101001001010011010100100101001001000011010100 
2 1 1 2 2 2 2 1  11111111111111111111111111111111111111111111111111111111111111111111111111111111111111101111111111011111111111111111111111111101111101111111111110111111111101111111111111111010111111101111111011111101 
2 0 0 2 0 0 0 0  10010000100100001001000010000000100000001001000010000000100000001000000010000000100000001000000010000000100000001000000010000000100000001000000010000000100000001000000010000000100000001000000010000000 
2 0 0 2 0 0 0 0  10010000100000001001000010000000100000001000000010000000100000001000000010000000100000001000000010000000100000001000000010000000100000001000000010000000100000001000000010000000100000001000000010000000 
2 0 0 2 0 2 0 0  10010101100101011001010110010100101101001001110010010100100101011001110010010100100101101001010010010100100101001001010010010100100101001001010010011101100101011001010011010100100101001001010010010100 
2 0 0 2 0 0 0 0  10010000100101001001000010010000100100001001000010010000100100001001000010010000100100001001000010010000100100001001000010010000100100001001000010010000100100001001000010010000100100001001000010010000 
2 1 2 2 2 2 1 1  11111101111111011101110101011101111111111111011011111110111111011111110111001101111101101101110011010101110111011101110111111101111101011111110110111101110101111101101111110100110111001101111111110101 
2 1 0 2 2 2 1 1  11011101110111011101010111011100110111011001010010011110110111001001010011011101100111101101110010011100110111011001010111110101111101001101110110011100110101111101001111010100110111001001010111011100 
2 1 0 2 2 2 1 1  11011101110111011101010111010100110111001001010010010100110111001001011011011100100111101101010010010100100111011101010011010100110101001101010010011100100101011001011011110100100111001001010011010100 
2 0 0 2 0 2 0 0  10010101100101001001010110010100100101001001010010010100100101011001110010010100100101101001010010010000100101001001010010010100100101001001010010010101100100001001010010010100100101001001000010010100 
2 0 0 2 0 2 0 0  10010101100101001001010010010100100101001001010010010100100101001001010010010100100111001001010010010100100100001001010010010000100101001001000010010100100101001001010010010100100101001001000010010100 
2 0 0 2 0 0 0 0  10010000100100001001000010010000100100001001010010010100100100001001000010010000100100001001000010010000100100001001000010010000100101001001000010010000100100001001000010010000100100001001000010010000 
2 1 2 2 2 2 2 1  11111101111111011111110111111111111111111111111111111100111110111101111111111101110111111111110111011111111111111111111111111101111101111110111111010111111101011101101111110011111111111101110011110100 
2 0 0 2 0 2 0 0  10010100100100001001010010010000100100001001000010010000100100001001000010010000100100001001000010010000100100001001000010010000100100001001000010010000100100001001000010010000100100001001000010010000 
2 0 0 2 0 0 0 0  10010100100100001001000010010000100100001001000010010000100100001001000010010000100100001001000010010000100100001001000010010000100100001001000010010000100100001001000010010000100100001001000010010000 
2 0 0 2 0 2 0 0  10010100100101001001010010010100100101001001010010010100100101001001010010010100100101001001010010010000100101001001010010010100100100001001000010010100100101001001010010010100100101001001000010010000 
2 0 0 2 0 2 0 0  10010000100101001001010010010100100101001001010010010100100101001001000010010100100100001001010010010100100100001001000010010000100100001001000010010000100100001001000010010100100100001001000010010100 
3 0 0 2 0 0 0 0  10000000100100001001000010000000100000001000000010000000100000001000000010000000100000001000000010000000100000001000000010000000100000001000000010000000100000001000000010000000100000001000000010000000 
2 0 0 2 0 2 0 0  10010000100101001001010010010000100100001001000010010000100100001001000010010000100100001001000010010000100100001001000010010000100100001001000010010000100100001001000010010000100100001001000010010000 
2 0 0 2 0 0 0 0  10010000100100001001000010010000100100001001010010010000100100001001000010010000100100001001000010010000100100001001000010010000100100001001000010010000100100001001000010010000100100001001000010010000 
2 0 0 2 0 2 0 0  10010100100101001001010010010000100100001001000010010000100100001001000010010000100100001001000010010000100100001001000010010000100100001001000010010000100100001001000010010000100100001001000010010000 
2 0 0 2 0 0 0 0  10010000100100001001010010010000100100001001010010010000100100001001000010010000100101001001000010010000100100001001000010010000100100001001000010010000100100001001000010010000100100001001000010010000 
2 1 0 2 0 2 0 0  10010101110101011001010110010100100101001001010010010100100101011001010010010100100101101001010010010100100100001001010010010100100101001001010010010101100101001001110010010100100101001001000010010100 
2 0 0 2 0 2 0 0  10010000100101001001010010010100100101001001010010010100100100001001000010010000100100001001010010010000100100001001000010010000100100001001000010010000100100001001000010010100100100001001000010010000 
2 1 2 2 2 2 1 1  11111101111111011101010101011100101111011001110010011110110101001001110011011101100101101101110010011110110111011101110111111101110101011101110110011100110101111101101111111100110111001001010111011100 
3 0 0 2 0 0 0 0  10000000100000001000000010010000100000001000000010010000100000001001000010000000100000001000000010000000100000001000000010000000100000001000000010000000100000001001000010000000100000001001000010010000 
2 0 0 2 0 2 0 0  10010000100100001001010010010100100101001001010010010100100100001001000010010000100100001001000010010000100100001001000010010000100100001001000010010000100100001001000010010100100101001001000010010000 
2 0 0 2 0 2 0 0  10010100100100001001000010010100100101001001010010010100100100001001000010010100100101001001010010010000100100001001000010010000100100001001000010010000100100001001000010010100100100001001000010010000 
3 0 0 2 0 0 0 0  10000000100000001001000010000000100000001000000010010000100000001001000010000000100000001000000010000000100000001000000010000000100000001000000010000000100000001001000010000000100000001000000010000000 
2 1 0 2 0 2 0 1  11010101110101011101010101010100110101011001110010010110110111001001010010001100100101101001010010010100100111011101010011010100111101001101010110010100100101011001001011110100100101001001010011010100 
2 0 0 2 0 2 0 0  10010000100100001001010010010100100101001001010010010000100100001001000010010000100100001001000010010000100100001001000010010000100100001001000010010000100100001001000010010000100100001001000010010000 
3 0 0 0 0 0 0 0  10000000100000001000000010000000100100001000000010000000100000001000000010000000100000001000000010000000100000001000000010000000100000001000000010000000100000001000000010000000100000001000000010000000 
3 0 0 2 0 0 0 0  10000000100000001001000010010000100000001001000010010000100000001001000010000000100000001000000010000000100000001000000010000000100100001000000010000000100000001001000010000000100000001001000010000000 
2 0 0 2 0 2 0 0  10010100100101001001000010010000100100001001000010010000100100001001000010010000100100001001000010010000100100001001000010010000100100001001000010010000100100001001000010010000100100001001000010010000 
2 0 0 2 0 2 0 0  10010100100101001001000010010100100101001001010010010100100100001001000010010100100100001001010010010100100100001001000010010000100100001001000010010000100100001001000010010100100100001001000010010000 
2 0 0 2 0 2 0 0  10010100100101001001010010010100100101001001000010010000100100001001000010010000100100001001000010010000100100001001000010010000100100001001000010010000100100001001000010010000100100001001000010010000 
2 0 0 2 0 2 0 0  10010100100100001001000010010100100101001001010010010100100100001001000010010000100100001001000010010000100100001001000010010000100100001001000010010000100100001001000010010000100100001001000010010000 
2 0 0 2 0 2 0 0  10010100100101001001010010010100100101001001010010010100100100001001000010010000100100001001000010010000100100001001000010010000100100001001000010010000100100001001000010010100100100001001000010010000 
3 0 0 2 0 0 0 0  10000000100000001000000010010000100000001000000010010000100000001001000010000000100000001001000010000000100000001000000010000000100000001000000010000000100100001001000010000000100000001001000010010000 
2 0 0 2 0 0 0 0  10010000100100001001000010010000100100001001000010010000100100001001000010010000100100001001000010010000100100001000000010000000100100001001000010010000100100001001000010010000100100001001000010010000 
2 0 0 2 0 2 0 0  10010000100101001001000010010100100101001001010010010100100100001001010010010000100100001001010010010000100100001001010010010000100100001001000010010000100100001001000010010100100101001001000010010000 
2 0 0 2 0 0 0 0  10010000100100001000000010000000100100001001000010000000100000001001000010000000100000001000000010000000100000001000000010000000100000001000000010000000100000001000000010000000100000001000000010000000 
3 0 0 0 0 0 0 0  10000000100000001000000010000000100000001001000010010000100000001000000010000000100000001000000010000000100000001000000010000000100000001000000010000000100000001000000010000000100000001000000010000000 
2 0 0 2 0 2 0 0  10010100100101001001010010010100100101001001010010010100100100001001000010010100100100001001010010010100100100001001010010010000100100001001000010010000100100001001000010010100100100001001000010010000 
3 0 0 2 0 0 0 0  10000000100100001000000010010000100000001000000010010000100000001001000010000000100000001001000010000000100000001000000010000000100000001000000010000000100000001001000010000000100000001001000010000000 
3 0 0 2 0 0 0 0  10000000100000001000000010000000100000001000000010010000100000001001000010000000100000001000000010000000100000001000000010000000100000001000000010000000100000001001000010000000100000001001000010000000 
2 0 0 2 0 2 0 0  10010000100101001001000010010100100101001001010010010100100100001001000010010000100100001001010010010000100100001001000010010000100100001001000010010000100100001001000010010100100100001001000010010000 
3 0 0 0 0 0 0 0  10000000100000001001000010000000100000001000000010000000100000001000000010000000100000001000000010000000100000001000000010000000100000001000000010000000100100001000000010000000100000001000000010000000 
2 0 0 2 0 2 0 1  11011101110101011101010110010100110101011001010010010100100111011001010011011100100111001001110010010100110111011001010011010100110101001101000110010100100101011101000111010100100101001001010110011100 
2 0 0 2 0 2 0 0  10010100100100001001000010010100100100001001010010010000100100001001000010010000100100001001000010010000100100001001000010010000100100001001000010010000100100001001000010010000100100001001000010010000 
2 0 0 2 0 2 0 0  10010100100101001001000010010100100101001001010010010100100100001001000010010000100100001001000010010000100100001001000010010000100100001001000010010000100100001001000010010000100100001001000010010000 
3 0 0 2 0 0 0 0  10000000100100001001000010010000100000001001000010010000100000001001000010000000100000001001000010000000100000001000000010000000100100001000000010000000100000001001000010000000100000001001000010000000 
2 0 0 2 0 2 0 0  10010000100101001001000010010100100101001001010010010000100100001001000010010000100100001001000010010000100100001001000010010000100100001001000010010000100100001001000010010000100100001001000010010000 
3 0 0 2 0 0 0 0  10000000100100001000000010000000100000001000000010010000100000001001000010000000100000001000000010000000100000001000000010000000100000001000000010000000100000001000000010000000100000001000000010000000 
2 1 2 2 2 2 2 1  11111101111111111111110111111111111111111111111111111111111110111101111011111101110111101111110111011111111111111111111111111101111101111111110111011111110101011101101111111011111111111111111011110101 
2 0 0 2 0 2 0 0  10010000100101001001010010010100100101001001010010010000100100001001000010010000100100001001000010010000100100001001000010010000100100001001000010010000100100001001000010010000100100001001000010010000 
2 0 0 2 0 0 0 0  10010000100000001000000010010000100000001000000010010000100000001001000010000000100000001001000010000000100000001000000010000000100000001000000010000000100100001001000010000000100000001001000010000000 
2 0 0 2 0 0 0 0  10010000100100001001000010000000100100001001000010000000100000001001000010000000100000001000000010000000100000001000000010000000100000001001000010000000100000001000000010000000100000001000000010000000 
2 0 0 2 0 2 0 0  10010100100101001001010010010100100101001001010010010100100101011001110010010100100100001001010110010000100101001001010010010100100101001001010010011100100100001001010010010100100101001001000010010100 
2 0 0 2 0 2 0 0  10010100100100001001010010010100100101001001000010010000100100001001000010010000100100001001000010010000100100001001000010010000100100001001000010010000100100001001000010010000100100001001000010010000 
3 0 0 2 0 0 0 0  10000000100100001000000010000000100000001000000010010000100000001001000010000000100000001000000010000000100000001000000010000000100000001000000010000000100000001001000010000000100000001001000010000000 
2 1 2 2 2 2 2 1  11111111111111111111111111111111111111111111110111111110111111111111111111111111110111101111011011011111110101011011111111110101111101111111111110111111110101111101101111110010111111011111110011110101 
2 0 0 2 0 2 0 0  10010100100101001001010010010100100101001001010010010100100101001001000010010100100100001001010010010100100100001001010010010000100101001001000010010100100100001001000010010100100100001001000010010100 
3 0 0 2 0 0 0 0  10000000100000001001000010010000100000001001000010010000100000001001000010000000100000001001000010000000100000001001000010000000100100001000000010000000100000001001000010000000100000001001000010000000 
2 0 0 2 0 2 0 0  10010100100101001001000010010100100101001001000010010000100100001001000010010000100100001001000010010000100100001001000010010000100100001001000010010000100100001001000010010000100100001001000010010000 
2 0 0 2 0 0 0 0  10010000100100001001000010010000100100001001000010010000100000001001000010000000100000001001000010010000100100001000000010000000100100001001000010000000100000001001000010010000100000000001000010000000 
2 0 0 2 0 0 0 0  10010000100100001001000010010000100101001001000010010100100100001001000010010000100100001001010010010000100100001001010010010000100100001001000010010000100100001001000010010000100101001001000010010000 
2 0 0 2 0 2 0 0  10010000100101001001000010010000100100001001010010010000100100001001000010010000100100001001000010010000100100001001000010010000100100001001000010010000100100001001000010010000100100001001000010010100 
2 0 0 2 0 2 0 0  10010000100101001001010010010000100100001001010010010100100100001001000010010000100100001001000010010000100100001001000010010000100100001001000010010000100100001001000010010000100100001001000010010000 
2 0 0 2 0 0 0 0  10010000100000001001000010000000100100001000000010000000100000001001000010000000100000001000000010000000100000001000000010000000100000001000000010000000100000001000000010000000100000001000000010000000 
2 0 0 2 0 0 0 0  10010000100100001001000010010000100100001001000010010000100000001001000010000000100000001000000010000000100000001000000010000000100000001000000010010000100000001001000010000000100000001001000010000000 
2 1 0 2 0 2 0 0  11010101110101011001010110010100100101001001010010010100100101011001010010010100100101101001010010010101100100001101010011010100100101001001010010010101110101011001010011010100100101001001000010010100 
3 0 0 2 0 0 0 0  10000000100000001001000010000000100000001000000010010000100000001001000010000000100000001001000010000000100000001001000010000000100000001000000010000000100000001001000010000000100000001001000010000000 
3 0 0 2 0 0 0 0  10000000100100001000000010010000100000001001000010010000100100001001000010000000100000001000000010000000100000001000000010000000100000001000000010010000100000001001000010000000100000001001000010000000 
2 0 0 2 0 0 0 0  10010000100000001000000010010000100000001000000010010000100000001001000010000000100000001000000010000000100000001000000010000000100000001000000010000000100100001000000010000000100000001000000010000000 
3 0 0 0 0 0 0 0  10000000100000001000000010000000100000001000000010000000100000001000000010000000100000001000000010000000100000001000000010000000100000001000000010000000100100001000000010000000100000001000000010000000 
2 1 0 2 0 2 0 1  11010101110101011001010101010100110101011001110010010100100111001001110010010100100101101001010010010100100111011101010011010100111101001101010010010100100101011101001011110100100111001001010011010100 
2 1 2 2 2 2 2 1  11111101111111111111111111111111111111111111111111111111111111111111111111111111111111101111111111011111111111111111111111111101111101111111111111111111110101111111111111111010111111111111111011110101 
3 0 0 2 0 0 0 0  10000000100100001001000010000000100000001000000010010000100000001001000010000000100000001000000010000000100000001000000010000000100000001000000010000000100000001000000010000000100000001000000010000000 
2 0 0 2 0 2 0 0  10010100100100001001010010010100100101001001010010010100100100001001000010010000100100001001000010010000100100001001000010010000100100001001000010010000100100001001000010010000100100001001000010010000 
2 1 0 2 0 2 0 1  11010101110101011101010110010100110101011001110010010100110111001001010010000100100101101001010010010101100101011101010011010100100101001101010110010100100101011001000011110100100101001001000011010100 
3 0 0 2 0 0 0 0  10000000100100001001000010010000100000001000000010010000100000001001000010000000100000001000000010000000100000001000000010000000100100001000000010000000100000001001000010000000100000001001000010000000 
3 0 0 2 0 0 0 0  10000000100100001001000010000000100000001000000010010000100000001001000010000000100000001000000010000000100000001000000010000000100000001000000010000000100000001001000010000000100000001001000010000000 
2 0 0 2 0 0 0 0  10010000100000001000000010000000100000001000000010010000100000001001000010000000100000001000000010000000100000001000000010000000100000001000000010000000100000001000000010000000100000001000000010000000 
3 0 0 2 0 0 0 0  10000000100000001001000010010000100000001001000010010000100000001001000010000000100000001001000010000000100100001001000010000000100100001001000010000000100000001001000010000000100000001001000010000000 
2 0 0 2 0 0 0 0  10010000100000001001000010010000100000001001000010010000100000001001000010000000100000001000000010000000100000001000000010000000100000001000000010000000100000001000000010000000100000001000000010000000 
2 0 0 2 0 2 0 0  10010100100100001001010010010100100101001001010010010100100100001001000010010000100100001001010010010000100100001001000010010000100100001001000010010000100100001001000010010100100101001001000010010000 
2 0 0 2 0 2 0 0  10010100100101001001010110010100100101001001010010010100100101011001110010010100100101001001010110010000100101001001010010010100100101001001010010011101100100001001010010010100100101001001000010010100 
3 0 0 2 0 0 0 0  10000000100000001001000010010000100000001000000010010000100000001001000010000000100000001000000010000000100000001000000010000000100000001000000010000000100000001001000010000000100000001000000010000000 
3 0 0 2 0 0 0 0  10000000100100001000000010010000100100001001000010010000100000001001000010000000100000001001000010000000100000001000000010000000100000001000000010010000100000001001000010000000100000001001000010000000 
