3 0 0 0 0 0 0 0  10000000100000001000000010000000100000001000000010000000100000001000000010000000100000001000000010000000100000001000000010000000100000001000000010000000100000001000000010000000100000001000000010000000 
3 0 0 0 0 0 0 0  10000000100000001001000010000000100000001000000010000000100000001000000010000000100000001000000010000000100000001000000010000000100000001000000010000000100000001000000010000000100000001000000010000000 
2 2 0 2 0 2 0 0  11110101110101011101010110010101110101011001010010010100100101001001010011010100100101001001010011010100100101011101010010010100110101001101010110010100100101011001010110010100100101001001010011010100 
2 0 0 0 0 0 0 0  10010000100000001000000010000000100000001000000010000000100000001000000010000000100000001000000010000000100000001000000010000000100000001000000010000000100000001000000010000000100000001000000010000000 
3 0 0 0 0 0 0 0  10000000100100001000000010000000100000001000000010000000100000001000000010000000100000001000000010000000100000001000000010000000100000001000000010000000100000001000000010000000100000001000000010000000 
2 0 0 2 0 1 0 0  10010000100101001001000010010000100100001001000010010000100100001001000010010000100100001001000010010000100100001001000010010000100100001001000010010000100100001001000010010000100100001001000010010000 
2 0 0 2 0 1 0 0  10010100100100001001000010010000100100001001000010010000100100001001000010010000100100001001000010010000100100001001000010010000100100001001000010010000100100001001000010010000100100001001000010010000 
2 0 0 2 0 0 0 0  10010000100100001001000010010000100100001001000010010000100100001001000010010000100100001001000010010000100100001001000010010000100100001001000010010000100100001001000010010000100100001001000010010000 
2 2 0 2 0 2 0 0  11010101110101011001010110010101110101011001010010010100100101001001010010010100100101001001010011010100100101011001010010010100100101001001010011010100100101011001010010010100100101001001010010010100 
2 2 0 2 0 2 0 0  10010101110101011001010110010101100101001001010010010100100101001001010010010100100101001001010010010100100101011001010011010100100101001001010010010100100101011001010010010100100101001001010010010100 
2 0 0 2 0 0 0 0  10010000100100001000000010000000100000001000000010000000100000001000000010000000100000001000000010000000100000001000000010000000100000001000000010000000100000001000000010000000100000001000000010000000 
2 2 2 2 1 2 1 1  11111101111101011111010111010101100111001101010010010110111111011101010011110100100111001101010110010101100101011101010011010101111111011111010111011100111111011001110111110010100111101001010001110100 
2 2 2 2 2 2 2 0  11111111111111111111111111111111111111111111111111111110111111011111111111111011111111111111111111011101111111111111111011111111111111111111011111111111111111011111111111111111111111111111111111111111 
2 0 0 2 0 2 0 0  10010101100101001001010010010100100101001001010010010100100101001001010010010100100101001001000010010100100101001001010010010000100100001001010010010100100101011001010010010000100101001001010010010100 
2 2 2 2 2 2 1 1  11111101111111011111010111111101100111001101010011011110111111011101010111110101110111001111110111010100110101011111011011110101111111001101110111010100111111011011110011011011110110101101110011011100 
3 0 0 2 0 0 0 0  10000000100100001001000010000000100000001000000010000000100000001000000010000000100000001000000010000000100000001000000010000000100000001000000010000000100000001000000010000000100000001000000010000000 
2 0 0 2 0 0 0 0  10010000100000001001000010000000100000001000000010000000100000001000000010000000100000001000000010000000100000001000000010000000100000001000000010000000100000001000000010000000100000001000000010000000 
2 2 0 2 0 2 0 0  10010101100101011001010010010100100101001001010010010100100101001001010010010100100101001101010010010101100101001001010011010100100101001001010010010100100101011001010010010100100101001001010010010100 
0 0 0 0 0 2 0 0  11111111111111111111111111111111111111111111111111111111111111111111111111111111111111111111111111111111111111111111111011111111111111111111111111111111111111111111111111111111111111111111111111111111 
2 0 0 2 0 1 0 0  10010000100100001001010010010000100100001001000010010000100100001001000010010000100100001001000010010000100100001001000010010000100100001001000010010000100100001001000010010000100100001001000010010000 
2 2 2 2 1 2 1 1  11110101111101011111010111111101100111001101010010010111111111011101110011110100100101001111010110010101110101011101010011110101111111011111110011011100111111011001110111110010110111101101110001110100 
3 0 0 0 0 0 0 0  10000000100000001000000010000000100000001000000010010000100000001000000010000000100000001000000010000000100000001000000010000000100000001000000010000000100000001000000010000000100000001000000010000000 
2 0 0 2 0 2 0 0  10010100100101001001010010010100100101001001010010010100100100001001010010010100100101001001000010010000100100001001000010010100100101001001000010010100100101011001010010010100100101001001010010010100 
2 0 0 2 0 0 0 0  10010000100100001001000010000000100000001000000010000000100000001000000010000000100000001000000010000000100000001000000010000000100000001000000010000000100000001000000010000000100000001000000010000000 
2 0 0 2 0 2 0 0  10010100100101001001010010010000100100001001000010010000100100001001000010010000100100001001000010010000100100001001000010010000100100001001000010010000100100001001000010010000100100001001000010010000 
2 2 2 2 2 2 2 1  11111101111111011111110111111101111111001111110011111100111111011101011111110101111111001111111111010101111101111111111011111111111111011111110111110101111111011011110011011111110110101101111011011101 
2 0 0 2 0 1 0 0  10010100100101001001000010010000100100001001000010010000100100001001000010010000100100001001000010010000100100001001000010010000100100001001000010010000100100001001000010010000100100001001000010010000 
2 0 0 2 0 1 0 0  10010100100100001001010010010000100100001001000010010000100100001001000010010000100100001001000010010000100100001001000010010000100100001001000010010000100100001001000010010000100100001001000010010000 
2 0 0 2 0 1 0 0  10010000100101001001010010010000100100001001000010010000100100001001000010010000100100001001000010010000100100001001000010010000100100001001000010010000100100001001000010010000100100001001000010010000 
3 0 0 2 0 0 0 0  10000000100000001001000010000000100000001001000010010000100000001000000010000000100000001000000010000000100000001000000010010000100000001000000010000000100000001000000010000000100000001001000010000000 
3 0 0 2 0 0 0 0  10000000100100001001000010000000100000001001000010010000100000001000000010000000100000001000000010000000100000001000000010000000100000001000000010000000100000001000000010000000100000001000000010000000 
3 0 0 2 0 0 0 0  10000000100000001001000010000000100000001000000010010000100000001000000010000000100000001000000010000000100000001000000010000000100000001000000010000000100000001000000010000000100000001001000010000000 
3 0 0 2 0 0 0 0  10000000100100001001000010010000100000001001000010010000100000001000000010000000100000001000000010000000100000001000000010000000100100001000000010000000100000001000000010000000100000001001000010000000 
2 2 2 2 2 2 2 1  11111101111111111111111111111111111111111111111111111100111111011111111111111011111111111111111111110101111111111111111011111111111111011111010111110111110111011111111111111111111111111111111011111111 
2 2 2 2 2 2 2 1  11111101111111011111111111111111111111111111111111111100111111011111111111111011111111111111111111110101111111111111111011111111111111011111111111110111110111011111111111111101111111111111111011111110 
2 0 0 2 0 2 0 0  10010101100101011001010010010100100101001001010010010100100101001001010010010100100101001101010010010101100101001001010011010100100101001001010010010100100101011001010010010000100101001001000010010100 
2 0 0 2 0 0 0 0  10010000100100001001000010010000100100001001000010010000100100001001000010010000100000001001000010010000100100001000000010010000100100001001000010010000000100001001000010010000100100001001000010010000 
3 0 0 2 0 0 0 0  10000000100100001000000010000000100100001001000010010000100000001000000010000000100000001000000010000000100000001000000010000000100000001000000010000000100000001000000010000000100000001001000010000000 
2 0 0 2 0 2 0 0  10010000100101001001010010010100100101001001010010010000100100001001000010010000100100001001000010010000100100001001000010010000100100001001000010010000100100001001000010010000100100001001000010010000 
2 0 0 2 0 1 0 0  10010000100100001001010010010000100101001001010010010000100100001001000010010000100100001001000010010000100100001001000010010000100101001001000010010000100100001001000010010000100100001001000010010000 
2 0 0 2 0 2 0 0  10010100100101001001000010010100100101001001010010010100100100001001000010010100100100001001000010010000100100001001000010010000100100001001000010010000100100001001000010010000100101001001000010010100 
2 0 0 2 0 2 0 0  10010100100101001001010010010000100101001001010010010000100100001001000010010000100100001001000010010000100100001001000010010000100100001001000010010000100100001001000010010000100100001001000010010000 
3 0 0 2 0 0 0 0  10000000100100001001000010010000100100001001000010010000100000001000000010000000100000001000000010010000100000001000000010000000100100001000000010000000100000001000000010000000100000001001000010000000 
2 0 0 2 0 0 0 0  10010000100100001001000010000000100100001001000010000000100000001000000010000000100000001001000010000000100000001000000010000000100000001000000010000000100000001000000010000000100000001000000010000000 
3 0 0 2 0 0 0 0  10000000100000001000000010000000100100001001000010000000100100001000000010000000100100001000000010000000100000001000000010010000100000001000000010010000100100001000000010000000100000001001000010000000 
2 0 0 2 0 1 0 0  10010000100100001001010010010000100100001001010010010000100100001001000010010000100100001001000010010000100100001001000010010000100101001001000010010000100100001001000010010000100100001001000010010000 
3 0 0 0 0 0 0 0  10000000100000001000000010000000100000001001000010000000100000001000000010000000100000001000000010000000100000001000000010000000100000001000000010000000100000001000000010000000100000001000000010010000 
2 0 0 2 0 2 0 0  10010100100101001001010010010100100101001001010010010100100100001001000010010000100100001001000010010000100100001001000010010000100100001001000010010000100100001001000010010000100100001001000010010100 
2 0 0 2 0 2 0 0  10010100100101001001010010010100100101001001010010010100100101001001010010010100100101001001000010010100100100001001010010010100100100001001010010010100110101011001010010010100100101001001000010010100 
2 0 0 2 0 0 0 0  10010000100000001000000010000000100100001001000010000000100100001000000010000000100000001000000010000000100000001000000010000000100100001001000010000000100000001000000010000000100000001000000010000000 
2 0 0 2 0 1 0 0  10010100100100001001000010010100100100001001010010010100100100001001000010010000100100001001000010010000100100001001000010010000100100001001000010010000100100001001000010010000100100001001000010010000 
2 0 0 2 0 2 0 0  10010000100101001001010010010100100101001001010010010000100100001001000010010000100100001001000010010100100100001001000010010000100101001001000010010000100100001001000010010000100100001001000010010100 
2 0 0 2 0 0 0 0  10010000100100001000000010000000100100001001000010000000100000001000000010000000100000001000000010000000100000001000000010000000100000001000000010000000100000001000000010000000100000001000000010000000 
2 0 0 2 0 0 0 0  10010000100100001001000010010000100100001001000010010000100000001001000010010000100000001000000010010000100100001000000010000000100100001001000010000000100100001000000010000000100000001001000010000000 
2 0 0 2 0 2 0 0  10010100100101001001010010010100100101001001010010010101100100001001000010010100100101001001000010010100100100001001000010010000100100001001010010010000100101001001010010010000100101001001010010010100 
2 0 0 2 0 0 0 0  10010000100000001000000010000000100100001000000010000000100000001000000010000000100000001000000010000000100000001000000010000000100000001001000010000000100000001000000010000000100000001000000010000000 
2 0 0 2 0 2 0 0  10010100100101001001010010010100100101001001010010010100100100001001000010010100100100001001000010010000100100001001000010010000100100001001000010010000100100001001010010010000100101001001010010010100 
2 0 0 2 0 0 0 0  10010000100100001001000010010000100100001001000010010000100000001000000010000000100000001001000010010000100000001000000010000000100000001000000010010000100000001000000010000000100000001000000010000000 
3 0 0 2 0 0 0 0  10000000100000001001000010010000100100001001000010010000100100001000000010000000100000001000000010010000100000001000000010000000100100001000000010000000100000001000000010000000100000001001000010000000 
2 0 0 2 0 0 0 0  10010000100100001001000010010000100100001001010010010000100100001001000010010000100100001001000010010000100100001001000010010000100101001001000010010000100100001001000010010000100100001001000010010000 
2 2 2 2 2 2 2 1  11111111111111111111111111111111111111111111111111011101111111011111111111111011111111111111111111010100111111111111111011111100111011011111011111110111110101011111110111110101111111111111111011111111 
2 0 0 2 0 2 0 0  10010100100100001001000010010100100101001001010010010100100100001001000010010100100100001001000010010000100100001001000010010000100100001001000010010000100100001001000010010000100101001001010010010100 
2 0 0 2 0 0 0 0  10010000100000001001000010000000100100001001000010000000100000001000000010000000100000001000000010000000100000001000000010000000100000001000000010000000100000001000000010000000100000001000000010000000 
2 0 0 2 0 2 0 0  10010100100101001001000010010100100101001001010010010000100100001001000010010000100100001001000010010000100100001001000010010000100100001001000010010000100100001001000010010000100100001001000010010100 
2 2 2 2 1 2 1 1  11110101111101011111010110010101100101011001010010010100110111101101010011110100100101001001010110010101100101001001010011010100101101011111010111011101100111111101110010110010100111001001010010110100 
2 0 0 2 0 0 0 0  10010000100100001001000010010000100100001001000010010000100100001001000010010000100100001001000010010000100100001001000010010000100101001001000010010000100100001001000010010000100100001001000010010000 
2 0 0 2 0 2 0 0  10010100100101001001000010010100100100001001010010010000100100001001000010010000100100001001000010010000100100001001000010010000100100001001000010010000100100001001000010010000100100001001000010010000 
2 0 0 2 0 1 0 0  10010100100100001001000010010100100100001001000010010000100100001001000010010000100100001001000010010000100100001001000010010000100100001001000010010000100100001001000010010000100100001001010010010000 
2 0 0 2 0 1 0 0  10010000100100001001000010010100100101001001010010010100100100001001000010010000100100001001000010010000100100001001000010010000100100001001000010010000100100001001000010010000100100001001000010010000 
2 0 0 2 0 2 0 0  10010000100101001001010010010000100101001001000010010000100100001001000010010000100100001001000010010000100100001001000010010000100100001001000010010000100100001001000010010000100100001001000010010000 
3 0 0 2 0 0 0 0  10000000100000001000000010000000100000001001000010010000100000001000000010000000100000001000000010010000100000001000000010010000100000001000000010000000100000001000000010010000100000001001000010000000 
2 0 0 2 0 2 0 0  10010100100100001001000010010100100101001001010010010000100100001001000010010000100100001001000010010100100100001001000010010000100100001001000010010000100100001001000010010000100100001001000010010100 
3 0 0 2 0 0 0 0  10000000100100001000000010000000100000001001000010000000100000001000000010000000100000001000000010000000100000001000000010010000100000001000000010000000100000001000000010000000100000001001000010000000 
2 0 0 2 0 1 0 0  10010000100101001001000010010000100101001001000010010000100100001001000010010000100100001001000010010000100100001001000010010000100100001001000010010000100100001001000010010000100100001001000010010000 
2 2 0 2 0 2 1 1  11110101110101011101010110010101110101011001010010010110110101001101010011010100110111101001010110010101100101011001010011010100110110101101010111010100110111011001011110010100100101101001010011010100 
2 0 0 2 0 2 0 0  10010000100101001001000010010100100101001001010010010100100100001001000010010000100100001001000010010000100100001001000010010000100101001001000010010000100100001001000010010000100100001001000010010100 
2 0 0 2 0 2 0 0  10010000100101001001000010010100100101001001010010010000100100001001000010010000100100001001000010010000100100001001000010010000100100001001000010010000100100001001000010010000100100001001000010010100 
3 0 0 2 0 0 0 0  10000000100000001001000010000000100100001001000010010000100000001000000010000000100000001000000010010000100000001000000010000000100000001000000010000000100000001000000010000000100000001001000010000000 
2 0 0 2 0 2 0 0  10010100100100001001010010010100100101001001010010010100100100001001000010010000100100001001000010010000100100001001000010010000100100001001000010010000100100001001000010010000100100001001010010010100 
3 0 0 2 0 0 0 0  10000000100100001000000010010000100100001001000010010000100000001000000010000000100000001000000010010000100000001000000010000000100100001000000010010000100000001000000010000000100000001001000010000000 
3 0 0 2 0 0 0 0  10000000100000001001000010010000100100001001000010010000100000001000000010000000100000001001000010000000100000001000000010010000100100001001000010000000100100001000000010000000100000001001000010000000 
3 0 0 2 0 0 0 0  10000000100000001001000010010000100100001001000010010000100000001000000010000000100000001000000010000000100000001000000010000000100100001000000010000000100000001000000010000000100000001001000010000000 
3 0 0 2 0 0 0 0  10000000100100001000000010000000100100001001000010010000100000001000000010010000100000001000000010010000100000001000000010000000100000001000000010010000100000001000000010000000100000001001000010000000 
2 0 0 2 0 2 0 0  10010101100101001001010010010100100101001001010010010100100101001001010010010100100101001001000010010100100101001001010010010100100111001001010010010100110101011001010010010000100101001001000010010100 
2 0 0 2 0 2 0 0  10010000100101001001000010010100100101001001010010010100100100001001000010010100100100001001000010010100100100001001000010010000100101001001000010010000100100001001000010010000100101001001000010010100 
2 0 0 2 0 1 0 0  10010000100101001001000010010000100101001001000010010000100100001001000010010000100101001001000010010000100100001001000010010000100100001001000010010000100100001001000010010000100100001001000010010100 
2 0 0 2 0 2 0 0  10010100100100001001010010010000100100001001010010010000100100001001000010010000100100001001000010010000100100001001000010010000100100001001000010010000100100001001000010010000100101001001000010010000 
2 2 0 2 0 2 0 0  10010101100101011001010110010101110101011001010010010100100101001001010010010100100101001001010011010101100101111101010010010100100101001001010111010100100101011101110010010100100001001001010011010100 
2 0 0 2 0 2 0 0  10010101100101011001010010010100100101001001110010010100100101001001010010010100100101001001010010010101100101001001000010010100100101001000010010010100100101011001010010010000100101001001000010010100 
2 0 0 2 0 2 0 0  10010100100100001001010010010100100101001001000010010000100100001001000010010000100100001001000010010100100100001001000010010000100100001001000010010000100100001001000010010000100100001001000010010100 
3 0 0 0 0 0 0 0  10000000100000001001000010000000100000001000000010000000100000001000000010000000100000001000000010000000100000001000000010000000100000001000000010000000100000001000000010000000100000001000000010010000 
2 0 0 2 0 0 0 0  10010000100000001000000010010000100100001001000010010000100100001000000010000000100000001000000010000000100000001000000010000000100000001000000010000000100000001000000010000000100000001001000010000000 
2 0 0 2 0 0 0 0  10010000100000001001000010000000100100001001000010000000100000001000000010000000100000001001000010000000100000001000000010000000100100001001000010000000100000001000000010000000100000001000000010000000 
3 0 0 2 0 0 0 0  10000000100000001000000010000000100000001001000010000000100100001000000010000000100000001000000010000000100000001000000010010000100000001000000010010000100000001000000010000000100000001001000010000000 
3 0 0 0 0 0 0 0  10000000100000001000000010000000100000001001000010010000100000001000000010000000100000001000000010000000100000001000000010000000100000001000000010000000100000001000000010000000100000001000000010010000 
3 0 0 2 0 0 0 0  10000000100100001000000010000000100000001001000010000000100000001000000010000000100000001000000010000000100000001000000010000000100000001000000010000000100000001000000010000000100000001000000010000000 
2 2 0 2 0 2 0 0  11010101100101011001010110010100100101001001010010010100100101001001010010010100100101001101010010010101100101011101010011010100100101001001010010010100100101011001010010010000100101001001010010010100 
2 2 0 2 0 2 0 0  11010101110101011001010110010100110101001001010010010100100101001001010010010100100101001001010010010101100101011101010010010100100101001001010010010100100101011001010010010000100101001001010010010100 
2 0 0 2 0 1 0 0  10010000100100001001010010010000100100001001000010010000100100001001000010010000100100001001010010010000100100001001000010010000100100001001000010010000100100001001000010010000100100001001000010010000 
2 0 0 2 0 1 0 0  10010000100100001001000010010000100100001001010010010000100100001001000010010000100101001001000010010000100100001001000010010000100101001001000010010000100100001001000010010000100100001001000010010100 
