3 0 0 0 0 0 0 0  10000000100000001000000010000000100000001000000010000000100000001000000010000000100000001000000010000000100000001000000010000000100000001000000010000000100000001000000010000000100000001000000010000000 
2 0 0 1 0 0 0 0  10010000100000001000000010000000100000001000000010000000100000001000000010000000100000001000000010000000100000001000000010000000100000001000000010000000100000001000000010000000100000001000000010000000 
3 0 0 1 0 0 0 0  10000000100100001000000010000000100000001000000010000000100000001000000010000000100000001000000010000000100000001000000010000000100000001000000010000000100000001000000010000000100000001000000010000000 
3 0 0 1 0 0 0 0  10000000100000001001000010000000100000001000000010000000100000001000000010000000100000001000000010000000100000001000000010000000100000001000000010000000100000001000000010000000100000001000000010000000 
2 0 0 2 0 0 0 0  10010000100100001001000010010000100100001001000010010000100100001001000010010000100100001001000010010000100100001001000010010000100100001001000010010000100100001001000010010000100100001001000010010000 
2 0 0 1 0 0 0 0  10010000100100001000000010000000100000001000000010000000100000001000000010000000100000001000000010000000100000001000000010000000100000001000000010000000100000001000000010000000100000001000000010000000 
2 0 0 2 0 2 0 0  10010100100101001001010010010100100101001001010010010100100101001001010010010100100100001001000010010100100100001001010110010000100101001001000010010100100101001001010010010000100100001001000010010100 
2 0 0 2 0 0 0 0  10010000100100001001010010010000100100001001000010010000100100001001000010010000100100001001000010010000100100001001000010010000100100001001000010010000100100001001000010010000100100001001000010010000 
2 2 1 2 2 2 2 0  11111111111111111111111111111111111111111111111111111111111101011011111111111111111111111111111111111111111111011111111111111101111111111111111111111111111111111111111111111110111111110111111111111111 
2 2 0 2 0 2 0 0  11010101110101011101010111010100100101001001010011010100100101001001010110010100100101101001000010010100100111001101010111010101110101001001000010011100100101001001010010010100100101001001010010010100 
2 2 0 2 0 2 0 0  11010100110101011101010111010100100101001001010011010100100101001001010110010100100101101001000010010100100111001101010111010101110101001001000010010100100101001001010010010100100101001001010010010100 
2 0 0 2 0 2 0 0  10010101100101001001010010010100100101001001010010010100100101011001010010010000100100001001000010010100100100001001010010010100100101001001010010010100100101001001010010010100100101001001010010010100 
2 0 0 2 0 0 0 0  10010000100100001001000010000000100100001000000010000000100000001000000010000000100000001000000010000000100000001000000010000000100000001000000010000000100000001000000010000000100000001000000010000000 
3 0 0 1 0 0 0 0  10000000100100001001000010000000100000001000000010000000100000001000000010000000100000001000000010000000100000001000000010000000100000001000000010000000100000001000000010000000100000001000000010000000 
0 0 0 0 0 0 0 0  11111111111111111111111111111111111111101111111111111111111111111111111111111111111111111111111111111111111111111111111111111111111111111111111111111111111111111111111111111111111111111111111111111111 
2 0 0 2 0 2 0 0  10011101100101011001010010010100100101001001010010010100100101011001010010010100100101001001000010010100100111001001010110010101100101001001000010010100100101001001010010010100100101001011010010010100 
2 0 0 2 0 0 0 0  10010000100101001001000010010000100100001001000010010000100100001001000010010000100100001001000010010000100100001001000010010000100100001001000010010000100100001001000010010000100100001001000010010000 
2 2 0 2 0 2 0 0  11010101110101011101010111010100100101001101010011010100100101001001010110010100100101101001100011010100100111001101010111010101110101001101010010010100101101001101010001010100100101001001010010010100 
2 0 0 1 0 0 0 0  10010000100000001001000010000000100000001000000010000000100000001000000010000000100000001000000010000000100000001000000010000000100000001000000010000000100000001000000010000000100000001000000010000000 
2 2 0 2 2 2 0 0  11111101111111011101110111010100101101001001110011110100100111011101010010010101110101001001110011111100110111011111010111110101111111001111111011011110111111001111110010110100010101001101110010010100 
2 0 0 2 0 0 0 0  10010000100100001001000010010000100101001001000010010100100100001001000010010000100100001001000010010000100100001001010010010000100101001001000010010000100100001001000010010000100100001001000010010100 
3 0 0 1 0 0 0 0  10000000100100001000000010000000100100001000000010000000100000001000000010000000100000001000000010000000100000001000000010000000100000001000000010000000100000001000000010000000100000001000000010000000 
2 0 0 2 0 0 0 0  10010100100100001001000010010000100100001001000010010000100100001001000010010000100100001001000010010000100100001001000010010000100100001001000010010000100100001001000010010000100100001001000010010000 
2 2 0 2 2 2 0 0  11010101110111011101010110010100100101001101010001010100110101011101010110010100110101011001110011010100110111001101010111110100110111001101010010011100111101001101010101010100100101001001010110010100 
2 2 0 2 2 2 0 0  11011101110101011101010110010100100101001001010001010100110101011101010110010100110101001001110011010100110111001101010111110100111111001101010010011100111111001101010110010100110101001101010110010100 
2 0 0 2 0 2 0 0  10010100100101001001010010010000100100001001000010010000100100001001000010010000100100001001000010010000100100001001000010010000100100001001000010010000100100001001000010010000100100001001000010010000 
2 0 0 2 0 2 0 0  10010100100101001001010010010100100101001001010010010100100100001001000010010000100100001001000010010000100100001001000010010000100100001001000010010000100100001001000010010000100101001001000010010000 
2 2 2 2 2 2 2 0  11111101111111011111110111010100111111001111110010111100111111011011110011111101111111011111111011011100110111011111011111111101111111111111111111111111111111111111111101111010111101001111110011110111 
2 0 0 2 0 2 0 0  10010101100101011001010010010100100101001001010010010100100101001001010010010100100100001001000010010100100100001001010010010100100101001001000010010100100101001001010010010100100101001011000010010100 
2 0 0 2 0 0 0 0  10010000100100001001000010010000100100001001000010010000100100001001000010010000100000001001000010010000100100001000000010010000100000001001000010010000100000001001000010010000100100001001000010010000 
2 2 0 2 2 2 0 0  11111101110111011101110110010100100101001001110011110100110101011101010010010100110101001001100011010100110111001101010111110101111111001101010010011100111111001111010010010100100101001101010010010100 
2 2 2 2 2 2 2 0  11111111111111111111111111111111111111101101110011111111111111011111110111110111110111111101110011011100110111010111001111111101111111111111111111111111111101111101110101111010110111000111010011101111 
3 0 0 1 0 0 0 0  10000000100000001001000010000000100000001000000010010000100000001000000010010000100000001000000010000000100000001000000010000000100000001000000010000000100100001000000010000000100000001000000010000000 
2 0 0 2 0 2 0 0  10010100100100001001000010010100100101001001010010010100100100001001000010010000100100001001000010010000100100001001000010010000100100001001000010010000100100001001000010010000100101001001000010010000 
2 0 0 2 0 2 0 0  10010100100101001001010010010100100101001001010010010100100100001001010010010000100100001001000010010000100100001001010010010000100101001001000010010100100101001001000010010000100101001001000010010000 
2 0 0 2 0 2 0 0  10010100100100001001000010010100100101001001000010010000100100001001000010010000100100001001000010010000100100001001000010010000100100001001000010010000100100001001000010010000100100001001000010010000 
2 0 0 2 0 2 0 0  10010100100100001001010010010000100100001001000010010000100100001001000010010000100100001001000010010000100100001001000010010000100100001001000010010000100100001001000010010000100100001001000010010000 
2 0 0 2 0 2 0 0  10010000100101001001000010010100100100001001010010010000100100001001000010010000100100001001000010010000100100001001000010010000100100001001000010010000100100001001000010010000100100001001000010010000 
2 2 0 2 0 2 0 0  10010101100101001101010011010100100101001001010010010100100101011001010010010100100100101001000010010100100111001101010011010101110101001001010010010100100101001001010010010100100101001001010010010100 
3 0 0 1 0 0 0 0  10000000100000001001000010000000100000001001000010000000100000001000000010000000100000001000000010000000100000001000000010000000100000001000000010000000100000001000000010000000100000001000000010000000 
2 0 0 2 0 2 0 0  10010000100100001001010010010100100101001001010010010100100100001001000010010000100100001001000010010100100100001001000010010000100100001001000010010000100100001001000010010000100101001001000010010000 
2 0 0 2 0 2 0 0  10010101100101001001010010010100100101001001010010010100100100001001010010010000100100001001000010010100100100001001010010010100100101001001000010010100100101001001010010010000100101001001000010010100 
2 2 2 2 2 2 0 0  11111101111111011111110111010100101101001011110010111100100111011011010011011101110101011001110011111100110111011111010111111101111111011111111011111110111111101111111111110100110101001101110011010110 
2 2 2 2 2 2 2 0  11111101111111111111111111111111111111111111110011111111111111011011110111111111110111111101110011011100110111010111011111111101111111111111111111111111111101111101110111111010110111001111110111101111 
2 2 0 2 2 2 0 0  11011101110111011101010110010100100101001001010001110101100101011101010110010100110101011001110011010100110111001101010111110100111101001101010010011100111101001101010110010100100101001101010011011100 
2 0 0 2 0 2 0 0  10010000100101001001010010010000100100001001000010010000100100001001000010010000100100001001000010010000100100001001000010010000100100001001000010010000100100001001000010010000100100001001000010010000 
2 0 0 2 0 2 0 0  10010100100101001001000010010000100100001001000010010000100100001001000010010000100100001001000010010000100100001001000010010000100100001001000010010000100100001001000010010000100100001001000010010000 
2 0 0 2 0 2 0 0  10010100100101001001000010010100100101001001010010010100100100001001000010010000100100001001000010010000100100001001010010010100100100001001000010010000100100001001000010010000100101001001000010010100 
2 0 0 2 0 2 0 0  10010101100101011001010010010100100101001001010010010100100101001001010010010100100100001001000010010100100111001000010010010100110101001001010010010100100101001001010010010100100101001011010010010100 
2 0 0 2 0 2 0 0  10010000100101001001000010010100100101001001010010010100100100001001000010010000100100001001000010010000100100001001000010010000100100001001000010010000100100001001000010010000100100001001000010010000 
2 0 0 2 0 2 0 0  10010100100101001001010010010100100101001001000010010000100100001001000010010000100100001001000010010000100100001001000010010000100100001001000010010000100100001001000010010000100100001001000010010000 
2 0 0 2 0 0 0 0  10010000100000001000000010000000100100001001000010000000100000001000000010000000100000001000000010000000100000001000000010000000100000001001000010000000100000001000000010000000100000001000000010000000 
2 2 0 2 2 2 0 0  11111101110111011101110110010100101101001101010011110100110101011111010110010100110101001001111011010100110111001101010111110101111111001101111010011100111111001111010010010100100101001101010010011100 
2 0 0 2 0 0 0 0  10010000100000001000000010010000100100001000000010010000100100001000000010000000100000001000000010000000100000001000000010000000100000001001000010000000100000001001000010000000100000001000000010000000 
3 0 0 2 0 0 0 0  10000000100000001001000010000000100000001000000010010000100000001001000010000000100000001000000010000000100000001001000010000000100000001000000010000000100000001001000010000000100000001001000010000000 
2 2 2 2 2 2 2 0  11111101111111011111111111111111111111011111110111111111111111011011110011111111111111111111111111011100110111011111011111111101111111111111111111111111111111111111111111111110111101001111110111111111 
3 0 0 2 0 0 0 0  10000000100100001000000010000000100000001000000010010000100000001001000010000000100000001000000010000000100000001000000010000000100000001000000010000000100000001001000010000000100000001001000010000000 
2 0 0 2 0 2 0 0  10010100100101001001000010010100100101001001010010010000100100001001000010010000100100001001000010010000100100001001000010010000100101001001000010010000100100001001000010010000100100001001000010010000 
2 0 0 2 0 0 0 0  10010000100100001001000010010000100100001001000010010100100100001001000010010000100100001001000010010000100100001001000010010000100101001001000010010000100100001001000010010000100100001001000010010100 
2 0 0 2 0 0 0 0  10010000100100001000000010000000100100001000000010000000100100001000000010000000100000001000000010000000100000001000000010000000100000001001000010000000100000001000000010000000100000001000000010000000 
3 0 0 2 0 0 0 0  10000000100000001000000010010000100000001000000010010000100000001001000010010000100000001000000010000000100000001000000010000000100000001000000010000000100000001001000010000000100000001001000010000000 
2 0 0 2 0 2 0 0  10010000100101001001010010010100100101001001010010010100100100001001000010010000100100001001000010010000100100001001010010010000100101001001000010010000100100001001010010010000100100001001000010010100 
2 0 0 2 0 2 0 0  10010100100101001001000010010000100101001001000010010000100100001001000010010000100100001001000010010000100100001001000010010000100100001001000010010000100100001001000010010000100100001001000010010100 
2 0 0 2 0 2 0 0  10010000100101001001000010010100100101001001010010010100100100001001000010010000100100001001000010010000100100001001010010010000100100001001000010010000100100001001000010010000100101001001000010010100 
2 0 0 2 0 2 0 0  10010100100100001001010010010000100101001001000010010000100100001001000010010000100100001001000010010000100100001001000010010000100100001001000010010000100100001001000010010000100101001001000010010000 
2 0 0 2 0 2 0 0  10010100100100001001000010010100100101001001010010010100100100001001010010010000100100001001000010010000100100001001010010010100100100001001000010010000100101001001000010010000100101001001000010010000 
3 0 0 2 0 0 0 0  10000000100000001001000010010000100000001000000010010000100000001001000010000000100000001000000010000000100000001001000010000000100000001000000010000000100000001001000010000000100000001001000010000000 
2 0 0 2 0 2 0 0  10010000100101001001010010010100100100001001000010010100100100001001000010010000100100001001000010010000100100001001000010010000100100001001000010010000100100001001000010010000100100001001000010010000 
2 0 0 2 0 2 0 0  10010000100100001001010010010100100101001001000010010000100100001001010010010000100100001001000010010000100100001001000010010000100100001001000010010000100100001001000010010000100101001001000010010000 
2 0 0 2 0 2 0 0  10010000100101001001010010010100100101001001010010010100100100001001000010010000100100001001000010010000100100001001010010010000100101001001000010010100100101001001010010010000100101001001000010010100 
2 0 0 2 0 2 0 0  10010100100100001001010010010100100101001001010010010000100100001001000010010000100100001001000010010000100100001001000010010000100100001001000010010000100100001001000010010000100101001001000010010000 
2 0 0 2 0 0 0 0  10010000100100001001000010010000100100001001000010010000100000001001000010010000100000001001000010000000100100001000000010000000100000001001000010000000100000001000000010000000100000001001000010010000 
3 0 0 1 0 0 0 0  10010000100000001000000010000000100000001000000010010000100000001000000010000000100000001000000010000000100000001000000010000000100000001000000010000000100000001000000010000000100000001000000010000000 
2 2 0 2 2 2 0 0  11011101110111011101110110010100100101001001110011110100110101011101010110010100110101001001101011010100110111001101010111110101111111001101111010011100111111001111010110010100100101001101010010010100 
2 0 0 2 0 2 0 0  10010000100101001001000010010100100101001001010010010100100100001001000010010000100100001001000010010100100100001001010010010100100100001001000010010000100101001001000010010000100101001001000010010100 
3 0 0 2 0 0 0 0  10000000100100001001000010000000100000001000000010010000100000001001000010000000100000001000000010000000100000001000000010000000100000001000000010000000100000001000000010000000100000001000000010000000 
3 0 0 1 0 0 0 0  10000000100000001000000010000000100000001000000010010000100000001000000010010000100000001000000010000000100000001000000010000000100000001000000010000000100000001001000010000000100000001001000010000000 
2 0 0 2 0 2 0 0  10010000100101001001010010010100100101001001010010010000100100001001000010010000100100001001000010010000100100001001000010010000100100001001000010010000100100001001000010010000100100001001000010010000 
2 0 0 2 0 2 0 0  10010000100101001001010010010100100101001001010010010100100100001001000010010000100100001001000010010000100100001001000010010000100100001001000010010000100100001001000010010000100101001001000010010000 
3 0 0 1 0 0 0 0  10000000100000001000000010000000100000001000000010010000100000001000000010010000100000001000000010000000100000001000000010000000100000001000000010000000100000001001000010000000100000001000000010000000 
3 0 0 2 0 0 0 0  10000000100100001000000010010000100000001001000010010000100000001000000010000000100000001000000010000000100000001000000010000000100000001000000010000000100000001001000010000000100000001001000010000000 
3 0 0 2 0 0 0 0  10000000100000001000000010000000100100001000000010010000100000001001000010010000100000001000000010000000100000001000000010010000100000001001000010000000100000001001000010000000100000001001000010000000 
2 0 0 2 0 2 0 0  10010100100100001001010010010100100101001001010010010100100100001001000010010000100100001001000010010000100100001001000010010000100100001001000010010000100100001001000010010000100101001001010010010100 
3 0 0 0 0 0 0 0  10000000100000001000000010000000100000001000000010010000100000001000000010000000100000001000000010000000100000001000000010000000100000001000000010000000100000001000000010000000100000001000000010000000 
2 0 0 2 0 0 0 0  10010000100100001001010010010000100100001001010010010100100100001001000010010000100100001001000010010000100100001001000010010000100100001001000010010000100100001001000010010000100100001001000010010000 
2 0 0 2 0 0 0 0  10010000100100001001000010010000100100001001000010010000100000001000000010000000100000001000000010000000100000001000000010000000100000001000000010000000100000001000000010000000100000001000000010000000 
3 0 0 2 0 0 0 0  10000000100100001000000010010000100100001001000010010000100000001001000010000000100000001000000010000000100100001000000010000000100000001001000010000000100000001000000010000000100000001001000010000000 
2 0 0 2 0 0 0 0  10010000100100001001010010010000100100001001000010010100100100001001000010010000100100001001000010010000100100001001000010010000100100001001000010010000100100001001000010010000100100001001000010010000 
3 0 0 1 0 0 0 0  10000000100000001000000010000000100000001000000010010000100000001001000010010000100000001000000010000000100000001000000010000000100000001000000010000000100000001001000010000000100000001001000010000000 
3 0 0 2 0 0 0 0  10000000100100001000000010010000100000001001000010010000100000001000000010000000100000001000000010000000100000001000000010000000100000001001000010000000100100001001000010000000100000001001000010000000 
3 0 0 2 0 0 0 0  10000000100100001001000010000000100000001000000010010000100000001001000010000000100000001000000010000000100000001000000010000000100000001000000010000000100000001001000010000000100000001001000010000000 
2 0 0 2 0 0 0 0  10010000100100001001000010010000100100001001000010010000100100001001000010010000100100001001000010010000100100001001000010010000100101001001000010010000100100001001000010010000100100001001000010010100 
2 0 0 2 0 0 0 0  10010000100100001001000010010000100100001001000010010100100100001001000010010000100100001001000010010000100100001001000010010000100100001001000010010000100100001001000010010000100100001001000010010000 
3 0 0 0 0 0 0 0  10000000100000001000000010000000100000001000000010000000100100001000000010000000100000001000000010000000100000001000000010000000100000001000000010000000100000001000000010000000100000001000000010000000 
3 0 0 2 0 0 0 0  10000000100000001001000010010000100100001000000010010000100000001001000010000000100000001000000010000000100000001001000010000000100000001000000010000000100000001001000010000000100000001001000010000000 
3 0 0 1 0 0 0 0  10000000100000001000000010000000100000001000000010010000100000001000000010010000100000001000000010000000100000001000000010000000100000001000000010000000100000001000000010000000100000001000000010000000 
3 0 0 2 0 0 0 0  10000000100000001001000010010000100100001000000010010000100000001001000010000000100000001001000010000000100000001001000010000000100000001000000010000000100000001001000010000000100000001001000010000000 
2 0 0 2 0 0 0 0  10010000100100001001000010010000100100001001000010010000100000001001000010000000100000001000000010000000100000001000000010000000100000001000000010000000100000001000000010000000100000001001000010010000 
2 0 0 2 0 0 0 0  10010000100000001001000010010000100100001000000010010000100000001000000010000000100000001000000010000000100000001000000010000000100000001000000010000000100000001000000010000000100000001000000010000000 
2 0 0 2 0 0 0 0  10010000100000001001000010000000100100001001000010000000100000001000000010000000100000001000000010000000100000001000000010000000100000001000000010000000100000001000000010000000100000001000000010000000 
