670.3035865800989 120.39506339660088 
497.3960064776131 820.397148943912 
543.2314200529112 474.4070261893115 
619.4995384823615 229.2842697646592 
595.2963306114372 294.9850814986662 
629.2225348586757 205.83601708201448 
540.4977154912233 496.1506239252441 
571.0243790153082 373.4252717348582 
591.7409702058377 304.158780781235 
609.0000068311849 258.74499513212544 
546.9116118540886 457.3849686857285 
623.7995078991281 219.81026183605192 
587.14078675997 320.0312195287997 
532.054341529423 551.316703732927 
534.675094277011 531.4603717155393 
599.5259337960484 287.82573570647463 
548.9899561626365 451.8071247970404 
613.7822665485886 248.17392398635127 
568.6599645726981 383.8697307031083 
557.228228624933 417.50429875571007 
644.2551957372007 151.17392218355212 
527.1565682055942 613.617524278984 
574.6175310564663 366.0570272759374 
562.9103643361535 400.1200922591729 
538.2987438577942 520.310525735713 
528.7966268813173 588.585165505604 
533.6874934526725 537.3625979033424 
524.0041197529063 646.0238371959014 
617.0244569868091 239.80115908961974 
560.9759609190481 405.5521155189113 
523.0868638794263 655.134270626132 
646.9986082786285 141.00804985292316 
554.7191210781463 429.9124602624658 
531.1155753781068 568.23352048484 
632.5569186460081 200.14115485920144 
529.8323532262541 580.0655844156853 
639.2816774709667 177.86479142596048 
512.4643749990037 742.582951790916 
643.220773134729 157.3687458895577 
637.8195866289121 186.13733832372708 
510.2956194578094 754.4758532375865 
581.6222028061123 336.16722939957907 
503.16686146701034 790.0080316813425 
539.567696399182 510.06953659638896 
566.1592232520499 391.5006037272204 
552.3849269212845 441.9661935145928 
521.9583880620122 668.4374016815176 
500.6087388456968 803.9550313119798 
520.5509479561553 680.9671317450845 
518.9066778927792 696.4747996769742 
504.52241343596216 783.7543979389158 
516.4854858238974 719.3485642713802 
635.7072505366649 193.05801470208797 
666.720859769192 122.44362695145418 
526.0858676729712 628.046776534259 
553.3152768602035 436.67061117399055 
506.5691283650718 772.8609466696992 
525.4140757460927 635.1373298779667 
514.1531576968748 734.6112568794715 
649.335569588447 134.87878831587753 
502.1444404555365 797.045090000615 
605.190081842109 272.5764688205343 
517.8307546548455 707.2671064354636 
528.212879784438 602.1522354664781 
577.3352348605672 355.53842282778237 
602.4245046143859 281.7737856090201 
507.79349956815855 766.804565456594 
657.157958648741 127.39381549806579 
579.9988099720688 344.2397965463397 
640.5938804245181 170.14899481546553 
508.8653477080412 762.4303891306306 
579.1712375479153 348.17467177652424 
661.9747120272544 124.57744394649107 
519.669785260655 690.2738746211268 
556.4423273116895 423.0882739724096 
652.2052332876709 131.32771350942943 
498.76391014138915 814.1435152014851 
606.2861375855248 269.3938645265449 
615.5123018093255 244.84434393049528 
511.56432829360557 748.9237579780258 
627.1832825348595 217.37863972234408 
584.9147601451322 328.0552111938753 
499.599218504192 809.5036976746957 
641.4102124266869 167.5862455529438 
603.5238255831224 279.0106244469233 
653.697729000678 129.998200225851 
576.675571866178 359.1757764042731 
590.9645949902106 314.35272524458617 
648.1828135954771 137.3563091685018 
634.4848338538665 196.80446862160994 
659.6480678842613 125.80903861507498 
505.8258809145105 778.840729701983 
607.9113603378996 266.19682586694546 
582.8080899179381 333.35836920078395 
560.370903378846 411.93259035961796 
565.5388524687268 395.3083915090919 
584.0305126148717 330.24303324012493 
517.3517572268377 713.6222440898987 
521.4421736551926 676.2010717798917 
515.0594054566365 728.659203685044 
