494.6442256556953 820.397148943912 
666.9931190170242 120.35981713331489 
494.6442256556953 820.397148943912 
666.9931190170242 120.35981713331489 
624.4349958864053 148.9147113379692 
638.6317437534258 134.18424628852992 
614.5248377136047 156.5282245791101 
504.0105540502487 788.038209388888 
629.7572733330749 147.1940660612355 
531.7421361856833 452.6946054109631 
506.5579821338144 768.8730350132392 
646.2052832063305 127.12885509436389 
513.6377745046866 733.508535061165 
519.9990055929903 679.2266360607758 
607.7810685341708 163.47702397635584 
525.8339824035154 606.5612374926 
523.9776312067602 632.2134933396936 
538.4164458469692 352.8823812168017 
520.6830618693272 668.435801212388 
547.7238581201589 325.16651111860205 
501.73214989750096 799.2918528456372 
521.9647880815301 652.5726060290414 
575.4183810491907 250.530575828158 
576.3481561180417 234.49663284145691 
659.4635311695268 122.9080683148239 
545.1751722290768 334.34370360083705 
665.0143250923599 122.57216900321585 
653.2147336279513 123.960600488562 
510.9479815302473 750.6618443239818 
649.8306115002699 126.32027898519766 
611.5238575025019 161.33048818100204 
533.0674454545568 366.3510270452156 
572.2830911853359 251.83034877900045 
515.8934135484559 717.6955424873711 
542.5442840513161 336.79886819587443 
532.978052186503 381.54375165140726 
586.6097468287375 197.60846941408823 
559.5381811943487 292.865666516991 
603.331777452459 165.58681736308694 
522.713554590753 642.7262932904373 
512.4971010357252 742.1523949990614 
553.4646174784978 307.359508598599 
549.7283813673945 318.30225285478133 
529.448214871196 524.4227068029941 
497.2220224446909 819.5691914872564 
516.8624010852426 706.8830624838802 
657.1930288109 123.91791696742925 
552.3165325939415 316.48826223413073 
634.224085829474 139.3045231079073 
633.4818008558179 139.34428000781014 
589.4504827710016 194.70641610253656 
557.4386599272387 299.8725305099189 
526.5424171119754 585.1950780698354 
508.8780359498992 758.8522375664396 
499.20707730386846 811.9350744794698 
532.839024785358 397.62574397128685 
581.0534376590981 218.08575485587542 
592.690841196395 184.0467932707304 
589.7032600522427 184.21652451880422 
597.7989167923595 172.18171557719828 
556.8065179493029 307.1456505549846 
500.22963627980573 807.0040463639441 
530.2250622356415 508.40659902620587 
585.616569987646 208.2926811458977 
527.4280049231972 579.5082251630141 
529.2372846141952 540.3994100618662 
518.1893310561983 695.8627693270804 
531.0904341765697 473.79990150923936 
579.0265558247953 225.1653392870415 
594.69559006914 174.87653053355413 
570.1991374704158 259.0088597654097 
532.1888986591586 436.5958228745109 
583.2032518228914 217.77111421349935 
601.5647569104938 166.88782182504207 
599.7637842800756 171.6953393235895 
567.7544864341421 270.02363835804846 
564.8840925298782 274.2683946285736 
561.2035014542955 286.27180109623015 
527.6369633965929 563.09156607507 
578.1999313401866 228.2710730618488 
532.3573299685276 417.3705351549581 
525.0049716651541 615.5791523732956 
535.6195615532008 362.4625479494564 
564.613645120507 277.70475872618573 
532.2598469162227 434.1733152376485 
507.9066389354486 763.1861821064177 
583.7318888693943 208.35031477504668 
530.8757783795947 489.13912544396214 
540.950608739152 346.48491338394274 
530.3202962449446 505.52629639698023 
532.3573299685276 417.3705351549581 
530.7670708396345 491.7621306407823 
518.1893310561983 695.8627693270804 
531.0904341765697 473.79990150923936 
593.8533240928022 176.9616794597956 
527.4926402149417 566.781361793734 
613.6895799344364 156.5680927502431 
529.327877754469 531.8933227333066 
540.4745446282188 347.3185133021689 
532.8822876008552 394.88121319302564 
