494.6442256556953 820.397148943912 
666.3536136629522 120.35981713331489 
494.6442256556953 820.397148943912 
666.3536136629522 120.35981713331489 
567.7390362150821 280.40340794844974 
522.1581436587148 649.8788811881393 
540.7807764072329 357.31169076183755 
533.4238619923146 414.204162218452 
532.886800065702 442.9855384435251 
506.08898938663975 769.667662035275 
554.1877336588283 321.9620112265173 
497.92000592275497 814.8474670731947 
506.0816986679586 793.1023727274084 
528.3458187038174 563.2919025336671 
564.2212560453146 291.1497634122893 
571.2643070454125 271.04361747781616 
514.5609794146337 727.1639043495994 
622.6196869254884 150.3545833974336 
520.2736484736822 671.7641846212149 
618.7568517660394 152.92169186860136 
650.689633062591 125.26005516351 
630.3839137441038 147.2490288534776 
613.1686531005563 160.09457282316964 
526.5865662110183 608.8099707457679 
509.5960294804688 751.6546986841499 
507.79713708777393 760.8087060456196 
636.0323538625888 134.11254849516732 
664.0140758246721 122.8630247044901 
545.6113465962112 341.339488439377 
549.8924359410943 326.9144758191765 
529.3818853627737 542.7642630308947 
659.20997013695 122.93291209381312 
615.668565483585 156.6562624186685 
605.8537631037401 167.72308006194092 
593.1916451130473 196.66089958108608 
577.345719725966 245.40617015348977 
535.1909586271211 388.2206432522618 
586.3200927759453 218.88484888153766 
538.719354085966 360.10430978997397 
645.0887004035168 126.24980718220493 
590.4170282813757 198.6073784920764 
519.07288181329 684.4176699258936 
583.5758002252527 223.31960305555597 
555.6160335921263 311.4767333010392 
512.0232117324919 739.7454098268255 
640.7729910451521 133.86228333937686 
545.6113465962112 341.339488439377 
656.8649060655982 123.79798208321196 
502.48060063099285 793.362780016333 
518.1802951649215 696.8696523496955 
652.7809185584977 123.960600488562 
609.2665080745131 163.6390425290871 
500.59922288632055 806.4543860254965 
527.069558156389 587.9957255926498 
527.7550512484041 573.843139860172 
515.6727310732168 718.9721055744151 
531.3294321585014 502.20204667743604 
603.6373752896014 177.69119384939395 
530.4198255271515 518.4793578079235 
531.9229867123843 491.4784197611399 
596.3525893275397 193.05725669004846 
523.2803614661809 636.7848917059247 
579.4547982036777 239.9264550062944 
558.0651432918323 309.51790770348117 
532.5262384094948 455.22750222804177 
633.3329745867968 143.57463535886546 
582.0440600748581 229.7513293859014 
588.2035547038848 205.03548517980457 
535.4078176211036 364.49312491872536 
576.597527545515 257.53996475321907 
530.216551631045 523.1136529515284 
525.335705946501 614.0083509208873 
511.6917519506779 743.6424977526003 
516.3379991647327 708.1044079912673 
587.6632833175851 210.8809487151756 
502.20683004452366 805.7106089058068 
581.6569947497337 239.12270658308208 
634.0171569776994 138.40145139446122 
602.8328078438026 192.8086407914844 
641.8792008389291 130.3795744188542 
533.8604685895291 401.7244143406488 
532.0019585838851 473.57672842946124 
572.560174256378 263.5139814544677 
535.3532850154448 372.7457817545042 
523.7464807627306 631.3594589267007 
533.9399454344601 396.14307341186634 
516.992214683996 702.6789752120435 
532.0019585838851 473.57672842946124 
603.4367034680522 183.4534966503995 
562.1848335456482 297.8689695280579 
626.0878927754569 147.65496818176607 
598.4067762842674 192.85633531770685 
600.7450725365443 192.82216432447282 
608.3223593794937 166.96918429200238 
548.3923714044103 329.6718521843173 
519.916715119358 675.3869617947946 
644.2247042341625 127.6812466425257 
527.1573101771844 584.7765895905295 
626.0261117968167 147.70156818479 
560.077355914981 304.26572873308623 
