494.29819825843504 820.397148943912 
665.1518449005185 120.35981713331489 
494.29819825843504 820.397148943912 
665.1518449005185 120.35981713331489 
615.4004669229287 161.19853978375386 
509.1947421207322 754.7775709829684 
533.0027209990845 426.1975854763242 
606.2103797631821 175.17174592866834 
560.6432113280215 296.1390857659625 
564.8463103500776 285.3695503205685 
528.6348103408802 564.0398607498371 
621.471109007039 154.3693197186805 
557.6645474559966 305.8191288996425 
646.8507447068563 124.65687171928857 
532.9667928382983 443.36231623072564 
653.3265158883028 123.50093980491665 
507.4368334022317 770.0920492934861 
636.4272263555487 134.06662808028528 
659.9613122439242 122.75769896924017 
525.9187862635367 611.1543395294639 
526.8894447000946 599.5737815377097 
595.4270082143975 185.8203557263243 
515.7454952982921 722.247930768182 
547.1261415181407 331.1184296345904 
578.9979105239406 237.76742921792194 
533.2103515824317 399.3542466067522 
610.7819373499967 165.99907205063192 
513.8338500368666 729.9961073890777 
530.533743599255 529.1393651438929 
643.7291584606804 126.94196586863532 
592.436174948911 189.36450930386513 
633.8423308897104 140.4589655712943 
524.5218332566786 622.5191457883628 
563.6251682387715 288.24730256506814 
651.8781607970546 124.56140091567036 
536.9148482420854 364.01932099792697 
586.5137311368387 213.6999477503711 
602.7684205027812 175.89419335548962 
546.5334295504074 341.0473372119097 
583.4681026794225 231.69051293026615 
527.6757973318349 580.5408748121858 
501.81325839205016 793.3429014001138 
533.3946108963542 383.25281457632695 
503.6484985568151 786.0960701307137 
575.0005151221746 257.2171602867703 
540.477418874346 351.57613290559806 
523.8487473091865 630.6733855074377 
532.1975806433044 484.9684674817468 
531.9653629733992 492.3264195268547 
496.9915595015908 817.9219776836409 
590.4293872141488 194.61550486398215 
627.1601678817105 148.28073089762927 
520.9386182714978 669.4203488185359 
552.5191256389863 319.68306376275154 
599.9041355146873 176.3597493605688 
581.2094430534275 236.16333753398115 
570.4155377156525 274.0801645804165 
532.4713598979654 459.72604840787955 
611.0268882692509 164.89542705293408 
590.1607868803356 205.38566270792654 
630.8100234966192 146.61416140470263 
587.9718122751801 208.16963775614397 
551.2200445422694 329.78336316831223 
512.3232702407572 738.1621803589617 
639.6559890518155 130.67200661718078 
543.3078732038631 342.49959745950355 
517.9236745681283 695.074501169451 
533.5334896772374 365.20515759242255 
527.3515121551504 585.5205543323787 
537.8417116017655 355.2917478162007 
518.5525825428512 689.4293080564499 
520.0336749128619 675.7637395819953 
531.7306162712695 508.4278515572808 
529.531779059247 546.7907280682535 
529.531779059247 546.7907280682535 
517.3784781273179 708.647386488237 
623.3448175424472 154.01956632099598 
499.0011151310093 814.3127354270802 
512.3232702407572 738.1621803589617 
532.2098801816566 467.89212137776354 
554.6369744137754 314.052317812675 
507.04891825247756 779.7896619244573 
555.2367571181517 310.1419637537582 
530.8233252775602 522.3761476317 
572.1977302484468 272.7928496269115 
640.9223365897228 130.02292818572016 
576.4816825991046 247.15284293431796 
521.599739799528 655.6863195467558 
516.2308628212551 709.301128053966 
506.0123622620073 784.9307759662584 
521.8558885053124 652.8774720403399 
661.0875567304947 122.10862053777957 
533.4925070781862 372.265396144682 
570.4155377156525 274.0801645804165 
631.9091813656964 144.32183168475532 
626.4382322345152 153.60388494525404 
598.3509200834967 182.33084241981717 
499.2312927474204 806.0995664485512 
573.2572224970653 265.30142240417524 
584.026469366363 219.52149352737297 
