494.29819825843504 820.397148943912 
667.0995989204409 120.35981713331489 
667.0995989204409 120.35981713331489 
494.29819825843504 820.397148943912 
644.550129335522 129.1725619825745 
637.4372267906732 140.50728457264697 
548.1941349231665 332.2835799010988 
526.6779074685527 598.5279205008001 
500.6097456960702 803.5622604550089 
497.20662565463573 817.8737265402672 
577.5313435069995 246.2560601274805 
512.6393218073722 743.9944130375343 
510.470882531889 755.0488019194381 
652.6340574147875 123.960600488562 
523.686530901968 638.3683890386211 
622.8056954076922 149.89426866533572 
529.9944399836547 528.0922829541523 
648.6221675860022 125.91134798207295 
581.4062731597983 236.84067688110312 
553.1890839888935 316.4506797660032 
531.4521985127171 467.6055747600248 
597.0094611901384 172.93984971842957 
584.4315778710163 224.26189432237888 
664.9632264675917 122.81719595203512 
530.3245924221319 514.7171657508148 
541.5458053884593 351.9327028013921 
628.7828023384174 148.487731399878 
593.6129122359789 181.27525469350377 
608.8768973743554 162.82479766152278 
531.1848407660789 492.0406494872351 
566.5706072827371 279.085171334599 
532.2050198829222 436.38158955347467 
586.5369017875215 209.7011770785478 
514.424014017399 730.2974166696843 
516.2703803083232 727.1612069924929 
528.6950358411781 546.6194597262781 
532.2334502456227 416.08146082934843 
538.3184442406307 355.649075510923 
502.3191373106101 794.8725792565117 
588.6162086993145 209.62331934063423 
546.3774303146498 338.6024615838 
556.5299928536394 314.1997819831244 
527.7666445397473 566.0753848447957 
658.0491176777609 123.92131327849074 
524.9229870356086 618.90224010909 
559.1797855410379 299.496495068117 
526.9927949071949 580.0463412527105 
537.4546129400213 365.03129723285895 
530.8273548536579 497.7275023940568 
532.5802732562819 383.0101806100472 
557.6474341704861 306.0903567716741 
524.9229870356086 618.90224010909 
604.6790856600405 165.13552651734108 
613.957696731791 161.2196855941962 
532.5529089847198 394.7375069285938 
582.1988429302024 227.31510450396408 
568.7167084089714 274.11634173953274 
532.9410674472654 370.24182807383124 
506.1963573888293 773.726281350798 
616.4605648810385 154.76029106095808 
576.0171863087523 256.0224533770778 
516.7756899203537 709.0019723833199 
659.1791193286745 122.82512840165997 
522.6958815110544 649.1680003490042 
599.81222234293 170.62825117947077 
535.1584011228679 369.248220805634 
561.3449597569453 294.5276654730502 
532.0544710670888 447.7315710230957 
528.4899578117138 552.0199513004771 
619.9846075045034 152.11931423359138 
564.5819099267817 289.9000872080317 
532.5129022540611 407.7716027257067 
574.0458086289696 268.1744493013655 
531.7530110809654 457.81788418482665 
611.9106952990542 161.65659325143068 
591.1398932819576 199.7717370483566 
634.0743526926783 141.31774131633722 
630.0132383044878 145.89947434779577 
632.7261654749822 143.105575125629 
574.6276629102322 258.4779256043913 
518.5442140473931 693.0199550589077 
505.2879997326446 778.8750181679229 
521.5108046870326 662.3311047902057 
508.1521223060978 766.376808557546 
601.9950382024588 169.62297358614435 
543.303114740239 342.6426536096051 
591.8747760916293 185.07875231947278 
520.8187949851854 670.4263540397667 
504.3819890363179 790.1147855030847 
571.0465828571854 272.8823726746813 
527.2401280987054 574.3852429484382 
617.8228720458366 152.8781812814341 
572.4844553773194 272.11466223716326 
508.1521223060978 766.376808557546 
543.6983173857255 341.8472272245725 
517.7850309173103 700.6921142796781 
553.2399572190064 316.00483943438525 
591.5817300309885 191.0422806425776 
603.345129096593 165.7493958217753 
520.4230920206282 675.5561784393162 
