494.29819825843504 820.397148943912 
668.7487981532529 120.35981713331489 
494.29819825843504 820.397148943912 
627.3394502738195 147.16842939320068 
531.57180834661 470.74520520087196 
539.3198153767795 346.9328480585095 
522.4876599339947 649.9572878040376 
637.4580524012031 135.67669266248186 
531.7976305462066 447.3820215216594 
523.882979122992 633.8896507568692 
527.0363897147151 585.1950780698354 
635.6373870197489 146.55735593181413 
643.665415822074 134.2192699049037 
532.7384669846526 376.43771634446375 
660.5010063222797 122.86615265772029 
665.9369158289056 122.77127457699068 
582.9932629191649 213.84254556501443 
497.41843314054006 817.3424526355448 
588.8160804008147 183.64920100810687 
521.2553009723483 670.5400528912044 
529.3134449953625 539.526155962166 
565.9038197148207 275.4801174281228 
555.2780698438154 301.98222163596444 
551.8755902969895 311.3537281884023 
530.071385118123 524.0681357940734 
532.441766747112 400.4488288612018 
531.1398502807765 493.00084574669245 
614.4745648529446 157.18204053152337 
545.4441844846372 334.41218389349723 
586.2643291107973 200.27290364471847 
516.238174638291 719.914601664288 
624.2706709341618 150.1300922252108 
579.8237123808062 224.8842782746362 
527.8296839773506 573.7633726316787 
644.845786150401 128.54800692384308 
499.85820740007847 807.4231564931575 
572.6919275537051 251.91775993032462 
620.9707281332927 150.75791132181686 
532.3135153834435 421.9848866378312 
532.8144226564767 365.69364906590624 
532.1693502117323 433.11158399894106 
512.9502287065081 737.1889671361605 
508.65023508075467 759.2702066681563 
586.9753929060895 200.18531053992447 
526.5497306234709 606.6520743383193 
600.6326583129165 163.94302322864752 
510.2830376344013 751.3814012461452 
594.7701862249827 173.58218836128415 
535.4825391528188 359.8944219792779 
521.3027731246826 665.5183408567245 
517.3158717489539 703.8632317546712 
518.9385932810545 689.2571811996487 
577.2181902033784 233.53125593724835 
512.2426839343722 747.6867148706758 
593.0549371247926 177.5631148777534 
507.2171857735245 766.0978134556185 
568.0270779725785 270.06351899663713 
655.3577420455904 124.5754280287077 
518.9385932810545 689.2571811996487 
581.6426312622524 217.1580107774546 
561.5353488022569 286.79746777981063 
590.1967763642953 179.75586759643127 
648.7470117528168 125.90982016686631 
598.2362320839676 172.58376773448708 
506.12860034216607 773.6171267964507 
532.3467619528724 405.81636483628324 
609.9614177666808 158.140171017481 
536.1827821494954 353.6430434950805 
617.9636555914628 153.13808560831575 
575.6963410161189 247.5477266438633 
528.1129739062105 560.4653942679404 
502.71612838375205 799.2108288013495 
570.0058524663907 267.68779914651145 
556.5631042026877 297.6066271697677 
505.58893871050657 781.9352294517964 
516.8639836806167 706.3866541583161 
605.5944211188872 159.84811760164655 
605.5944211188872 159.84811760164655 
562.9605785549261 282.7882726101003 
500.712531639188 801.9991751361673 
558.9150972635675 290.70350055342624 
650.6630418392432 124.60296461684744 
526.1638827568033 608.4704184850002 
548.882333283352 320.5146182991259 
530.9074604468334 498.68769865351385 
538.7618480324484 351.96766755985885 
545.4441844846372 334.41218389349723 
529.0485043447861 553.1771618682844 
609.6181823539404 159.61589388601607 
577.8816804119739 231.157395186327 
503.0538551481313 790.5243556675155 
503.93797680313264 785.2357189201881 
524.997743129242 620.4936277371893 
599.9711481175046 163.97290941790897 
635.9673645262327 144.97108879357017 
616.6867597121089 154.53130995541932 
550.8751365115301 316.19481566653707 
657.3505833995488 124.0677648428467 
514.7883798331778 730.7204007940511 
525.0227521112331 620.0257615987404 
