494.5521708611748 820.397148943912 
669.9287333440498 120.35981713331489 
494.5521708611748 820.397148943912 
549.1158041409325 344.66262993209966 
541.5834524861931 354.1718247849198 
559.1350337155862 312.42166463589285 
609.6511586966025 162.77493507739104 
585.7116562794121 227.0513328488978 
590.5207630674328 217.5406546396096 
614.5085603197726 158.06515034460875 
501.63569291778214 801.4294227024043 
525.3131787840664 622.826779316694 
510.50384730058107 753.5144011600014 
504.6356376188427 785.3312064330108 
529.4611126113451 527.9648952078268 
554.8870145172965 323.12289417468224 
591.5586122125936 207.18641980875373 
667.1738552363336 122.81522725825371 
593.4160008104946 194.82847504238768 
575.6578597890906 269.94904364851004 
571.9721491107978 276.54725475239957 
605.8624692724958 168.07373499888578 
532.1317749811379 458.6342408659185 
540.1187421702554 365.9458434791079 
524.3480645248567 634.1563846040957 
628.297754323858 149.12792131362167 
522.2207887955198 670.3941539778407 
637.1621173074808 145.8315034252617 
523.2852546003251 646.113615667166 
507.01392089348906 769.667662035275 
570.2721434094404 280.92516930955577 
527.9662822445631 567.7078458164499 
650.7039043296476 126.16411634501374 
513.4740059303361 737.5868863845487 
498.77622646104555 814.961653765783 
535.7023313198533 372.751455563976 
533.3373384771736 398.8836344355101 
532.7846474983298 422.17722590689726 
530.549165557632 512.3440637642018 
522.283486023832 657.1257625006384 
567.3455983623644 288.67086686784626 
655.9581767287403 123.960600488562 
531.2334115617068 493.82893746595846 
503.366472878492 792.5275925998274 
562.452445594453 303.88285728867277 
620.215322299601 155.35047319527004 
515.7138603337573 726.0802702911463 
516.7747247141892 711.3235439933877 
647.8751472903797 129.5653778539856 
598.6176881013434 184.4927185252345 
533.6395807348407 384.4383002241609 
528.3595562365593 561.1423914908248 
532.5303027057238 445.24512593941694 
520.450220652902 681.1148438747978 
661.0457489795056 123.37784433110305 
604.2160445202562 173.35402627559577 
662.008767418066 122.82512840165997 
526.7249376599206 585.1950780698354 
526.5386063445176 605.2445554512047 
509.3355729637648 758.6555152018025 
576.2552982111653 261.12596704980155 
654.3728139972387 124.94107470903256 
595.4412419763737 189.99869482020222 
498.3381793085348 818.0349440172503 
578.7711342183435 256.75276608720736 
530.8802398548474 504.74288113218904 
531.4705689189285 478.9221206421203 
642.7623866644617 135.72754894730096 
550.3751049052998 337.15963489234537 
632.360613374269 146.54937101845792 
581.2754208987742 246.86316035780268 
601.8338503178862 179.02681333578823 
639.2760822064084 140.66828491090388 
618.9126090602384 157.7028571291826 
534.4496955552912 372.843132099935 
632.8637520778511 146.28594985398487 
532.7149435178839 425.6455204910085 
564.682714742144 295.62345064298376 
529.2100276567652 542.6799728688401 
553.0582744650148 323.82629623435906 
519.7966834881743 686.4013690735826 
640.3883312611932 138.49635027140923 
624.6073671510437 152.66656818309983 
583.9841124754731 234.7044410141591 
526.5386063445176 605.2445554512047 
514.8292687814819 731.1501207792618 
625.7466832319387 151.49739570371173 
526.7249376599206 585.1950780698354 
596.5443002940092 184.61461039872452 
582.1552206647019 242.46493142145096 
541.2270453924401 363.0795075091225 
644.9380358451969 130.1466279117931 
566.5200619999938 294.35477175113056 
531.4705689189285 478.9221206421203 
562.7835516183302 299.086259204652 
517.5784383871418 706.1770568261197 
529.046056426897 545.8991088709607 
533.484640220505 395.6692761816606 
602.0642407844658 177.98572830235537 
583.3430722739306 236.22276617057855 
