496.30915716254464 820.397148943912 
666.4462652921941 120.35981713331489 
666.4462652921941 120.35981713331489 
496.30915716254464 820.397148943912 
608.3356694858702 159.80281865031696 
560.44442465717 287.91560657926317 
532.4785945287452 389.0320707189014 
569.9439663369393 262.55462768790306 
600.5015825632573 165.88170371998788 
654.4747799767487 124.05380131313922 
620.0977799991068 151.15258338423803 
583.0916146311494 215.28646265270888 
576.2559542442689 247.77995604841703 
605.8583828396086 164.42485100645055 
517.1101425525148 697.8701289596914 
578.1626814022111 230.19094235388755 
586.5367370533171 215.10241198295978 
580.8340082729396 230.08291138442726 
524.4118018750812 617.2670920528797 
531.0904341765697 473.79990150923936 
614.572923324957 157.44926849041585 
628.858206466463 147.33823660091676 
523.694574210522 627.7228762944684 
588.0507954916426 199.18117312778543 
593.5520486058916 181.33675446585934 
509.5326820584061 749.9756555962805 
640.4504223071737 131.2918630920533 
507.5343696451223 760.7305899017942 
532.796289261034 368.5853329564159 
510.85665837975097 743.6491575876571 
513.622427631608 728.7910824560009 
498.4386552080846 809.2653055202837 
648.0385097030579 124.57190821543038 
522.4848910393797 641.3557005933078 
545.4017194633833 332.41409240072136 
535.3518167972724 356.26421232620197 
615.5686689530943 156.04421710050934 
515.4351541898582 714.6990484540478 
633.0801815125783 138.93687984597955 
567.6109599510113 275.7209801136248 
532.1744507995213 432.58618262875933 
521.8061935448445 649.3354133412004 
531.6969171539356 461.0642815736568 
504.36861541561905 788.1777627928127 
520.2966313240089 667.7882535028416 
531.8715597744101 449.7097087052982 
529.9072263267612 520.5283946920208 
529.3423113482233 531.660238115649 
537.2994429028101 349.56566625745023 
541.1057157473676 341.37635146049814 
596.2490439565935 170.32506662097904 
512.7838812050207 733.4034751626914 
527.4286227858472 568.2810587478955 
631.0962140264695 145.7560833999624 
529.2957690629761 544.683678723617 
588.1450785560796 189.98519593336565 
532.2505084665371 408.259243656422 
658.506983940084 122.82512840165997 
499.54088543361104 804.2503016710285 
520.8426048177917 662.1014005960202 
526.5424171119754 585.1950780698354 
525.6646297018783 600.7665073867307 
624.1191105524334 150.454112103768 
636.4892078998332 135.73277971904207 
563.7325996611253 282.75494630567096 
518.6799557578931 683.778094957739 
539.5909915254812 347.1929773764404 
515.7682378655592 709.0019723833199 
547.2775027784485 323.0878136932939 
506.29171274870356 766.8623089897311 
663.4784527706133 122.82402305154507 
530.319421314708 508.94084142135137 
642.7402423283993 130.99426389886375 
533.432068935166 362.8031570581045 
518.9507202406236 681.2577162486523 
574.1221849405464 252.0062990116826 
597.2696772078295 170.26547798878966 
591.5221167910153 187.95922398858178 
501.208266885355 795.8189179859456 
501.7389995736936 792.1896784217319 
551.9830542889467 318.07812213735485 
527.0143004433055 578.8661846690654 
544.2612472193102 339.9700634236259 
531.0448899988796 492.0268220994109 
530.5650626935295 500.3499572719994 
532.2505084665371 408.259243656422 
526.2971264271168 600.5286503358318 
528.1520425315022 557.4508219351658 
557.3110259093786 298.9175785317187 
532.0109435936491 435.4654583425446 
550.0624459951115 318.9342662825096 
572.0868857964294 252.93590405127347 
557.3110259093786 298.9175785317187 
657.4700645033228 123.15025581561166 
564.9617964982034 282.08514970874984 
528.3965173631444 553.3211860122174 
566.7654037915463 277.68667927739716 
623.676475035691 150.46522919869722 
636.3289944327822 138.77870862168504 
645.0460139664563 127.35502311374437 
