494.6442256556953 820.397148943912 
667.7998162814692 120.35981713331489 
494.6442256556953 820.397148943912 
667.7998162814692 120.35981713331489 
639.6256746253082 133.85626345045927 
562.0477241932015 280.96974642016306 
527.228240727701 590.3322812066265 
645.8038105144393 130.44721757990146 
629.4885603451085 146.3327989271171 
589.1324099947544 182.6449065194623 
533.1694136313839 369.67437590856025 
518.4301949192175 690.1239908002378 
521.8322150609775 648.769572465955 
583.2794779731108 211.94444058290304 
610.6271241578614 162.4522649974414 
531.8112678445634 477.5797757750425 
534.9457407960791 354.99934578164635 
605.925921059598 165.01002187513757 
580.5155399278697 220.63471544177258 
636.2090416602911 140.14211811813797 
593.5551209357618 176.56799023180642 
633.1946931043358 141.63636458831303 
659.48907896637 123.2705063021123 
527.9076216834902 577.490753971002 
532.9273896251119 386.2148534027316 
554.1037517450918 315.5990814899315 
585.5877867303171 204.57291420252452 
566.661427388993 274.14305247983515 
549.9562371996016 316.39998429048825 
649.5702024871695 124.54786857780715 
497.4914792219493 817.3904007665571 
547.8541262555951 321.1535504003662 
574.8852886611814 250.1482691253672 
528.9419020985747 555.7442382571729 
579.3292600233308 230.23968679201073 
624.3911631509736 149.60459609522607 
506.75774014596385 766.8623089897311 
545.1813522400721 326.51537105010755 
520.4875975700071 671.1875691753762 
506.726363354721 779.3785553210047 
520.510380530665 670.6238873344851 
514.5637943479232 732.1185554028593 
618.0874370593018 155.92468896779692 
557.0645773685582 296.2079017318723 
531.0433864426266 503.7229340304876 
528.7479352479762 563.5834828264161 
532.0957079173767 463.07857195982535 
517.0151514285716 714.3083259694749 
599.3214266984023 168.8490325991477 
563.8070922457359 276.52391701408476 
532.5971535295721 406.2975414848607 
532.549107517578 431.1258481551431 
655.4057017165863 123.75901697866277 
524.1541335826389 622.2864604415197 
502.02135524751463 793.7137788763201 
510.6528104171005 746.9527152604716 
576.6349955614389 233.78393047125604 
525.0388932313773 610.7899153001666 
569.0218024481376 266.661574481543 
500.90234936364084 803.5298933843382 
575.3578828436881 238.22975987733454 
532.2531168860868 453.4786505029782 
529.7797187622969 538.5071349173553 
504.93579785801694 787.3638260980962 
620.0346830196113 151.6602587727949 
537.2771213266981 350.28352333677344 
530.4750535410751 518.6966799333122 
613.4264421800696 158.76861642515732 
614.9043881512335 157.9295067130088 
587.796934502015 193.06424538802204 
532.6958644544495 400.10485171233466 
597.455873023968 172.2407256001555 
531.5033690207836 496.91648452877695 
571.8756917735559 253.46791518904453 
648.5593901973766 125.89167626311219 
538.5520156590653 346.9250004679098 
557.0645773685582 296.2079017318723 
586.577515299524 193.7340419849431 
525.0388932313773 610.7899153001666 
554.5363904352454 302.7231724423616 
595.8351759202864 176.0365458188387 
529.7797187622969 538.5071349173553 
667.2139594531056 120.94708522256006 
569.248985670072 260.97472157472095 
522.5612750995139 640.9753694515321 
517.1345965180218 701.619790499051 
513.2541497526563 739.1123831562207 
500.90234936364084 803.5298933843382 
508.52614743722586 758.2617136583041 
543.4657584327466 337.19178906525826 
504.2027811191704 792.3057392213316 
571.5323501185926 257.77982910123194 
530.4750535410751 518.6966799333122 
544.6801154529498 336.2765616758282 
510.6102411779138 752.8902577975432 
541.9035274538293 343.19068850616236 
540.7761464749738 343.65142568652936 
663.3673944809785 122.3635447460254 
523.536811699415 629.4795697527181 
655.52638401393 123.69531782543302 
