494.5521708611748 820.397148943912 
669.2959732904817 120.35981713331489 
669.2959732904817 120.35981713331489 
494.5521708611748 820.397148943912 
530.7146244987682 516.7219800279682 
657.0058802483319 125.05117174632751 
572.5387630811913 260.8253366434838 
629.0683348428448 149.09632873481613 
524.2800016205089 625.4254817230693 
569.81775344973 274.7641911578341 
532.4067712540083 465.1484733578654 
615.1774034762624 168.03249627648512 
499.881254112334 804.0990592628964 
586.5409401977989 220.4820781064238 
505.6450067112791 779.796214619628 
539.9467967950601 353.0481078946802 
533.4639803256276 399.3570413132501 
637.4225446424457 139.51344069871328 
549.6664146639301 325.66669199351537 
600.2015532909444 178.67532441780716 
527.9522247475215 571.6976359116348 
575.7788934377609 256.134241905663 
564.8534939465263 286.828953226478 
520.2877058397746 673.1545615277821 
529.8036643552188 535.564118419094 
546.5528374169405 332.00467361143563 
650.123940683582 125.09794398464578 
536.5108712006122 361.99220890471764 
567.5720768445392 280.9246348144341 
531.9365963161888 478.9221206421203 
664.3591645478945 122.63263271630068 
596.9482944474357 185.47488151968443 
528.732666244298 560.5825518210974 
518.2085958294211 692.5031219639048 
603.7197454342977 178.6128443321131 
505.0710680954622 800.2571873875578 
607.5549298566775 177.94757243786987 
516.1037658100796 711.3235439933877 
515.2167278277607 729.090881193404 
619.61298618409 165.63542217774645 
583.6589918390334 223.37939660086928 
551.9751820068012 318.7641105348011 
649.3892465377315 126.6216765968304 
577.1980783522407 245.77982552697193 
553.7028675617378 313.3836182060612 
542.7495221556914 351.4580077146741 
519.0714580695438 684.568263085748 
516.7942354047123 705.6326422837751 
532.9453543820619 445.42676752607946 
523.2318488841232 646.8719462938974 
532.9750705888148 420.5044064492073 
644.3133599144592 130.20521273536656 
531.7139831238067 497.77458761499787 
593.9047412747362 193.9052394137622 
512.1031455929353 740.805836921227 
558.8229045950552 309.7567956727483 
523.4180709107297 635.7053257099584 
634.2772001552225 145.02499563466122 
525.8324506320706 605.3095434092148 
503.83030053891787 802.5509101306416 
588.932359117102 208.67490636971505 
513.7736919002584 731.4530861200656 
562.0052994126528 291.79260244486414 
557.4993641569623 312.7219289945368 
507.40065518353873 763.8602236766585 
590.4660730976499 196.91496583578996 
525.8324506320706 605.3095434092148 
559.9794763849864 296.8956820399306 
581.409479021628 228.6570138504413 
533.5834925754812 377.93192139976 
623.5455759776231 162.36068245583425 
508.93201655256826 755.9455512444222 
497.762865081684 814.7062472342999 
533.4977671170307 387.09273621969686 
527.1031061015944 587.9957255926498 
544.1762660688635 342.12770052005857 
579.9765366625664 244.63862663205575 
532.9750705888148 420.5044064492073 
527.1031061015944 587.9957255926498 
596.3023481339793 193.83576497203305 
668.6580576296133 121.06492110877873 
610.2972555874854 175.07673434930857 
611.0158559742531 168.49526082086018 
532.9453543820619 445.42676752607946 
531.8352275431754 494.55545161287756 
626.5645089705129 158.62542413156444 
660.628174319394 123.07130586337365 
544.4960305476066 337.1077532065022 
529.3145373502688 546.429917155188 
627.5188463115948 158.5559496898353 
511.0272751074245 746.3871778500093 
533.7019472728413 365.0458506633134 
634.356477262301 144.99398377100997 
509.90432629512117 751.0378137064282 
589.2577507578142 206.78864771236445 
640.4651355538207 134.31131201776873 
521.1338429845858 660.5940570847498 
643.5709106919277 131.5037620997063 
497.75141610275944 818.066603075315 
522.2093022030161 657.8770325811424 
