494.5521708611748 820.397148943912 
667.352181047167 120.35981713331489 
667.352181047167 120.35981713331489 
494.5521708611748 820.397148943912 
532.9523455324454 407.02985725900396 
625.6043734537965 154.351889919722 
629.978976816469 148.01518099360572 
635.257038396673 141.57882327772919 
533.6292183030049 385.1352010127373 
588.248216635814 200.43779405492484 
529.5896912246042 543.2759045853694 
513.3030914468308 734.1545388420822 
585.986576062412 215.54590041279735 
620.017008730802 160.15430608060257 
498.9428288366124 809.1752708532068 
532.9377268907533 439.38352635198504 
524.4697968971191 623.0226633886333 
563.9787010444268 292.6028802790846 
503.0536842890842 799.2343724694382 
560.8244858108744 303.68008586379074 
583.0550687246254 222.33245524361635 
514.7319642530186 724.3216293865254 
521.5515086452085 655.959761941145 
569.3932673129765 272.6496725014501 
639.9584933272056 137.28235529999358 
519.1645616202729 691.6348785889525 
519.9730903851945 676.4192448468599 
497.36441765839146 817.6219273862913 
532.5933543244413 446.9126865325349 
508.90848348839523 771.2393101179898 
575.0755649067556 258.439459649888 
548.0517281718143 333.77301744155955 
652.8677682608339 123.960600488562 
581.6942723087018 242.12169032684872 
520.6427559570843 667.4615936164286 
659.4128996950569 122.82512840165997 
541.6740456563331 345.9164140481081 
565.5546068274485 283.1537902083544 
600.3666647064069 186.78211463053302 
508.9587128839651 755.8554095810373 
568.1702005890245 283.1030007441495 
530.9346535133973 517.7917037575223 
532.1142017113943 487.0124684972614 
523.0789420591427 639.4312806102756 
533.8351777460572 364.5398107238596 
581.9974795859675 236.98294258233102 
526.8252991515743 605.0371038006208 
606.4263703693609 179.89744167801615 
664.7482239289485 122.73474738339549 
577.6872066269527 246.3939577006515 
616.8422730031309 160.8062032126167 
596.2160424197705 194.78150711025654 
614.7560992902299 162.51232329104752 
659.4128996950569 122.82512840165997 
551.579521246314 325.8969371976522 
522.8248855370784 642.1475094869073 
577.2773188485072 247.94210683290632 
538.4775061496819 353.4719416200187 
548.9771165385783 328.1447044239163 
504.14638929518037 782.8970043107962 
544.6075996288789 337.73741199717495 
532.2397263956435 483.5441739131503 
610.9413109224164 167.1048555072125 
552.2623864544881 318.72297596617625 
649.1206828222884 124.72499689403513 
525.6496452890563 609.897099744909 
510.23580734750277 750.1931271087909 
644.5579472804712 128.4847085561159 
538.2423708795623 360.71832108155786 
602.0359415828317 180.71001490294216 
503.87028243079044 790.4227108335007 
571.7905949350578 264.4279452434718 
540.6532385775728 348.27788403550994 
640.8554794918797 132.1838337570692 
611.6553004696281 162.61803560581654 
517.3165022232602 700.3546582809772 
527.2955855536493 587.9957255926498 
532.3731271956334 466.03758281592457 
527.9790980981536 571.9920325038979 
592.4613758721633 196.11497993126568 
531.3413776449868 505.82838943433205 
554.8749046379234 310.548003405289 
553.8626054560347 313.4000918887104 
557.4203488884423 304.0845564649979 
603.810776607785 179.948231142221 
592.4613758721633 196.11497993126568 
532.3731271956334 466.03758281592457 
510.23580734750277 750.1931271087909 
528.8823769357937 558.2900407580735 
516.1037658100796 711.3235439933877 
527.2955855536493 587.9957255926498 
536.0473066806492 364.4746676529417 
505.6242575462568 775.3678441302471 
597.3172561108498 188.02651601872356 
528.0559445928118 571.4672442617816 
607.3655012223245 167.1473144771413 
557.4077776819082 308.4733715937492 
647.8269117184956 126.5222365289437 
607.0704631970185 168.66979363590707 
516.1037658100796 711.3235439933877 
