494.5521708611748 820.397148943912 
667.8624588194933 120.35981713331489 
494.5521708611748 820.397148943912 
667.8624588194933 120.35981713331489 
526.7684445092357 585.1950780698354 
641.1959048729999 131.32026782017553 
528.3814065934164 558.6660963517178 
645.6424679645731 128.35326232486992 
518.2214582991188 687.8753434686599 
593.2158079175437 181.28424183657506 
530.813220807041 497.14557817807474 
636.9430993367159 137.63271795351926 
497.5638885083914 817.6801244403049 
530.0819071616642 519.0904232761094 
520.5537598996486 662.9734743453099 
507.0294795248166 779.3639686071581 
597.6535987057717 176.37887206979764 
633.3789398919415 141.37000343094002 
519.4196017746153 676.5278402449683 
611.2772854211471 162.63403172212088 
665.0219049580213 122.78509982291715 
522.8800367944929 636.117404666232 
550.0808626171973 316.41321182177427 
499.62181141560404 804.2576044819082 
513.4123028471655 730.7195738085125 
531.4049709072669 485.88514853445906 
607.628589439735 163.6374568439375 
514.4965196494 722.7730053022614 
540.0617937473904 343.51516108765907 
525.7961703289815 598.9573023956871 
523.7772178169985 625.297143168116 
626.9718084192408 146.05043904079758 
528.7667750810438 549.9764151532197 
532.3783638447784 398.5139554400132 
660.1516425662086 122.82512840165997 
503.54119023177725 784.6873167346514 
532.0513014016221 434.1770795249693 
560.2903601513408 291.1657014035434 
623.3589686196935 149.90216993118844 
653.3944563374649 123.960600488562 
531.4306030062285 467.6108716034373 
599.6404409270277 172.1466874369049 
657.9698338275102 123.47123235301298 
553.3776760361485 310.864057842683 
507.9332245499727 759.0267222746356 
590.2466717561351 185.19225676066802 
531.6165187874449 458.0192405784191 
515.9022104682989 709.0019723833199 
510.08848185344215 748.1382021056476 
620.1391588314938 153.50704203823773 
650.1344991956815 125.37046743769186 
531.8372329243383 442.48693762861114 
534.583520554903 363.2006378623691 
571.2457500804542 256.19843141969153 
529.4501810563366 533.6709641391573 
543.4770616914259 340.7185475232171 
559.1716799682582 301.02642427689625 
537.8653409343316 354.58040420893195 
602.1976989233424 166.01334176545328 
604.1423073156222 165.78575744239234 
548.3614508784785 323.2655293576072 
568.406374121358 271.27943275116047 
532.576770948075 383.35441376059964 
507.0626563251153 763.7242981961141 
511.2369886699272 742.0715261039702 
532.1997279757956 414.9152652751679 
544.046758050824 334.7229524323057 
615.623317673096 154.96301973719687 
565.3040901763574 274.48271355580505 
579.2684268118069 227.58859686274332 
562.9502937112441 281.53333447455725 
524.9710188066962 614.2322958972281 
614.3880043460714 157.13093320948778 
585.5375561309581 211.14774156847702 
557.4905352077453 304.632654294622 
582.522331336698 211.27860611937575 
580.8851097537578 222.35827104556742 
502.46872741499254 790.0060513082751 
576.8440484106727 237.210095556115 
532.767724569902 376.0472645147906 
577.6161922805887 231.88569037141227 
626.9718084192408 146.05043904079758 
585.5485713517272 201.94162336714143 
525.0730875513644 608.7130758929823 
548.3614508784785 323.2655293576072 
521.6214877786516 650.1173361492513 
633.9254229387008 139.15946980141902 
516.4043163926289 703.8532355661946 
521.6214877786516 650.1173361492513 
538.0311305563487 349.2300339077586 
529.8264261505924 529.0316755306304 
532.2611031072098 411.3348225383381 
575.3723775522317 243.0858366512923 
621.031766772851 150.84764502266836 
533.9784268346714 369.2482503677788 
569.6666446486888 261.5000004321732 
574.5924872582129 255.96599563782638 
574.6360324804191 253.84708573838665 
588.2124890653774 188.14604778285653 
566.8852021060765 274.4318894567468 
