494.9261434639145 820.397148943912 
668.9187946795688 120.35981713331489 
494.9261434639145 820.397148943912 
668.9187946795688 120.35981713331489 
547.1425895109282 324.2745459374483 
532.2094353840346 414.10181919115155 
507.16642048997875 768.8730350132392 
504.9348159748651 784.458375912851 
633.3157527088663 143.30158060102843 
533.1287643891447 358.1469973671958 
626.3322784422746 146.63895423920025 
532.511365753846 387.24578262530514 
518.1389116316319 695.7989261474228 
571.5313738292962 256.5344129323452 
529.5267813250181 522.816158390701 
502.7465847088771 795.2601092944852 
520.3759463250877 673.0631993522588 
615.366185932052 154.72148266524113 
573.0264380353918 248.96704367133802 
643.3205609342231 132.91461733143495 
666.369898190886 122.80154900801041 
526.4029598177294 599.0551371726086 
526.7667675099347 580.0463412527105 
543.7215701808719 337.8812455843865 
611.2351621425339 158.614903625384 
594.2106601027574 176.90037360585615 
531.825848868491 451.1954511964183 
532.1255669274226 445.12877519474154 
587.1206718661722 195.00875928138802 
519.4551926563068 683.8649327338936 
510.0196095950633 757.9727449737651 
582.0726532614199 223.42767688694803 
553.0633989628855 307.40014540647564 
590.3772016432598 182.38282897203788 
528.8626181294436 541.5239219520057 
563.2234081259086 281.1991017900106 
639.1293677573454 134.24711587459677 
568.7457218039456 269.7460053127353 
514.3491850171002 732.0171662564081 
646.5615613279135 129.73031558658786 
560.5828461811046 295.41426450913156 
660.9795133274587 122.82512840165997 
532.396742383995 395.67716631038746 
555.8192745438031 297.7225828447738 
618.7315622079485 153.42224313657414 
659.6101560155332 123.70371708907115 
535.5392774905152 356.5088768494944 
523.1764771022937 641.2747327536173 
654.4714773013142 123.960600488562 
609.0022794926772 162.86552880576457 
530.975402524994 493.03473374206476 
582.8505980584597 216.00544379623702 
500.82806820392364 805.2921108793166 
562.4433621876285 295.3398107743093 
522.2728570964784 658.3589986450334 
576.4013906822631 241.1530587430093 
653.2440439838248 124.60353079139065 
527.3740856871186 568.9919523708071 
499.97520088482634 809.5873138225146 
551.0323715781182 316.20608912660623 
540.510992753286 343.44689465197683 
531.0904341765697 473.79990150923936 
531.0904341765697 473.79990150923936 
538.0474287791732 350.7200700296839 
598.5049121235658 176.29407103098768 
578.5686794008901 229.86547830817952 
621.2224760152691 150.5757942175091 
524.6109133185163 623.9949706799565 
591.6575578476928 182.27711665726883 
635.5633014090395 140.42804773956976 
554.868396216326 300.4034314664625 
568.2020041132056 272.6693028117472 
637.5063498920333 139.28604629647594 
517.1005779946981 712.3940280037386 
566.275614029506 280.45842763942056 
601.3821688723534 166.37320826856885 
584.885240285614 208.9481307105152 
530.6515837669072 497.90918196085397 
576.4636426213673 238.11541362295912 
514.5681178113833 730.8629771996841 
648.9820817854551 126.22413365209003 
511.4872400591333 747.7425346312921 
542.1461682680994 337.9490872321801 
586.9458394736739 200.69561218820976 
525.4661475390518 612.9448686417998 
522.2728570964784 658.3589986450334 
601.3507072847013 170.58762189054747 
525.7078543360999 610.047098282135 
605.0676595919056 165.5296099293052 
497.9048373359827 817.5883014374963 
538.7944849692722 347.8260248225278 
598.8477957970538 174.30625289408772 
524.411883782053 629.7020790420115 
551.0636858984307 316.12314921344233 
527.7867318104627 560.0580384204075 
578.5062040214223 230.14537208193113 
606.0630164099684 163.9002359679074 
523.338502628309 635.9601933180005 
585.5878387626432 207.2980574321296 
624.0932561350324 148.9542879181981 
