494.29819825843504 820.397148943912 
665.2279671319062 120.35981713331489 
494.29819825843504 820.397148943912 
665.2279671319062 120.35981713331489 
522.7953671125904 638.2381518364272 
517.6484123650642 693.2419142112592 
524.7663043676613 613.7261115700252 
571.3258244371455 259.34181462339626 
532.8221511938837 389.4762756872157 
531.8771973398576 468.8689799882028 
533.5980306207921 353.0113004331052 
528.0202485204348 567.0389072275893 
641.5476890017225 129.1898139408654 
531.2122944916989 497.93776612939826 
516.424940101691 712.283488660954 
543.4442972640765 343.76755656570526 
582.7767774370529 217.65844618809118 
634.9181842658044 138.12649824254592 
662.7720477325527 122.26845595915502 
537.2918588830223 349.83774705084056 
566.605177363392 280.29794455475377 
505.9094341886089 768.8730350132392 
544.5678052962246 328.6800715974754 
550.9290032708332 322.6486767112096 
559.7371095886768 287.91560657926317 
526.5412585477 610.5476889823452 
513.264400415487 730.6618718948622 
574.6167171823618 250.89013070891525 
547.0859830082126 325.12232142741726 
541.1018576447892 349.52628180307215 
558.5388955351987 303.71826248665786 
551.5811628134297 310.66056827664954 
597.1787652542561 182.83989866202504 
630.1061634045578 146.46888021939478 
504.21289295967637 779.7748165999128 
591.5299606811108 185.97155894951592 
532.417941892536 430.38906826295596 
530.3517480771644 515.1540562716498 
580.1171068583998 223.16103316960795 
498.11633279714266 819.9103452780104 
587.3918565759811 197.36513829167657 
646.2452449183761 125.16296250054359 
527.2189102626603 585.1950780698354 
632.0244073204396 143.5805273131713 
611.784950792647 158.40544940577112 
620.9561310034424 150.02029272747296 
498.5853965839042 809.0028819578542 
594.3167766099458 184.1957790894318 
616.4412603251875 153.16518859653127 
500.0908116681359 800.758904133654 
652.2756091400935 123.960600488562 
603.2613203510303 170.7455127859934 
608.8602858101648 162.47638967379035 
529.4482751362053 535.9295260695528 
530.3033103116668 530.2234571382219 
607.3865398421046 165.30860444406457 
614.4073218850875 157.63648079765352 
564.1656669777706 283.21162619303533 
532.6253341448783 412.43961363392174 
519.7434465084741 682.8308702328011 
520.0664832547452 679.3530539837046 
645.6544072947879 125.54757616306334 
520.6521160863988 663.2309032221957 
562.3217290305963 286.5764684627451 
520.954797612279 659.736420383041 
568.753183659958 268.11087410539886 
657.4733513588927 122.89310691526588 
575.4928046971316 244.3145997929616 
585.05895736007 208.719155494931 
625.742682672771 147.75614290595112 
603.7693674559843 165.9968272215037 
656.51735946522 123.45941378283506 
625.3164349421221 149.29103376177684 
579.9361424866615 235.13176144078355 
619.0411492749811 150.8911690237168 
528.7913156159358 552.3955661784861 
532.0627712995996 449.01713337974434 
527.2189102626603 585.1950780698354 
585.2821104409585 205.39701027151506 
530.882395730123 503.4267299531024 
531.9941259029805 460.39490849967325 
507.60738790388285 760.0940862521854 
532.2914891406243 440.4124652206249 
598.8255086837186 170.85929242798508 
588.5147125384749 189.89452798967798 
556.2525187601033 304.7916070202574 
510.31581609742483 746.4243791452781 
528.9575001277744 549.3579210584359 
503.43731886171634 788.3057830781709 
533.0020126330368 371.89066814577865 
532.6253341448783 412.43961363392174 
501.26622847762 794.5102636727579 
637.9449702677513 132.79268700647606 
598.4602605633676 171.02036042330283 
652.2756091400935 123.960600488562 
576.6305792148519 236.5892564954093 
533.0008184243321 373.0102355782822 
637.886749871459 132.9218637036592 
514.7968908278854 719.6074830129595 
568.753183659958 268.11087410539886 
