494.6442256556953 820.397148943912 
494.6442256556953 820.397148943912 
669.3946571957191 120.35981713331489 
669.3946571957191 120.35981713331489 
525.8032561848225 600.8884859415547 
503.76941280429236 782.120746024374 
640.6015002791692 141.04665122752417 
501.5684462684354 796.6932936980177 
513.7033856626263 728.3528497226974 
519.9340044945511 675.404098833144 
540.3526760179418 348.5080624272229 
532.1279494826449 438.61516082046364 
497.75911149582424 814.7102960370905 
521.1737872392948 657.4778584526462 
635.6298798624533 143.53563922266622 
589.938632168236 194.48030929764212 
530.916907499266 495.39456121961837 
521.9119547651632 647.2736954921221 
523.3891253996662 630.610286711779 
552.7891009226506 314.36149697478635 
531.7274469310496 454.16754249039866 
513.0871051170485 739.2708870893282 
499.5132032361678 803.5808188992646 
610.3811073282436 164.89174783212448 
536.6188037688769 354.9560781346779 
506.3343504884818 771.8293229488233 
510.8599778183572 750.9411325400051 
597.5261533775684 171.96316960695944 
527.2298244720109 571.3654676303117 
567.8432574937367 277.4161643700718 
530.0912662240598 511.2932640587808 
573.8603355722897 260.3358172062716 
570.9983341389114 262.3804954900361 
654.2641612474924 124.4994873532966 
632.4395872694273 144.1608489586468 
579.8897674316423 227.45919365701698 
667.7317114544139 122.84880512845652 
528.3402759761975 550.4326642761051 
548.7117459376963 322.41210907979917 
613.4202306313881 155.4290853552075 
533.1507878980882 375.7596203327125 
654.7910444984823 124.1984821155062 
621.1703584381526 152.48105359375438 
586.8849555724724 206.0812990990603 
532.3246964779821 419.45894832109457 
543.884860248591 346.83428605811037 
568.5116856147297 268.0760310700725 
546.8408964481205 336.23818824130296 
648.1570427907676 126.6919535024766 
592.9733244678333 180.9875335233556 
574.5593292654855 247.320173619774 
532.6864339317365 399.89808749818565 
661.1652842279552 122.84978576995582 
594.6467758427119 173.9509572126618 
618.0703430691643 154.95014894970527 
509.12788247262364 755.6579244859932 
531.1879918573283 470.98306225177095 
660.9310651394285 122.87675298558808 
607.6650410390682 164.9433360224048 
642.6175080945281 131.6153340384689 
592.2113930975062 191.6349139662847 
529.2893343893113 536.6272520747428 
527.8333869517779 559.4385334393759 
585.2591660261405 215.87837471695337 
603.7752343883632 165.15855621052927 
564.8282984563255 283.2856214992903 
517.6833295436766 704.3043964618411 
533.4481473478813 359.9995621606516 
600.2715724753571 165.31416129094924 
562.2113966816764 289.63273242252694 
524.1535271660543 620.707644277878 
518.3849110730441 689.7919402595261 
545.4135440486405 340.92126093276545 
559.5224368126753 296.51931431814177 
625.0005771524029 147.61118074325037 
647.9545317051746 126.71456785240402 
548.0772372320096 324.03454898364686 
532.4830460686761 411.8701035855742 
518.8197185175616 686.0209158861359 
623.4991771725445 148.3803408650508 
582.3398302928226 223.45914390903178 
515.8158055079291 711.7455464124536 
530.5175013177779 504.06881621524656 
615.0748361168096 155.18474592069435 
531.5123562918155 470.74520520087196 
558.7611464973711 298.24230442792106 
526.5424171119754 585.1950780698354 
576.6942088121509 244.28669858049236 
529.3261002414221 528.9733882176781 
535.0778951706741 359.91804879182706 
628.874128913153 145.47751081675256 
557.5411851353551 307.0485704954256 
628.3598018438461 145.51965121586724 
642.5375982268715 131.6461141030047 
526.5424171119754 585.1950780698354 
524.1535271660543 620.707644277878 
586.5001697468908 208.88922544489907 
578.262120281083 236.00185707630638 
516.5281394932068 705.9472760749526 
507.40994608848854 764.1754590917606 
