494.6442256556953 820.397148943912 
670.1612137699215 120.35981713331489 
494.6442256556953 820.397148943912 
670.1612137699215 120.35981713331489 
521.1694618529885 668.479222832496 
522.3877196235944 646.8665370977108 
532.0659356692297 441.596200935394 
519.0810379016406 687.4114073387206 
665.4891233977703 122.32183712278183 
528.2600009130463 552.4550073151765 
524.914373946296 616.9551089018197 
504.3030804900258 790.4322997468767 
523.8249253775309 630.1053236730701 
533.6175374701072 353.0113004331052 
601.1153657636548 168.764879794765 
532.3738321367691 417.279972958574 
533.2016015623129 377.63862791166525 
551.4143328642955 316.32121859351963 
501.7214720442764 804.4591906779116 
586.9195299861354 193.84161333632758 
531.4757238547936 461.55023166318597 
540.1498515456503 345.13276597170403 
658.7040322238502 123.41239649090515 
529.3661704324556 529.1649174761314 
508.93710965340176 758.0504851723274 
506.7198999420336 768.8730350132392 
547.5135303268253 323.72111718668475 
578.9238512865326 228.6305581875263 
651.9662230616578 124.54786857780715 
635.6542874960403 141.37391074622332 
604.942090373991 168.66107001068772 
518.1446123141177 700.2577641013144 
515.5076014053351 720.7906690984331 
647.8423638847054 129.1109367887955 
585.6570959482824 202.43670301874656 
506.22839749045704 782.3740126338087 
531.0904341765697 473.79990150923936 
558.0875766455422 298.43491816571503 
575.1549308513273 255.36827750651352 
582.723177080106 214.63425748756185 
510.65467478882283 749.4386369822125 
555.1319137188349 305.7464604865023 
532.9740953837613 389.5357168239062 
546.7306086602017 331.8140741001897 
639.1504513808327 135.9731156108996 
612.22991938999 161.85556466893755 
567.2485076898187 274.03959539330833 
526.903214955459 579.773015011246 
512.144770468242 741.0349971801126 
531.0650268077247 490.9925444634286 
530.0869679617138 510.97809846718695 
568.7581224725677 265.2275450253677 
564.8341922217525 277.3562234961741 
622.259436909255 152.14673933824062 
528.0949176004833 565.6342172469264 
552.8464800614037 307.0171719424219 
499.820053414462 809.4146957703832 
625.8808638592355 151.59513579062974 
559.815858217245 293.5762568961335 
575.8907344694992 241.3834771914821 
643.1564771177381 134.015335283407 
591.0306800867975 187.29171364074165 
526.3795435249488 599.0649296967936 
530.7155241559054 499.5090696620535 
627.7221307001819 149.0065332731675 
572.0167407325184 256.1224803647705 
563.0839581471079 284.12160970840546 
584.1157421309732 213.9051088476682 
543.3397559942016 338.8917826771691 
561.430580588893 286.895215441856 
497.94163204376946 814.7102960370905 
570.3075927633453 259.533804494801 
608.7857727850355 166.1295538540396 
526.4140219272824 598.7841711829021 
657.0280988972173 124.34219603744059 
529.6632139881175 522.4248605409954 
594.5272587113137 182.63582511149772 
649.0162384038805 126.08877875786679 
515.3444273446851 736.5782478780642 
617.0836746918139 159.00351375416918 
537.4914714179527 351.43002176824626 
544.2226749002815 338.7991964830796 
597.299473721725 177.49702904230435 
668.9337561685571 121.49528922021693 
576.7109718905875 236.78884279741487 
597.299473721725 177.49702904230435 
630.9646413650164 148.1827919983167 
630.9646413650164 148.1827919983167 
637.4785911303511 140.48377909372874 
527.1484843352987 574.0861621044243 
496.9688041790674 820.1591253381937 
516.4167858107646 709.0019723833199 
609.2890495783306 164.44477848360563 
642.9504946562769 134.13662217388753 
532.8229829951558 405.4053125169139 
615.3821756563123 160.66327415792713 
593.7851345711013 184.49992953073672 
514.3667074183359 736.962874976737 
536.8437459884196 352.5954107231076 
578.3160211666642 230.96049612566532 
