494.29819825843504 820.397148943912 
668.6441727398566 120.35981713331489 
494.29819825843504 820.397148943912 
576.3491639497583 263.3232386238288 
557.2043022761356 305.52647582996053 
571.1383992960045 268.66966762660877 
581.1856933509446 261.2597322683436 
526.404185834851 610.5863999830493 
543.4739000105538 354.97629839743354 
562.1284931644531 303.64455421552094 
590.9367529577887 213.10839040800826 
546.5730757294502 347.34386445893165 
514.0705539551715 730.8800971010745 
528.6229315700593 554.5281459018842 
554.7596564802082 318.5280786696441 
528.2511422098999 566.1618013434253 
509.14122410061026 761.8142308895495 
532.7091307937083 415.1671442141131 
531.4705689189285 478.9221206421203 
654.6731709755315 123.960600488562 
505.0894353856078 781.2612268991132 
638.9684078859596 133.99063431180895 
532.5641836266975 438.3081657593816 
530.6196000289942 510.7846372879057 
618.960404501922 154.94933135805027 
515.9697932073399 711.3235439933877 
581.6823458408721 242.87761317345576 
517.9902373667978 697.603548415139 
524.1214813299015 627.126477393984 
591.4638406320349 200.46096146336666 
596.42717930087 178.71228455790845 
666.2513793766173 121.07999518340853 
646.5456100468897 125.33467390195291 
526.7249376599206 585.1950780698354 
660.7619235198468 123.05754001167874 
532.8957897058932 404.8970480534379 
585.8964825706353 217.4737264102889 
599.4308430171418 172.65963325056202 
499.6124412917597 804.1208643643621 
536.4563168891095 374.6333857879627 
635.3613244210762 137.74566243936917 
541.6506294361307 368.003564378191 
628.874973949 145.9531700231708 
530.1057468450254 524.2559114182974 
550.1822912353148 343.5388922631479 
614.803481205969 155.12962085029437 
569.475941751625 277.6595568191267 
502.5929404768002 793.1239432247022 
567.9441007752596 283.6467086339513 
551.7824222973804 340.0727775853276 
534.5836109780105 380.13229029149494 
522.8214734468421 642.0254500424138 
565.0442369106114 297.2349414569983 
649.6177914550894 125.02390888042066 
526.1294201253265 624.3155713201296 
505.9094341886089 768.8730350132392 
583.5869519104385 233.80727483997575 
526.8923062036796 582.8461049508162 
520.2817473047894 676.187870460577 
518.7280695679183 687.2632632707188 
643.3042226300374 129.9166643157946 
529.2866742070215 533.6709641391573 
632.5817525956659 141.3179759300108 
610.5923664336033 157.27340694644306 
521.2398703818461 660.5940570847498 
532.4698190253273 446.66028582573836 
624.805261445027 148.3114573949672 
533.1745898278314 388.14414347309753 
531.8859311797612 465.91179337640955 
603.3174707748308 162.31370146394386 
503.1852947077802 791.021533414459 
592.4007947831763 188.29905536858925 
516.3033502685406 708.5640539956938 
532.4022457622667 460.4520526422932 
642.0882298657866 131.9281240355458 
584.7799404742807 219.18530669566414 
652.7430339206627 124.22096736344521 
499.01670513426956 807.4177064264453 
522.4591669939201 646.809628240903 
531.2273491327724 497.03279510511635 
510.4840636924554 752.2957750556377 
552.5050718825211 325.99744079040727 
513.5694901482633 739.1327539368532 
601.0972279557351 168.75599490712105 
511.67752919878836 741.3260937162516 
593.484944152204 179.33581408501766 
539.2180774339572 370.1944197055551 
661.6170954494548 122.52006407659455 
612.5276569950921 156.92940894099738 
627.2691771995532 148.2823462177263 
521.4366638051516 657.3749210826293 
606.5684001978295 159.24809442418552 
606.718847135465 157.66398916961526 
621.9088772875941 152.04400413769122 
520.1303630981172 681.2213912942353 
566.2182395744778 291.6861993769548 
582.5702129926354 235.55811816310126 
497.0330977777215 817.6376589462182 
552.9665140635207 324.4603342178507 
511.0736757072854 749.0766390535174 
