0.7058287783396683
0.7155643951363844
0.7149711455414182
0.7076710863092821
0.7141906275104459
0.7064137952778455
0.7125789688600406
0.711230771785387
0.7127115620692006
0.7136597194597876
0.712921257380708
0.7134029447168964
0.7134322716304511
0.7071843589575584
0.7137061828146226
0.7030272634497714
0.7117355014728917
0.6985529795352807
0.7134436576456479
0.7032584242574119
0.7143248093930943
0.7142223315044044
0.7115714138798829
0.712250737367338
0.7145843440093104
0.7041110698091131
0.7117028744901771
0.7042356927752234
0.7048427533592974
0.7043077948224599
