7 0 0 0 0 0 0 0  10000000100000001000000010000000100000001000000010000000100000001000000010000000100000001000000010000000100000001000000010000000100000001000000010000000100000001000000010000000100000001000000010000000 
2 2 2 2 2 2 2 2  11111111111111111111111111111111111111111111111011111110111101111101111111111110111111101111111111111110111111111111111011111111111111111111111111111111111111111111111111111110111111101111111011111110 
7 0 0 0 0 0 0 0  10000000100000001000000010000000100000001000000010000000100000001000000010000000100000001000000010000000100000001000000010000000100000001000000010000000100000001000000010000000100000001000000010000000 
2 2 2 2 2 2 2 2  11111111111111111111111111111111111111111111111011111110111101111101111111111110111111101111111111111110111111111111111011111111111111111111111111111111111111111111111111111110111111101111111011111110 
4 2 2 2 2 2 2 2  10011101100111001001110010001100100111011000110111001100100011001000110010111100100011001000110010001000100011001000110110001000100011001000110010001101100010001000110010001000110010001000111011111110 
6 0 0 0 2 0 0 0  10000000100000001000100010001000100000001000000010000000100010001000100010001000100010001000000010000000100000001000000010000000100000001000000010000000100000001000000010000000100000001000000010000000 
4 0 0 0 4 0 0 0  10001000100010001000000010000000100010001000100010001000100010001000000010000000100010001000100010001000100010001000000010001000100010001000100010001000100010001000100010001000100010001000100010000000 
4 0 0 0 2 2 0 0  10001101100011011000110010011100101011011000110010001100100011001000110010001100100011001000110010001000100011001000110110001000100011001000110010001100100010001000110010001000100011001011111011111100 
4 0 0 0 4 2 0 0  10001000100011001000100010001000100011011000110110001100100011001000110010001100100010001000110010001000100011001000110110001000100011001000110010001100100010001000110010001000100011001000110010001100 
4 0 0 0 2 2 0 0  10001000100011001000110010001000100010001000100010001000100010001000100010001000100010001000100010001100100011001000110110001000100011001000110010001100100010001000110010001000100011001000110010001100 
6 0 0 0 2 0 0 0  10001000100000001000000010000000100010001000000010000000100010001000100010001000100010001000000010000000100000001000000010001000100000001000000010000000100010001000100010000000100000001000000010000000 
4 2 2 2 2 2 2 2  10011101100111001011110010001100100111011000110111001100100011001000110010111100100011001000110010001000100011001000110110001000100011001000110011111111111111111111111111111100111111101111111011111110 
4 0 0 0 4 2 0 0  10001000100011001000100010001100100011001000110110001100100010001000100010001000100010001000100010001000100011001000110010001000100010001000100010001000100010001000100110001000100010001000100010001100 
2 2 2 2 2 2 2 2  11111101111111011111110111011110111111111111111111111111111101111101111111111110111111101111111111111110111111111111111111111111111111111111111111111111111111111111111111111110111111101111111011111110 
4 0 0 0 2 0 0 0  10001000100010001000000010000000100000001000000010000000100010001000100010000000100000001000100010001000100010001000100010001000100010001000100010001000100010001000000010001000100000001000100010000000 
2 2 2 2 2 2 2 2  11111101111111111111110111011101111111111111111111111111111111111101111111111110111111101111111111111110111111111111111111111111111111111111111111111111111111111111111111111110111111101111111011111110 
7 0 0 0 2 0 0 0  10000000100000001000000010000000100000001000100010001000100010001000100010001000100000001000100010001000000010001000100010001000100010001000100010001000100010001000100010001000100010001000100010000000 
2 2 2 2 2 2 2 2  11010101110111011111110111011100111111111111111111111111111101111101111111111110011111101111111011111110111111111111111111111111111111111111111111111111111111111111111111111110111111101111111011111110 
2 2 2 2 2 2 2 2  11111111111111011111110111011111111111111111111111111111111101110101111111111110111111101111110111111100111111010111111111110110111111111111111111111111111111111111110111111100111111101111111011101010 
7 0 0 0 2 0 0 0  10000000100010001000100010001000100010001000100010001000100010001000100010001000100000001000100010001000000010001000100010001000100010001000100010001000100010001000000010000000100000001000000010000000 
7 0 0 0 2 0 0 0  10000000100010001000100010001000100010001000100010001000100010001000100010001000100000001000100010001000000010001000100010001000100010001000100010001000100010001000100010001000100010001000100010000000 
1 0 0 0 2 2 0 0  10001100100011001000110010001100100011001000110110001100100010001000110010001100100010001000110010001000100011001000110111001001100011001000110010001100100010001000110010001000100011001000110010001100 
6 0 0 0 2 0 0 0  10000000100000001000100010001000100000001000000010000000100010001000100010001000100010001000100010001000000010001000100010001000100010001000100010001000100010001000100010001000100010001000100010000000 
4 0 0 0 4 2 0 0  10001000100010001000110010001000100010001000100010001000100010001000100010001000100010001000100010001000100011001000100010001000100010001000110010001100100010001000110010001000100010001000110010001100 
4 0 0 0 2 2 0 0  10001100100010001000110010001000100010001000100010001000100010001000110010001000100010001000110010001000100011001000110110001000100011001000110010001100100010001000110010001000100011001000110010001100 
4 0 0 0 4 0 0 0  10001000100010001000100010001000100010001000100010000000100010001000100010001000100010001000100010000000100000001000000010000000100000001000000010000000100000001000000010000000100000001000000010000000 
4 0 0 0 2 2 0 0  10011101100111001000110110001100100011011000110110001100100011001000110010001100100010001000110010011000100011001000110110001000100010001000100010101100100010001000100010001000100011001000110010001100 
7 0 0 0 2 0 0 0  10000000100000001000100010001000100010001000100010001000100010001000100010001000100000001000100010000000100000001000000010001000100000001000000010000000100010001000100010000000100000001000000010000000 
6 0 0 0 2 0 0 0  10001000100000001000100010001000100000001000000010000000100000001000000010000000100000001000000010000000100000001000000010000000100000001000000010000000100000001000000010000000100000001000100010000000 
2 2 2 2 2 2 2 2  11111101110111011111110111011100111111111111011011111111111101111101111111111110111111101111110111111100111111010111111111110111111011111111111111111111111101111111110111111100111111101111111011101010 
4 0 0 0 4 2 0 0  10001100100011001000110010001100100011001000110110001100100011011000110010001000100010001000100010001100100011001000110110001000100011001000010010001100100010001000110010001000100010001000110010001100 
2 2 2 2 2 2 2 2  11010100110111011111110111011100111111111111111111111111111101111101111111111110111111101111110111111100111111010111111111110111111011111111111111111111111101111111110111111100111111101111111011101010 
6 0 0 0 2 0 0 0  10000000100010001000100010001000100000001000000010000000100000001000000010000000100000001000100010001000100010001000000010001000100010001000100010001000100010001000100010001000100010001000100010000000 
4 0 0 0 4 2 0 0  10001000100011001000110010001000100010001000100010001000100010001000100010001000100010001000100010001100100011001000110110001000100010001000110010001100100010001000110010001000100010001000110010001100 
2 2 2 2 2 2 2 2  11111101111111111101110111011100111111111111111111111111111111111101111111111110111111101111110111111100111111110111111111110110111111111111111111111111111111111111111111111100111111101111111011111110 
4 0 0 0 4 2 0 0  10001000100010001000100010001000100010001000100010001000100010001000000010001000100010001000100010001000000010001000100010001000100010001000100010001000100010001000100010001000100010001000110010001100 
4 0 0 0 4 2 0 0  10001100100011001000110010001000100010001000100010001000100010001000100010001000100010001000100010001000100011001000000010001000100010001000100010001000100010001000100010001000100010001000100010000000 
4 0 0 0 2 2 0 0  10001101100011011000110010011100101011011010110110001100100011001000110010001100100010001000110010001000100011001000110110001000100011001000110010001100100010001000110010001100100010001000110010001100 
4 0 0 0 4 0 0 0  10001000100010001000110010001000100010001000100010001000100010011000110010001000100010001000100010001000100010001000000010001000100010001000100010001000100010001000100010001000100010001000100010000000 
4 0 0 0 2 2 0 0  10001101100010001000110010001000100010001000100010001000100010001000110010001000100010001000110010001000100011001000110110001000100011001000110010001100100010001000110010001000100011001000110010001100 
6 0 0 0 2 0 0 0  10001000100000001000000010001000100000001000000010000000100000001000000010000000100000001000000010000000100000001000100010000000100000001000000010000000100000001000000010000000100000001000000010000000 
7 0 0 0 2 0 0 0  10000000100000001000000010000000100000001000000010000000100000001000000010000000100000001000000010001000100010001000100010001000100010001000100010001000100010001000000010001000100000001000100010000000 
4 0 0 0 4 0 0 0  10001000100010001000100010001000100010001000100010001000100010001000100010001000100010001000100010000000100000001000000010000000100000001000000010001000100010001000000010001000100000001000100010000000 
7 0 0 0 2 0 0 0  10000000100000001000000010000000100000001000000010000000100010011000000010000000100010001000100010001000100010001000100010001000100010001000100010001000100010001000000010001000100000001000100010000000 
4 0 0 0 4 2 0 0  10001100100010001000100010001000100010001000110010001100100011011000110010001000100010001000100010001100100011001000110110001000100011001000010010001100100010001000110010001000100010001000110010001100 
4 0 0 0 4 2 0 0  10001000100010001000100010001000100010001000110010001000100010001000100010001000100011001000100010001000100011001000110010001000100010001000110010001100100010001000110010000000100010001000110010001100 
6 0 0 0 2 0 0 0  10000000100010001000100010001000100000001000000010000000100000001000000010000000100000001000000010000000100000001000000010001000100010001000100010001000100010001000100010001000100010001000100010000000 
4 0 0 0 2 0 0 0  10001000100000001000100010000000100010001000100010001000100010001000000010000000100010001000100010001000100010001000100010001000100010001000100010001000100010001000000010001000100010001000100010000000 
6 0 0 0 2 0 0 0  10001000100000001000100010001000100010001000100010001000100010001000100010001000100010001000100010000000100000001000000010000000100000001000000010001000100010001000000010001000100000001000100010000000 
7 0 0 0 2 0 0 0  10000000100000001000000010000000100000001000000010000000100000001000000010000000100000001000000010000000100000001000000010001000100000001000000010000000100000001000000010000000100000001000000010000000 
4 0 0 0 4 2 0 0  10001100100011001000110010001100100011001000110110001100100011011000110010001000100010001000100010001000100011001000110010001000100010001000100010001000100010001000100010001000100010001000100010001100 
4 2 2 2 2 2 2 2  10011101100111011000110010001100100011011111111111111111111111111101111111111110111111101111110111111100111111110111111111110110111111111111111111111111111111111111111111111100111111101111111011111110 
6 0 0 0 2 0 0 0  10000000100010001000000010000000100010001000100010001000100010001000000010000000100010001000100010001000100010001000100010001000100000001000000010000000000010001000100010001000100000001000100010000000 
4 0 0 0 4 2 0 0  10001000100011001000100010001000100010001000100010001000100010001000100010001000100010001000100010001000000010001000100010001000100010001000100010001000100010001000100010001000100010001000110010001100 
4 0 0 0 4 2 0 0  10001101100011011000110010011100100011011000110110001100100011001000110010001100100010001000110010001000100011001000110110001000100011001000110010001100100010001000110010001000100011001000110010001100 
4 0 0 0 4 2 0 0  10001100100011001000100010001000100010001000100010001000100010001000000010001000100010001000100010001000000010001000100010001000100010001000100010001000100010001000100010001000100010001000110010001100 
4 0 0 0 4 2 0 0  10001000100011001000110010001000100111011000110110001100100011001000110010001100100010001000110010001000100011001000110110001000100011001000110010001100100010001000110010001000100011001000110010001100 
4 0 0 0 2 0 0 0  10001000100010001000000010000000100000001000000010000000100010001000100010001000100000001000100010000000100000001000000010001000100000001000000010000000100010001000100010000000100000001000000010000000 
4 0 0 0 2 2 0 0  10011101100111001000110110001100100011011000110110001100100011001000110010001100100010001000110010011000100011001000110110001100100010001000100010101100100010001000100010001000100011001000110010001100 
4 0 0 0 4 2 0 0  10001100100011001000110010001000100010001010100010001000100010001000100010001000100010001000100010001000100011001000110010001000100010001000100010001000100010001000100010001000100010001000110010001100 
4 0 0 0 2 2 2 2  10011101100111001111110111001100100011001000110110001100100011111101111111111110111111101111111111111110111111111111111011111111111111111111111111111111111111111111111111111100111111101111111011111110 
1 0 0 0 2 2 0 0  10001100100011001000110010001100100010001000100010001000100010001000100010001000100010001000100010001000100011001000110010001000100010001000100010001000100010001000100010001000100010001000100010000000 
7 0 0 0 2 2 0 0  10001000100010001000110010001000100010001000100010001000100010001000100010001000100010001000100010001000100011001000100010001000100010001000110011001100100011001000110010001000100010001000110010001100 
7 0 0 0 2 0 0 0  10000000100000001000100010001000100010001000100010001000100010001000100010001000100000001000100010000000100000001000000010000000100000001000000010000000100000001000000010000000100000001000000010000000 
2 2 2 2 2 2 2 2  11011101110111011111110111011100111111111111111011111111111101110101111111111110111111101111110111111100111111010111111111110110111111111111111111111111111111111111110111111100111111101111111011101010 
4 0 0 0 4 2 0 0  10001000100010001000100010001000100011001000110110001100100011011000110010001000100011001000100010001000100011001000110010001000100010001000110010001100100010001000110010001000100010001000100010001100 
7 0 0 0 2 0 0 0  10000000100010001000000010000000100000001000000010000000100010001000000010000000100000001000000010000000100000001000000010000000100000001000100010001000100010001000000010001000100000001000100010000000 
4 0 0 0 4 0 0 0  10001000100010001000100010001000100010001000100010001000100010001000100010001000100010001000100010001000000010001000100010001000100010001000100010001000100010001000100010001000100010001000100010000000 
6 0 0 0 2 0 0 0  10001000100000001000000010000000100000001000000010000000100000001000000010000000100000001000000010000000100000001000000010001000100000001000000010000000100000001000000010000000100000001000000010000000 
4 0 0 0 4 2 0 0  10001000100010001000100010001000100010001000100010001000100010001000100010001000100010001000100010001000100011001000110010001000100010001000100010001000100010001000100010001000100010001000110010001100 
7 0 0 0 2 0 0 0  10000000100010001000000010000000100000001000000010000000100010001000000010000000100000001000000010000000100000001000000010000000100000001000100010001000100010001000100010001000100010001000100010000000 
6 0 0 0 2 0 0 0  10000000100010001000000010000000100000001000000010000000100010001000100010000000100000001000100010001000100010001000100010001000100010001000100010001000100010001000000010001000100000001000100010000000 
6 0 0 0 4 0 0 0  10001000100000001000100010001000100010001000100010000000100010001000100010001000100010001000100010000000100000001000000010000000100000001000000010000000100000001000000010000000100000001000000010000000 
6 0 0 0 2 0 0 0  10001000100000001000000010000000100000001000000010000000100010001000100010000000100000001000100010001000100010001000100010001000100010001000100010001000100010001000100010001000100010001000100010000000 
6 0 0 0 2 0 0 0  10001000100000001000000010000000100000001000000010000000100010001000100010000000100000001000100010001000100010001000100010001000100010001000100010001000100010001000100010001000100010001000100010000000 
6 0 0 0 2 0 0 0  10000000100000001000100010001000100010001000100010001000100010001000100010001000100000001000100010001000000010001000100010001000100010001000100010001000100010001000100010001000100010001000100010000000 
2 2 2 2 2 2 2 2  10011101100111001000110010001100101011011000110110001100100011001000110010001100100010001111111110011100111011111111111111111110111111111111111111111111111111111111111111111110111111101111111011111110 
7 0 0 0 2 0 0 0  10000000100000001000000010000000100000001000000010000000100000001100100010001000100000001000000010000000100000001000000010000000100000001000000010000000100000001000000010000000100000001000000010000000 
7 0 0 0 2 0 0 0  10000000100000001000100010001000100010001000100010001000100010001000100010001000100000001000100010000000100000001000000010000000100000001000000010000000100000001000000010000000100000001000000010000000 
4 0 0 0 2 0 0 0  10001000100010001000000010000000100000001000000010000000100010001000100010001000100000001000100010000000100000001000000010000000100000001000000010000000100000001000000010000000100000001000000010000000 
4 0 0 0 4 2 0 0  10001000100011001000100010001000100010001000100010001000100010001000100010001000100010001000100010001100100011001000110110001000100010001000110010001100100010001000110010001000100010001000110010000000 
7 0 0 0 2 0 0 0  10000000100000001000000010000000100000001000000010000000100000001100100010001000100010001000100010001001000010001000100010001000100010001000100010001000100010001000100010001000100010001000100010000000 
4 0 0 0 4 2 0 0  10001000100011001000100010001000100010001000100010001000100010001000100010001000100010001000100010001100100011001000110110001000100010001000110010001100100010001000110010001000100010001000110010001100 
4 0 0 0 2 0 0 0  10001000100000001000100010001000100000001000000010000000100010001000100010001000100010001000000010000000100000001000000010000000100000001000000010000000100000001000000010000000100000001000000010000000 
4 0 0 0 2 2 0 0  10001000100011001000110010001000100111011000110110001100100011001000110010001100100010001000110010001100100011001001110110001000100011001000110010001101100010001000110010001000100011001000110010001100 
2 2 2 2 2 2 2 2  11011101110111011111110111011100111111111111111011111111111101111101111111111110111111101111111111111110111111111111111011111111111111111111111111111111111111111111111111111110111111101111111011111110 
4 0 0 0 4 2 0 0  10001100100010001000110010001000100010001000100010001000100010001000100010001000100010001000100010001000100011001000110010001000100010001000100010001000100010001000100010001000100010001000100010001100 
6 0 0 0 2 0 0 0  10000000100010001000100010001000100000001000000010000000100000001000000010000000100000001000000010000000100000001000000010000000100000001000000010000000100000001000000010000000100000001000000010000000 
7 0 0 0 2 0 0 0  10000000100010001000000010000000100000001000000010000000100010001000000010000000100000001000000010000000100000001000000010000000100000001000000010000000100000001000000010000000100000001000000010000000 
7 0 0 0 2 0 0 0  10000000100000001000000010000000100000001000000010000000100000001100100010001000100010001000100010001001000010001000100010000000100000001000100010001000100010001000100010001000100010001000100010000000 
6 0 0 0 2 0 0 0  10000000100010001000100010001000100000001000000010000000100000001000000010000000100000001000000010001000100000001000000010000000100000001000000010000000100000001000000010000000100000001000000010000000 
2 2 2 2 2 2 2 2  11111111111111011111110111011111111111111111111111111111111101111101111111111110111111101111111111111110111111111111111011111111111111111111111111111111111111111111111111111110111111101111111011111110 
4 0 0 0 4 0 0 0  10001000100010001000100010001000100010001000100010001000100010001000100000001000100010001000100010000000100000001000000010001000100010001000100010001000100010001000100010001000100010001000100010000000 
4 0 0 0 4 2 0 0  10001000100011001000110010001000100111011000110110001100100011001000110010001100100010001000110010001000100011001000110110001000100011001000110010001100100010001000110010001000100011001000110010001100 
2 2 2 2 2 2 2 2  10011101100111001111110111011100111111111111111111111111111101111101111111111110111111101111111111111110111111111111111011111111111111111111111111111111111111111111111111111110111111101111111011111110 
4 0 0 0 2 2 2 2  10011101100111001111110111001100100011001000110110001100100011001010110010001000100010001000100010001100100011001000110110001001111111111111111111111111111111111111111111111110111111101111111011111110 
4 0 0 0 2 2 0 0  10001100100011011000110010011100101011011000110110001100100011001000110010001100100010001000110010001000100011001000110110001000100011001000110010001100100010001000110010001000100011001000110010001100 
7 0 0 0 2 0 0 0  10000000100000001000000010000000100000001000000010000000100000001000000010000000100000001000000010000000100000001000000010000000100000001000000010000000100010001000100010001000100010001000100010000000 
4 0 0 0 2 2 0 0  10001100100010001000100010001000100010001000100010001100100011011000110010001001100010001000100010001000000011001000110110001000100010001000100010001100100010001000110010001000100010001000110010001100 
4 0 0 0 4 2 0 0  10001100100011001000100010001000100010001000100010001000100010001000100010001000100011001000110010001000100011001000110110001000100011001000110010001100100010001000110010001000100011001000110010001100 
