8 0 0 0 0 0 0 0  10000000100000001000000010000000100000001000000010000000100000001000000010000000100000001000000010000000100000001000000010000000100000001000000010000000100000001000000010000000100000001000000010000000 
2 3 0 2 2 2 2 2  11111111111111111111111111111111111111111111111011111110111111111101111011111110111111101111111111111110111111111111111011111111111111111111111111111111111111111111111111111111111111111111111111111110 
8 0 0 0 0 0 0 0  10000000100000001000000010000000100000001000000010000000100000001000000010000000100000001000000010000000100000001000000010000000100000001000000010000000100000001000000010000000100000001000000010000000 
2 3 0 2 2 2 2 2  11111111111111111111111111111111111111111111111011111110111111111101111011111110111111101111111111111110111111111111111011111111111111111111111111111111111111111111111111111111111111111111111111111110 
5 0 0 0 2 2 0 0  10001000100011001000110010001100100011001000100010001001100011001000100010001000100011001000110110001100100010001000110010001000100010001000100010001100100011001000100010001100100011001000100010001100 
5 0 0 0 2 0 0 0  10000000100010001000100010001000100010001000000010000000100000001000000010000000100000001000000010000000100000001000000010000000100000001000000010000000100000001000000010000000100000001000000010000000 
5 0 0 0 2 2 0 0  10001000100010001000100010001000100010001000100010001000100011001000100010001000100011001000110110001100100010001000110010001000100010001000100010001000100010011000100010001000100000001000100010001000 
5 0 0 0 2 0 0 0  10001000100010001000100010000000100000001000000010000000100000001000000010000000100000001000000010000000100000001000000010000000100000001000000010000000100010001000100010001000100000001000100010001000 
5 0 0 0 2 0 0 0  10001000100010001000000010001000100010001000100010001000100010001000000010000000100000001000000010000000100000001000000010001000100010001000000010000000100000001000000010001000100000001000100010001000 
7 0 0 0 2 0 0 0  10000000100000001000100010000000100000001000000010000000100000001000000010000000100000001000000010000000100000001000000010000000100000001000000010000000100000001000000010000000100000001000000010000000 
5 0 0 0 2 2 0 0  10001000100011001000100010001000100010001000100010001000100011001000100010001000100011001000110110001100100010001000110010001000100010001000100010000000100000001000100010001000100010001000100010000000 
8 0 0 0 2 0 0 0  10000000100000001000000010000000100000001000000010000000100000001000000010000000100000001000000010000000100010001000000010000000100000001000000010000000100000001000000010000000100000001000100010000000 
5 0 0 0 2 0 0 0  10000000100000001000000010000000100000001000000010000000100000001000000010000000100000001000000010100000100010001000000010001000100010001000100010001000100010001000100010001000100000001000100010001000 
5 0 0 0 2 0 0 0  10001000100000001000000010000000100000001000000010000000100000001000000010000000100000001000000010000000100000001000000010001000100010001000100010001000100010001000100010001000100000001000100010001000 
5 0 0 0 2 0 0 0  10001000100011001000110010001100100011001000100010001000100010001000100010001000100011001000100010001000100010001000100010001000100010001000100010001000100010001000100010001000100010001000100010001000 
5 0 0 0 2 2 0 0  10001100100010001000100010001000100010001000100010001000100011001000100010001000100011001000100010001000100010001000100010001000100010001000100010001000100010001000100010001000100010011000100010001000 
5 0 0 0 2 0 0 0  10000000100000001000100010001000100010001000100010001000100000001000000010000000100000001000000010000000100000001000100010001000100010001000100010000000100000001000100010001000100010001000100010000000 
4 0 0 0 2 2 2 2  10010101100101011001010111111110111111011111110011011110111111111101011011111110111111111111111111111110111111000111111011111111111111111011111110111111111111111111111111111111111111111111111111111110 
7 0 0 0 2 0 0 0  10000000100010001000000010001000100010001000100010001000100000001000000010000000100000001000000010000000100000001000000010001000100010001000000010000000100000001000100010001000100010001000100010001000 
4 0 0 2 2 2 2 2  10010101100101011001010010011101100101001001010010011010100011001001111011111110111111111111111111111110111111111111111011111111111111111111111111111111111111111111111111111111111111111111111111111110 
2 3 2 0 2 2 2 2  11111101111111011101111111111111111111111111111011111110111111111101011011111110111111111111111111111110111111000111111011111111111111111111111111111111011111111111111011111111111111001111111011111110 
4 0 0 2 2 2 2 2  10010101100101011111111111111111111111011111111011111110111111111101111011111110111101111111011011111110111111000111101011111111111111111111111111110111011111111111111011111110111111001111111011111110 
4 0 0 2 2 2 2 2  10010101100101011001010010011101110101001001110010011010100011001000100010001110100011011000110110001110100011001000110110001001100011001000110010001000100011001111111111111111111111111111111111111110 
5 0 0 0 2 0 0 0  10000000100010001000100010001000100010001000000010001000100000001000100010001000100000001000100010000000100000001000000010001000100010001000100010001000100010001000100010001000100010011000100010001000 
7 0 0 0 2 0 0 0  10000000100000001000100010000000100000001000100010001000100000001000000010000000100000001000000010000000100000001000000010000000100000001000000010000000100000001000000010000000100010001000100010001000 
7 0 0 0 2 0 0 0  10000000100000001000100010000000100000001000000010000000100000001000000010000000100000001000000010000000100000001000000010000000100010001000000010000000100000001000100010000000100000001000100010000000 
2 3 2 2 2 2 2 2  11010101110111011111110111110111111111001111111011111110111111111101111011111110111111111111111111111110111111011111111011111111111111111111111111111111111111111111111111111111011111111011111111111110 
2 3 2 0 2 2 2 2  11111111110111111111111111111111111111011111111011111110111111111101111011111110111101111111011111111110111111000111101011111111111111111111111111110111011111111111111011111110111111001111111011111110 
5 0 0 0 2 2 0 0  10001000100010001000100010001100100011001000110010001001100011001000100010001000100011001000110110001100100010001000110010001000000011001000100010001100100011001000100010001100100011001000100010001100 
5 0 0 0 2 2 0 0  10001000100010001000110010001100100011001000100010001001100011001000100010001000100011001000110110001100100010001000110010001000100010001000100010001100100010001000100010001000100010001000100010001000 
5 0 0 0 2 0 0 0  10001000100000001000000010000000100010001000100010001000100010001000000010000000100000001000100010000000100010001000000010001000100010001000100010001000100000001000100010001000100010001000100010000000 
2 3 0 0 2 2 2 2  11111101111111111111111111111111111111111111111011111110110111111101111011111110111111101111111111111110111111111111111011111111111111111111111111111111111111111111111111111111111111111111111111111110 
4 3 0 2 2 2 2 2  10010101100101011001010010011101100101001001110010011010100011001000100010001100100011011000110111011111111111111111111111111111111111111111111111111111111111111111111111001100100011001000100010111110 
4 0 0 0 2 2 0 0  10010101100101011001010010011101100101001001010010011010100011001000100010001100100011011000110110001100100010001000110010001001100010001000100010001100100010001000100010001100100011001000100010001100 
5 0 0 0 2 2 0 0  10001100100011001000110010001011100011001000100010001000100011001000100010001000100011101000110110001000100010001000110010001000100010001000100010001000100010001000100010001100100011001000100010001101 
5 0 0 0 2 2 0 0  10001100100010001000110010001000100010001000100010001000100011001000100010001000100011001000100010001000100010001000100010001000100011001000100010001100100011001000100010001000100010001000100010001000 
5 0 0 0 2 0 0 0  10001000100010001000100010001000100010001000100010001000100000001000000010001000100011001000100010000000100000001000000010001000100010001000000010000000100000001000100010000000100000001000100010000000 
5 0 0 0 2 2 0 0  10001100100011001000100010001000100010001000100010001000100011001000100010001000100011001000110110001100100010001000110010001000100011001000100010001010100011001000100010001100100011001000100010001100 
5 0 0 0 2 2 0 0  10001000100010001000100010001000100010001000100010001000100000001000000010001000100011001000100010001000100010001000100010001000100010001000100010001000100010001000100010001100100011001000100010001100 
2 3 2 2 2 2 2 2  11111101111101011111110111110111111111001111111011111110111111111101111011111110111111111111111111111110111111111111111011111111111111111111111111111111111111111111111111111111111111111111111111111110 
5 0 0 0 2 2 0 0  10001100100011001000110010001001100011001000100010001000100011001000100010001000100011101000110110001000100010001000110010001000100010001000100010001000100010001000100010001100100011001000100010001101 
7 0 0 0 2 0 0 0  10000000100010001000000010000000100010001000100010001000100000001000100010001000100000001000100010000000100010001000000010000000100000001000000010000000100000001000000010000000100000001000000010000000 
5 0 0 0 2 2 0 0  10001100100011001000100010001000100010001000100010001000100011001000100010001000100011001000110110001000100011001000100010001000100011001000100010001101100011001000100010001000100010001000110010001000 
4 0 0 0 2 2 0 0  10001000100011001000100010001000100010001000100010001001100011001000100010001000100011001000110110001000100010001000100010001000100011001000100010001100100011001000100010001000100010001000110010001000 
7 0 0 0 2 0 0 0  10000000100000001000100010000000100000001000000010000000100000001000000010000000100000001000000010000000100000001000100010001000100010001000100010001000100010001000100010001000100010001000100010001000 
2 3 2 0 2 2 2 2  11010101110111011111111111111111111111111111111011111110111111111101011011111110111111111111111111111110111111000111111011111111111111111111111111111111011111111111111011111011111111011111111011111110 
5 0 0 0 2 2 0 0  10001000100010001000100010001100100011001000110010001001100011001000100010001000100011001000110110001100100010001000110010001000000011001000100010001100100011001000100010001100100011001000100010001100 
2 3 2 0 2 2 2 2  11111101111111111111111111111110111111011111110011011110111111111101111011111110111101111111111111111110111111000111111011111111111111111111111111111111011111111111111011111111111111001111111011111110 
5 0 0 0 2 0 0 0  10000000100000001000000010000000100000001000000010000000100000001000000010000000100000001000000010000000100010001000000010001000100010001000100010001000100010001000100010001000100000001000100010001000 
7 0 0 0 2 0 0 0  10000000100010001000000010000000100000001000000010000000100000001000000010000000100000001000000010000000100000001000000010000000100000001000000010001000100000001000100010001000100010000000100010001000 
2 3 0 0 2 2 2 2  11111101111111011111111111111111111111111111111011111110111111111101111011111110111111111111111111111110111111111111111011111111111111111111111111111111111111111111111111111111111111111111111111111110 
4 0 0 0 2 2 2 2  10010101100101011001010010011101100101001001010010011010100011001000100010001100100011011000110110001110100010001000110010001001100011001000110010001000100011001000100010001101101111101000110010111110 
8 0 0 0 0 0 0 0  10000000100000001000000010000000100000001000000010000000100000001000000010000000100000001000000010000000100000001000000010000000100000001000000010000000100000001000100010001000100010001000100010001000 
5 0 0 0 2 0 0 0  10001000100000001000000010000000100000001000000010000000100000001000000010000000100000001000000010000000100000001000000010000000100000001000000010000000100000001000000010000000100000001000000010000000 
5 0 0 0 2 0 0 0  10001000100000001000000010000000100010001000100010000000100000001000000010000000100000001000000010000000100000001000000010000000100000001000000010000000100000001000000010000000100000001000100010000000 
5 0 0 0 2 0 0 0  10000000100000001000100010001000100010001000100010001000100000001000000010000000100000001000100010000000100000001000100010001000100010001000100010001000100000001000100010001000100010001000100010001000 
5 0 0 0 2 0 0 0  10001000100000001000100010000000100010001000100010001000100000001000000010000000100000001000100010000000100000001000100010001000100010001000100010001000100000001000000010000000100000001000100010000000 
4 0 0 2 2 2 0 0  10010101100101011001010010011100100011001000100010001001100011001000100010001000100001001000110110001100100010001000110010001001100010001000100010001100100010001000100010001100100011001000100000001100 
5 0 0 0 2 0 0 0  10001000100000001000100010000000100010001000100010001000100000001000000010000000100000001000000010000000100000001000000010000000100000001000000010000000100000001000000010000000100000001000100010000000 
5 0 0 0 2 0 0 0  10001000100000001000100010000000100010001000100010001000100000001000000010000000100000001000100010000000100000001000100010001000100010001000100010001000100000001000100010001000100010001000100010001000 
5 0 0 0 2 2 0 0  10001101100011001000110010011000100110001000100010001000100011001000100010001000100011001000110110001100100010001000110010001000100010001000100010001000100011001000100010001100100011001000100010001100 
5 0 0 0 2 0 0 0  10000000100010001000100010000000100010001000100010001000100000001000000010000000100000001000000010000000100000001000100010001000100000001000000010000000100000001000000010000000100000001000100010000000 
5 0 0 0 2 2 0 0  10001100100010001000110010001100100011001000100010001001100011001000100010001000100011001000110110001100100010001000110010001000100010001000100010001100100010001000100010001000100010001000100010001000 
5 0 0 0 2 2 0 0  10001000100011001000100010001000100010001000100010001000100011001000100010001000100011001000110110001100100010001000110010001000100011001000100010001010100011001000100010001000100010001000110010001000 
5 0 0 0 2 0 0 0  10001000100010001000000010001000100010001000100010001000100000001000000010000000100000001000000010000000100000001000000010000000100000001000000010000000100000001000000010000000100000001000100010000000 
2 3 2 0 2 2 2 0  11010101110101011111110111110111111111001100111011111111111111111111111011111110111111111011111111111110111111111111111111111111100010001000100010001100100011001000100010001100100011001000100010001100 
5 0 0 0 2 2 0 0  10001100100011001000100010001000100010001000100010001000100011001000100010001000100011001000110110001100100010001000110010001000100010001000100010001000100010001000100010001000100000001000100010001000 
5 0 0 0 2 2 0 0  10001100100011001000110010001000100010001000100010001000100011001000100010001000100011001000110110001100100010001000110010001000100010001000100010001001100010001000100010001000100010001000100010001000 
5 0 0 0 2 0 0 0  10001000100010001000100010001000100010001000100010001000100000001000000010001000100011001000100010001000100010001000100010001000100010001000100010001000100010001000100010001000100010001000100010001000 
5 0 0 0 2 2 0 0  10001100100010001000100010001001100011001000100010001000100011001000100010001000100011001000110110001000100010001000110010001000100011001000100010001100100011001000100010001100101011001000100010001100 
5 0 0 0 2 0 0 0  10001000100000001000100010000000100010001000100010000000100000001000000010000000100000001000000010000000100000001000000010000000100000001000000010000000100000001000000010000000100000001000100010000000 
5 0 0 0 2 0 0 0  10000000100010001000100010001000100010001000000010001000100000001000100010001000100000001000100010000000100000001000000010000000100010001000100010001000100010001000100010001000100000001000100010001000 
5 0 0 0 2 0 0 0  10000000100000001000100010001000100010001000100010001000100000001000000010000000100000001000000010000000100010001000000010000000100000001000000010000000100000001000000010000000100000001000100010000000 
7 0 0 0 2 0 0 0  10000000100010001000000010000000100000001000000010000000100000001000000010000000100000001000000010000000100000001000000010000000100000001000000010000000100000001000000010000000100000001000100010000000 
5 0 0 0 2 2 0 0  10001100100011001000110010001000100010001000100010001000100011001000100010001000100011001000100000001000100010001000100010001000100010001000100010001000100010001000100010001000100010011000100010001000 
8 0 0 0 0 0 0 0  10000000100000001000000010000000100000001000000010000000100000001000000010000000100000001000000010000000100000001000000010000000100000001000000010000000100000001000100010001000100010001000110010001000 
5 0 0 0 2 2 0 0  10001100100010001000110010001100100011001000100010001001100011001000100010001000100001001000110110001100100010001000110010001001100010001000100010001100100010001000100010001100100011001000100000001100 
2 3 2 0 2 2 2 2  11010101110101011111110111110111111111001100111011111111111111111111111011111110111111111011111111111110111111111111111111111111111111001000110010001000100011001111111111111111111111111111111111111110 
5 3 2 2 2 2 2 2  10001101100011001000110010011000100110001000100010001000100011001000100010001000100111001000110110001100100010001000110010001000110010001000100010001000100011001000100010001100100011001000100010001110 
2 3 2 0 2 2 2 2  11011101111101011111110111110111111111001111111011111110111111111101011011111110111111111111111111111110111111000111111011111111111111111011111110111111111111111111111111111111111111111111111111111110 
5 0 0 0 2 0 0 0  10001000100010001000100010001000100010001000100010001000100000001000100010001000100000001000000010000000100000001000000010000000100000001000000010000000100000001000000010000000100000001000000010000000 
5 0 0 0 2 0 0 0  10001000100010001000000010000000100000001000000010000000100000001000000010000000100000001000100010000000100010001000000010000000100000001000000010000000100000001000000010000000100000001000000010000000 
5 0 0 0 2 2 0 0  10001100100010001000100010001000100010001000100010001000100011001000100010001000100011001000100010001000100010001000110010001000100010001000100010001100100011001000100010001100100011001000100010001100 
5 0 0 0 2 0 0 0  10001000100010001000100010001000100010001000100010001000100000001000000010001000100011001000100010001000100010001000100010001000100010001000100010001000100010001000100010001000100000001000000010000000 
5 0 0 0 2 0 0 0  10000000100010001000100010000000100010001000100010001000100000001000000010000000100000001000000010000000100000001000100010001000100010001000100010000000100000001000000010000000100000001000100010000000 
5 0 0 0 2 0 0 0  10001000100010001000100010001000100010001000100010001000100000001000100010001000100000001000000010000000100000001000000010000000100000001000000010000000100000001000000010000000100000001000100010001000 
7 0 0 0 2 0 0 0  10000000100010001000000010000000100000001000000010000000100000001000000010000000100000001000000010000000100000001000000010000000100010001000100010000000100000001000000010000000100000001000100010000000 
5 0 0 0 2 0 0 0  10001000100010001000000010000000100000001000000010000000100000001000000010000000100000001000100010000000100010001000000010000000100000001000000010000000100000001000000010000000100000001000000010000000 
2 0 0 0 2 2 0 0  10010101100101011001010010001000100010001000100010001000100011001000100010001000100011001000100010001000100010001000100010001000100011001000100010001100100011001000100010001000100010001000110010001000 
5 0 0 0 2 2 0 0  10001000100011001000110010001000100010001000100010001000100011001000100010001000100011001000100000001000100010001000100010001000100010001000100010001000100010001000100010001000100010011000100010001000 
2 3 0 2 2 2 2 2  10010101100111011001110111110111111111001111111011111110111111111101111011111110111111101111111111111110111111111111111011111111111111111111111111111111111111111111111111111111111111111111111111111110 
5 0 0 0 2 2 0 0  10001101100011001000110010011000100110001000100010001000100011001000100010001000100111001000110110001100100010001000110010001000110010001000100010001000100011001000100010001100100011001000100010001101 
5 0 0 0 2 2 2 2  10001101100011001000110010011000100110001000100010001000100011001000100010001000100011001000110110001100100010001000110010001000100010001000100010001000100011001000100010001100100011001000100011111110 
4 0 0 2 2 2 2 0  10010101100101011001010010011101110101001001110010011010100011001000100010001110100011011000110110001110100011001000110110001001100011111000100010001100100011001000100010001000100010001000110010001000 
5 0 0 0 2 2 0 0  10001000100010001000110010001000100010001000100010001000100011001000100010001000100011001000110110001001100010001000110010001000100010001000100010001000100010001000100010001100100011001000100010001101 
7 0 0 0 2 0 0 0  10000000100010001000000010001000100010001000100010001000100010001000000010000000100000001000000010000000100000001000000010001000100010001000000010000000100000001000000010001000100000001000100010001000 
2 3 2 2 2 2 2 2  11111101111101011111110111110111111111001001010011011010100011001001111011111110111111111111111111111110111111111111111011111111111111111111111111111111111111111111111111111111111111101111111101111110 
5 0 0 0 2 0 0 0  10001000100000001000000010000000100000001000000010000000100000001000000010000000100000001000000010000000100000001000000010000000100000001000000010000000100000001000000010000000100000001000100010000000 
2 3 0 2 2 2 2 2  10010101100111011001110111110111111111001111111011111110111111111101111011111110111111101111111111111110111111111111111011011111111111111111111111111111111111111111111111111111111111111111111111111110 
4 0 0 0 2 2 0 0  10001000100011001000100010001000100011001000100010001001100011101000100110001000100011001000110110001100100010001000110010001000100010001000100010001100100011001000100010001100100011001000100010001100 
