7 0 0 0 0 0 0 0  10000000100000001000000010000000100000001000000010000000100000001000000010000000100000001000000010000000100000001000000010000000100000001000000010000000100000001000000010000000100000001000000010000000 
2 2 0 3 0 2 2 3  11111111111111111111111111111111111111101111111011111110111111111101111011111111111111111111111111111110111111111111111011111111111111111111111111111111111111111111111111111110111111111111111011111110 
7 0 0 0 0 0 0 0  10000000100000001000000010000000100000001000000010000000100000001000000010000000100000001000000010000000100000001000000010000000100000001000000010000000100000001000000010000000100000001000000010000000 
2 2 0 3 0 2 2 3  10011101100111011001010111010111110101001101110010010100100110001001010011010100110101101001010111111111111111111111111011011111111010111111111111111111111111111111111111111110111111111111111011111110 
4 0 0 3 0 0 0 0  10010000100100001000000010000000100000001000000010000000100000001000000010000000100000001001000010000000100000001000000010000000100000001000000010000000100000001000000010000000100000001000000010000000 
4 0 0 3 0 0 0 0  10010000100100001001000010010000100100001001000010010000100100001001010010010100100101001001010010010000100101001001000010010000100100001001000010010000100100001001000010010000100100001001000010010000 
7 0 0 3 0 0 0 0  10000000100100001001000010010000100000001000000010000000100000001000000010000000100000001000000010000000100000001000000010000000100100001000000010000000100000001000000010000000100000001000000010000000 
2 2 0 1 1 2 0 0  11111101111111011111110101110101100101001001010010010100100100001001010011010100100111001001010010010000100101001001000010010100100101011001000010011100100101001011010010010100100101001001000010010100 
4 0 0 3 0 0 0 0  10010000100100001000000010000000100100001001000010010000100000001000000010000000100000001000000010000000100100001000000010000000100000001001000010010000100100001000000010000000100000001000000010000000 
7 0 0 3 0 0 0 0  10000000100100001001000010000000100100001001000010010000100000001000000010000000100000001000000010000000100100001000000010000000100000001000000010000000100000001000000010000000100000001001000010010000 
4 0 0 3 0 0 0 0  10010000100000001000000010000000100000001000000010000000100000001000000010000000100000001000000010000000100000001000000010000000100000001000000010000000100000001000000010000000100000001000000010000000 
2 2 0 3 0 2 0 0  11111101111111011111110101110101100101001001010010010100100100001001010010010100100111001001010010010000100101001001000010010000100110001001000010010000100100001001000010010000100100001001000010010000 
2 5 0 1 1 2 2 0  11111101111111011111110101110101100101001001010010010100100100001001010011010110100111001001010010010000100101001001000010010100100101011001100010001100100101111001111111111110100101001111110111011100 
4 0 0 3 0 0 0 0  10010000100100001001000010010000100100001001000010010000100100001001000010000000100000001001000010010000100000001001000010010000100100001001000000010000100100001000000010000000100000001000000010000000 
2 2 0 3 0 2 2 3  11111101111111111111111111111111111111101111111011111110111111111101111011111100111111111111111111111111111111111111111011111111111111111111111111111111111111111111111111111110111111111111111011111110 
2 2 0 1 1 2 2 0  11111111111101111111111111111011111111111111111011111110111111111001111011111100111101101111111111111111111111111111111011011110111110111111111111111111111101111001111111111110100101001111110111011100 
2 0 0 3 0 2 0 0  10010100100101001001000010010101100101001001000010010000100100001001010010010000100101011001000010010000100100001001000010010000100100001001000010010000100100001001000010010100000100001001000010010000 
7 0 0 0 0 0 0 0  10000000100000001000000010000000100000001000000010000000100000001000000010000000100000001001000010000000100000001000000010000000100000001000000010000000100000001000000010000000100000001000000010000000 
4 0 0 3 0 2 0 0  10010100100101001001010010010000100101001001000010010000100100001001010010010100100101001001010010010000100101001001000010010000100100001001000010010000100100001001000010010100100101001001000010010100 
7 0 0 0 0 0 0 0  10000000100100001000000010000000100000001000000010010000100100001001000010000000100000001000000010010000100000001001000010010000100100001001000010010000100100001001000010010000000100001001000010000000 
4 0 0 3 0 0 0 0  10010000100000001000000010010000100100001001000010010000100000001000000010010000100000001001000010010000100000001001000010000000100100001001000010010000100100001001000010000000100000001000000010000000 
4 0 0 3 0 2 0 0  10010000100101001001010010010000100101001001000010010000100100000001010010010100100101001001010010010000100100001001000010010000100101011001000010011100100100001001010010010100100101000001000010010100 
4 0 0 3 0 2 0 0  10010000100101001001000010010100100101001001000010010000100100001001010110010100100101001001010010010000100101001001000010010000100100001001000010010000100100001001000010010000000100001001000010010000 
2 0 0 3 0 2 0 0  10010000100100001001010010010000100101001001000010010000100100001001010010010100100101001001010010010000100101001001000010010100100101011001000010011100100100001001010010010100100101001001000010010100 
4 0 0 3 0 0 0 0  10010000100000001001000010010000100000001000000010010000100000001000000010000000100000001000000010000000100000001000000010000000100000001000000010000000100000001000000010000000100000001000000010000000 
4 0 0 3 0 0 0 0  10010000100100001001000010010000100000001000000010000000100000001000000010000000100000001000000010000000100000001000000010000000100000001001000010010000100100001001000010010000100100001000000010000000 
4 0 0 3 0 0 0 0  10010000100000001001000010010000100000001000000010010000100100001001000010000000100000001001000010010000100000001001000010010000100100001001000000010000100100001000000010000000100000001001000010010000 
2 0 0 3 0 2 0 0  10011101100111011001010111010111110101001101110010010100100110001001010010010100100101001001000010010000100101001001000010010100100101011001000010011100100100001001010010010100100101001001000010010100 
4 0 0 3 0 2 0 0  10010000100100001001000010010000100101001001010010010000100100001101010010010101100101001001000010010000100101001001010010010000100100001001000010011100110100001001010010010100100101001001000010010100 
2 0 0 3 0 2 0 0  10010100100101001001000010010101100101001001000010010000100100001001010010010100100101001001000010010000100101001001000010010100100101011001000010011100100100001001010010010100100101001001000010010100 
7 0 0 0 0 0 0 0  10000000100000001001000010010000100000001000000010010000100100001001000010000000100000001001000000010000100000001001000010010000100100001001000010010000100100001001000010010000100100001001000010010000 
2 2 0 3 0 2 2 0  10011101100111011001010111010111110101001101110010010100100110001001010011010100110101101001010111111111111111111111111011011111111010111111111111111111111111111111111111110100100101001001000010010000 
2 0 0 3 0 2 0 0  10010100100100001001010010010000100101001001000010010000100100001001010010010000100101011001000010010000100100001001000010010100100101011001000010011100100100001001010010010100100101001001000010010100 
4 0 0 3 0 0 0 0  10010000100000001000000010000000100000001000000010000000100000001000000010000000100000001000000010000000100000001000000010000000100000001000000010000000000100001000000010010000100100001001000010010000 
2 2 0 1 1 2 2 0  11111101110111011101010111111111111111111111111011111110111111111101111011111110111111111111111111111111111111011101001011110111111101111101010011010110111111101001111111111110110101001111101111011100 
7 0 0 3 0 0 0 0  10000000100000001000000010000000100000001000000010010000100100001001000010000000100000001000000010000000100000001000000010000000100100001000000010000000100000001000000010000000100000001000000010000000 
4 0 0 3 0 2 0 0  10010100100100001001000010010000100101001001000010010000100100001001010010010000100101001001010110010000100100001001000010010000100101011000000010011100100100001001010010010100100101001001000010010000 
4 2 0 3 0 2 2 0  10010101100101011001010111010101100101001101010011111110111111111101111011111111111111111111111111111110111111111111111011111111111111111111111111111111111111111001111111111110100101001111110111011100 
4 0 0 3 0 0 0 0  10010000100100001000000010000000100100001001000010010000100000001000000010000000100000001001000010010000100000001001000010010000100100001001000010010000100100001001000010010000100100001001000010010000 
4 0 0 3 0 0 0 0  10010000100100001001000010010000100100001001000010010000100100001001000010000000100000001000000010010000100000001001000010010000100100001001000010010000100100001001000010000000100100001001000010010000 
4 0 0 3 0 0 0 0  10010000100100001000000010000000100100001001000010010000100000001000000010000000100000001001000010000000100000001001000010010000100100001001000010010000100100001001000010010000100000001000000010000000 
7 0 0 0 0 0 0 0  10000000100000001001000010010000100000001000000010010000100000001000000010000000100000001000000010000000100000001001000010010000100100001001000010010000100100001001000010010000100000001000000010000000 
7 0 0 0 0 0 0 0  10000000100000001001000010010000100000001000000010010000100000001000000010000000100000001000000010000000100000001000000010000000100000001000000010000000100000001000000010000000100000001000000010000000 
2 0 0 3 0 2 0 0  10010100100101001001000010010101100101001001000010010000100100001001010010010101100101001001010010010000100101001001000110010000100101011001000010011100100100001001010010010100100101001001000010010100 
7 0 0 0 0 0 0 0  10000000100100001001000010010000100100001001000010010000100100001001000010000000100000001001000010010000100000001001000010010000100100001001000000010000100100001000000010000000100100001000000010010000 
4 2 0 3 0 2 0 0  10010101100101011001010111010101100101001101010010010100100101001001110010010100100101001001000010010000100101001001010010010000100100001001000010011100100100001001010010010100100101001001000010010100 
7 0 0 3 0 0 0 0  10000000100000001001000010000000100000001000000010000000100000001000000010000000100000001000000010000000100000001000000010000000100100001001000010010000100100001001000010000000100000001001000010000000 
4 0 0 3 0 2 0 0  10010100100101011001010110010101100101001001000010010000100100001001010010010100100101001001010010010000100101001001000110010000100101011001000010011100100100001001010010010100100101001001000010010100 
4 0 0 3 0 2 0 0  10010000100100001001000010010000100100001001000010010000100100001001000010000000100000001001000010010000100000001001000010010000100100001001000010010000100100001001000010010000100100001001000010010000 
7 0 0 0 0 0 0 0  10000000100100001000000010000000100000001000000010010000100000001000000010010000100000001001000010010000100000001001000010010000100100001001000010010000100100001001000010010000100100001001000010010000 
7 0 0 0 0 0 0 0  10000000100100001000000010000000100000001000000010000000100000001000000010010000100000001000000010000000100000001000000010000000100100001000000010000000100000001000000010000000100000001000000010000000 
7 0 0 3 0 0 0 0  10000000100100001000000010000000100000001000000010000000100000001000000010000000100000001000000010000000100000001000000010000000100100001000000010010000100100001001000010000000100100001001000010010000 
4 0 0 3 0 2 0 0  10010100100100001001010010010100100101001001000010010000100100001001010010010000100101011001000010010000100100001001000010010000100100001001000010010000100100001001000010010100000100001001000010010000 
7 0 0 0 0 0 0 0  10000000100000001001000010010000100000001000000010010000100100001001000010000000100000001001000010000000100000001000000010000000100100011000000010000000100000001000000010000000100000001000000010000000 
4 0 0 3 0 2 0 0  10010100100101011001010110010101100101001001000010010000100100001001010010010100100101001001010010010000100101001001000010010000100100001001000010010000100100001001000010010100100101001001000010010100 
7 0 0 0 0 0 0 0  10000000100000001001000010000000100000001000000010000000100000001000000010000000100000001000000010000000100000001000000010000000100000001000000010000000100100001000000010000000100000001000000010000000 
2 0 0 3 0 2 0 0  10010000100101001001010010010000100101001001000010010000100100001001010010010100100101001001010010010000100100001001000010010100100101011001000010011100100110001001010010010100100101001001000010010100 
2 2 0 3 0 2 2 0  11111101111111111111110111111111111111111111111011111110111111111101111011111110111111111111111111111111111111011101001011110111111101111101010011010110111111101001111111111110110101001111101111011100 
7 0 0 3 0 0 0 0  10000000100100001000000010000000100000001000000010000000100000001000000010000000100000001000000010000000100000001000000010000000100100001000000010010000100100001001000010000000100100001001000010010000 
4 0 0 3 0 2 0 0  10010100100100001001010010010101100101001001010010010000100100001001010010010100100101001001000010010000100101001001000010010100100101011001000010011100100100001001010010010100100101001001000010011100 
4 0 0 3 0 2 0 0  10010000100101001001000010010101100101001001010010010000100100001001010010010100100101001001010010010000100101001001000010010100100101011001000010011100101100001001010010010100100101001001000010010100 
4 0 0 3 0 2 0 0  10010100100101001001010010010000100101001001000010010000100100001001010010010100100101011001000010010000100101001001000010010100100101011001000010011100100100001001010010010100100101001001000010010100 
2 2 0 3 0 2 2 0  11111101111111011111110101111111111111111111111011111110111111111001111011111111111100101111111111111111111111011101001011110111111101111101010011010110111111101001111111111110110101001111101111011100 
4 2 0 3 0 2 0 0  10010101100101011001010111010101100101001101010010010100100100001001010010010100100101001001010010010000100101001001000010010000100100001001000010010000100100001001000010010100000100001001000010010000 
7 0 0 0 0 0 0 0  10000000100000001000000010000000100000001000000010010000100100001001000010010000100000001001000010010000100000001001000010010000100100001001000010010000100100001001000010010000100100001001000010000000 
4 0 0 3 0 0 0 0  10010000100100001001000010010000100000001000000010000000100000001000000010000000100000001000000010000000100000001000000010000000100000001001000010010000100100001001000010000000100000001000000010000000 
4 2 0 3 0 2 0 0  10010101100101011001010111110101110101001101110010010100100100011001010011010100110101001001010010011100100101001101000010010100100101011001010010001110100100001001010010010100100101001001101110010100 
4 0 0 3 0 0 0 0  10010000100100001001000010010000100100001001000010010000100100001001000010000000100111001001010010010000100100001001000010010000100100001001000010010000100100001001000010010000100100001001000010010000 
4 2 0 3 0 2 2 0  10010101100101011001010111010101100101001101010010010100100100001001010011111100111101101111111111111111111111111111111011011110111110111111111111111111111101111001111111111110100101001111110111011100 
2 0 0 3 0 2 0 0  10010100100100001001000010010000100101001001000010010000100100001001010010010000100111001001010010110000100100001001000010010000100101011001000010011100100100001001010010010100100101001001000010010100 
4 0 0 3 0 0 0 0  10010000100000001000000010000000100000001000000010010000100100001001000010000000100000001000000010010000100000001000000010000000100000001001000010010000100100001001000010000000100000001000000010000000 
7 0 0 0 0 0 0 0  10000000100000001000000010010000100000001000000010010000100100001001000010000000100000001001000010000000100000001000000010000000100100011000000010000000100000001000000010000000100000001000000010000000 
4 2 0 3 0 2 0 0  10010000100101001001010010010000100101001101010010010100100101001001010010010100100101001001000010010000100101001001010010010000100100001001000010011000100100001001010010010100100101001001000010010100 
4 0 0 3 0 2 0 0  10010000100101001001000010010101100101001001010010010000100100001001010010010100100101001001000010010000100101001001000110010000100100001001000010010000100100001001000010010000100100001001000010010000 
7 0 0 0 0 0 0 0  10000000100000001000000010000000100000001000000010010000100100001001000010000000100000001000000010010000100000001001000010010000100100001001000010010000100100001001000010010000000100001001000010000000 
7 0 0 0 0 0 0 0  10000000100100001000000010000000100000001000000010000000100000001000000010000000100000001000000010000000100000001000000010000000100100001000000010000000100000001000000010000000100000001000000010000000 
4 2 0 3 0 2 0 0  10010101100101011001010111010101100101001101010010010100100110001001010011010100110101001001010010011100100101001101000010010100100101011001000010001100100100001001010010010100100101001001001110010100 
4 2 0 3 0 2 0 0  10010101100101011001010111010101100101001101010010010100100110001001010011010100110101001001010010011100100101001101000010010100100101011001000010001100100100001001010010010100100101001001001110010100 
4 0 0 3 0 2 0 0  10010000100101001001010010010000100101001001000010010000100100000001010010010100100101001001010010010000100100001001000010010000100100001001000010010000100100001001000000010100100100001001000010010000 
7 0 0 0 0 0 0 0  10000000100000001000000010000000100000001000000010010000100000001000000010000000100000001000000010000000100000001000000010000000100100001000000010000000100100001000000010000000100100001001000010010000 
4 0 0 3 0 2 0 0  10010000100101001001000010010101100101001001000010010000100100001001010010010100100101001001000010010000100101001001000010010100100101011001000010011100100100001001010010010100100101001001000010010100 
2 2 0 3 0 2 2 3  11111101111111011111110101111111111111111111111011111110111111111101111011111111111111111111111111111110111111111111111011111111111111111111111111111111111111111111111111111110111111111111111011111110 
7 0 0 3 0 0 0 0  10000000100100001001000010010000100100001001000010010000100100000001000010000000100000001000000010010000100000001001000010010000100100001001000010010000100100001000000010000000100000001001000010010000 
2 0 0 3 0 2 0 0  10010000100100001001010010010000100101001001000010010000100100001001010010010100100101001001000010010000100101011001000110010000100100001001000010010000100101001001000010010000100100001001000010010000 
4 0 0 3 0 0 0 0  10010000100000001001000010010000100000001000000010010000100100001001000010000000100000001001000010010000100000001001000010010000100100001001000000010000100100001000000010000000100000001000000010000000 
4 0 0 3 0 2 0 0  10010000100100001001000010010000100100001001000010010000100100001001000010000000100111101001010010010000100100001001000010010000100100001001000010010000100100001001000010010001100100001001000010010100 
4 0 0 3 0 2 0 0  10010000100100001001000010010000100101001001010010010000100100001101010010010101100101001001000010010000100101001001010010010000100100001001000010011100110100001001010010010100100101001001000010010100 
4 0 0 3 0 0 0 0  10010000100000001000000010010000000100001001000010010000100000001000000010010000100000001001000010000000100100001000000010000000100000001001000010010000100100001000000010000000100000001000000010000000 
2 2 0 3 0 2 2 3  10010101100101011001010111010101100101001101011010010100100100001001010011010100110101001001010010011100100101001101000010010100100101011001000010001100100100001001010010010100100101001001001111111110 
4 0 0 3 0 2 0 0  10010100100100001001010010010100100101001001000010010000100100001001010110010100100101001001010010010000100101001001000010010000100100001001000010010000100100001001000010010000000100001001000010010000 
7 0 0 3 0 0 0 0  10000000100000001000000010010000100000001000000010010000100100001001000010000000100000001001000010000000100000001000000010000000100000001001000010010000100100001001000010000000100000001000000010000000 
7 0 0 0 0 0 0 0  10000000100000001000000010000000100000001000000010010000100100001001000010000000100000001000000010010000100000001001000010010000100100001001000010010000100100001000000010000000100000001001000010010000 
7 0 0 3 0 0 0 0  10000000100100001001000010010000100100001001000010010000100100001001000010000000100000001000000010000000100100001000000010000000100000001001000010010000100100001000000010000000100000001000000010000000 
4 2 0 3 0 2 0 0  10010101100101011001010111010101100101001101010010010100100101001001010010010100100101001001000010010000100101001001010010010000100100001001000010011100100100001001010010010100100101001001000010010100 
2 2 0 3 0 2 0 0  11111101111111011111110101110101100101001001010010010100100100001001010010010100100111001001010010010000100101001001000010010000100110001001000010010000100100001001000010010000100100001001000010010100 
4 2 0 3 0 2 2 3  10010101100101011001010111010101100101001101010010010100100100001001010010010101100101001001010010010000100111111111111011011111111010111111111111111111111111111111111111111110111111111111111011111110 
2 0 0 3 0 2 0 0  10010000100100001001010010010000100101001001000010010000100100001001010010010100100101001001010000010000100100001001000010010000100101011001000010011100100100001001010010010100100101001001000010010100 
2 2 0 3 0 2 2 3  11111101111111111111110110101111111111111111111001111110111111111001111011111100111101101111111111111111111111111111111011110111111101111111111111111111111110111111111111111110111111111111111011111110 
7 0 0 3 0 0 0 0  10000000100000001001000010010000100000001000000010010000100100000001000010000000100000001000000010010000100000001001000010010000100100001001000010010000100100001000000010000000100000001001000010010000 
7 0 0 3 0 0 0 0  10000000100100001001000010010000100100001001000010010000100100001001000010000000100000001000000010010000100000001000000010000000100000001001000010010000100100001000000010000000100000001000000010000000 
