6 0 0 0 0 0 0 0  10000000100000001000000010000000100000001000000010000000100000001000000010000000100000001000000010000000100000001000000010000000100000001000000010000000100000001000000010000000100000001000000010000000 
6 0 0 0 0 0 0 0  10000000100000001000000010000000100000001000000010000000100000001000000010000000100000001000000010000000100000001000000010000000100000001000000010000000100000001000000010000000100000001000000010000000 
0 2 2 2 1 1 2 1  11111111111111111111111111111111111111101111111111111111111101111101111111111110111111111111111111111110111111111111111111111111111111111111111111111111111111111111111111111110111111101111111011111110 
3 0 0 0 3 1 0 0  10001100100011001000110010001100100011001000100010001100100010001000110010011100100010001000100010001000100010001000100010001100100011001000100010010100100010001000110010001000100010001001110010001100 
3 2 2 2 1 1 2 1  11011101111111111111111111111111111111101111111011111111111110111111111111111111111111111111111111111110111110111111111111111111111111111111111111111111111111111111111111011110111111101111111011111110 
5 0 0 0 3 0 0 0  10001000100000001000100010000000100000001000000010000000100000001000000010000000100000001000100010001000100010001000100010001000100010001000100010001000100010001000100010001000100010001000100010001000 
3 0 0 0 3 1 0 0  10001101100011001000110011001100100011001000100010001100100010001000100010001100100010001000100010001000100011001000100010001001100010001000100010001000100011001000110010001100100010001000110010101100 
3 0 0 0 3 0 0 0  10001000100010001000110010001000100010001000110110001000100010001000110010001100100010001000100010001000100010001000100010001000100010001000100010001000100010001000100010001000100010001000100010001000 
5 0 0 0 3 0 0 0  10001000100010001000000010000000100000001000000010000000100000001000000010000000100000001000000010000000100000001000000010000000100000001000000010000000100000001000000010000000100000001000000010000000 
5 0 0 0 3 0 0 0  10001000100010001000000010000000100010001000100010001000100000001000000010000000100000001000000010000000100000001000000010000000100000001000000010001000100000001000000010000000100000001000000010000000 
5 0 0 0 3 0 0 0  10001000100000001000100010000000100000001000000010000000100000001000000010000000100000001000100010001000100000001000000010000000100010001000000010000000100000001000000010000000100000001000100010001000 
3 0 0 0 3 1 0 0  10001100100010001000100010001000100010001000110110001000100000001000100010000000100000001000100010000000100000001000000010001000100010001000100010001000100010001000100010001000100010001000100010001000 
0 2 2 2 1 1 2 1  11111101111101011111010111111111111111101111111011111111111101111111111011111101111111101111111111111110111111111111111111111111111101111111111111111111111111111111111111111110111111101111111011111110 
3 0 0 0 3 1 0 0  10001100100011001000110010001000100010001000110110001000100010001000110010001000100010001000100000001000100011001000100010001000100010001000100010001000100011001000110010001100100010001000110010001100 
6 0 0 0 1 0 0 0  10000000100000001000100010000000100000001000000010001000100000001000100010000000100000001000100010000000100000001000000010000000100010001000000010000000100000001000000010000000100000001000100010000000 
3 0 0 0 3 0 0 0  10001000100010001000110010001000100010001000110110001000100010001000110010001100100010001000100010001000101011011000100010001001100010001000100010001000100010001000110010001000100010001000110010001100 
3 0 0 0 3 1 0 0  10001000100011001000100010001000100010001000110110001000100010001000100010001000100010001000110010001000100010001000100010001000100010001000100010001000100011001000110010001100100010001000110010001100 
6 0 0 0 1 0 0 0  10000000100010001000100010001000100010001000100010001000100010001000100010000000100000001000100010001000100000001000000010000000100000001000000010001000100000001000000010000000100000001000000010000000 
3 0 0 0 3 1 0 0  10001100100010001000110010001000100010001000100010001000100010001000100010001100100010001000100010001000100011001000100010001001100010001000100010001000100011001000110010001100100010001000110010001100 
3 0 0 0 3 1 0 0  10001000100011001000100010001000100010001000110110001000100010001000100010001000100010001000100010001000100010001000100010001000100010001000100010001000100010001000100010001000100010001000100010001000 
3 2 2 2 1 1 2 1  11111101111111111111111011111111111111101111111111111111111111111101111111111111111111111111111111111110111111111111111111111111111111111111111111111111111111111111111111111110111111101111111011111110 
3 0 0 0 3 1 0 0  10011101100111011001110110001100100011001000110010001100100010001001110010011100100010001000110010001100100010001000110010001100100110001000100010010100110010001000110010001010100010001001110010001100 
6 0 0 0 1 0 0 0  10000000100010001000100010000000100000001000000010000000100000001000000010000000100010001000000010000000100000001000000010000000100000001000000010001000100010001000100010001000100010001000100010001000 
4 0 0 0 3 0 0 0  10001000100010001000100010000000100000001000000010001000100000001000100010000000100000001000100010000000100000001000000010000000100010001000000010000000100000001000000010000000100000001000100010000000 
4 0 0 0 3 1 0 0  10001100100011001000100010001000100010001000110110001000100010001000100010001000100010001000100010001000100011001000100010001001100010000000100010001000100010001000100010001000100010001000100010001000 
5 0 0 0 3 0 0 0  10001000100010001000000010000000100010001000100010001000100000001000000010000000100010001000000010000000100000001000000010000000100000001000000010001000100010001000100010001000100010001000100010001000 
6 0 0 0 0 0 0 0  10000000100000001000000010000000100000001000000010001000100000001000000010000000100010001000000010000000100000001000000010000000100000001000000010001000100010001000100010001000100010001000100010001000 
5 0 0 0 3 0 0 0  10001000100000001000000010000000100000001000000010000000100000001000000010000000100000001000100010001000100010001000100010001000100010001000100010001000100010001000100010001000100010001000100010001000 
5 0 0 0 3 0 0 0  10001000100000001000000010001000100000001000000010000000100000001000000010000000100000001000100010000000100000001000000010000000100000001000000010000000100000001000000010000000100000001000000010000000 
6 0 0 0 1 0 0 0  10000000100000001000100010000000100000001000000010000000100000001000000010000000100000001000000010000000100000001000000010000000100000001000000010001000100000001000000010000000100000001000000010000000 
0 2 2 2 1 1 2 1  11111111111101111101010111111111111111101111111011011111111110111111111011111101111111101111111111111110111111111111111011111111111101111111111111111111110111111111011011111101101111111111111011011110 
3 0 0 0 3 1 0 0  10001000100010001000100010001000100010001000100010001000100110001000110010001100100110001000100010001000100010001000100010001100100011001000100010110100100010001000110010001000100010001001110010001100 
6 0 0 0 3 0 0 0  10000000100010001000000010000000100000001000000010000000100000001000000010001000100000001000000010000000100000001000000010000000100000001000000010001000100010001000100010001000100010001000100010001000 
3 0 0 0 3 1 0 0  10001000100011001000100010001100100011001000100010001100100010001000110010011000100011011000110010001000100011001000100010001001100010001000100010001000100010001000100010001000100010001000100010001100 
3 0 0 0 3 1 0 0  10001000100010001000100010001000100010001000100010001000100010001000100010001100100010001000100010001000100011001000100010001001100010001000100010001000100010001000110010001100100010001000110010001100 
6 0 0 0 3 0 0 0  10000000100010001000100010001000100010001000100010001000100010001000100010000000100010001000000010000000100000001000000010000000100000001000000010001000100010001000100010001000100010001000100010001000 
6 0 0 0 1 0 0 0  10000000100000001000100010000000100000001000000010001000100000001000100010000000100000001000100110001000100010001000100010001000100010001000100010000000100010001000100010001000100010001000100010001000 
6 0 0 0 1 0 0 0  10000000100010001000100010001000100010001000100010001000100010001000100010000000100000001000100010001000100010001000100010001000100010001000100010001000100010001000100010001000100010001000100010001000 
4 0 0 0 3 0 0 0  10001000100010001000100010001000100010001000100010001000100010001000100010000000100000001000100010001000100000001000000010001000100010001000100010000000100010001000100010001000100010001000100010001000 
6 0 0 0 1 0 0 0  10000000100000001000000010000000100000001000000010001000100000001000100010000000100000001000100010000000100000001000000010001000100010001000100010001000100010001000100110001000100010001000100010001000 
0 2 2 2 1 1 2 1  10010101100101011001110111001000100011011000110111111111111100111111110111111111111111111111111111111110111110111111111111111111111111111111111111111111111111111111111111111110111111101111111011111110 
6 0 0 0 1 0 0 0  10000000100010001000000010001000100000001000000010000000100000001000000010000000100000001000000010000000100000001000000010000000100000001000000010000000100000001000000010000000100010001000100010001000 
3 0 0 0 3 1 0 0  10001100100011001000110010001000100010001000110110001000100010001000110010000000100000001000100010001000100000001000000010001000100010001000100010000000100010001000100010001000100010001000100010001000 
3 0 2 2 1 1 2 1  10010101100101011001110110001000100111011000110110001100100011001001110010011100100010001000110011111110111111111111111111111111111101111011111111111111111111111111111111111110111111101111111011111110 
3 0 0 0 3 1 0 0  10001101100011001000110011001100100011001000100010001100100010001000110010011100100010001011100010001000100110001000100010001100100011001000100010010100100010001000110010011000100010001001110010001100 
3 0 0 0 3 1 0 0  10001000100011001000110010001000100010001000110110001000100010001000110010001000100010001000100010001000100011001000100010001001100010001000100010001000100010001000110010001100100010001000110010001100 
6 0 0 0 0 0 0 0  10000000100010001000100010001000100000001000000010000000100000001000100010000000100000001000000010000000100000001000000010000000100000001000000010000000100000001000000010000000100000001000000010000000 
0 2 2 2 1 1 2 1  11010101111101011101110100111111111111101111111111111111111111111101111111111111111111111111111111111110111111111111111111111111111111111111111111111111111111111111111111111110111111101111111011111110 
4 0 0 2 3 1 0 0  10010101100101011001110110001000100011011000110110001110100110001000110010001100100110001000100010001100100010001000110010001100100010001001110010010100100010001000110010001010100010001001110010001100 
3 0 0 0 3 1 0 0  10001100100011001000110010001100100011001000100010001000100000001000100010000000100000001000100010001000100010001000100010001000100010001000100010001000100010001000100010001000100010001000110010001100 
6 0 0 0 1 0 0 0  10000000100000001000100010000000100000001000000010000000100000001000000010000000100000001000000010000000100000001000000010000000100000001000000010001000100000001000000010000000100000001000000010011000 
3 0 0 0 3 1 0 0  10001100100010001000100010001000100010001000100010001100100010001000110010011100100010001000100010001000100010001000100010001100100011001000100010010100100010001000110010001000100010001001110010001100 
3 0 2 2 1 1 2 1  10011101100111011001110110001100100011001000110010001100100011001001110010011100100010001000110011111110111111111111111111111111111101111111111111111111111111111111011111111111111111111111111011111110 
3 0 0 0 3 1 0 0  10001000100011001000100010001100100011001000110010001100100010001000110010011000100011011000110010001000100011001000100010001001100010001000100010001000100010001000100010001100100010001000110010001100 
6 0 0 0 1 0 0 0  10000000100010001000000010000000100000001000000010000000100000001000000010000000100000001000000010000000100000001000000010000000100000001000000010000000100000001000000010000000100000001000000010000000 
3 0 2 2 1 1 0 1  10011101100111011001110110001100100011001000110010001111111110111111111011111101111111101111111111111110111111111111111011111111111101111111111111111111111111111111111111111110111111101111111011111110 
4 0 0 0 3 1 0 0  10001100100011001000100010001100100010001000110110001000100010001000100010011100100010001000100010001000100010001000100010001000100011001000100010000100100010001000110010001000100010001000100010001000 
5 0 0 0 3 0 0 0  10001000100000001000000010001000100000001000000010000000100000001000000010000000100000001000100010000000100000001000000010000000100000001000000010000000100000001000000010000000100000001000000010000000 
6 0 0 0 1 0 0 0  10000000100010001000100010000000100000001000000010000000100000001000000010000000100000001000000010000000100000001000000010000000100000001000000010001000100000001000000010000000100000001000000010000000 
3 0 0 0 3 1 0 0  10001100100010001000100010001000100010001000110110001000100010001000110010001000100010001000100010001000100011001000100010001000100010001000100010000000100010001000100010001000100010001000100010001000 
6 0 0 0 1 0 0 0  10000000100010001000000010001000100000001000000010000000100000001000000010000000100000001000100010001000100010001000100010001000100010001000100010001000100010001000100010001000100010001000100010001000 
3 0 0 0 3 0 0 0  10001100100010001000110010001000100010001000100010001000100010001000100010001100100010001000100010001000100010001000100010001000100010001000100010001000100010001000100010001000100010001000100010001000 
4 0 0 0 3 1 0 0  10001000100010001000100010001000100010001000100010001000100010001000100010000000100000001000100010001000100011001000100010001000100010001000100010001000100011001000110010001100100010001000110010001000 
3 2 2 2 1 1 2 1  11010101111101001101110100111111111111101111111011111111111110111111110011111101111111101011111111111110110111111111111111111111111101111111111111111111110111111111011011111101101111111111011011011110 
3 2 2 2 1 1 2 1  11011101111101011111010111111111111111101111111011111111111110111111111011111101111111101111111111111110111111111111111111111111111101111111111111111111111111111111011111111111111111111111111011111111 
3 0 0 0 3 1 0 0  10011101100111011001110110001100100011001000110010001100100010001000110010011100100010001011100010001000100110001000100010001100100011001000100010010100100010001000110010011000100010001001110010001100 
6 0 0 0 1 0 0 0  10000000100010001000000010001000100000001000000010000000100000001000000010000000100000001000000010000000100000001000000010000000100000001000000010000000100000001000000010000000100000001000000010000000 
3 0 2 2 1 1 2 1  10011101100111011001110110001100100011001000110010001111111110111111111011111101111111101111111111111110111111111111111011111111111101111111111111111111110111111111011011111101101111111111111011011110 
6 0 0 0 1 0 0 0  10000000100010001000100010001000100010001000100010001000100010001000100010000000100000001000100010001000100000001000000010001000100010001000100010000000100010001000100010001000100010001000100010001000 
4 0 0 0 3 0 0 0  10001000100010001000100010000000100000001000000010001000100000001000100010000000100000001000100010000000100000001000000010000000100010001000000010001000100010001000100010001000100010001000100010001000 
3 2 2 2 1 1 2 1  11111111111111011111111111111111111111101111111111111111111101111101101111111111111111111111111111111110111111111111111111111111111111111111111111111111111111111111011111111111111111111111111011111111 
0 2 2 2 1 1 2 1  10010101100101011001110110001100100011001000110010001100100010001001110010011100100010001111111111111110111111111111111111111111111101111111111111111111111111111111111111111110111111101111111011111110 
0 2 2 2 1 1 2 1  11111101111101011111010111111111111111101111111011111111111111111111111011111101111111101111111111110110111111111111111111111111110101111111110111111111111111111111011111111101111111111111101011111111 
3 2 2 2 1 1 2 1  11011101111101011101010111111111111111101111111011111111111110111111111011111101111111101111111111111110111111101111111111111111111101111111111111111111111111111111111111111110111111101111111011111110 
3 0 0 0 3 1 0 0  10011101100111011001110110001100100011001000110010001100100110001000110010001100100110001000100010001000100010001000100010001100100011001000100010010100100010001000110010001000100010001001110010001100 
6 0 0 0 1 0 0 0  10000000100000001000100010000000100000001000000010000000100000001000000010000000100000001000100010001000100010001000100010001000100010001000100010000000100010001000000010000000100010001000100010001000 
5 0 0 0 3 0 0 0  10001000100000001000000010000000100000001000000010000000100000001000000010000000100000001000100010001000100010001000100010001000100010001000100010001000100010001000100010001000100010001000100010001000 
6 0 0 0 0 0 0 0  10000000100000001000000010000000100000001000000010000000100000001000000010000000100000001000000010000000100000001000000010000000100000001000000010000000100000001000100010001000100010001000100010001000 
6 0 0 0 1 0 0 0  10000000100000001000100010000000100000001000000010000000100000001000000010000000100000001000100010001000100010001000100010001000100010001000100010000000100010001000000010000000100010001000100010001000 
5 0 0 0 3 0 0 0  10001000100000001000100010000000100000001000000010000000100000001000000010000000100000001000000010000000100000001000000010000000100000001000000010000000100000001000000010000000100000001000000010000000 
5 0 0 0 3 0 0 0  10001000100010001000100010001000100010001000100010001000100010001000100010000000100000001000100010001000100010001000100010001000100010001000100010001000100010001000100010010000100010001000100010001000 
5 0 0 0 3 0 0 0  10001000100010001000000010000000100010001000100010001000100000001000000010000000100010001000000010000000100000001000000010000000100000001000000010001000100010001000100010001000100010001000100010001000 
3 0 0 0 3 1 0 0  10001000100010001000100010001000100010001000100010001000100010001000100010001100100010001000100010001000100011001000100010001001100011001000100010010100100010001000110010001000100010001001110010001100 
6 0 0 0 0 0 0 0  10000000100000001000000010000000100000001000000010000000100000001000000010000000100000001000000010000000100000001000000010000000100000001000000010000000100000001000000010000000100100001000000010000000 
4 0 0 0 3 0 0 0  10001000100010001000100010001000100010001000100010001000100010001000100010000000100000001000100010001000100010001000100010001000100010001000100010001000100010001000100010001000100010001000100010001000 
6 0 0 0 1 0 0 0  10000000100000001000000010000000100000001000000010001000100000001000100010000000100000001000100010000000100000001000000010001000100010001000100010001000100010001000100110001000100010001000100010001000 
6 0 0 0 3 0 0 0  10000000100010001000000010000000100000001000000010000000100000001000000010001000100000001000100010001000100000001000000010001000100010001000100010000000100010001000100010001000100010001000100010001000 
4 0 0 0 3 0 0 0  10001000100010001000100010000000100000001000000010001000100000001000100010000000100000001000100010000000100000001000000010001000100010001000100010001000100010001000100010001000100010001000100010001000 
3 0 0 0 3 0 0 0  10001000100011001000110010001000100010001000110110001000100010001000110010001000100000001000100010001000100010001000100010001000100010001000100010001000100010001000100010001000100010001000100010001000 
3 0 0 0 3 1 0 0  10010101100101011001110110001000100011011000110110001100100110001000110010001100100110001000100010001000100010001000100010001100100011001000100010010100100010001000110010001000100010001001110010001100 
4 0 0 0 3 1 0 0  10001100100011001000100010001000100010001000110110001000100010001000100000001000100010001000100010001000100011001000100010001001100010000000100010001000100011001000110010001100100010001000110010001000 
3 2 2 2 1 1 2 1  10011101100111011111010111111111111111111011111101111111111111111101111111111111111111101111111111111110111111011111111111111111111111111111111111111111110111111111011111111101111111111111111011111111 
4 0 0 0 3 0 0 0  10001000100010001000100010000000100000001000000010001000100000001000100010000000100000001000100010000000100000001000000010000000100010001000000010000000100000001000000010000000100000001000100010001000 
3 0 0 0 3 1 0 0  10001000100010001000100010001000100010001000100010001000100010001000100010000000100000001000100010001000100010001000100010001000100011001000100010001000100010001000100010001000100010001000100010001100 
5 0 0 0 3 0 0 0  10001000100000001000100010000000100000001000000010000000100000001000000010000000100000001000100010000000100000001000000010000000100000001000000010000000100000001000000010000000100000001000000010000000 
3 0 0 0 3 0 0 0  10001100100010001000110010001000100010001000100010001000100010001000100010001100100010001000100010001000100010001000100010001000100010001000100010001000100010001000100010001100100010001000110010001100 
6 0 0 0 1 0 0 0  10000000100000001000100010000000100000001000000010001000100000001000100010000000100000001000100010001000100000001000000010001000100010001000100010000000100010001000100010001000100010001000100010001000 
3 2 2 2 1 1 2 1  10011101100111011111010111111111111111111011111101111111111111111101111111111111111111101111111111111110111111011111111111111111111111111111111111111111110111111111011111111101111111111111111011111111 
3 0 0 0 3 1 0 0  10001100100010001000100010001000100010001000110110001000100010001000110010001000100010001000100010001000100011001000100010001000100010001000100010000000100010001000100010001000100010001000110010001100 
3 0 0 0 3 1 0 0  10010101100101011001110110001100100011011000110110001100100110001000110010001100100110001000100010001000100010001000100010001100100011001000100010010100100010001000100010000000100010001000100010001000 
