6 0 0 0 0 0 0 0  10000000100000001000000010000000100000001000000010000000100000001000000010000000100000001000000010000000100000001000000010000000100000001000000010000000100000001000000010000000100000001000000010000000 
2 2 0 0 3 2 2 0  11111111111111111111111111111111111111101111111011111111111111111111111011111110111111111111111011111110111111111111111011111111111111111111111111111111111111111111111111111110111111111111111011111111 
2 2 0 0 3 2 2 0  11111111111111111111111111111111111111101111111011111111111111111111111011111110111111111111111011111110111111111111111011111111111111111111111111111111111111111111111111111110111111111111111011111111 
6 0 0 0 0 0 0 0  10000000100000001000000010000000100000001000000010000000100000001000000010000000100000001000000010000000100000001000000010000000100000001000000010000000100000001000000010000000100000001000000010000000 
6 0 0 0 3 0 0 0  10001000100000001000100010000000100000001000000010001000100000001000000010000000100010001000000010000000100000001000000010000000100000001000000010000000100000001000100010001000100010001000100010001000 
1 2 0 0 3 2 1 0  11111101111101111111110111111111111111101111111011111111111111111111111011111110111111111111111011111100111111111111111011111111111111111111111111111111101111011111111111111110111111111111110111111111 
3 0 0 0 3 2 0 0  10001100100010001000100010001100100011001000110110001100100010001000100010001000100010001000100010001000100010001000100010001000100011001000100010001000100010001000110010001000100010001000100010001000 
2 2 0 0 3 2 2 0  01010101010111011111010111111111111111101111111011111111111111111111111011111110111111111111011011111110111111111111111011111111111111111111111111111111111111111111111111111110111111111111111011111110 
6 0 0 0 2 0 0 0  10000000100010001000100010000000100000001000000010000000100000001000100010001000100010001000100010001000100010001000100010001000100010001000100010000000100000001000000010001000100010001000100010000000 
3 0 0 0 3 2 0 0  10001100100010001000100010001000100010001000100010000000100010001000100010001000100010001000100010001000100010001000100010001000100011001000100010001100100010001000100010001000100010001000100010001000 
6 0 0 0 3 0 0 0  10001000100010001000000010000000100000001000000010000000100000001000000010000000100000001000000010000000100000001000100010000000100000001000000010000000100000001000100010000000100010001000100010001000 
3 2 0 0 3 2 0 0  10011101100011011000110110001100101011001000110110001100100001001001100011001100100011101000100010001100100011001000100010001100100010011000110110001101100010001000110010001000100011001000100010001100 
6 0 0 0 2 0 0 0  10000000100000001000000010000000100000001000000010000000100000001000000010001000100000001000000010000000100000001000100010000000100000001000000010000000100000001000100010000000100010001000100010001000 
6 0 0 0 3 2 0 0  10001100100011001000100010001100100010001000100010001000100010001000100010001000100011001000100010001101100011001000110010001100100010001000100110001100100010001000110010001000100011001000100010000100 
6 0 0 0 0 0 0 0  10000000100000001000000010000000100000001000000010000000100000001000000010001000100000001000100010001000100010001000100010001000100010001000100010001000100010001000100010001000100010001000100010001000 
3 0 0 0 3 2 0 0  10001000100010001000100010001000100011001000110010001000100010001010100010001000100010001000100010001000100010001000100010001000100010001000100010001100100010001000100010001000100010001000100010001000 
3 0 0 0 3 0 0 0  10001000100010001000100010000000100010001000100010001000100000001000000010000000100000001000000010001000100010001000100010000000100000001000000010000000100000001000000010000000100000001000100010001000 
2 2 0 0 3 2 2 0  11010101010111011111010111111111111111101111111011111111111111111111011011111100111111111111111011111100111111111111111011011111111111111111111111110111101111011111111111111101111111111011111010001100 
3 0 0 0 3 2 0 0  10001000100010001000110010001000100011011000100010001000100011001000110010001000100011001000100010001000100011011000100010001100100010001000110110001100100010001000110010001000100010001000100010001000 
3 0 0 0 3 2 0 0  10001101100011011000110110001100100011001000110110001100100001001001100010001100100011101000100010001000100011001000110010001100100010001000110110001100100010001000110110001000100011001000100010001100 
6 0 0 0 3 0 0 0  10001000100000001000000010000000100000001000000010000000100000001000000010001000100000001000000010000000100000001000100010000000100000001000000010000000100000001000100010000000100010001000100010001000 
3 0 0 0 3 2 0 0  10001100100010001000110010001000100010001000100010001000100010001000100110001000100010001000100010001000100010001000100010001000100010001000100010001000100010001000100010000000100000001000100010001000 
3 0 0 0 3 2 0 0  10001000100011001000110010001000100011001000110110001101100011001000110010001000100010000000100010001000100010001000100010001000100010001000100010001000100010001000100010001001100011001000100010001100 
6 0 0 0 2 0 0 0  10000000100010001000000010000000100000001000100010000000100000001000000010000000100000001000100010001000100010001000100010001000100010001000100010001000100010001000100010001000100000001000100010000000 
6 0 0 0 3 0 0 0  10001000100000001000000010000000100000001000100010001000100010001000100010001000100010001000100010001000100010001000100010001000100010001000100010001000100010001000100010000000100000001000100010001000 
3 0 0 0 3 2 0 0  10001000100010001000110010001000100010001000100010001000100010001000100010001000100011001000100010001000100011001000100010001000100010001000100010001000100010001000110010001000100011001000100010001100 
2 2 0 0 3 2 2 0  11111101111111011111010111111111111111101111111011111111111111111111111011111110111111111111011011111110111111111111111011111111111111111111111111111111111111111111111111111110111111111111111011111110 
3 0 0 0 2 0 0 0  10001000100010001000100010001000100010001000100010001000100010001000100010001000100010001000100010001000100010001000100010001000100010001000100010001000100010001000100010010000100010001000100010000000 
3 0 0 0 3 2 0 0  10001000100011001000110010001000100011001000110110001101100011001000110010001000100010011000100010001000100011001000100010001000100010001000100110001100100010001000110010001000100011001000100010001100 
6 0 0 0 3 0 0 0  10001000100010001000000010000000100000001000000010000000100000001000000010000000100000001000000010000000100000001000000010000000100000001000000010000000100000001000000010000000100000001000000010000000 
2 2 0 0 3 2 2 0  11111111111111011111010111111111111111101111111011111111111111111111111011111110111111111111011011111110111111111111111011111111111111111111111111111111111111111111111111111110111111111111111011111111 
3 0 0 0 3 2 0 0  10001101100011011000110010001000100011001000110110001101100011001000110010001000100010011000100010001000100011001000100010001000100010001000100110001100100010001000110010001001100011001000110010000100 
6 0 0 0 2 0 0 0  10001000100000001000000010000000100000001000000010000000100000001000000010001000100000001000000010000000100000001000100010001000100010001000100010001000100010001000100010001000100000001000100010000000 
6 0 0 0 2 0 0 0  10000000100010001000000010000000100000001000000010000000100000001000000010000000100000001000000010000000100010001000100010000000100000001000000010000000100000001000100010001000100010001000100010001000 
3 0 0 0 3 0 0 0  10001101100011011000110110001110100011001000110110001100100001001001100010001100100011101000100010001000100011001000110010001100100010001000110110001100100010001000110110001000100011001000100010001100 
6 0 0 0 3 2 0 0  10000000100000001000000010000000100000001000000010000000100000001000000010001000100000001000010010000000100000001000100010000000100000001000000010000000100000001000100010000000100010001000100010001100 
3 0 0 0 3 2 0 0  10011101100011011000110110001100100011001000110110001100100010001000100010001000100010001000100010001000100010001000100010001000100011001000100010001000100010001000110010001000100010001000100010001000 
6 0 0 0 2 0 0 0  10000000100010001000000010000000100000001000000010000000100000001000000010000000100000001000000010000000100000001000000010000000100000001000000010000000100000001000000010000000100000001000000010000000 
6 0 0 0 3 0 0 0  10000000100000001000100010000000100010001000100010001000100010001000000010000000100010001000100010001000100010001000100010001000100010001000000010001000100000001000000010000000100000001000000010001000 
3 2 0 0 3 2 2 0  10011101100011011001110110001100101011001000110110001100100001001001100011001100100011101000100010101100100011001000100010001100100010011000110110001101100010001000110010001000100011001000100011111111 
3 0 0 0 3 2 0 0  10001100100011001000100010001100100010001000100010001000100010001000100010001000100011001000100010001000100011001000100010001100100010001000110110001100100010001000110010001000100010001000100010001000 
3 0 0 0 3 2 0 0  10001000100011001000100010001000100010001000100010001000100010001000100010001000100010001000100010001001100010001000100010001000100010001000100010001000100010001000100010001000100010001000100010001000 
1 2 0 0 3 2 2 0  11111101111101011111110111111111111111100101111011011111111111111111111011111110111111111111111011111110111111111111111011111111111111111011111111111111111111111111110111111110111111111111111011111110 
3 0 0 0 3 2 0 0  10001100100010001000110010001000100010001000100010001000100010001000100110001000100010001000100010001000100010001000100010001000100010001000100010001100100010001000110010001000100011001000100010001100 
3 0 0 0 3 2 0 0  10001000100011001000100010001000100010001000100010001000100010001000100010001000100010001000100010001000100010001000100010001000100011001000100010001100100010001000100010001000100011001000100010001100 
3 0 0 0 3 0 0 0  10001000100010001000100010001000100010001000100010001000100010001000100010001000100010001000100010001000100011001000010010001100100010001000110110001100100010001000110110001000100011001000100010001100 
6 0 0 0 2 0 0 0  10000000100010001000000010000000100000001000100010000000100000001000000010000000100000001000000010001000100010001000100010000000100000001000000010000000100000001000100010001000100010001000100010001000 
6 0 0 0 2 0 0 0  10000000100010001000000010000000100000001000000010000000100000001000000010000000100000001000000010000000100000001000000010000000100000001000000010000000100010001000100010000000100000001000000010000000 
6 0 0 0 3 0 0 0  10001000100010001000000010001000100010001000100010001000100010001000100010000000100010001000100010000000100000001000100010000000100000001000000010000000100000001000000010000000100000001000000010000000 
6 0 0 0 3 0 0 0  10000000100010001000100010000000100000001000000010000000100000001000000010000000100000001000000010000000100000001000100010001000100010001000000010001000100000001000000010000000100000001000100010000000 
3 0 0 0 3 0 0 0  10001000100010001000100010000000100000001000000010000000100000001000000010000000100000001000000010000000100000001000100010001000100010001000000010000000100000001000000010000000100000001000000010000000 
1 2 0 0 3 2 2 0  11110101111101011111110111111111111111111101111011111111111111111111111011111100111111111101111011111110111111111111111011111111111111111111111111111111111111111111111111111110111111111111111011111110 
6 0 0 0 3 0 0 0  10001000100000001000100010000000100000001000000010001000100000001000000010000000100000001000100010001000100010001000100010001000100010001000100010001000100010001000100010001000100010001000000010001000 
3 0 0 0 3 2 0 0  10001100100011001000110110001100100011001000110111001100100010001000100010001000100010001000100010001000100010001000100010001000100011001000100010001100100010001000100010001000100011001000100010001100 
6 0 0 0 2 0 0 0  10000000100000001000100010000000100010001000100010001000100000001000000010000000100000001000000010001001100010001000100010000000100000001000000010000000100000001000000010000000100000001000100010001000 
3 0 0 0 3 2 0 0  10001000100011001000100010001100100010001000100010001000100010001000100010001000100010001000100010001101100011001000110010001100100010001000000110001100100010001000110010001000100011001000100010000100 
6 0 0 0 2 0 0 0  10000000100010001000100010000000100000001000000010000000100000001000000010000000100000001000000010000000100000001000100010001000100010001000100010001000100010001000100010001000100000001000100010000000 
2 2 0 0 3 2 2 0  01010101111101011111110111111111111111111111111011110111111111111111111011111110111111111111111011111110111111110111111011011111111111111111111111110111111111111111100111011110111111011111111111111111 
6 0 0 0 2 0 0 0  10000000100010001000100010001000100010001000100010001000100000001000000010000000100010001000100010001000100010001000100010000000100010001000000010001000100010001000100010001000100010001000100010001000 
6 0 0 0 3 2 0 0  10000000100000001000000010000000100000001000000010000000100000001000000010001000100000001000000010000000100000001000100010000000100000001000000010000000100000001000100010000000100010001000100010001100 
3 0 0 0 3 2 0 0  10001100100011001000110010001000110010001000100010001000100010001000100010001000100011001000100010001000100010001000100010001000100010001000100010001000000010001000100010001001100011001000100010001100 
6 0 0 0 2 0 0 0  10000000100000001000100010000000100010001000100010001000100010001000000010000000100010001000100010001000100010001000100010001000100010001000000010001000100000001000000010000000100000001000000010000000 
3 0 0 0 3 2 0 0  10001000100011001000110010001000100010001000100010001000100010001000100010001000100010001000100010001000100011001000100010001000100010001000100010001000100010001000110010001000100011001000100010001100 
3 0 0 0 3 2 0 0  10001000100011001000100010001000100010001000100010001000101010001000100010001000100010001000100010001000100010001000110010001100100010001000100110001100100010001000110010001000100011001000100010001000 
6 0 0 0 2 0 0 0  10000000100000001000100010000000100010001000000010000000100000001000000010000000100000001000000010000000100000001000000010000000100000001000000010000000100000001000000010000000100000001000000010000000 
3 0 0 0 3 2 0 0  10001100100011001000110110001100100011001000110110001100100010001000100010001000100010001000100010001000100010001000100010001000100011001000100010001100100010001000100010001000100010001000100010001000 
6 0 0 0 2 0 0 0  10000000100010001000100010001000100010001000100010001000100000001000000010000000100010001000100010001000100010001000100010000000100010001000000010001000100010001000100010001000100010001000100010001000 
3 0 0 0 3 2 0 0  10001000100011001000110010001000100010001000100010001000100010001000100010001000100010001000100010001000100010001000100010001000100010001000100010001000100010001000100010001000100010001000100010001000 
3 0 0 0 3 2 0 0  10001100100011001000100010001100100010001000100010001000100010001000100010001000100010001000100010001000100010001000100010001000100010001000100010001000100010001000110010001000100010001000100010001000 
3 0 0 0 3 0 0 0  10001000100010001000100010001000100010001000100010001000100000001000000010000000100000001000100010001000100010001000100010001000100010001000000010000000100000001000100010001000100010001000100010001000 
3 2 0 0 3 2 2 0  10011101100011011000110110001100101011001000110110001100100001001001100011001100100011101000100010001100100011001000100010001100100010011000111111111111111111111111111111111110111111111111111011111110 
6 0 0 0 2 0 0 0  10000000100000001000100010000000100000001000000010000000100000001000000010000000100000001000000010000000100000001000100010001000100010001000000010001000100000001000000010000000100000001000100010000000 
6 0 0 0 2 0 0 0  10000000100000001000000010000000100000001000000010000000100000001000000010000000100000001000000010000000100000001000000010000000100000001000000010000000100010001000100010000000100000001000000010000000 
3 0 0 0 3 0 0 0  10001000100010001000100010001000100010001000100010001000100000001000000010000000100010001000100010001000100010001000100010001000100010001000000010001000100000001000000010000000100000001000000010000000 
6 0 0 0 3 0 0 0  10001000100000001000000010000000100000001000000010000000100000001000000010000000100000001000000010000000100000001000000010000000100000001000000010000000100000001000000010000000100000001000000010000000 
3 0 0 0 3 2 0 0  10001000100010001000100010001000100011001000110010001000100010001000100010001100100011101000100010001000100011001000110010001100100010001000110110001100100010001000110110001000100011001000100010001100 
3 0 0 0 3 2 0 0  10001100100010001000110010001000100010001000100010001000100010001000100110001000100010101000100010001000100010001000100010001000100011001000100010001100100010001000100010001000100011001000100011001100 
3 0 0 0 3 0 0 0  10001000100010001000100010000000100000001000000010000000100000001000000010000000100000001000000010000000100000001000100010001000100010001000000010000000100000001000000010000000100000001000000010000000 
6 0 0 0 3 0 0 0  10001000100000001000000010000000100000001000000010000000100000001000000010000000100000001000000010000000100000001000000010000000100000001000000010000000100000001000000010000000100000001000000010000000 
3 0 0 0 3 2 0 0  10001100100011001000110110001100100011101000110111001100100010001000100010001000100010001000100010001000100010001000100010001000100011001000100010001100100010001000100010001000100011001000100010001100 
2 2 0 0 3 2 2 0  11111111111111111101111111111111111111101111111011111111111111111111111011111110111111111111011011111110111111111111111011111111111111111111111111111111111111111111111111111110111111111111111011111110 
3 2 0 0 3 2 0 0  10011101100011011000110110001100100011001000110111001100100010001000100010001000100010001000100010001000100010001000100010001000100011001000100010001100100010001000100010001000100011001000100010001100 
3 0 0 0 3 2 0 0  10011101100011011000110110001100100011001000110110001100100001001001100010001100100011101000100010001000100011001000110010001100100010001000110110001100100010001000110110001000100011001000100010001100 
6 0 0 0 3 0 0 0  10001000100010001000000010001000100010001000100010001000100010001000100010000000100010001000100010000000100000001000100010000000100000001000000010000000100000001000000010000000100000001000000010000000 
6 0 0 0 3 0 0 0  10001000100000001000100010000000100000001000000010001000100000001000000010000000100000001000100010001000100010001000100010001000100010001000100010001000100010001000100010001000100010001000100010001000 
3 2 0 0 3 2 2 0  10011101100011011000110110001100101011001000110110001100100001001001100011001100100011101000100010001100100011111111110011111110111111111111111111111111111111111111111111111110111111111111111011111111 
2 2 0 0 3 2 2 0  11111101111111111111111111111111111111101111111011111101110111111111111011111100111111111101111011111110111111111111111011111111111111111111111111111111111111111111111111111110111111111111111011111111 
3 0 0 0 3 2 0 0  10001000100010001000110010001000100010001000100010001000100010001000100010001000100011001000100010001000100010001000100010001000100010001000100010001000100010001000100010001000100010001000100010001000 
6 0 0 0 3 0 0 0  10001000100000001000000010001000100010001000100010001000100000001000000010000000100010001000100010001000100010001000000010000000100000001000000010000000100000001000000010001000100010001000100010001000 
2 2 0 0 3 2 2 0  10011101100011011000110110001100101011101000110110001100100001001001100011001100100011101000100010001100100011111111110011111110111111111111111111111111111111111111111111111110111111111111111011111110 
6 0 0 0 2 0 0 0  10000000100000001000100010000000100010001000100010001000100000001000000010000000100000001000000010001001100010001000100010000000100000001000000010000000100000001000000010000000100000001000000010000000 
3 0 0 0 3 0 0 0  10001000100010001000100010001000100010001000100010001000100010001000100010001000100010001000100010001000100010001000100010001000100010001000100010001000100010001000100010000000100000001000100010001000 
2 2 0 0 3 2 2 0  01010101111101011111110111111111111111111111111011110111111111111111111011111110111111111111111011111110111111111111111011011111111111111111111111110111111111111111100111011110111111011111111111111111 
6 0 0 0 2 0 0 0  10000000100000001000100010001000100000001000000010000000100000001000000010000000100000001000000010000000100000001000100010001000100010001000000010001000100000001000000010000000100000001000100010000000 
3 0 0 0 3 2 0 0  10001100100011001000110010001000110010001000100010001000100010001000100010001000100011001000100010001000100011001000000010001100100010001000100010001000100010001000110010001000100010001000100010001100 
2 2 0 0 3 2 2 0  11010101110111011111110110111111111111111111011011111111111011111111111011111100111111111101111011111110111111111111111011011101111111111111111111111111111111111111111111111110111111111111111011111111 
6 0 0 0 2 0 0 0  10000000100010001000100010000000100000001000000010000000100000001000000010000000100000001000000010000000100000001000000010000000100000001000000010000000100000001000000010000000100000001000000010000000 
1 2 0 0 3 2 2 0  11110101111101011111110111111111111111111101111011111111111111111111111011111100111111111101111011111110111111111111111011111111111111111111111111111111111111111111111111111100100011001000100011111111 
6 0 0 0 0 0 0 0  10000000100000001000000010000000100000001000000010000000100000001000000010000000100000001000000010000000100010001000000010000000100000001000000010000000100000001000000010000000100000001000000010000000 
6 0 0 0 3 0 0 0  10000000100010001000100010000000100000001000000010000000100000001000000010000000100000001000000010000000100000001000000010000000100000001000000010000000100010001000000010000000100000001000000010000000 
