6 0 0 0 0 0 0 0  10000000100000001000000010000000100000001000000010000000100000001000000010000000100000001000000010000000100000001000000010000000100000001000000010000000100000001000000010000000100000001000000010000000 
2 1 1 2 2 2 2 3  11111111111111111111111111111111111111111111111011111111111111111101111111111111111111111111111011111110111111111111111011111111111111111111111111111111111111111111111111111111111111111111111111111110 
2 1 1 2 2 2 2 3  11111111111111111111111111111111111111111111111011111111111111111101111111111111111111111111111011111110111111111111111011111111111111111111111111111111111111111111111111111111111111111111111111111110 
6 0 0 0 0 0 0 0  10000000100000001000000010000000100000001000000010000000100000001000000010000000100000001000000010000000100000001000000010000000100000001000000010000000100000001000000010000000100000001000000010000000 
4 0 0 0 4 0 0 0  10001000100010001000100010000000100000001000000010001000100000001000000010000000100000001000000010000000100000001000100010000000100000001000100010001000100010001000100010001000100000001000000010000000 
4 1 1 2 2 2 2 0  10011101100111011101110111111111111111111111111011111111111111111101111111111100100010011000110010001100100011001000100010001000100010001000100110001100100010001000110010101100100011001000100010001100 
4 1 1 2 2 2 2 3  10011101100111011101110111111111111111111111111011111111111101111101111111111100100010001000110010001100100011001000100010001010100010001001111111111111111111111111111111111111111111111111111111111110 
2 1 1 2 2 2 2 3  10011101100111011111110111111111111111111111111011111111111111111101111111111111111111111111111011111110111111111111111011111111111111111111111111111111111111111111111111111111111111111111111111111110 
4 0 0 0 2 0 0 0  10001000100010001000100010000000100010001000100010001000100010001000100010001000100000001000000010000000100000001000000010000000100000001000000010001000100010001000100010001000100010001000100010001000 
4 0 0 0 2 2 0 0  10001100100011001000110010001100100010001000100010001000100010001000100010001000100010001000100010001000100011001000110010001000100010001000100010001100100010001000100010001100100011001000100010001100 
6 0 0 0 2 0 0 0  10001000100000001000000010000000100000001000100010001000100010001000000010000000100000001000100010000000100000001000100010001000100010001000100010001000100010001000100010001000100010001000100010001000 
6 0 0 0 2 0 0 0  10000000100000001000100010000000100010001000000010000000100000001000000010000000100000001000000010000000100010001000000010001000100010001000100010001000100010001000100010001000100010001000100010001000 
4 0 0 0 2 2 0 0  10001100100011001000110010001100100010001000100010001000100010001000100010000000100010001000100010000000100000001000100010001000100010001000100010001000100010001000100010001000100010001000100010001000 
4 1 1 2 2 2 2 3  10011101100111011001110011010101100011011000100010001000100010001000110010001000100010001000110010001100100011001000100010001010100010001001111111111111111111111111111111111111111111111111111111111110 
6 0 0 0 2 0 0 0  10000000100000001000000010000000100000001000000010000000100000001000000010000000100000001000000010000000100000001000000010000000100000001000000010001000100010001000100010001000100000001000000010000000 
4 0 0 0 2 0 0 0  10001000100010001000000010000000100000001000000010001000100000001000000010000000100010001000100010000000100000001000100010001000100010001000100010001000100010001000100010001000100010001000100010001000 
6 0 0 0 2 0 0 0  10000000100010001000100010000000100000001000000010001000100000001000000010000000100000001000100010000000100000001000100010001000100010001000100010001000100010001000100010001000100010001000100010001000 
4 0 0 0 2 2 0 0  10001000100011001000110010001000100010001000100010001000100010001000100010001100100010011000110011001000100010001000100010001000100010001000100010001100100010001000100010001100100011001000100010000000 
6 0 0 0 4 0 0 0  10000000100000001000000010000000100000001000000010001000100000001000000010000000100000001000000010000000100000001000100010000000100000001000100010001000100010001000100010001000100000001000000010000000 
4 0 0 0 4 2 0 0  10001000100011001000100010001000100011001000100010001000100010001000110010001100100010001001110010001000100010001100100010001100100010001000100010001100100011001000100010001100100011001000100010001100 
4 0 0 0 2 2 0 0  10001100100011001000100010001100100010001000100010001000100010001000100010001000100010001000100010001000100011001000110010001000100010001000100010001100100010001000100010001100100011001000100010001100 
6 0 0 0 2 0 0 0  10000000100000001000100010000000100010001000000010001000100000001000000010000000100010001000100010000000100000001000100010001000100010001000100010001000100010001000100010001000100010001000100010001000 
6 0 0 0 2 0 0 0  10000000100010001000100010000000100000001000000010001000100000001000000010000000100000001000000010000000100000001000000010000000100000001000000010000000100000001000000010000000100000001000000010000000 
4 0 0 0 4 2 0 0  10001100100010001000100010001000100010001000100010001000100010001000100010001000100010011000100010001000100010001000100010001000100010001000100010001000100010001000100010001000100010001000100010001000 
2 1 1 2 2 2 2 0  11010101111111011111110111111111111111111101111011111111111111111101111111111111111111111111111011111110111111111111111011111111111111111111111111111111111111110111111101111111111111111111000010000000 
6 0 0 0 2 0 0 0  10000000100010001000000010000000100000001000000010000000100000001000000010001000100000001000000010000000100000001000000010000000100000001000000010001000100010001000100010001000100010011000100010000000 
6 0 0 0 2 0 0 0  10000000100010001000000010000000100000001000000010000000100000001000000010000000100010001000100010000000100000001000100010001000100010001000100010001000100010001000100010001000100010001000100010001000 
6 0 0 0 0 0 0 0  10000000100000001000000010000000100000001000000010000000100000001000000010000000100000001000000010000000100000001000000010000000100000001000000010000000100100001000000010000000100000001000000010000000 
4 0 0 0 2 0 0 0  10001000100010001000000010000000100000001000000010001000100000001000000010000000100000001000000010000000100000001000000010001000100010001000100010001000100010001000100010001000100010001000100010001000 
6 0 0 0 2 0 0 0  10000000100000001000000010000000100000001000000010001000100010001000100010001000100000001000100010000000100010001000100010001000100010001000100010001000100010101000100010001000100010001000100010001000 
4 0 0 0 2 2 0 0  10001100100010001000110010001000100010001000100010001000100010001000100010000000100010001000100010000000100000001000100010001000100010001000100010001000100010001000100010001000100010001000100010001000 
4 0 0 0 4 2 0 0  10001000100010001000110010001000100010001000100010001000100010001000100010001000100010011001100010001000100010001000100010001000100010001000100010001100100010001000100010001100100011001000100010001000 
2 1 1 2 2 2 2 3  11111101111111011111111111111111111111111111111011111111111111111101111111111111111111111111111011111110111111111111111011111111111111111111111111111111111111111111111111111111111111111111111111111110 
4 0 0 0 2 2 0 0  10001100100010001000110010001000100010001000100010001000100010001000100010001000100010001000100010001000100011001000110010001000100010001000100010101100100010001000101010001100100011001000100010001100 
6 0 0 0 2 0 0 0  10000000100010001000000010000000100000001000100010000000100000001000100010000000100000001000100010000000100010001000100010001000100010001000100010001000100010001000100010001000100010001000100010001000 
2 1 1 2 2 2 2 3  11111101111111111111111111111111111111111111111011111111111111111101111111111111111111111111111011111110111111111111111011111111111111111111111111111111111111111111111111111111111111111111111111111110 
4 0 0 0 4 2 0 0  10001000100010001000100010001000100010001000100010001000100010001000110010001100100010011000110010001100100011001000110010001000100010001000100010001100100010001000110010001100100011001000100010001100 
4 0 0 0 4 2 0 0  10001000100011001000110010001000100010001000100010001000100010001000110010001100100010011000110010001100100011001000110010001000100010001000100010001100100010001000110010001100100011001000100010001100 
4 0 0 0 2 2 0 0  10001101100011001001110010011101100011011001110010001000100010001000110010001100100010001000110010011100100010001000100010001000100010001000100010001100100010001000100010001100100011001000100010000000 
6 0 0 0 2 0 0 0  10000000100000001000100010000000100000001000000010000000100000001000000010000000100000001000000010000000100000001000100010000000100000001000100010001000100010001000100010000000100000001000000010000000 
4 0 0 0 4 2 0 0  10001000100011001000110010001000100010001000100010001000100010001000110010001100100010011000110010001100100011001000110010001000100010001000100010001100100010001000110010101100100011001000100010001100 
4 0 0 0 2 0 0 0  10001000100000001000100010000000100000001000000010000000100000001000000010000000100000001000000010000000100000001000000010000000100000001000000010001000100010001000100010001000100010001000100010001000 
4 0 0 0 2 0 0 0  10001000100000001000100010001000100010001000000010001000100000001000000010000000100010001000100010000000100000001000100010001000100010001000100010001000100010001000100010001000100010001000100010001000 
6 0 0 0 2 0 0 0  10000000100010001000100010000000100000001000000010001000100000001000000010000000100000001000000010000000100000001000100010000000100000001000100010001000100010001000100010001000100000001000000010000000 
4 0 0 0 4 0 0 0  10001000100010001000100010000000100010001000100010001000100010001000100010001000100010001000100010001001100010001000100010001000100010001000100010001000100010001000100010001000100010001000100010001000 
4 0 0 0 4 2 0 0  10001100100010001000110010001000100010001000100010001000100010001000110010001100100010011000110010001100100011001000110010001000100010001000100010001100100010001000110010101100100011001000100010001100 
6 0 0 0 2 0 0 0  10000000100010001000100010001001100010001000100010001000100000001000000010000000100010011000100010000000100000001000100010001000100010001000100010001000100010001000100010001000100010001000100010001000 
4 0 0 0 2 2 0 0  10001101100011001001110010011101100011011001110010001000100010001000110010001100100010001000110010011100100011001000010110001000100011001000100010001100100010001000100010101100100011001000101010001100 
2 1 1 2 2 2 2 3  11111111111101111111111111011111111101011111011011111111111101111101111111011111111101111111110011111110110101111111111011111111111100111111111111111111111111100111111111111111111111111111111111111110 
4 0 0 0 2 2 0 0  10001100100010001000110010001000100010001000100010001000100010001000100010001100100010011000110011001000100010001000100010001000100010001000100010001000100010001000100010001000100010001000100010001100 
4 0 1 2 2 2 2 0  10011101100111011001110010010101100011111000110010001000100111111100111111111100100010011000110010001100100011001000100010001000100010001000100110001100100010001000110010101100100011001000100010001100 
4 0 0 0 2 0 0 0  10001101100011001000110010001000100010001000110010001100100010001000100010001100100010001000100110001100100011001001100010001000100010001000100010001100100010001000100010001000100010001000100010001000 
4 1 0 0 4 2 0 0  10011101100111011001110010011101100011011001110010001000100010001000110010001100100010001000110010011100100011001100010110001000100011001000100010001100101010001000100010001100100011001000100010001100 
2 1 1 2 2 2 2 3  11111101111111111111111111111111111111111111111011111111111111111101111111111111111111111111111011111110111111111111111011111111111111111111111111111111111111111111111111111111111111111111111111111110 
4 0 0 0 4 2 0 0  10001000100011001000100010001000100010001000100010001000100010001000100010001000100000001000100010000000100000001000100010001000100010001000100010001000100010001000100010001000100010001000100010001000 
6 0 0 0 2 0 0 0  10000000100010001000100010000000100000001000000010001000100000001000000010000000100000001000000010000000100000001000100010000000100000001000100010001000100010001000100010000000100000001000000010000000 
4 0 0 0 2 2 0 0  10001100100010001000110010001000100010001000100010001000100010001000100010001100100010011000110011001000100010001000100010001000100010001000100010001000100010001000100010001000100010001000100010001000 
4 0 0 0 3 2 0 0  10001000100010001000100010001000100010001000100010001000100010001000110010001100100010001000110010001000100011001000110010001000100010001000100010001000100010001000100010001000100010001000100010001000 
4 0 0 0 4 2 0 0  10001000100010001000110010001000100010001000100010001000100000001000110010001100100010011000110010001100100011001000110010001000100010001000100010001000100010001000100010001100100011001000100010001100 
6 0 0 0 2 0 0 0  10000000100000001000000010000000100000001000000010001000100010001000100010000000100000001000000010000000100000001000000010001000100010001000100010001000100010001000100010001000100010001000100010001000 
4 0 0 0 4 2 0 0  10001000100010001000110010001000100010001000100010001000100010001000100010001000100010001000100010001001100010001000100010001000100010001000100010001000100010001000100010001000100010001000100010001000 
4 0 0 0 2 0 0 0  10001000100000001000100010001000100010001000000010001000100000001000100010000000100010001000100010000000100000001000100010001000100010001000100010001000100010001000100010001000100010001000100010001000 
4 0 1 2 2 2 2 0  10011101100111011001110010011000100010001000110010001000100010001000110010001100100010011000110010001100100011001000110010001000100010001000100010001100100010001000110010001100100011001000100010001100 
4 0 0 0 4 2 0 0  10001000100011001000100010001000100010001000100010001000100010001000100010001000100010011000100010001000100010001000100110001000100010001000100010001000100010001000100010001000100010001000100010001000 
2 1 1 2 2 2 2 3  11111101111111011111110111111111111111111111011011111111111111111101111111111111111111111111111011111110111111111111111101111011111111111111111111111111111111111111111111111111111111111111101111111110 
6 0 0 0 2 0 0 0  10000000100010001000100010000000100000001000000010001000100000001000100010001000100010001000100010001001100010001000100010001000100010001000100010001000100010001000100010001000100010001000100010001000 
6 0 0 0 2 0 0 0  10000000100000001000100010000000100000001000000010000000100000001000000010000000100000001000000010000000100000001000000010000000100000001000000010001000100010001000100010001000100010001000100010001000 
2 1 1 2 2 2 2 3  11110101111111011111110111111111111111111111111011111111111111111101111111111111111111111111111011111110111111111111111011111111111111111111111111111111111111111111111111111111111111111111111111111110 
4 0 0 0 4 0 0 0  10001000100010001000100010000000100010001000100010001000100010001000100010001000100010001000100010001001100010001000100010001000100010001000100010001100100010001000100010001100100011001000100010001000 
4 0 0 0 2 2 0 0  10001101100011001001110010011101100011011001110010001000100010001000110010001100100010001000110010011100100011001000010110001000100011001000100010001100100010001000100010001100100011001000100010001100 
6 0 0 0 2 0 0 0  10000000100000001000000010000000100000001000000010000000100000001000000010000000100000001000000010000000100000001000100010001000100010001001100010001000100010001000100010001000100010001000100010001000 
4 0 0 0 4 2 0 0  10001100100010001000100010001000100011001000100010001000100010001000110010001100100010011000110010001100100010001000100010001000100010001000100010001000100010001000100010001000100010001000100010001000 
4 0 0 0 4 2 0 0  10001000100010001000100010001000100010001000100010001000100010001000100010001100100010001000110010001100100011001000100010001000100010001000100010001100100010001000110010001100100011001000100010001100 
2 1 1 2 2 2 2 3  11010101111111011111110111111111111111111101111011111111111111111101111111111111111111111111111011111110111111111111111011111111111111111111111111111111111111111111111111111111111111111111111111111110 
4 1 1 2 2 2 0 0  10011101100111011001110010010101100011011001110010001000100010001000110010001100100010001000110010011100100011001100010110001000100011001000100010001100101010001000100010001100100011001000100010001100 
6 0 0 0 2 0 0 0  10000000100010001000000010000000100000001000000010000000100000001000000010000000100000001000000010000000100000001000000010000000100000001000000010000000100000001000000010001000100010001000100010001000 
6 0 0 0 2 0 0 0  10001000100000001000000010000000100000001000000010000000100000001000000010000000100000001000000010000000100000001000000010000000100000001000000010000000100000001000000010000000100000001000000010000000 
4 0 0 0 2 0 0 0  10001000100010001000000010000000100000001000000010001000100000001000100010000000100010001000000010000000100000001000000010000000100000001000000010001000100000001000000010000000100000001000000010000000 
6 0 0 0 2 0 0 0  10001000100000001000000010000000100010001000000010001000100000001000000010000000100000001000100010000000100000001000100010000000100000001000000010000000100000001000000010000000100000001000000010000000 
4 0 0 0 4 2 0 0  10001100100011001000110010001000100010001000100010001000100010001000110010001100100010011000110010001100100011001000110010001000100010001000100010001100100010001000110010101100100011001000100010001100 
4 0 0 0 2 0 0 0  10001000100000001000100010000000100000001000000010001000100010001000000010000000100000001000000010000000100000001000100010000000100000001000100010001000100010001000100010001000100010001000100010001000 
4 0 0 0 4 2 0 0  10001000100011001000100010001000100011001000100010001000100010001000110010001100100010011000110010001100100010001000100010001000100010001000100010001000100010001000100010001000100010001000100010001000 
4 0 0 0 4 2 0 0  10001000100011001000100010001000100010001000100010001000100010001000100010001000100010011000100010001000100010001000100010001000100010001000100010001100100010001000100010001100100011001000100010001100 
4 0 0 0 4 2 0 0  10001000100011001000100010001000100011001000100010001000100010001000110010001100100010011000110010001100100011001000110010001000100010001000100010001000100010001000100010001100100011001000100010001100 
4 0 0 0 2 2 0 0  10001101100011001001110010011101100011011001110010001000100010001000110010001100100010001000110010011100100011001000010110001000100011001000100010001100100010001000100010001100100011001000101010001100 
4 0 0 0 4 2 0 0  10001100100011001000110010001000100010001000100010001000100010001000110010001100100010011000110010001100100011001000110010001000100010001000100010001100100010001000110010101100100011001000100010001100 
4 0 0 0 2 0 0 0  10001000100010001000000010000000100000001000000010001000100000001000100010000000100010001000000010000000100000001000000010000000100000001000000010001000100000001000000010000000100000001000000010000000 
6 0 0 0 2 0 0 0  10000000100000001000100010000000100000001000000010000000100000001000000010000000100000001000000010000000100000001000000010000000100000001000000010001000100010001000100010001000100010001000100010001000 
6 0 0 0 2 0 0 0  10001000100000001000000010000000100000001000000010000000100000001000000010000000100000001000000010000000100010001000000010001000100010001000100010001000100010001000100010001000100010001000100010001000 
6 0 0 0 2 0 0 0  10000000100010001000000010000000100000001000000010000000100000001000000010000000100000001000000010000000100000001000000010000000100000001000000010000000100000001000000010000000100000001000000010000000 
6 0 0 0 2 0 0 0  10001000100000001000000010000000100000001000000010000000100000001000000010000000100000001000000010000000100000001000000010000000100000001000000010000000100000001000000010000000100000001000000010000000 
4 1 0 0 4 0 0 0  10001000100010001000100010000000100010001000100010001000100010001000100010001000100010001000100010001001101010001000100010001000100010001000100010001000100010001000100010001000100010001000100010001000 
6 0 0 0 2 0 0 0  10000000100000001000000010000000100000001000000010001000100010001000100010000000100010001000100010000000100000001000100010001000100010001000100010001000100010001000100010001000100010001000100010001000 
4 0 0 0 2 2 0 0  10001101100011001000110010001000100010001000110010001100100010001000100010001100100010001000110110001100110011001000110010001000100010001000100010001100100010011000100010001100110011001000100010001100 
6 0 0 0 2 0 0 0  10001000100000001000000010000000100000001000000010000000100000001000000010000000100000001000000010000000100000001000100010000000100000001000100010001000100010001000100010001000100000001000000010000000 
4 0 0 2 2 2 0 0  10011101100111011001110010010101100011011000100010001000100010001000110010001000100010001000110010001100100011001000100010001000100010001000100010001100100010001000110010001100100011001000100010001100 
4 0 0 0 2 0 0 0  10001000100011001000100010001000100011001000100010001000100010001000110010001100100010011000110010001100100011001000110010001000100010001000100010001000100010001000100010001000100010001000100010001000 
2 1 1 2 2 2 2 3  11111101111111011111110111111111111111111111011011111111111111111101111111111111111111111111111011111110111111111111111101111111111111011111111111111111111111111111011111111111110101001111111110111000 
4 0 0 2 2 2 0 0  10011101100111011001110010010101100011011000100010001000100010001000110010001000100010001000110010001100100011001000100010001000100010001000100010001100100010001000110010001000100011001000100010001100 
6 0 0 0 2 0 0 0  10000000100010001000000010000000100000001000000010000000100000001000000010000000100000001000000010000000100000001000000010000000100000001000000010000000100000001000000010000000100000001000000010000000 
