8 0 0 0 0 0 0 0  10000000100000001000000010000000100000001000000010000000100000001000000010000000100000001000000010000000100000001000000010000000100000001000000010000000100000001000000010000000100000001000000010000000 
8 0 0 0 0 0 0 0  10000000100000001000000010000000100000001000000010000000100000001000000010000000100000001000000010000000100000001000000010000000100000001000000010000000100000001000000010000000100000001000000010000000 
3 1 2 2 0 1 2 0  11111111111111111111111111111111111111111111111011111110111111111111111011111110111111101111111111111110111111111111111111111111111111111111111111111111111111111111111111111111111111111111111011111110 
3 1 2 2 0 1 2 0  11111111111111111111111111111111111111111111111011111110111111111111111011111110111111101111111111111110111111111111111111111111111111111111111111111111111111111111111111111111111111111111111011111110 
5 0 0 2 0 0 0 0  10000000100100001001000010010000100100001001000010010000100000001001000010010000100100001001000010010000100000001001000010000000100100001001000010010000100100001001000010010000100100001000000010000000 
7 0 0 2 0 0 0 0  10000000100000001000000010000000100000001000000010000000100000001000000010010000100100001001000010010000100000001001000010000000100100001001000010010000100100001001000010010000100100001001000010010000 
3 1 2 3 0 1 2 0  10011101100111011111111101111111111111111111111011111110111111111111111111111110111111101111111111111110111111111111111111111111111111111111111111111111111111111111111111111111111111111111111011111110 
5 0 0 2 0 0 0 0  10000000100000001000000010010000100100001000000010010000100000001000000010010000100000001001000010010000100000001000000010000000100000001000000010000000100000001000000010000000100000001000000010000000 
7 0 0 2 0 0 0 0  10000000100000001001000010010000100100001000000010010000100000001000000010010000100000001001000010010000100000001001000010000000100100001001000010010000100100001001000010000000100000001000000010000000 
5 0 0 2 0 0 0 0  10000000100100001000000010010000100100001001000010010000100000001000000010010000100100001001000010010000100000001000000010000000100000001001000010000000100000001000000010000000100000001000000010000000 
5 0 0 3 0 2 0 0  10010000100100001001000010010000100100001001000010010000100010001001000010010000100100001001010010010101100101001001000010010000100100001001010010010000100100001001000010010000100100001001000010010000 
5 0 0 3 0 0 0 0  10010000100100001000000010000000100100001001000010010000100000001001000010010000100100001001000010010000100000001001000010000000100000001000000010000000100000001001000010000000100000001000000010000000 
8 0 0 2 0 0 0 0  10000000100000001000000010000000100000001000000010000000100000001000000010000000100000001000000010000000100000001000000010000000100000001000000010000000100000001000000010000000100000001001000010010000 
5 0 0 2 0 0 0 0  10000000100100001001000010000000100000001000000010000000100000001000000010000000100000001000000010000000100000001000000010000000100000001000000010000000100000001000000010000000100000001000000010000000 
3 1 2 2 0 1 2 0  10011101100111011111111101111111111111111111111011111110111111111111111111111110111111101111111111111110111111111111111111111111111111111111111111110000100101001001010010010100100101001001010010010100 
3 0 0 3 0 1 0 0  10010100100101001001010010010100100101001001010010010100100000001001000010010000100110001001010010010101100000001001000010010000100100001001010010010000100100001001000010010000100100001000000010000000 
5 0 0 3 0 0 0 0  10010000100000001001000010000000100000001000000010000000100000001000000010010000100100001001000010010000100000001001000010000000100100001001000010010000100100001001000010010000100100001001000010010000 
5 0 0 2 0 0 0 0  10000000100100001001000010000000100000001000000010000000100000001000000010010000100100001001000010000000100000001000000010000000100100001000000010000000100000001000000010000000100000001000000010000000 
5 0 0 2 0 0 0 0  10000000100100001001000010000000100000001000000010000000100000001000000010010000100100001001000010000000100000001000000010000000100100001001000010010000100100001001000010010000100000001000000010010000 
5 0 0 3 0 1 0 0  10010000100100001001010010010100100100001001000010010100100000001001000010010000100100001001010010010101100101001001000010010000100101001001010110010000100111001001010010011100100101001001010110010100 
5 0 0 3 0 0 0 0  10010000100100001000000010000000100000001000000010000000100000001001000010010000100100001001000010010000100000001001000010000000100000001000000010000000100000001001000010000000100000001000000010000000 
5 0 0 3 0 0 0 0  10000000100000001001000010000000100000001000000010010000100000001001000010010000100100001001000010010000100000001001000010000000100000001000000010000000100000001000000010000000100100001001000010010000 
7 0 0 2 0 0 0 0  10000000100000001000000010000000100000001000000010000000100000001000000010000000100000001000000010000000100000001001000010000000100100001001000010010000100100001001000010000000100000001000000010000000 
5 0 0 3 0 1 0 0  10011101100111011001110110110100100101001001010010010000100000001001000010010000100100001001010010010101100101001001000010010000100100001001010010010000100101001001010010010000100101001001010010010100 
5 0 0 3 0 1 0 0  10010000100100001001000010010000100100001001000010010100100000001001000010010000100100001001010010010000100100001001000010010000100000001001000010010000100100001001000010010000100100001001000010010000 
5 0 0 2 0 0 0 0  10000000100000001000000010010000100100001000000010010000100000001000000010010000100000001001000010010000100000001001000010000000100100001001000010000000100100001001000010010000100100001001000010010000 
5 0 0 0 0 0 0 0  10000000100000001001000010010000100100001000000010010000100000001000000010000000100000001000000010000000100000001000000010000000100000001000000010000000100000001000000010000000100100001000000010000000 
5 0 0 3 0 1 0 0  10010101100101001001010010010100100101001001010010010000100101001000000010010000100100001001010010010101100101001001100010010000100101001001010010010000100101001001010010010100100101001001010010010100 
5 0 0 3 0 0 0 0  10010000100000001000000010000000100000001000000010000000100000001000000010000000100000001000000010000000100000001000000010000000100000001000000010000000100100001000000010010000100100001001000010010000 
3 0 0 3 0 0 0 0  10010000100101001001010010000100100101001001010010010100100000001001000010010000100100001001010010010101100101001001000010010000100100001001010010010000100101001001000010010000100100001001000010010000 
5 0 0 3 0 0 0 0  10010000100000001001000010000000100000001000000010000000100000001000000010000000100000001000000010010000100000001001000010000000100100001001000010010000100100001001000010010000100000001000000010000000 
5 0 0 3 0 0 0 0  10010100100100001001000010010100100101001001010010010100100000001001000010010000100100001001010010010101100101001001000010010000100100001001000010010000100100001001000010000000100000001000000010010000 
5 0 0 3 0 1 0 0  10010100100100001001000010010100100100001001000010010100100000001001000010010000100100001001010010010000100100001001000010010000100000001001000010010000100100001001000010010000100100001001000010010000 
3 3 2 2 0 1 2 0  11111101111111011111111111110111110011101111111011111110110111111111111111111110111111101111111111111110111111111111111111111111111111111111111111111111111111111111111111111111111111111111111011110100 
3 3 2 3 0 1 2 0  10011101100111011001110110110100100111111111111011111110111111111111111111111110111111101111111111111110111111111011111111111111111111111111111111111111111111111111111111111111111111111111111011111110 
5 0 0 3 0 1 0 0  10010100100100001001010010010100100100001001000010010100100000001001000010010000100100001001010010010101100101001001000010010000100100001001010010010000100101001001010010010000100101001001010010010100 
3 1 2 2 0 1 2 0  11111111111111111111111111111111111111111111111011111110111111111111111111111110111111101111111111111110111111111111111111111111111111111111111111110000100101001001010010010100100101001001010010010100 
5 0 0 3 0 0 0 0  10010000100000001000000010000000100100001001000010010000100000001001000010010000100100001001000010010000100000001001000010000000100100001000000010000000100000001000000010000000100000001000000010000000 
5 0 0 3 0 1 0 0  10010000100100001001010010010100100100001001000010010100100000001001000010010000100100001001010010010101100101001001000010010000100101001001010010010000100100001001000010010000100100001001000010010000 
3 1 2 2 0 1 0 0  10011101100111011001110110010100100101001001010010010100100101001001000010010000100100001101010010010101100101001001100010010100100101001001010110010000100101001001110010010100100101001011010110010100 
3 0 0 3 0 0 0 0  10010000100100001001000010000000100000001000000010010000100000001001000010010000100100001001000010010000100000001001000010000000100100001001000010010000100100001001000010010000100100001001000010010000 
3 3 2 2 0 1 2 0  11111101111111011111111111111111110011101111111011111110111111111111111011111110111111101111111111111110111111111111111111111111111111111111111111111111111111111111111111111111111111111111111011111110 
3 1 2 2 0 1 2 0  10011101100111011001110110110100100101001001010010010100110101001001000010010000100100001111010010010101111111111111111111111111111111111111111111110000100101001001010010010100100101001001010010010110 
5 0 0 3 0 1 0 0  10010100100101001001000010010000100100001001000010010100100001001001010010010000100100001001010010010100000101001001000010010000100101001001010110010000100101001001010010010100100101001001010110010100 
5 0 0 3 0 0 0 0  10010000100100001001000010000000100000001000000010000000100000001000000010000000100000001000000010010000100000001000000010000000100000001000000010000000100000001000000010000000100000001000000010000000 
5 0 0 3 0 1 2 0  10010000100100001001000010010000100100001001000010010000100010001001000010010000100100001001010010010101100101001001000010010000100100001001010010010000100100001001000010010000100100001001000010011110 
3 0 0 3 0 1 0 0  10010000100101001001010010010100100101001001010010010100100000001001000010010000100100001001010010010101100101001001000010010000100100001001010010010000100101001001010010010100100101001001010010010100 
5 0 0 3 0 0 0 0  10010000100100001001010010010100100100001001000010010100100000001001000010010000100100001001000010010000100000001001000010000000100100001000000010010000100100001001000010010000100100001001000010010000 
3 3 2 2 0 1 2 0  11111101110111011111110111111100110111110111111011111110111111011111111111111110111111101111111111111110111111111111111111111111111111011111111111111111111111111111111111111111111111111111111011111110 
3 0 0 3 0 1 0 0  10010100100101001001010010010100100101001001010010010100100000001001000010010000100110001001010010010101100000001001000010010000100100001001010010010000100111001001010010011100100101001001010110011100 
5 0 0 3 0 1 0 0  10010100100100001001000010010100100101001001010010010100100000001001000010010000100100001001010010010101100101001001000010010000100100001001000010010000100100001001010010010101100100001001000010010100 
5 0 0 3 0 0 0 0  10010000100100001001000010000000100000001000000010000000100000001000000010000000100000001000000010010000100000001001000010000000100100001001000010010000100100001001000010010000100000001000000010000000 
3 3 2 2 0 1 2 0  11111101111111111111111111111111111111111111111011111110111111111111111111111111111111101111111111111100111111111111101111111111111111111111111111111111111111111111111111111111111111111111111011111110 
3 0 0 3 0 1 0 0  10010100100101001001010010010100100101001001010010010100100010001001000010010000100100001001010010010101100101001001100010010000100101001001010010010000100101001001010010010100100101001001010010010100 
3 1 2 2 0 1 2 0  10011101100111011001110110110100100101001001010010010100110101001001000010010000100100001101010010010101100101001001100010010100100101001111111111110000100101001001010010010100100101001001010010010100 
5 0 0 2 0 0 0 0  10000000100000001001000010010000100000001000000010000000100000001000000010000000100000001000000010000000100000001000000010000000100000001000000010000000100000001000000010000000100100001001000010010000 
5 0 0 3 0 0 0 0  10010000100100001000000010000000100000001000000010000000100000001000000010000000100000001000000010010000100000001000000010000000100000001000000010000000100000001000000010000000100000001000000010000000 
3 3 2 2 0 1 2 0  11111101111111111111111111111111111111111111111011111110111111011111111111111110111111101111111111111110111111111111111111111111111111111111111111111111111111011111111111111111111111111111111011111110 
5 0 0 3 0 1 0 0  10010101100101001001010010010100100101001001010010010000100100001001010010010010100101101111111111110101100101001001000010011000100101101001010110010000100101001001010010010100100101001001010110010100 
3 1 2 2 0 1 2 0  11011101110111011111110111111100110111110111111011111110011111111111111111111110111111101111111111111100111111111111111111111111111111111111111111111111110101001001010010110100100101001001010010010100 
3 0 0 3 0 1 0 0  10010100100101001001010010010100100101001001010010010100100010001001000010010000100100001001010010010101100101001001100010010000100101001000000010000000100100001000000010010000100100001001000010010000 
5 0 0 2 0 0 0 0  10010000100000001000000010010000100100001000000010010000100000001000000010010000100000001001000010010000100000001001000010000000100100001001000010000000100100001001000010010000100100001001000010010000 
5 0 0 3 0 0 0 0  10010000100000001000000010000000100100001001000010010000100000001000000010010000100100001001000010000000100000001000000010000000100100001000000010000000100000001000000010000000100000001000000010000000 
5 0 0 2 0 0 0 0  10010100100101001001000010010000100100001001000010010000100000001001000010010000100000001001000010010000100101001001000010010000100100001001010010010000101101001001010010010000100101001001010010010100 
3 0 0 3 0 1 0 0  10010101100101001001010010010100100101001001010010010100100101001001000010010000100100001101010010010101100101101001100010010100100101001001010111010000100101001001010010010100100101001011010110010100 
5 0 0 3 0 1 0 0  10010000100101001001010010010100000101001001000010010100100000001001000010010000100100001001010010010000100100001001000010010000100100001001010010010000100100001001000010010000100100001001010010010100 
5 0 0 3 0 0 0 0  10000000100100001000000010000000100000001000000010010000100000001000000010000000100000001000000010000000100000001000000010000000100000001000000010000000100000001000000010000000100000001000000010000000 
5 0 0 3 0 0 0 0  10010000100100001001000010010000100100001001000010010000100000001001000010010000100100001001000010010000100000001001000010000000100100001001000010010000100100001001000010010000100100001001000010010000 
3 0 0 3 0 1 0 0  10010101100101001001010010010100100101001001010010010100100101001001000010010000100100001101010010010101100101001001100010010100100101001001011110010000100101001001010010010100100101001001010010010100 
5 0 0 3 0 1 0 0  10010000100101001001000010010100100101001001000010010000100100001001000010010100100100001001010010010101100101001001000011010000100101001001010010010000100101001001010010010100100101001001010010010100 
5 0 0 2 0 0 0 0  10000000100100001001000010010000100100001001000010010000100000001001000010010000100100001001000010010000100000001000000010000000100000001000000010000000100000001000000010000000100000001000000010010000 
5 0 0 2 0 0 0 0  10000000100100001000000010000000100000001000000010000000100000001001000010010000100100001001000010010000100000001001000010000000100100001000000010000000100000001000000010000000100000001000000010000000 
5 0 0 3 0 2 0 0  10010000100100001001000010010000100100001001000010010000100010001001001010010000100100001001010010010101100101001001000010010000100100001001010010010000100101001001010010010000100101001001010010010100 
3 0 0 3 0 1 0 0  10010000100101001001000010010100100100001001000010010100100000001001000010010000100100001001010010010101100101001001000010010000100100001001010010010001100111001001010010010100100101001001010010010100 
3 3 2 2 0 1 2 0  10011101100111011001110110110100100101001001010010011110011111111111111110111111110111111111010011010100111101001001001010011111111111111111111111111111111111111001010011111100100101001011000010010100 
3 3 2 2 0 1 2 0  11111101110111011111110111111100110111110111111011111110111111011111111111111110111111101111111111111110111111111111111111111111111111011111111111111111111111011111111111111111111111111111111011111110 
5 0 0 3 0 1 0 0  10010000100100001001010010010100100100001001000010010100100000001001000010010000100100001001010010010101100101001001000010010000100100001001010010010000100100001001000010010000100100001001000010010000 
5 0 0 3 0 0 0 0  10010000100100001001000010000000100000001000000010000000100000001000000010010000100100001001000010010000100000001000000010000000100000001000000010000000100000001000000010000000100000001000000010000000 
5 0 0 2 0 0 0 0  10000000100100001000000010010000100100001001000010010000100000001000000010010000100000001000000010000000100000001000000010000000100000001000000010000000100000001000000010000000100000001000000010000000 
3 3 2 2 0 1 2 0  10011101100111011001110110110100100101001001010010010100100101001001011111111110111111101111111111111100111111111101111111111111111111111111111111110000100101001001010010010100100101001001010010010100 
5 0 0 3 0 1 0 0  10010100100100001001010010010101100100001001000010010100100001001001010010010000100100001001010010010100000101001001000010010000100101001001010110010000100101001001010010010100100101011001010110010100 
7 0 0 2 0 0 0 0  10000000100000001001000010010000100100001000000010010000100000001001000010010000100100001001000010010000100000001001000010000000100100001001000010010000100100001001000010010000100100001001000010010000 
5 0 0 3 0 0 0 0  10010000100000001001000010000000100000001000000010010000100000001001000010010000100100001001000010010000100000001001000010000000100000001000000010000000100000001000000010000000100100001001000010010000 
3 1 2 2 0 1 0 0  10011101100111011001110110110100100101001001010010010100110101001001000010010000100100001101010010010101100101001001100010010100100101001001010110010000100111001001010010010100100101001011010110010100 
5 0 0 2 0 0 0 0  10010000100100001000000010000000100000001000000010000000100000001000000010000000100000001001000010000000100000001000000010000000100000001000000010000000100000001000000010000000100000001000000010000000 
3 0 0 3 0 1 0 0  10010000100101001001000010010100100100001001000010010100100000001001000010010000100100001001010010010101100101001001000010010000100100001001010010010000101101001001010010010000100101001001010010010100 
5 0 0 3 0 0 0 0  10010000100000001000000010000000100000001000000010000000100000001000000010000000100000001000000010000000100000001000000010000000100000001000000010000000100000001000000010000000100000001000000010000000 
5 0 0 3 0 1 0 0  10010100100100001001000010010100100101001001010010010100100000001001000010010000100100001001010010010101100101001001000010010000100100001001010010010000101101001001010010010000100101001001010010010100 
5 0 0 3 0 0 0 0  10010000100000001001000010000000100000001000000010010000100000001000000010000000100000001000000010000000100000001000000010000000100000001000000010000000100000001000000010000000100000001000000010000000 
5 0 0 3 0 0 0 0  10010000100100001001000010010000100100001001000010010000100000001001000010010000100100001001000010010000100000001001000010000000100100001001000010010000100100001001100010010000100100001001000010010000 
3 3 2 2 0 1 2 0  10011101100111011001110110110100100101001001010010110100100101111111111111111111111111101111111111111100111111111111101111111111111111111111111111111111111011111111111111111111111111111111111011111110 
5 0 0 3 0 0 0 0  10010000100101001001000010010100100100001001000010010100100101001000000010010000100100001001010010010101100101001001100010010000100100001001000010010000100100001001000010010100100000001001000010010000 
3 3 2 2 0 1 2 0  10011101100111011001110110110100100101001001010010010100100101011111111111111110111111101111111111111110111111111111111111111111111111111111111111111111111111011111111111111111111111111111111011111110 
3 1 2 2 0 1 2 0  11011101110111011111110111111100110111110111111011111110011111111111111111111110111111101111111111111100111111111111111111111111111111111111011111111111110101001001010010110100100101001001010010010100 
5 0 0 3 0 0 0 0  10010000100000001000000010000000100000001000000010000000100000001000000010000000100000001000000010000000100000001000000010000000100000001000000010000000100000001000000010000000100000001000000010000000 
5 0 0 2 0 0 0 0  10000000100100001001000010010000100100001001000010010000100000001001000010010000100100001001000010010000100000001000000010000000100000001000000010000000100000001000000010000000100000001000000010010000 
2 0 0 3 0 1 0 0  10010100100101001001000010010000100100001001000010010100100001001001010010000000100100001001010110010100000101001001000010010000100101001001010010010000100101001001010010010100100101001001010010010100 
5 0 0 3 0 1 0 0  10010100100100001001010010010100100100001001000010010100100000001001000010010000100100001001010010010101100101001001000010010000100100001001010010010000000100001001000010010000100100001001000010010000 
5 0 0 2 0 0 0 0  10000000100100001000000010000000100000001000000010000000100000001000000010000000100000001001000010000000100000001000000010000000100000001000000010000000100000001000000010000000100000001000000010000000 
5 0 0 2 0 0 0 0  10000000100000001001000010000000100000001000000010010000100000001000000010000000100000001000000010000000100000001000000010000000100000001000000010000000100000001000000010000000100000001000000010000000 
