5 0 0 0 0 0 0 0  10000000100000001000000010000000100000001000000010000000100000001000000010000000100000001000000010000000100000001000000010000000100000001000000010000000100000001000000010000000100000001000000010000000 
3 2 2 3 2 2 3 0  11111111111111111111111111111111111111101111111011111110111111111111111011111111111111101111111111111111111111111111111111111111111111111111111111111111111111111111111111111110111111101111111011111110 
5 0 0 0 0 0 0 0  10000000100000001000000010000000100000001000000010000000100000001000000010000000100000001000000010000000100000001000000010000000100000001000000010000000100000001000000010000000100000001000000010000000 
3 2 2 3 2 2 3 0  11111111111111111111111111111111111111101111111011111110111111111111111011111111111111101111111111111111111111111111111111111111111111111111111111111111111111111111111111111110111111101111111011111110 
4 0 0 3 0 2 0 0  10010000100100001001010010010000100101001001000010010000100100001001000010010000100100011001000010010100100100001001000010010000100111001001000010010000100100001001000010010000100100001001000010010000 
4 0 0 3 0 0 0 0  10010000100100001001000010000000100000001000000010000000100000001000000010000000100000001000000010000000100000001001000010010000100000001000000010010000100000001000000010000000100000001000000010000000 
5 0 0 0 0 0 0 0  10000000100000001001000010000000100000001000000010000000100000001000000010000000100000001000000010000000100000001000000010000000100000001000000010000000100000001000000010000000100000001000000010000000 
5 0 0 3 0 0 0 0  10000000100000001000000010000000100000001001000010000000100100001001000010000000100000001000000010000000100000001000000010010000100000001001000010010000100100001001000010010000100100001001000010010000 
3 2 2 3 2 2 3 0  10011101100101011111110111111111111111111111111010111110111110111111111011111111111111101111111111111111111111111111111111111111111111010111111111111111111111111111111111111110111111101111111011111110 
4 0 0 3 0 0 0 0  10010000100100001001000010010000100100001001000010010000100100001001000010010000100100001001000010010000100100001001000010000000100000001001000010010000100100001001000010010000100100001001000010010000 
3 2 2 3 2 2 3 0  10011101100101011001110110011100101101001001010110011100101111111111111011111111111101101111111111110111111111111111111111111111111111111111011111111111111111111111111111111110111111101111111011111110 
4 0 0 3 0 0 0 0  10010000100100001001000010010000100000001000000010000000100000001000000010000000100000001000000010000000100100001001000010010000100000001001000010010000100100001001000010010000100100001001000010010000 
5 0 0 1 0 0 0 0  10000000100100001000000010000000100000001000000010000000100000001000000010000000100000001000000010000000100100001001000010010000100000001000000010000000100000001000000010000000100000001001000010010000 
3 0 0 3 0 2 0 0  10010100100100001001000010010000100101001001000010010000100100001001000010010000100100011001000010010100100100001001000010010000100000001001000010010000100100001001010010010100100100001001000010010100 
5 0 0 3 0 0 0 0  10010000100000001001000010000000100100001001000010000000100000001000000010000000100000001000000010000000100000001000000010000000100000001000000010000000100000001000000010000000100000001000000010000000 
5 0 0 3 0 0 0 0  10000000100000001000000010000000100000001000000010000000100000001000000010000000100000001000000010000000100100001001000010010000100000001001000010010000100100001001000010010000100000001001000010000000 
5 0 0 1 0 0 0 0  10000000100100001000000010000000100000001001000010000000100100001001000010000000100000001000000010000000100000001000000010010000100000001001000010010000100100001001000010010000100100001001000010010000 
4 2 2 3 2 2 3 0  10010101100101011001110110011100100101001001110010011100100011101001010010001101100100101001001011010100100101001001010010011000100111111111110011111011111111001111101111111111111111111111111011111100 
3 0 0 3 0 2 0 0  10010100100100001001000010010000100101001001010010010000100101001001000010010000100100011001000010010100100100001001000010010000100101001001000010010000100101001001010010010000100100001001000010010100 
3 2 2 3 2 2 3 0  11111101110101011001110110011110101101001001010110011100100011001001011011111110111101101111111111011111111111111111111111111111111111111111111111111111111111111111111111111110111111101101000010010100 
0 2 2 3 2 2 3 0  11111111111101111111111111011111111101111101011011111110111101111111111011111111111111101111111011111111111111111111111111111111111111111111111011111011111101001111101111111111111111111111111011111100 
5 0 0 3 0 0 0 0  10000000100100001001000010010000100000001001000010010000100100001001000010010000100100001001000010010000100100001001000010000000100000001001000010010000100100001001000010010000100100001001000010010000 
5 0 0 3 0 0 0 0  10010000100000001000000010000000100000001001000010000000100000001000000010000000100000001000000010000000100000001000000010000000100000001000000010000000100000001000000010000000100000001000000010000000 
3 0 0 3 0 2 0 0  10010000100100001001000010010100100101011001000010010000100101001001000010010100100100001001000010010000100101001011000010010000100111001001000010010000100100001001010010010100100100001001000010010100 
4 0 0 3 0 2 0 0  10011101100101011001010110011100100101001001110010011100100011101001010010001101100100101001001011010100100101001001010010010000100101001001100010010000100100001001010010010100100100001001000010010100 
5 0 0 3 0 2 0 0  10010100100101001001010010010100100101001001010010011100100101001001000010010100100100011001000010010100100011001001000010010000100111001001000010010000100100001001010010010100100100001001000010010100 
5 0 0 3 0 0 0 0  10010000100100001000000010000000100000001000000010000000100000001001000010000000100000001000000010000000100000001000000010010000100000001001000010010000100100001001000010000000100100001000000010010000 
5 0 0 3 0 0 0 0  10010000100100001000000010000000100000001000000010000000100000001001000010000000100000001000000010000000100000001000000010010000100000001001000010010000100100001001000010010000100100001001000010010000 
4 0 0 3 0 2 0 0  10010100100101001001010010010100100101001001000010010100100101001001000010010000100100001001000010000000100100001001000010010000100000001001000010010000100100001001000010010000100100001001000010010000 
5 0 0 1 0 0 0 0  10000000100100001000000010000000100000001000000010000000100000001000000010000000100000001000000010000000100100001001000010010000100000001001000010010000100100001001000010010000100000001001000010000000 
5 0 0 1 0 0 0 0  10000000100000001001000010000000100000001000000010000000100000001000000010000000100000001000000010000000100000001000000010010000100000000001000010000000100000001001000010010000100100001000000010000000 
3 0 0 3 0 2 0 0  10010100100100001001010110010100100101001001000010010100100101001001000010010000100100011001000010010100100001001001000010010000100111001001000010010000100100001001010010010100100100001001000010010100 
4 0 0 3 0 2 0 0  10010000100101001001000010010000100101001001010010010000100100001001000010010000100100001001000010010000100100001001000010010000100000001001000010010000100100001001000010010000100100001001000010010000 
3 0 0 3 0 2 0 0  10010100100101001001010010010100100101001001000010010100100101001001000010010000100100001001000010010100100001001001000010010000100111001001000010010000100100001001010010010100100100001001000010010100 
5 0 0 3 0 0 0 0  10010000100000001000000010000000100000001000000010000000100100001001000010010000100100001001000010010000100100001001000010000000100000001001000010010000100100001001000010010000100100001001000010010000 
5 0 0 3 0 2 0 0  10010000100101001001010010010000100101001001000010010000100100001001000010010000100100001001000010010000100101001001000010010000100111001001000010010000100100001001000010010000100100001001010010010000 
3 2 2 3 2 2 3 0  11010101111101011101110111111111111111101111111011111111111111111111111011111111111111101111111111111111111111111111111111111111111111111111111111111111111111111111111111111110111111101111111011111110 
3 0 0 3 0 2 0 0  10010000100101011001010010010000100101001001010010010000100101001001000010010100100100001001000010010000100101001001000010010000100111001001000010010000100100001001010010010100100100001001000010010100 
5 0 0 0 0 0 0 0  10000000100000001001000010000000100100001001000010010000100000001000000010010000100100001001000010000000100000001001000010010000100000001001000010000000100100001001000010000000100000001000000010000000 
3 2 2 3 2 2 3 0  11111101111101011111110111111111111111111110111010111110111110111111111011111111100100101001001011010100100101001001010010011000100111111111110011111011111111001111101111111111111110111111111011111100 
4 0 0 1 0 2 0 0  10010000100101011001000010010000100101001001010010010000100100001001000010010000100100001001000010010100100100001001000010010000100101001001000010010000100101001011010010010000100100001001000010010100 
3 2 2 3 2 2 3 0  11111101111111111111111111111111111111101111111011111110111111111111111011111111111111101111111111111111111111111111111111111111111111111111111111111111111111111111111111111110111111101111111011111110 
4 0 0 3 0 0 0 0  10010000100100001001000010010000100000001000000010000000100000001000000010000000100000001000000010000000100100001001000010010000100000001001000010010000100100001001000010000000100100001000000010000000 
4 0 0 3 0 2 0 0  10010000100101001001000010010000100101001001010010010000100100001001010010010000100100001001000010010000100100001001000010010000100101001001000010010000100101001001010010010000100100001001000010010100 
4 2 2 3 2 2 3 0  10010101100101011101110110011100100101001001110010011100100011101001010010001101100100101001001011010100100101001001010010011000100111111111110011111011111111001111101111111111111110111111111011111100 
3 2 2 3 2 2 3 0  11111101111111111111111111110101111111111111111011111111110101111111111011111111111111001111111011111110111111110111111111111111111111111111111011111011111101001111101111111111111111111111111011111100 
4 0 0 3 0 0 0 0  10010000100100001001000010010000100100001001000010010000100100001001000010010000100100001001000010010000100100001001000010000000100000001001000010010000100100001001000010010010100100001001000010010000 
5 0 0 3 0 0 0 0  10000000100100001001000010000000100000001001000010000000100000001000000010000000100000001000000010000000100000001000000010000000100000001000000010000000100000001000000010010000100100001001000010010000 
3 2 2 3 2 2 3 0  11111101111111011111111111111111111111111111111011111111111111111111111011111111111111101111111111111111111111111111111111111111111111111111111111111111111111111111111111111110111111101111111011111110 
4 2 2 3 0 2 0 0  10010101100101011001010110011100100101001001110010011100100011101001010010001101100100101001001011010100100101001001010010010000100101001001100010010000100101001001010010010000100100001001000010010100 
5 0 0 3 0 0 0 0  10010000100000001001000010000000100100001001000010000000100100001001000010010000100100001001000010010000100000001001000010010000100000001001000010000000100100001001000010000000100000001000000010000000 
5 0 0 3 0 2 0 0  10010100100101001001000010010000100100001001000010010000100100001001010010010000100100011001000010010100100100001001000010010000100111001001000010010000100100001001000010010000100100001001000010010000 
5 0 0 3 0 0 0 0  10000000100000001000000010000000100000001000000010000000100000001000000010010000100100001001000010000000100100001001000010010000100000001000000010000000100000001000000010000000100000001000000010000000 
4 1 0 1 0 2 0 0  10010000100101011001000010010000100101001001010010010000100100001001000010010000100100001001000010010100100100001001000010010000100101001101000010010000100101001011010010010000100100001001000010010100 
5 0 0 0 0 0 0 0  10000000100100001000000010000000100100001001000010010000100000001000000010010000100100001001000010000000100100001001000010010000100000001001000010010000100100001001000010010000100000001001000010010000 
3 0 0 3 0 2 0 0  10010100100100001001010010010000100101001001000010010000100100001001000010010000100100011001000010010100100100001001000010010000100000001001000010010000100100001000000010010000100100001001000010010000 
3 2 2 3 2 2 3 0  11111101111111011111111111111111111111111111111011111111111101111101111011111111111111101111111011111111111111110111111111111111111111111111111011111011111101001111101111111101111111111111111011111100 
5 0 0 3 0 0 0 0  10010000100000001000000010000000100000001001000010000000100000001000000010000000100000001000000010000000100000001000000010000000100000001000000010000000100000001000000010010000100100001001000010010000 
5 0 0 0 0 0 0 0  10000000100000001000000010000000100000001001000010000000100100001001000010000000100000001000000010000000100000001000000010000000100000001000000010000000100000001000000010000000100000001000000010000000 
3 0 0 3 0 2 0 0  10010000100100001001010010010100100101001001010010010100100100001001000110010000100100001001000010010000100100001001000010010000100111001001000010010000100100001001010010010000100100001001000010010100 
3 0 0 3 0 2 0 0  10010000100100001001000010010100100101011001000010010000100100001001010010010000100100011001000010010100100100001001000010010000100111001001000010010000100100001001000010010000100100001001000010010000 
5 0 0 3 0 0 0 0  10010000100100001000000010000000100000001000000010000000100000001000000010000000100000001000000010000000100000001000000010000000100000001000000010000000100000001000000010000000100000001000000010000000 
5 0 0 3 0 0 0 0  10010000100100001000000010000000100000001000000010000000100000001000000010000000100000001000000010000000100000001000000010000000100000001000000010000000100000001000000010000000100000001000000010000000 
3 0 0 3 0 2 0 0  10010000100100001001000010010000100100001001000010010000100100000001010010010000100100001001000010010100100100001001000010010000100111001001000010010000100100001001000010010000100100001001000010010000 
4 0 0 3 0 2 0 0  10010101100101011001110110011100100111001001000010010000100100001001000010010000100110011001000010010100100100001001000010010100100111001001000010010000100100001001110010010000100100001001000010010000 
3 0 0 1 0 2 0 0  10010100100100001001010010010000100101001001000010010000100100001001000010010000100100011001000010010100100100001001000010010000100101001001000010010000100101001001010010010000100100001001000010010100 
3 2 2 3 2 2 3 0  10010101100101011001110110011100101101001001010110011100101111111111111011111111111101101111111111110111111111111111111111111111111111111111011111111111111111111111111111111110111111101111111011111110 
5 0 0 3 0 0 0 0  10000000100100001001000010010000100000001001000010010000100100001000000010000000100000001000000010000000100000001000000010010000100000001000000010000000100000001001000010010000100100001001000010010000 
3 0 0 3 0 2 0 0  10010100100101001001010010011100100101001001000010010100100101001001000010010000100100001001000010010100100001001001000010010000100111001001000010010000100100001001010010010100100100001001000010010100 
3 2 2 3 2 2 3 0  11010101111101011101110111111111111111101111111011111111111111111111111011111111111111101111111111111111111111111111111111011000100111111111110011111011111111001001010010010100100100001001000010000100 
4 0 0 3 0 2 0 0  10010000100101001001000010010000100101001001000010010000100100001001010010010000100100001001000010010000100100001001000010010000100101001001000010010000100101001001010010010000100100001001000010010100 
3 0 0 3 0 2 0 0  10010000100101011001010010010000100101001001010010010000100100001001000010010000100100001001000010010100100100001001000010010000100101001001000010010000100101001011010010010000100100001001000010010100 
3 2 2 3 0 2 0 0  11010101111101011101110111111111111111101111111011111111111111111111111011111111111111101111111111111111111111111111111111111111111111111111111110111111111101001001010010010000100100001001000010010100 
5 0 0 3 0 0 0 0  10000000100000001001000010000000100100001001000010010000100100001001000010010000100100001001000010010000100100001001000010000000100000001001000010010000100100001001000010000000100100001001000010010000 
3 0 0 3 0 0 0 0  10010000100101011001010010010000100101001001010010010100100100001001000010010000100100011001000010010000100100001001000010010000100000001001000010010000100100001001000010010000100100001001000010010000 
5 0 0 3 0 2 0 0  10010101100101011001110110011100100101001001010010011100100101001001000010010100100100011001000010010100100011001001000010010000100111001001000010010000100100001001010010010100100100001001000010010100 
3 0 0 3 0 2 0 0  10010100100101001001000010010100100101011001000010010000100100001001000010010000100111001001000010010100100101001001000010010000100111011001000010010000100100001001110010010000100100001001000010010000 
5 0 0 3 0 0 0 0  10010000100000001001000010000000100100001001000010000000100100001000000010000000100000001000000010000000100000001001000010010000100000001001000010010000100100001001000010010000100000001001000010000000 
3 0 0 3 0 2 0 0  10010100100100001001010010010000100101001001000010010000100100001001000010010000100100011001000010010100100100001001000010010000100000001001000010010000100100001001000010010000100100001001000010010000 
5 0 0 0 0 0 0 0  10000000100000001001000010000000100000001000000010000000100000001000000010010000100100001001000010010000100100001001000010000000100000001001000010010000100100001001000010010000100100001001000010010000 
3 2 2 3 2 2 3 0  11111101111101011111110111111111111111111111111010111110111110111111111011111111111111101111111111111111111111111111111111111111111111110111111111111111111111111111111111111110111111101111111011111110 
5 0 0 0 0 0 0 0  10000000100000001001000010000000100100001001000010010000100000001000000010010000100000001001000010000000100000001000000010000000100000001000000010000000100000001000000010000000100000001000000010000000 
3 0 0 3 0 2 0 0  10010000100100001001000010010100100101011001000010010000100101001001000010010100100100001001000010010000100101001001000010010000100111001001000010010000100100001001010010010100100100001001000010010100 
4 0 0 3 0 2 0 0  10010100100101001001010010010100100101001001000010010100100101001001000010010000100100001001000010000000100100001001000010010000100000001001000010010000100100001001000010010000100100001000000010000000 
5 0 0 3 0 0 0 0  10000000100100001001000010010000100000001001000010010000100100001001000010010000100100001001000010010000100000001001000010010000100000001001000010000000100100001001000010000000100000001000000010000000 
5 0 0 0 0 0 0 0  10000000100100001000000010000000100100001001000010010000100000001000000010010000100100001001000010000000100100001001000010010000100000001001000010010000100100001001000010010000100000001001000010010000 
4 0 0 3 0 2 0 0  10010101100101011001110110011100100111001001010010011100100011101001010010010000100101001001000010010000100101001001000010010000100111001001000010010000100100001001000010010000100100001001010010010000 
5 0 0 3 0 0 0 0  10000000100100001001000010010000100000001001000010010000100100001001000010010000100100001001000010010000100000001000000010010000100000001000000010000000100000001001000010010000100100001001000010010000 
4 2 0 3 2 2 0 0  10010101100101011001110110011100100111001001010010011100100011101001010010001101100111001001010010110100100101001001000010010000100101001001000010010000100100001001010010010000100100001001010010010000 
5 0 0 0 0 0 0 0  10000000100000001000000010000000100000001000000010000000100000001000000010000000100000001000000010001000100000001000000010000000100000001000000010000000100000001000000010000000100000001000000010000000 
4 0 0 3 0 2 0 0  10010000100100001001000010010000100100001001000010010000100100001001010010010000100100011001000010010100100100001001010010010000100111001001000010010000100100001001000010010000100100001001000010010000 
4 0 0 3 0 2 0 0  10010101100101011001110110011100100111001001000010010000100100001001000010010000100110011001000010010100100100001001000010010000100111001001000010010000100100001001010010010100100100001001000010010100 
4 0 0 3 0 0 0 0  10000000100100001001000010000000100000001000000010000000100000001000000010000000100000001000000010000000100000001001000010010000100000001001000010010000100100001001000010010000100100001001000010010000 
3 0 0 3 0 2 0 0  10010000100100001001010010010101100101001001010010010100100100001001000110010000100100001001000010010000100100001001000010010000100111001001000010010000100100001001010010010000100100001001000010010100 
5 0 0 3 0 0 0 0  10010000100000001000000010000000100000001000000010000000100000001000000010000000100000001000000010000000100100001001000010010000100000001001000010010000100100001001000010010000100000001001000010000000 
3 0 0 1 0 2 0 0  10010100100100001001010010010000100101001001000010010000100100001001000010010000100100011001000010010100100100001001000010010000100101001001000010010100100100001001010010010000100100001001000010010100 
4 0 0 3 0 2 0 0  10010101100101011001110110011100100111001001010010011100100011101001010010010000100101001001001011010100100101001001010010010000100101001001100010010000100101001001010010010000100100001001000010010100 
5 0 0 1 0 0 0 0  10000000100100001001000010010000100000001000000010000000100000001000000010000000100000001000000010000000100000001000000010010000100000001000000010000000100000001001000010010000100100001001000010010000 
3 0 0 3 0 2 0 0  10010100100101001001000010010100100101011001000010010000100100001001000010010100100100001001000010010000100100001001000010010000100011001001000010010000100100001001010010010100100100001001000010010100 
4 2 2 3 2 2 3 0  10010101100111011001110110011100100101001001111010111111111111111111111011111110111111101111111111111111111111111111111111111111101111111111111011111111111111111111111111111110111111101111111011111110 
