6 0 0 0 0 0 0 0  10000000100000001000000010000000100000001000000010000000100000001000000010000000100000001000000010000000100000001000000010000000100000001000000010000000100000001000000010000000100000001000000010000000 
4 2 2 2 2 2 2 0  11111111111111111111111111111111111111101111111111111110111111111101111111111111111111101111111011111110111111111111111111111111111111111111111111111111111111111111111111111110111111101111111011111110 
4 2 2 2 2 2 2 0  11111111111111111111111111111111111111101111111111111110111111111101111111111111111111101111111011111110111111111111111111111111111111111111111111111111111111111111111111111110111111101111111011111110 
6 0 0 0 0 0 0 0  10000000100000001000000010000000100000001000000010000000100000001000000010000000100000001000000010000000100000001000000010000000100000001000000010000000100000001000000010000000100000001000000010000000 
0 2 2 2 2 2 0 0  11111101111111011001010110010100100101001001010010010000100100001001010010110100100100001001000010010000100101001001000010010100100101011001010010010100100100001001010010010100101111001001010010011100 
6 0 0 2 0 0 0 0  10000000100000001001000010010000100100001001000010010000100000001000000010000000100000001000000010010000100100001000000010000000100000001000000010000000100000001000000010000000100000001000000010000000 
4 0 0 2 0 2 0 0  10010100100100001001010010010100100101001001010010010000100100001001010010010100100100001001000010010000100100001001000010010100100100001001010010010000100100001001000010010000100100001001000010000000 
5 0 0 2 0 0 0 0  10010000100000001000000010010000100100001001000010000000100100001001000010000000100000001000000010010000100000001001000010010000100100001001000010010000100100001001000010010000100100001001000010000000 
4 2 0 2 2 2 2 0  10011101100101011111110111111111111111111101111111111111111111111101101111111111111111111111111111111101111111011111111111111111111111111111111111010100100100001001010010010110111111101111111011111110 
6 0 0 2 0 0 0 0  10000000100000001000000010000000100000001001000010000000100000001000000010000000100000001001000010000000100000001000000010000000100000001000000010000000100000001000000010000000100000001000000010000000 
6 0 0 2 0 0 0 0  10000000100100001001000010010000100100001001000010010000100000001001000010000000100000001001000010010000100000001001000010010000100100001000000010000000100000001000000010010000100000001001000010000000 
4 0 0 2 0 0 0 0  10010000100000001001000010010000100100001001000010000000100100001001000010000000100000001000000010010000100000001001000010010000100100001001000010010000100100001001000010010000100100001001000010000000 
2 2 2 2 2 2 2 0  11111111111111111111010110011101100101111001010010111111110111111101111110110101111111101111111011111110111111111111111111111111111111111111111111111111111111111111111111111110111111101111111011111100 
4 0 0 2 2 2 2 0  10010101100101011001010110010100100101001001010010010000100100001001010010010100100100001001000010010000100101001001000010010100100101011001010110010001100101001001010010010000100101001001011011111110 
4 0 0 4 0 0 0 0  10010000100100001001000010000000100000001000000010000000100000001000000010000000100000001000000010000000100000001000000010010000100000001001000010010000100100001000000010010000100000001001000010000000 
4 2 0 2 2 2 2 0  10010101100101011011110111111111111111111111111111111111111111111101101111111111111111111111111111111101111111011111111111111111111111111111111111111111111111111111111111111110111111101111111011111110 
4 0 0 2 0 2 0 0  10010000100101001001010010010100100101001001010010010000100100001001010010010100100100001001000010010000100100001000000010010000100100001001000010010000100100001001000010010000100111001001011010011100 
7 0 0 2 0 0 0 0  10000000100000001001000010000000100000001000000010000000100000001000000010000000100000001000000010000000100000001000000010010000100000001001000010010000100100001000000010000000100000001000000010000000 
4 2 2 2 2 2 2 0  10010101100101011001010111111111111111101111111111111101111111111101111111111111111111101111111011111111111111111111111111111111111111111111111111111111111111111111111111111110111111101111111011111110 
2 2 2 2 2 2 0 0  11111101111111011111010110010100100101001001010110010000100100001001010011010010111101001001000010010110111111111111111111111111111111011001010010010100100100001001000010010100101111001001010010011100 
4 0 0 2 0 2 0 0  10010000100101001001000010010100100100001001000010010000100000001001000010010000100100001001000010010000100100001000000010010000100100001001000010010000100100001001000010010000100100001001000010000000 
4 0 0 2 0 0 0 0  10010000100100001000000010010000100100001001000010010000100000001000000010000000100000001000000010000000100000001000000010010000100100001000000010010000100100001001000010010000100100001001000010000000 
6 0 0 2 0 0 0 0  10000000100000001001000010010000100100001001000010010000100000001000000010000000100000001000000010010000100100001000000010000000100000001000000010010000100100001001000010010000100100001001000010000000 
4 0 0 4 0 2 0 0  10010100100100001001000010010100100101001001010010010000100100001001010010010000100100001001010010010000100100001001000010010100100100001001010010010001100100001001000010010000100100001001010011011100 
4 2 0 2 2 2 2 0  10010101100101011001010110010100100101001001010110010010101100001001010011011010100101001001001110010010100101001001001010010100110101001101010110010100100100001001000010010110111111101111111011111110 
4 0 0 2 0 2 0 0  10010000100100001001010010010100100101001001010010010000100100001001010010010100100100001001000010010000100101001001000010010100100101011001010110010001100100001001010010010000100101001001010010011100 
4 0 0 2 0 2 0 0  10010000100101001001000010010100100101001001010010010000100100001001010010010000100100001001010010010000100100001001000010010100100100001001010010010000100100001001000010010000100100001001000010000000 
4 0 0 2 0 2 0 0  10010000100101001001000010010100100101001001010010010000100100001001010010010000100100001001010010010000100100001001000010010100100100001001010010010001100100001001000010010000100100001001010010011100 
4 0 0 4 0 2 0 0  10010000100100001001000010010100100101001001010010010000100100001001000010010000100100001001000010010000100101001001000010010000100100001001000010010000100100001001000010010000100100001001110010011100 
4 0 0 2 0 0 0 0  10010000100000001001000010010000100100001000000010000000100000001000000010000000100000001001000010000000100000001000000010000000100000001000000010000000100000001000000010010000100000001001000010000000 
5 0 0 2 0 0 0 0  10010000100000001000000010010000100000001001000010000000100000001000000010000000100100001000000010000000100000001000000010000000100000001000000010010000100100001001000010010000100100001001000010000000 
6 0 0 2 0 0 0 0  10000000100100001000000010010000100000001000000010000000100000001001000010000000100000001000000010010000100000001001000010010000100100001001000010010000100100001001000010010000100100001001000010000000 
5 0 0 2 0 0 0 0  10010000100000001000000010010000100000001000000010000000100000001000000010000000100000001000000010000000100000001000000010000000100000001000000010000000100000001000000010000000100000001000000010000000 
6 0 0 2 0 0 0 0  10000000100100001001000010000000100000001000000010000000100000001000000010000000100000001000000010000000100000001000000010010000100000001001000010010000100100001000000010010000100000001001000010000000 
4 0 0 2 0 2 0 0  10010101100101011001010110010100100101001001010010010000100100001001010010010100100100001001000010010000100101001001000010010100100101011001010110010001100101001001010010010000100101001001010010011100 
4 0 0 4 0 0 0 0  10010000100100001001000010000000100000001000000010000000100000001001000010000000100000001000000010000000100000001000000010010000100100001001000010010000100100001001000010010000000100001001000010000000 
6 0 0 2 0 0 0 0  10000000100000001000000010000000100100001000000010000000100000001000000010000000100000001000000010000000100000001000000010010000100100001000000010010000100100001001000010010000100100001001000010000000 
4 0 0 4 0 2 0 0  10010000100100001001010010010100100100001001010010010000100100001001000010010000100100001001000010010000100101001001000010010100100100001001000010010000100100001001000010010000100101001001010010011100 
4 0 0 2 0 2 0 0  10010000100101001001000010010100100101001001010010010000100100001001010010010000100100001001010010010000100100001001000010010100100111011001010110010001100100001001010010010000100101001001010010011100 
4 0 0 2 0 2 0 0  10010000100100001001000010010100100101001001010010010000100100001001000010010000100100001001000010010000100101001001000010010100100101011001010010010000100100001001000010010000100111001001010010011100 
0 2 2 2 2 2 2 0  11111101111111011111010111111111111111111111111111111111111111111101101111111111111111111111111011111110111111111111111111111111111111111110111111111111111111111111111111111110111111101111111011111110 
6 0 0 2 0 0 0 0  10000000100000001000000010000000100100001001000010000000100000001001000010000000100000001000000010010000100000001001000010010000100100001001000010010000100100001001000010010000100100001001000110000000 
6 0 0 2 0 0 0 0  10000000100100001001000010010000100100001001000010010000100000001001000010000000100000001001000010010000100000001001000010010000100100001001000010010000100100001001000010010000100100001001000110000000 
5 0 0 2 0 0 0 0  10010000100000001000000010010000100000001001000010000000100000001000000010000000100000001001000010000000100000001000000010000000100000001000000010000000100000001000000010000000100000001000000010000000 
4 0 0 2 0 0 0 0  10010000100100001000000010010000100100000001000010000000100000001001000010010000100000001000000010000000100000001000000010000000100000001000000010000000100000001000000010000000100000001000000010000000 
4 0 0 2 0 2 0 0  10010100100101011001010110010100100101001001010010010000100100011001010010010100000100001001000010010000100101001001000010010100100101011001010110010100100100001001000010010000100101001001010010011101 
2 2 2 2 2 2 0 0  11111101111111011111010110010100100101001001010110010000100100001001010011010010111101001001000010010110111111111111111111111111111111011001010010010100100100001001000010111110111111101111111011111110 
0 2 2 2 2 2 2 0  11111101111101011111010110010100100101111001010010111111110111111101111110110101111111101111111111111110111111111111111111111111111111111111111111111111111111111111111111111110111111101111111011111100 
0 2 2 2 2 2 2 0  11111101111111111111111111111111111111101111111111111111111111111101111111111111111111101111111011111110111111111111111111111111111111111111111111111111111111111111111111111110111111101111111011111110 
4 2 0 2 2 2 2 0  10010101100101011001010110010100100101001001010110010000101100001001010011011010100101001001001110010010100101001001001010010100110101001001010110010100100100001001000010010000100111001001010010011100 
4 0 0 2 0 0 0 0  10010000100100001000000010010000100100001001000010000000100000001001000010010000100000001000000010000000100000001000000010010000100000001000000010010000100100001000000010010000100000001001000010000000 
6 0 0 2 0 0 0 0  10000000100000001001000010000000100000001000000010000000100000001001000010000000100000001000000010000000100100001000000010000000100000001000000010000000100000001000000010000000100000001000000010000000 
4 0 0 2 0 0 0 0  10000000100000001000000010000000100000001000000010000000100000001000000010000000100000001000000010000000100000001000000010000000100000001001000010010000100100001000000010010000100000001001000010000000 
4 0 0 2 0 2 0 0  10010100100100001001010010010100100101001001010010010000100100001001010010010100100100001001000010010000100100001001000010010100100100001001010010010001100100001001000010010000100100001001010010011100 
4 0 0 2 0 0 0 0  10010000100100001001000010010000100100001001000010010000100100001001000010010000100100001001000010010000100000001001000010010000100100001001000010010000100100001001000010010000100100001001000010000000 
0 2 2 2 2 2 2 0  11111101111111111111111111110101111111001111111010111110110111111101111010111101111111101100111011111110011110111111111111111111111111111111101111011111111111011111111111111100111111101111111011111110 
4 0 0 2 0 2 0 0  10010100100101001001010010010101100100001001000010010000100100001001010110010100100100001001000010010000100100001001000010010100100101011001010010010100100100001001000010010000100111001001010010011100 
4 2 2 2 2 2 2 0  10010101100101011001010111111111111111101001010110010010101100001001010011011010100101001001001110010010100101001001001010010100110101001101010110010111111111111111111111111110111111101111011011111100 
4 0 0 4 0 0 0 0  10010000100100001001000010010000100100001001000010010000100100001001000010010000100100001001000010010000100000001001000010010000100100001001000010010000100100001001000010010000100100001001010010011100 
4 0 0 4 0 2 0 0  10010100100101001001010010010101100100001001000010010000100100001001010110010000100100001001000010010000100100001000000010010100100100001001000010010000100100001001000010010000100101001001010010011100 
4 0 0 4 0 2 0 0  10010000100101001001010010010100100100001001000010010000100100001001010010010000100100001001000000010000100101001001000010010100100101001001000010010000100100001001000010010000100101001001000010000000 
6 0 0 2 0 0 0 0  10000000100100001001000010000000100000001000000010000000100000001000000010000000100000001000000010010000100100001000000010000000100000001000000010000000100000001000000010000000100000001000000010000000 
5 0 0 2 0 0 0 0  10010000100000001001000010000000100000001000000010010000100000001001000010000000100000001000000010000000100100001000000010000000100000001000000010000000100000001000000010000000100000001000000010000000 
0 2 0 2 2 2 2 0  11111101111111011111111111111111111111101111111111111111111111111101111111111111111111101111111011111110111111111111111111111111111111111111111111111111111111111111111111111110111111101111111011111110 
4 0 0 2 0 2 0 0  10010100100101001001000010010100100101001001010010010000100100001001010010010100100100001001000010010000100100001001000010010101100100001001000010010000100100001001010010010000100100001011000010000000 
6 0 0 2 0 0 0 0  10000000100100001001000010000000100000001000000010000000100000001000000010000000100000001000000010000000100000001000000010000000100000001000000010000000100000001000000010000000100000001000000010000000 
4 0 0 2 0 2 0 0  10010100100100001001010010010100100101001001010010010000100100001001010010010100100100001001000010010000100100001001000010010100100100001001010010010000100100001001000010011100101111001001010010011100 
6 0 0 2 0 0 0 0  10000000100100001000000010010000100000001001000010000000100000001000000010000000100000001001000010000000100000001000000010000000100000001000000010000000100000001000000010000000100000001000000010000000 
6 0 0 0 0 0 0 0  10000000100100001001000010010000100100001001000010010000100000001001000010000000100000001001000010010000100000001000000010000000100000001000000010000000100000001000000010000000100000001000000010000000 
4 0 0 2 0 0 0 0  10010000100100001000000010010000100100000001000010000000100000001001000010010000100000001000000010000000100000001000000010000000100000001000000010000000100000001001000010000000100000001000000010000000 
0 2 0 2 2 2 2 0  11111101111111011111111111111111111111101111111111111111111111111101111111111111111111101111111011111110111111111111111111111111111111111111111111111111111111111111111111010100101111001001010010011100 
6 0 0 2 0 0 0 0  10000000100000001000000010000000100100001001000010010000100000001000000010000000100000001000000010000000100000001000000010010000100100001000000010010000100100001001000010010000100100001001000010000000 
4 0 0 2 0 0 0 0  10000000100000001000000010000000100000001000000010000000100000001000000010000000100000001000000010000000100000001000000010000000100000001001000010010000100100001001000010010000100100001001000010000000 
4 2 2 2 2 2 2 0  10010101100101011001010110010100100101001001010110010010101100001001010011011010100101001001001110010010100101001001001010010100110101001101010110010111111111111111111111111110111111101111011011111100 
4 0 0 4 0 0 0 0  10010000100100001001000010010000100100001001000010010000100100001001000010010000100100001001000010010000100101001001000010010000100100001001000010010000100100001001000010010000100100001001110010011100 
4 0 0 2 0 0 0 0  10010100100100001001000010010100100101001001010010010000100100001001010010010000100100001001010010010000100000001001000010010000100100001001000010000000100100001001000010010000100100001001000010000000 
6 0 0 2 0 0 0 0  10000000100000001001000010010000100100001001000010010000100000001001000010000000100000001001000010010000100000001011000010010000100100001000000010010000100100001001000010010000100100001001000010000000 
4 0 0 4 0 0 0 0  10010000100100001001000010010000100100001001000010010000100100001001000010010000100100001001000010010000100000001001000010010000100100001000000010000000100000001000000010000000100000001000000010000000 
6 0 0 2 0 0 0 0  10000000100100001001000010010000100100001001000010010000100000001001000010000000100000001001000010000000100000001000000010000000100000001000000010000000100000001000000010000000100000001000000010000000 
4 0 0 4 0 0 0 0  10010000100100001001000010010000100100001001000010010000100100001001000010010000100100001001000010010000100000001001000010010000100100001000000010000000100000001000000010000000100000001000000010000000 
4 0 0 4 0 2 0 0  10010100100100001001000010010100100101001001010010010000100100001001010010010100100100001001000010000000100100001001000110010100100100001001010010010000100100001001000010010000100100001001000010000000 
4 0 0 4 0 2 0 0  10010100100100001001000010010000100100001001000010010000100000001001000010010000100100001001000010010000100100001000000010010000100100001001000010010000100100001001000010010000100100001001110010011100 
4 0 0 2 0 2 0 0  10010100100101001001010010010101100100001001000010010000100100001001010110010000100100001001000010010000100100001000000010010000100100001001000010010000100100001001000010010000100100001001000010000000 
4 0 0 2 0 0 0 0  10000000100100001000000010010000100100001001000010010000100000001001000010010000100000001000000010000000100000001000000010000000100000001000000010000000100000001000000010000000100000001000000010000000 
4 0 0 4 0 2 0 0  10010100100100001001000010010100100101001001010010010000100100001001010010010000100100001001010010010000100100001001000010010100100100001001010010010001100100001001000010010000100100001001010010011100 
4 0 0 2 0 2 0 0  10010101100101011001010110010100100101001001010010010000100100001001010010010100100100001001000010010000100101001001000010010100100101011001010110010001100100001001010010010000100101001001010010011100 
4 0 0 2 0 0 0 0  10010000100000001001000010010000100100001001000010000000100100001001000010000000100000001000000010000000100000001000000010000000100000001001000010010000100100001001000010010000100100001001000010000000 
4 0 0 4 0 2 0 0  10010100100100001001000010010000100100001001000010010000100000001001000010010000100100001001000010010000100100001000000010010000100100001001000010010000100100001001000010010000100100001001110010011100 
4 0 0 4 0 0 0 0  10010000100100001001000010010000100100001001000010010000100100001001000010010000100100001001000010010000100000001001000010010000100100001001000010010000100100001001000010010000100100001001000110000000 
6 0 0 2 0 0 0 0  10000000100100001000000010010000100100001001000010010000100000001000000010000000100000001000000010010000100100001000000010000000100000001000000010000000100000001000000010000000100000001000000010000000 
6 0 0 2 0 0 0 0  10000000100100001000000010010000100000001000000010000000100000001000000010010000100000001000000010000000100000001000000010000000100000001000000010000000100000001000000010010000100100001001000010000000 
2 2 2 2 2 2 2 0  11111101111111011111010110010100100101001111111111111101111111111101111111111111111111101111111011111111111111111111111111111111111111111111111111111111111111111111111111111110111111101111111011111110 
4 0 0 4 0 2 0 0  10010000100100001001010010010000100100001001010010010000100100001001000010010100100100001001000010010000100100001000000010010000100100001001000010010000100100001001000010010000100100001001000010000000 
5 0 0 2 0 0 0 0  10010000100000001001000010010000100100001001000010000000100000001001000010010000100000001000000010000000100000001000000010010000100000001000000010010000100100001000000010010000100000001001000010000000 
4 0 0 2 0 2 0 0  10010100100101001001010010010100100101001001010010010001100100001001010010010100100100001001000010010000100100001001000010010100100100001001010010010000100100001001000010011100101111001001010010011100 
4 2 2 2 2 2 2 0  10010101100101011001010110010100100101001001010010010110111111111101111111111111111111101111111011111110111111111111111111111111111111111111111111111111111111111111101111111110111111101111111011111110 
4 0 0 2 0 2 0 0  10010101100101011001010110010100100101001001010010010000100100001001010010111111111101101101000010010000100101001001000010010100100101011001010010010100100100001001000010010100101111001001010010011100 
6 0 0 2 0 0 0 0  10000000100000001000000010000000100000001001000010000000100000001000000010000000100000001001000010010000100000001001000010010000100100001001000010010000100100001001000010010000100100001001000110000000 
6 0 0 2 0 0 0 0  10000000100000001001000010000000100000001000000010010000100000001001000010000000100000001000000010010000100000001001000010010000100100001000000010010000100100001001000010010000100100001001000010000000 
4 0 0 2 0 2 0 0  10010100100101001001000010010100100101001001010010010000100100001001010010010100100100001001000010010000100001001001000010010100100101011001010110010001100101001001010010010000100101001001010010010100 
