8 0 0 0 0 0 0 0  10000000100000001000000010000000100000001000000010000000100000001000000010000000100000001000000010000000100000001000000010000000100000001000000010000000100000001000000010000000100000001000000010000000 
1 2 2 0 1 2 2 1  11111111111111111111111111111111111111111111111111111110111111111111111011111111111111101111111111111111111111111111111111111111111111111111111111111111111111111111111111111110111111111111111111111110 
8 0 0 0 0 0 0 0  10000000100000001000000010000000100000001000000010000000100000001000000010000000100000001000000010000000100000001000000010000000100000001000000010000000100000001000000010000000100000001000000010000000 
1 2 2 0 1 2 2 1  11111111111111111111111111111111111111111111111111111110111111111111111011111111111111101111111111111111111111111111111111111111111111111111111111111111111111111111111111111110111111111111111111111110 
1 2 2 0 1 2 2 1  11010101110111011111110111111011111111101111111111111110111111111101111011111111111111101111111111111111111111111111111111111111111111111111111111111111111111111111111111111110111111111111111111111110 
3 0 0 3 0 2 0 0  10010000100101001001010010010100100101001001000010010101100100001001000010010000100100001001000010010000100100001001000010010000100100001001000010010000100100001001000010010000100100001001000010010000 
8 0 0 2 0 0 0 0  10000000100100001001000010010000100100001001000010010000100000001001000010010000100100001001000010010000100100001001000010010000100100001001000010010000100100001001000010010000100100001001000010010000 
1 2 2 0 1 2 2 0  11111101111111011111110111111111111111111111111111111110111111111101111011111110111111101110111111111111111111111111110111111111111111111101010010010000100100001001010010010000110101001001110010010100 
1 2 2 0 1 2 2 0  11010101110111011111110110010100100101001011010010010100100100001001010010010010100100001001010010010000100100001001110010010100100101001001010010010000100100001001010010010100100101001001110010010100 
3 0 0 3 0 2 0 0  10010100100101001001010010010100100101001001000010010100100100001001000010010000100100001001010010010000100100001001010010010000100101001001000010010000100100001001010010010000100101001001000010010100 
3 0 0 3 0 0 0 0  10010000100100001001000010010000100100001001000010010000100000001001000010010000100100001001000010000000100100001001000010010000100100001001000010010000100100001000000010000000100000001000000010010000 
8 0 0 2 0 0 0 0  10000000100100001000000010000000100000001000000010000000100000001000000010000000100100001000000010000000100000001000000010000000100000001000000010000000100100001001000010010000100100001001000010010000 
7 0 0 2 0 0 0 0  10000000100100001001000010000000100000001000000010000000100000001000000010000000100000001001000010000000100000001001000010000000100000001000000010010000100000001000000010000000100000001000000010000000 
3 0 0 3 0 2 0 0  10010100100101001001000010010000100100001001000010010100100100001001000010010000100000001001010010010000100100001001110010010000100101001001010010010000100100001001000010010100100101001001010010010000 
1 2 2 0 1 2 2 0  10010101100101011001010110010100100101001011110010010100100100001001000010010010100100001001010010010000100101111111111111111111111111111101010010010000100100001001010010010000110101001001110010010100 
3 0 0 3 0 0 0 0  10010000100000001001000010010000100100001001000010010000100000001001000010010000100100001001000010010000100100001001000010010000100100001001000010010000100100001001000010000000100000001000000010000000 
3 0 0 3 0 0 0 0  10010000100100001001000010010000100100001001000010010000100000001001000010010000100100001001000010010000110100001001000010010000100100001001000010010000100100001001000010010000100100001001000010010000 
3 0 0 3 1 2 2 0  10010101100101011001010110010100100101001011110110010100100100001001000010010010100100001001010010010000100100001001110010010100100101011001010010010000100100001001000010010100100101001111100010010100 
3 0 0 3 0 2 0 0  10010100100101001001000010010000100100001001000010010100100100001001000010010000100000001001000010010000100100001001000010010000100100001001000010010000100100001001000010010000100100001001000010010000 
1 2 2 0 1 2 2 1  11010101110111011111110111111011111111101111110010010100100100001011000010010000110100001001111111111111111111111111111111111111111101111111111111111111111111111111111111111110111111111111111111111110 
3 0 0 3 0 2 0 0  10010101100101001001010010010100100101001001000010010100100100001001000010010000100100001001010010010000100100001001010010010000100101001001000010010000100100001001010010010000100101001001000010010100 
1 2 2 0 1 2 2 1  11010101110111011111110110010100100101001011110010010100100100001001010010010010100100001001010010010000100100001001110010010111111111111111011111111111111111111111111111111110100101001111011111111110 
1 2 2 0 1 2 2 1  11111101111111111111111111110111111111111111111111111110111111101111111011011111110111101111111111111111111111111111111111111111111111111111111111111111111111111111111111111110111111111111111111111110 
3 0 0 3 0 0 0 0  10010000100000001000000010000000100000001000000010010000100000001000000010000000100000001000000010000000100000001000000010000000100000001000000010010000100000001000000010000000100000001000000010000000 
3 0 0 3 0 0 0 0  10010000100100001001000010010000100000001000000010000000100000001000000010000000100000001001000010000000100000001001000010010000100100001001000010010000100100001001000010010000100100000001000010010000 
3 0 0 3 0 2 0 0  10010000100100001001010010010100100101001101000010010100100110001001000010010000100100001001010010010000100100001001010010010000100101001001010010010000000100001001010010010000110101001001010010010100 
3 0 0 3 0 2 0 0  10010100100101001001000010010100100101001001000010010101100100001001000010010000100100001001000010010000100100001001010010010000100101001001010010010000100100001001010010010000110101001001010010010100 
3 0 0 3 0 2 0 0  10010000100101001001010010010100100101001001000010010101100100001001000010010000100100001001000010010010100100001001000010010100100100001001000010010000100100001001000010010100100101001001000010010100 
3 0 0 3 0 2 0 0  10010000100100001001010010010100100101001001000010010101100110001001000010010000100100001001000010010000100100001001000010010100100100001001000010010000100100001001010010010100100101011001000010010100 
1 2 2 0 1 2 2 1  11111101111111011111110111111111111111111111111111111110111111111111111011111111111111101111111111111111111111111111111111111111111111111111111111111111111111111111111111111110111111111111111111111110 
8 0 0 0 0 0 0 0  10000000100000001000000010000000100000001000000010000000100000001000000010000000100000001000000010000000100000001000000010000000100000001000000010010000100000001000000010000000100000001000000010000000 
3 0 0 3 0 2 0 0  10010000100100001001010010010000100100001001000010010100100100001001000010010000100100001001000010010000100100001001110010010000100101001001010010010000100100001001000010010100100101001001010010010000 
3 0 0 3 0 2 0 0  10010100100100001001000010010000100101001001000010010100100100001001000010010000110110001001010010010000100100001001010010010000100101001001010010010000100100001001010010010000100101001001000010010000 
3 0 0 3 0 0 0 0  10010000100000001000000010000000100000001000000010000000100000001001000010010000100100001001000010010000100100001001000010010000100100001000000010010000100000001000000010000000100000001000000010010000 
3 0 0 3 0 2 0 0  10010100100100001001010010010000100100001001000010010100100100001001000010010000110100001001010010010000100100001001010010010000100101001001000010010000100100001001010010010000100101001001000010010100 
3 0 2 0 1 2 2 1  10010101100101011001010111111111111111101111111111111110111111111101111011111111111111101111111111111111111111111111111111111111111111111011011111111101111111111111111111111110111111111111111111111110 
8 0 0 2 0 0 0 0  10000000100000001001000010000000100000001000000010000000100000001000000010000000100100001000000010000000100000001000000010000000100000001000000010000000100000001000000010000000100000001000000010000000 
3 0 0 3 0 2 0 0  10010000100100001001010010010100100100001001000010010100100100001001000010010000100100001001000010010000100100001001000010010000100100001001000010010000100100001001000010010000100100001001000010010000 
8 0 0 2 0 0 0 0  10000000100100001000000010000000100000001000000010000000100000001001000010010000100100001001000010000000100100001001000010010000100100001000000010010000100100001001000010010000100100001000000010010000 
8 0 0 3 0 0 0 0  10000000100000001000000010000000100000001000000010000000100000001000000010010000100101001001000010000000100100001001000010010000100100001001000010010000100100001001000010010000100100001001000010010000 
8 0 0 2 0 0 0 0  10000000100100001000000010000000100000001000000010000000100000001001000010010000100100001001000010010000100100001001000010010000100100001001000010010000100100001001000010010000100000001000000010000000 
8 0 0 3 0 0 0 0  10000000100000001001000010010000100100001001000010010000100000001001000010010000100100001001000010010000100100001000000010000000100000001000000010000000100000001000000010000000100000001000000010000000 
1 2 2 0 1 2 2 1  10010101100101011101010110010100100101001011110010010100100100001001000010010010100100001001010010010000100101111111111111111111111111111101010010011111111111111111111111111110111111111111111111111110 
3 0 0 3 0 2 0 0  10010000100101001001000010010100100101001001000010010100100100001001000010010000100100001001000010010000100100001001110010010000100101001001010010010000100100001001000010010100100101001001010010010000 
3 0 0 3 0 0 0 0  10010000100000001001000010010000100100001000000010000000100000001000000010000000100000001000000010000000100000001001000010010000100100001001000010010000100100001001000010000000100000001000000010000000 
3 0 0 2 0 0 0 0  10010000100000001000000010000000100000001000000010010000100000001000000010000000100000001000000010000000100000001000000010000000100100001001000010010000100100001001000010010000100000001000000010000000 
3 0 0 3 0 0 0 0  10010000100100001000000010000000100000001000000010000000100000001000000010000000100000001000000010000000100000001000000010000000100100001001000010010000100000001000000010000000100000001000000010010000 
8 0 0 3 0 0 0 0  10000000100000001001000010010000100100001000000010000000100000001001000010010000100100001001000010010000100100001001000010010000100100001000000010010000100100001001000010010000100100001001000010010000 
3 0 0 3 0 2 0 0  10010101100101011001010110010100100101001001000010010100100110101001000010010000100100001001010010010000110100001001010010010000100101001001010010010000100100001001010010010100100101011001000010010100 
3 0 0 3 0 2 0 0  10010000100101001001010010010100100101001001000010010101100100001001000010010000100101001001000010010000100100001001010010010000100101001001010010010000100100001001000010010000100100001001000010010000 
3 0 0 3 0 0 0 0  10010000100100001001000010010000100000001000000010000000100000001000000010000000100000001001000010000000100000001001000010000000100000001000000010010000100000001000000010000000100000001000000010010000 
3 0 0 3 0 0 0 0  10010000100100001000000010000000100100001001000000010000100000001001000010010000100100001001000010000000100100001001000010010000100100001000000010010000100100001001000010010000100000001000000010000000 
1 2 2 0 1 2 2 1  11111101111111111111110111111011111111001101111111111110111111111101110011111110111111101111011111111111111111111111111111111111111111111111110111111111111111111111111111111110111111111111111111111110 
7 0 0 2 0 0 0 0  10000000100100001001000010000000100000001000000010000000100000001001000010010000100100001001000010000000100100001001000010010000100100001000000010010000100100001001000010010000100000001000000010010000 
8 0 0 2 0 0 0 0  10000000100000001000000010000000100000001000000010000000100000001000000010000000100000001000000010000000100100001001000010010000100100001000000010010000100100001001000010010000100100001000000010010000 
8 0 0 2 0 0 0 0  10000000100000001001000010000000100000001000000010000000100000001001000010010000100100001001000010000000100000001001000010010000100100001000000010010000100000001000000010000000100000001000000010000000 
3 0 0 3 0 2 0 0  10010100100100001001010010010000100100001001000010010100100100001001000010010000100101001001000010010000100100001001010010010000100101001001010010010000100100001001000010010000100100001001000010010000 
7 0 0 2 0 0 0 0  10000000100100001001000010000000100000001000000010000000100000001001000010010000100100001001000010010000100100001001000010010000100100001001000010010000100100001001000010010000100100001001000010010000 
3 0 0 3 0 2 0 0  10010100100100001001000010010000100100001001000010010100100100001001000010010000100100001001000010010000100100001001000010010000100100001001000010010000100100001001000010010000100100001000000010000000 
8 0 0 0 0 0 0 0  10000000100000001000000010000000100000001000000010000000100000001000000010000000100000001000000010000000100000001000000010000000100000001000000010000000100100001001000010010000100100001001000010010000 
3 0 0 3 0 2 0 0  10010100100100001001010010010000100100001001000010010100100100001001000010010000100100001001000010010000100100001001000010010000100100001001000010010000100100001001000010010000100100001001000010010000 
3 0 0 3 0 0 0 0  10010000100100001000000010000000100100001000000010000000100000001001000010000000100000001001000010000000100000001001000010000000100000001000000010010000100000001000000010000000100000001000000010010000 
3 0 0 3 0 0 0 0  10010000100000001000000010000000100000001000000010000000100000001001000010010000100100001001000010010000100100001001000010010000100100001001000010010000100100001001000010010000100100001001000010010000 
8 0 0 2 0 0 0 0  10000000100000001000000010000000100000001000000010000000100000001001000010010000100100001001000010010000100100001001000010010000100100001000000010010000000100001000000010000000000100001001000010010000 
3 0 0 3 1 2 2 1  10010101100101011001010110010100100101001011110110010100100100101001111011111111111111101111111111111111111111111111111111111111111111111011011111111101111111111111111111111110111111111111111111111110 
3 0 0 3 0 0 0 0  10010000100100001001000010010000100100001001000010010100100100001001000010010000100100001001000010010000100101001001000010010000100100001001000010010000100100001001000010010000100100001001000010010000 
3 0 0 3 0 0 0 0  10010000100000001001000010010000100000001000000010010000100000001000000010000000100000001000000010000000100000001000000010000000100000001000000010010000100000001000000010000000100000001000000010010000 
1 2 2 0 1 2 2 1  10010101100101011001010110010100100101001011110010010100100100001001000010010010100100001001010010010000100100001001110010010111111111111111011111111111111111111111111111111110100101001111011111111110 
1 2 2 0 1 2 2 1  10010101100101011001010110010100100101001011110010010100100100001001000010010010100100001001010010010000100101111111111111111111111111111111011111110000111111111111111111111110111111111101111111111110 
3 0 0 3 0 2 0 0  10010100100101001001010010010100100100001001000010010100100100001001000010010000100100101001000010010000100100001001000010010000100100001001000010010000100100001001000010010000100100001001000010010000 
3 0 0 3 0 0 0 0  10010000100100001001000010010000100000001000000010000000100000001000000010000000100000001001000010000000100000001001000010000000100000001000000010010000100100001001000010010000100000001000000010000000 
3 0 0 3 0 2 0 0  10010101100101011001010110010100100101001001000010010100100100001001000010010000100100001001010010110000100100001001010010010000100101001001000110010000100100001001010010010000100101001001000010010100 
3 0 0 2 0 0 0 0  10010000100000001001000010010000100100001001000010010000100000001001000010010000100100001001000010010000100100001000000010000000100000001000000010000000100000001000000010000000100000001000000010000000 
3 0 0 3 0 2 0 0  10010100100100001001000010010000100100001001000010010100100100001001000010010000100100001001000010010000100100001001110010010000100101001001010010010000100100001001000010010100100101001001010010010000 
1 2 2 0 1 2 2 1  11111101111111011111110111111111111111111111111111111110111111111101111011111110111111101110111111111111111111111111110111111111111111111111011111110000111111111111111111111110111111111111111111111110 
3 0 0 3 0 2 0 0  10010000100100001001000010010100100101001001000010010101100100001001000010010000100000001001000010010000100100001001000010010100100100001001000010010000100100001001000010010000100100001001000010010000 
3 0 0 3 0 2 0 0  10010000100101001001000010010100100101001001000010010100100100001001000010010000100100001001000010010000100100001001110010010000100101001001010010010000100100001001000010010100100101001001010010010000 
3 0 0 3 0 2 0 0  10010100100101001001010010010100100100001001000010010100100100001001000010010000100100001001000010010000100100001001000010010000100100001001000010010000100100001001000010010000100100001001000010010000 
7 0 0 2 0 0 0 0  10000000100100001001000010000000100000001000000010000000100000001001000010010000100100001001000010010000100100001001000010010000100100001001000010010000100100001001000010010000100100001001000010010000 
3 0 0 3 0 2 0 0  10010000100101001001000010010100100101001001000010010100100100001001000010010000100100001001000010010000100100001001110010010000100100001001000010010000100100001001000010010000100100001001000010010000 
3 0 0 3 0 2 0 0  10010101100101011001010110010100110101001001000010010101100100001001000010010000100101001001000010010000100100001001010010010000100101001001010010010000100100001001000010010000100100001001000010010000 
3 0 0 3 0 0 0 0  10010000100000001000000010000000100000001000000010000000100000001001000010010000100100001001000010010000100100001001000010010000100100001001000010010000100100001001000010010000100100001001000010010000 
1 2 2 0 1 2 2 1  11111111111111111111110111111111111111111111111111111110111111111111111011111111111111101111111111111111111111111111111111111111111111111111111111111111111111111111111111111110111111111111111111111110 
3 0 0 3 0 2 0 0  10010100100100001001000010010000100100001001000010010100100100001001000010010000100100001001000010010000100100001001000010010000100100001001000010010000100100001001000010010000100100001001000010010000 
7 0 0 2 0 0 0 0  10000000100100001001000010000000100000001000000010000000100000001001000010010000100100001001000010000000100000001000000010000000100000001000000010010000100000001000000010000000100000001000000010010000 
8 0 0 2 0 0 0 0  10000000100100001000000010000000100000001000000010000000100000001000000010000000100100001000000010000000100000001000000010000000100000001000000010010000100000001000000010000000100000001000000010010000 
8 0 0 3 0 0 0 0  10000000100000001001000010010000100100001000000010000000100000001001000010010000100100001001000010000000100000001001000010000000100000001000000010010000100000001000000010000000100000001000000010010000 
8 0 0 0 0 0 0 0  10000000100000001000000010000000100000001000000010000000100000001000000010000000100000001000000010000000100000001000000010000000100000001000000010000000100100001001000010010000100100001001000010010000 
8 0 0 2 0 0 0 0  10000000100000001001000010010000100100001000000010000000100000001000000010000000100000001000000010000000100000001000000010000000100000001000000010000000100000001000000010000000100000001000000010000000 
3 0 0 3 0 2 0 0  10010000100100001001000010010000100101001001000010010100100110001001000010010000100100001001010010010100100100001001010010010000100101001001110010010000100100001001010010010100100101001001010110010000 
8 0 0 2 0 0 0 0  10000000100000001000000010000000100000001000000010000000100000001001000010010000100100001001000010010000100100001001000010010000100100001000000010010010100000001000000010000000100000001000000010000000 
3 0 0 3 0 0 0 0  10010100100100001001000010010000100101001001000010010100100100001001000010010000100100001001000010010000100100001001000010010000100100001001000010010000100100001001000010010000100100001001000010010000 
3 0 0 3 0 0 0 0  10010000100000001001000010010000100000001000000010010000100000001000000010000000100000001000000010000000100000001000000010000000100000001000000010010000100000001000000010000000100000001000000010010000 
3 0 0 3 0 2 0 0  10010000100100001001000010010000100101001001000010010100100110101001000010010000100100001001010010010100100100001001010010010000100101001001110010010000100100001001010010010100100101001001010110010000 
8 0 0 3 0 0 0 0  10000000100000001001000010010000100100001000000010000000100000001000000010000000100000001000000010000000100000001000000010000000100000001000000010010000100000001000000010000000100000001000000010010000 
3 0 0 3 0 2 0 0  10010000100100001001000010010000100101001001000010010100100110001001000010010000100100001001010010010100100100001001010010010000100101001001100010010000100100001001000010010000100100001001000010010000 
3 0 0 3 0 2 0 0  10010000100100001001000010010000100101001001000010010100100110001001000010010000100000001001000010010000100100001001000010010000100101001001010010010000100100001001000010010100100101001001010010010000 
1 2 2 0 1 2 2 1  11111111111111011111110111111011111101111111111111111110111111111101111011111111111111101111111111111111111111111111111111111111111111011111111111111011111111111111111111111110111111111111110111111110 
7 0 0 2 0 0 0 0  10000000100100001001000010000000100000001000000010000000100000001001000010010000100100001001000010000000100000001000000010000000100000001000000010000000100100001001000010010000100100001001000010010000 
1 2 2 0 1 2 2 1  11111101111111111111110111111011111111001101111111111110111111111101110011111110111111101111111111111111111111111111111111111111111111111111110111111111111111111111111111111110111111111111111111111110 
