5 0 0 0 0 0 0 0  10000000100000001000000010000000100000001000000010000000100000001000000010000000100000001000000010000000100000001000000010000000100000001000000010000000100000001000000010000000100000001000000010000000 
0 2 2 2 2 1 1 0  11111111111111111111111111111111111111111111111011111111111111111101111011111110111111111111111111111110111111111111111111111111111111111111111111111111111111111111111111111110111111111111111011111110 
0 2 2 2 2 1 1 0  11111111111111111111111111111111111111111111111011111111111111111101111011111110111111111111111111111110111111111111111111111111111111111111111111111111111111111111111111111110111111111111111011111110 
5 0 0 0 0 0 0 0  10000000100000001000000010000000100000001000000010000000100000001000000010000000100000001000000010000000100000001000000010000000100000001000000010000000100000001000000010000000100000001000000010000000 
5 0 0 2 0 0 0 0  10000000100100001001000010000000100100001000000010000000100000001000000010000000100000001000000010000000100000001001000010010000100100001001000010010000100000001000000010000000100000001001000010000000 
5 0 0 2 0 0 0 0  10000000100100001001000010000000100100001000000010010000100100001001000010010000100100001001000010010000100100001001000010010000100100001001000010010000100000001001000010010000100100001001000110010000 
4 0 0 2 0 1 0 0  10010000100101001001010010010101100101001001000010010000100100001001000010010000100100001001000010010000100100001001000010010000100100001001000000010000100101001001000010010000100000001001000010010000 
4 2 2 2 2 1 1 0  10010101100101011101110111111111111111111111111011111111111111111101111011111110111111111111111011111110111111111111111111111111111111111111111111111110111111111111111111111110111111111111111011111110 
4 0 0 2 0 1 0 0  10010100100100001001010010010101100101001001010110010000100100001001000010010000100100001001010010010000100101001001000010010000100100001001000010010000100101001001000010010000100100001001000010010100 
4 0 0 2 0 1 0 0  10010100100101001001010010010101100101001001000010010000100101001001000010010000100101101001010010010000100100001001000010010000100101001001000010010000100101001101000010010100100101001001000010010100 
0 2 2 2 2 1 1 0  11110101111111011111010111111111111111111101010111111111111111111101111011111110111111111111111011111110111111111111111111111111111111111111111111111111111111111111111111111110111111111111111011111110 
4 0 0 2 0 1 0 0  10010100100100001001000010010000100100001001000010010000100100001001000010010000100100001001000011010000100100001001000010010000100100001001000010010000100000001001000010010000100100001001000010010100 
4 0 0 2 0 1 0 2  10010101100101011001010010010100100101001001010110010100100001001001000010010100100100001001010010010000100100001001000010010001100100001001000010010000100101001001000010010000100100001001000010010100 
4 0 0 2 0 0 0 0  10010000100100001001000010010000100100001001000010010000100100001001000010010000100100001001000010010000100100001001000010010000100100001001000010010000100000001000000010000000100000001001000010000000 
0 2 2 2 2 1 1 0  11010101111111011111010111111111111111111101010110010000100100001001000010011110100100001101010010010000100101011111111111111111111111111001010010010011100101001101000010010100100101001001000010011110 
5 0 0 2 0 0 0 0  10000000100000001000000010000000100000001000000010010000100100001001000010010000100100001001000010010000100000001001000010000000100100001001000010010000100000001001000010010000110100001001000010010000 
0 2 2 2 2 1 1 0  11111111111101111111011111111111111111111111111010111011111111111101111011111110111111111111111111111110111111011111111111111111111111111111111111011111111111111111111111111110111111111111111011011110 
5 0 0 2 0 0 0 0  10000000100100001000000010000000100000001000000010010000100100001001000010010000100100001001000010010000100100001001000010010000100100001000000010000000100000001001000010010000100100001001000010000000 
4 0 0 2 0 1 0 0  10010000100101001001010010010101100101001001000010010000100101001001000010010000100101101001010010010000100100001001000010010000100101001001000010010000100101001101000010010100100101001001000010010100 
4 0 0 2 0 1 0 0  10010000100101001001010010010101100101001001000010010000100101001001000010010000100101101001010010010000100100001001000010010000100101001001000010010000100101001001000010010000100100001001000010010100 
5 0 0 2 0 0 0 0  10010000100100001001000010010000100100001001000010010000100100101001000010010000100100001001000010010000100000001001000010010000100100001001000010010000100000001001000010010000100100001001000010010000 
4 2 2 2 2 1 1 0  10010101100111011001010010010101100111001001010010010110111111111101111011110100100100001101010010010000100101011111111111111111111111111001010010010011100101001101000010010100100101001001000010011110 
4 0 0 2 0 1 0 0  10010000100101001001000010010101100101001001010110010000100101011001000010010000100100001001010010010000100101001001000010010000100101001001000010010000100101001001000010010000100100001001000010010100 
5 0 0 2 0 0 0 0  10000000100100001000000010000000100000001000000010010000100000001000000010000000100000001000000010000000100000001000000010000000100000001000000010000000100000001000000010000000100000001000000010000000 
4 0 0 2 0 1 0 0  10010100100100001001010010010101100101001001010110010000100101001001000010010000100100001001010010010000100100001001000010010000100100001001000010010000100101001101100010010100100101001001010110011100 
0 2 2 2 2 1 1 0  11110101111111011111010111111111111111111101010110010000100101001001000011111010111111111111111111111110111111111111111111111111111111111111111111111111111111111111111111111100100100001001000010010100 
4 0 0 2 0 1 0 0  10010000100100001001010010010000100100001001000010010000100100001001000010010000100101101001010010010000100100001001000010010000100100001001000010010000100101001101100010010100100101001001010110011100 
4 0 0 2 0 0 0 0  10010000100100001001000010010000100000001000000010000000100000001000000010000000100000001000000010000000100000001001000010010000100100001000000010000000100000001000000010000000100000001000000010000000 
4 2 2 2 2 1 1 0  10010101100111011001010010010101100111001001010010010110111111111101111011110100100100001101010010010000100101011111111111111111111111111001010010010011111111111111111111111110111111111111111011111110 
4 2 0 2 0 1 0 0  10010101100101011001010010010100110101001001010010010000100100001001000010010100100100001101010010010000110100001001000010010100100100001001000010010000100101001001000010010000100101001001000011010100 
4 0 0 2 0 1 0 0  10010000100100001001000010010101100101001001010110010000100101001001000010010000100100001001010010010000100100001001000010010000100100001001000010010000100101001001000010010000100100001001000011011110 
4 0 0 2 0 1 0 0  10010100100101001001010010010101100101001001000010010000100100001001000010010000100100001001010010010000100101001001000010010000100100001001000010010000100101001001000010010000100100001001000010010100 
5 0 0 2 0 0 0 0  10000000100000001000000010000000100000001000000010010000100100001001000010010000100100001001000010010000100100001001000010000000100000001000000010000000100000001000000010000000100100001001000010010000 
5 0 0 2 0 0 0 0  10000000100000001000000010000000100000001000000010010000100100001001000010010000100000001000000010000000100000001001000010010000100100001000000010000000100000001000000010000000100000001000000010000000 
0 2 2 2 2 1 1 0  11111101111111011111110111111111111111111111111011111111111111111101111011111110111111111111111011111110111111111111111111111111111111111111111111111111111111111111111111111110111111111111111011111110 
5 0 0 2 0 0 0 0  10010000100000001000000010000000100000001000000010010000100100001001000010010000100100001000000010010000100000001001000010010000100000001000000010000000100000001000000010000000100000001000000010000000 
5 0 0 2 0 0 0 0  10010000100101001001000010010000100100001001010010010000100100001001000010010000100100001001000010010000100101001001000010010000100100001001000010010000100101001001000010010000100100001001000010010000 
5 0 0 2 0 0 0 0  10000000100000001000000010000000100000001000000010010000100100001001000010010000100100001001000010010000100100001001000010000000100100001000000010000000100000001000000010000000100100001001000010010000 
5 0 0 0 0 0 0 0  10000000100000001000000010000000100000001000000010000000100000001000000010000000100000001000000010000000100000001000000010000000100000001000000010000000100000001000000010000000100000001001000010000000 
4 0 0 2 0 1 0 0  10010100100101001001010010010000100100001001000010010000100100001001000010010000100100001001000010010000100100001001000010010000100100001001000010010000100101001001000010010000100000001001000010010000 
5 0 0 2 0 0 0 0  10010000100000001000000010000000100000001000000010010000100100001001000010010000100100001001000010010000100000001001000010010000100100001000000010000000100000001000000010000000100100001001000010010000 
4 0 0 2 0 1 0 0  10010100100101001001000010010100100101001001000010010000100100001001000010010000100100001001010010010000100100001001000010010000100100001001000010010000100101001001000010010000100100001001000011011100 
5 0 0 2 0 0 0 0  10010000100000001001000010000000100100001000000010010000100000001000000010000000100000001000000010000000100000001001000010000000100100001000000010000000100000001000000010000000100000001000000010000000 
5 0 0 2 0 0 0 0  10010000100000001000000010000000100000001000000010000000100000001000000010000000100000001000000010000000100000001000000010000000100000001000000010000000100000001000000010000000100000001000000010000000 
5 0 0 2 0 0 0 0  10010000100100001000000010000000100000001000000010000000100000001000000010000000100000001000000010000000100000001000000010000000100100001001000010010000100100001000000010000000100000001001000010000000 
4 0 0 2 0 0 0 0  10010000100100001001000010010000100000001000000010000000100000001000000010010000100100001001000010010000100000001001000010010000100100001000000010000000100000001000000010000000100000001000000010000000 
4 0 0 2 0 1 0 0  10010100100100001001000010010000100101001001010010010000100100001001000010010000100100001001010010010000110100001001000010010100100100001001000010010000100101001001000010010000100101001001000011010100 
5 0 0 2 0 0 0 0  10010000100100001000000010000000100000001000000010010000100100001001000010010000100100001000000010010000100000001001000010010000100000001000000010000000100000001000000010000000100000001000000010000000 
4 0 0 2 0 1 0 0  10010000100100001001000010010000100100001001000010010000100100001001000010010100100100001001010010010010100100001001000010010001100100001001000010010000100101001001000010010000100100001001000010010100 
4 0 0 2 0 1 0 0  10010000100101001001000010010101100101001001010110010000100101001001000010010000100100001001010010010000100101001001000010010000100100001001000010010000100101001001000010010000100100001001000010010100 
5 0 0 2 0 0 0 0  10010000100000001001000010000000100100001000000010010000100000001001000010010000100000001000000010000000100000001001000010010000100100001001000010000000100100001001000010010000100100001001000010010000 
4 1 2 2 2 1 1 0  10010101100101011001010010010100100101001011010010011000100100101001000010111100100100001101010010010000100100001001000010010011100101001001010010010011100101001101001111111110111111111111111011111110 
5 0 0 2 0 0 0 0  10000000100100001000000010000000100000001000000010010000100000001000000010000000100000001001000010010000100000001000000010000000100000001000000010000000100000001000000010000000100100001001000010000000 
5 0 0 2 0 0 0 0  10000000100000001001000010000000100100001000000010000000100100001000000010000000100000001000000010000000100000001000000010000000100000001000000010000000100000001000000010000000100000001000000010000000 
5 0 0 2 0 0 0 0  10010000100101001001000010010000100100001001000010010000100100001001000010010000100100001001000010010000100000001001000010010000100100001001000010010000100100001001000010010000100100001001000010010000 
5 0 0 2 0 0 0 0  10000000100000001001000010000000100100001000000010010000100000001001000010010000100100001001000010010000100000001001000010010000100100001001000010000000100000001000000010000000100000001000000010000000 
5 0 0 2 0 0 0 0  10000000100000001001000010000000100100001000000010010000100100001001000010010000100100001001000010010000100000001001000010010000100100001001000010010000100000001001000010010000100100001001000010010000 
0 2 2 2 2 1 1 0  11111101111111111101110111111101111111111101010111111111111111111101111011111110111111111111111011111110111111111111111111111111111111111111111111111111111111111111111111111110111111111111111011111110 
4 0 0 2 0 1 0 2  10010101100101011001010010010100100101001001010010010000100100001001000010011100100100001101010010010000100100001001000010010011100101001001010010010011100101001001000010010010100100001001000010010100 
0 2 2 2 0 1 0 0  11010101111111011111010101111111111111110101010110010000100100001001000010011100101111111101111011111110111111111111111111111111111111001001000010010100100101001101100010010100100101001001010110011100 
0 2 2 2 2 1 1 0  11111101111111111111111111111111111111111111111011111111111111111101111011111110111111111111111111111110111111111111111111111111111111111111111111111111111111111111111111111110111111111111111011111110 
4 2 2 2 2 1 1 0  10010101100111011001010010010101100111001001111011111111111111111101111011111110111111111111111111111110111111111111111111111111111111111111111111111111111111111111111111111110111111111111111011111110 
4 2 2 2 2 1 1 0  10010101100101011001010010010100100101001011010010010000100100101001000010111100100100001101010010010000100100001001000010010011100101001001010010010011100101001101000010010100100101001001000010011110 
5 0 0 2 0 0 0 0  10000000100000001001000010000000100100001000000010010000100000001001000010010000100100001001000010010000100000001001000010010000100100001001000010010000100000001000000010000000100000001001000010000000 
4 0 0 2 0 1 0 0  10010100100100001001010010010100100100001001000010010000100100001001000010010000100100001001000010010000100100001001000010010000100100001001000010010000100101001001000010010000100000001001000010010000 
4 0 0 2 0 1 0 0  10010000100100001001010010010000100100001001000010010000100100001001000010010000100100001001000010010000100100001001000010010000100100001001000010010000100101001001000010010000100100001001000010010100 
0 2 2 2 2 1 1 0  10010101100111011001010010010101100111001001010010011110111111111101111011110100100111111111111011111110111111111111111111111111111111101111111111110111111101111101111111111100100101001001000010011110 
4 0 0 2 0 1 0 0  10010100100101001001010010010000100100001001000010010000100100001001000010010000100100001001010010010000100100001001000010010000100100001001000010010000100101001001000010010000100100001001000010010100 
4 0 0 2 0 1 0 0  10010000100100001001010010010000100100001001010010010000100100001001000010010000100100001001010010010000100101001001000010010000100100001001000010010000100101001001000010010000100100001001000010010100 
4 0 0 2 0 0 0 0  10010100100101001001000010010100100101001001000010010000100100001001000010010000100100001001010010010000100100001001000010010000100100001001000010010000100101001001000010010000100100001001000010010000 
4 0 0 2 0 1 0 0  10010100100100001001000010010000100101001001010010010000100101001001000010010000100100001001000010010000100100001001000010010000100100001001000010010000100101001001000010010000100100001001000010010100 
5 0 0 2 0 0 0 0  10000000100100001001000010000000100100001000000010000000100000001000000010000000100000001000000010000000100000001000000010000000100000001000000010000000100000001000000010000000100000001000000010000000 
4 0 0 2 0 0 0 0  10010000100100001001000010000000100000001001000010010000100100001001000010000000100000001001000010010000100100001001000010010000100100001000000010000000000100001000000010000000100100001001000010010000 
4 0 0 2 0 0 0 0  10010000100100001001000010010000100100001001000010010000100100001001000010010000100100001001000010010000100100001001000010010000100100001001000010010000100101001001000010010000100100001001000010010100 
5 0 0 2 0 0 0 0  10000000100100001001000010000000100100001000000010000000100000001000000010000000100000001000000010000000100000001000000010000000100000001000000010000000100000001000000010000000100000001000000010000000 
4 2 2 2 2 1 0 0  10010101100111011001010010010101100111001001010010010110111111111101111011110100100101101001010010010000100100001011000010010000100101001001000010010000100101011101000010010100100101001001000010010100 
5 0 0 2 0 0 0 0  10000000100000001001000010000000100100001000000010010000100100001001000010010000100100001001000010010000100100001001000010010000100100001000000010000000100000001001000010010000100100001001000010000000 
5 0 0 2 0 0 0 0  10010000100000001001000010000000100100001000000010010000100100001001000010010000100100001001000010010000100000001001000010010000100100001001000010000000100000001000000010000000100000001000000010000000 
5 0 0 2 0 0 0 0  10010000100100001000000010000000100000001000000010010000100100001001000010010000100100001000000010010000100000001001000010010000100100001001000010000000100100001001000010010000100100001001000010010000 
4 0 0 2 0 1 0 0  10010000100100001001000010010000100100001001000010010000100100001001000010010100100100001001010010010000100100001001000010010001100100001001000010010000100101001001000010010000100100001001000010010100 
0 2 2 2 2 1 1 0  11010101111111011111010111111111111111110101010110010000100100001001000010011100101111111101111011111110111111111111111111111111111111110111111111111111111111111111111111111110111111111111110011111110 
5 0 0 2 0 0 0 0  10000000100100001000000010000000100000001000000010010000100100001001000010010000100100001001000010010000100100001001000010010000100100001000000010000000100000001000000010000000100000001000000010000000 
5 0 0 2 0 0 0 0  10010000100000001001000010000000100000001000000010000000100000001000000010000000100000001000000010000000100000001000000010000000100000001000000010000000100000001000000010000000100000001000000010010000 
5 0 0 2 0 0 0 0  10000000100100001000000010000000100000001000000010010000100000001000000010000000100000001001000010010000100000001000000010000000100100001000000010000000100000001000000010000000100100001001000010010000 
5 0 0 2 0 0 0 0  10010000100000001000000010000000100000001000000010000000100000001000000010000000100000001000000010000000100000001000000010000000100100001001000010010000100100001000000010000000100000001001000010000000 
4 0 0 2 0 0 0 0  10010000100100001001000010010000100000001000000010000000100000001000000010010000100100001001000010010000100100001001000010010000100100001000000010000000100000001001000010010000100100001001000010000000 
5 0 0 2 0 0 0 0  10010000100100001000000010000000100000001000000010000000100000001000000010000000100000001000000010000000100000001000000010000000100000001000000010000000100000001000000010000000100000001000000010000000 
5 0 0 2 0 0 0 0  10010000100000001000000010000000100000001000000010000000100000001000000010000000100000001000000010000000100000001000000010000000100000001000000010000000100000001000000010000000100100001001000010010000 
5 0 0 2 0 0 0 0  10010000100000001000000010000000100000001000000010010000100100001001000010010000100100001000000010010000100000001001000010010000100100001001000010000000100100001001000010010000100100001001000010010000 
0 2 2 2 2 1 1 0  11111101111111011111110111111111111111111111111010010000100101001001000011110010111111111111111111111110111111111101111111111111111111111111111111111110111111111111111111111110111111111111111011111110 
5 0 0 2 0 0 0 0  10000000100000001001000010000000100100001001000010000000100000001000000010000000100000001000000010000000100000001000000010000000100000001000000010000000100000001000000010000000100100001001000010010000 
5 0 0 2 0 0 0 0  10000000100000001001000010000000100100001001000010000000100000001000000010000000100000001000000010000000100000001000000010000000100000001000000010000000100000001000000010000000100100001001000010010000 
4 0 0 2 0 1 0 0  10010100100100001001010010010100100100001001000010010000100100001001000010010000100100001001000010010000100100001001000010010000100100001001000010010000100101001001000010010000100000001001000010010000 
5 0 0 2 0 0 0 0  10000000100000001001000010000000100100001000000010000000100000001000000010000000100000001000000010000000100000001000000010000000100000001000000010000000100000001000000010000000100000001000000010000000 
5 0 0 2 0 0 0 0  10010000100101001001000010010000100100001001000010010000100100001001000010010000100100001001000010010001100000001001000010010000100100001001000010010000100100001001000010010000100100001001000010010000 
0 1 2 2 2 1 1 0  11111101111111111111110111111101111111111101111010111111111111011101111011111110111101111111111111111110111111111111111111111111111111111111111111111111111111111111111111111110111111111111111011111110 
4 2 2 2 0 1 0 0  10010101100101011001010010010100100101001011010010010000100100101001000010111100100100001101010010010000100100001001000010010011100101001001010010010000100111001101000010010100100101001001000010010100 
5 0 0 2 0 0 0 0  10010000100100001000000010000000100000001000000010010000100100001001000010010000100100001001000010010000100100001001000010000000100100001000000010000000100000001000000010000000100100001001000010010000 
4 0 0 2 0 1 0 0  10010000100100001001000010110000100100001001000010010000100100001001000010010000100100001001000010010000100100001001000010010000100100001001000010010000100101001001000010010000100100001001000010010100 
4 0 0 2 0 1 0 2  10010101100101011001010010010100110101001001010010010000100100001001000010010100100100001101010010010000100100001001000010010011100101011101010010010011100101001001000010010010100100001001000010010100 
