6 0 0 0 0 0 0 0  10000000100000001000000010000000100000001000000010000000100000001000000010000000100000001000000010000000100000001000000010000000100000001000000010000000100000001000000010000000100000001000000010000000 
2 0 0 2 1 2 3 0  11111111111111111111111111111111111111101111111111111111111111111111111111111111111111101111111111111111111111111111111011111111111111111111111111111111111111111111111111111111111111101111111011111110 
6 0 0 0 0 0 0 0  10000000100000001000000010000000100000001000000010000000100000001000000010000000100000001000000010000000100000001000000010000000100000001000000010000000100000001000000010000000100000001000000010000000 
6 0 0 2 3 2 0 0  10001000100010001000100010001000100010001000100010001000100111001000100010011100100010001000110010000100100111001000100010001100100101011001110010001010100010001001010010001100100011001000100010001100 
5 0 0 2 3 2 0 0  10001000100010001000100010001000100010001000100010001000100010001000100010001100100010001000100010001100100100001001000010001000100010001000100010001000100010001001010010001100100010001000100010001000 
5 0 0 2 3 2 0 0  10001000100011001000100010010000100010001000100010001000100010001000100010001100100000001000100010001100100100001001100010011000100010001000110010001000100010001001110010001000100011001001100010001101 
5 0 0 2 3 2 0 0  10011101100111001001110110011000100111011000110110011000100011011000100010011100100010001000110010001100100111001000100010011100100101011001110010001000100010001001010010001100100011001000100010001101 
5 0 0 2 3 2 0 0  10001100100011001000100010011000100010001000100010001000100010001000110010001100100000001000100010001100100100001001110010011000100010001000100010001000100010001001110010001000100010001000100010001000 
5 0 0 2 3 2 0 0  10001100100011001000100010011000100110001000100010001000100010101000110010001100100000001000100010001100100111001000100010011100100101011001110010001000100010001001010010001100100011001000100010001101 
5 0 0 2 1 2 0 0  10011101100111001001110111011100100111011000110010011100100011001000101010001100100010001000110010001100100111001000100010001100100101011001110010001000100010001001010010001100100011001000100010001100 
6 0 0 0 3 0 0 0  10000000100000001000000010000000100000001000000010000000100000001000100010000000100010001000000010000000100000001000000010001000100000001000100010000000100000001000000010001000100000001000100010001000 
6 0 0 0 3 0 0 0  10000000100010001000100010001000100010001000100010000000100000001000000010000000100000001000000010000000100000001000000010000000100010001000100010001000100010001000000010001000100010001000100010001000 
6 0 0 0 3 0 0 0  10000000100000001000100010000000100000001000000010000000100000001000000010000000100000001000000010000000100000001000000010001000100010001000100010000000100000001000000010000000100010001000100010001000 
6 0 0 0 0 0 0 0  10000000100000001000000010000000100000001000000010001000100010001000100010000000100000001000100010000000100000001000000010000000100010001000100010001000100010001000000010001000100010001000100010001000 
5 0 0 2 0 0 0 0  10010000100000001001000010000000100100001000000010000000100000001000000010000000100000001000000010000000100000001000000010000000100000001000000010000000100000001000000010000000100000001000000010000000 
5 0 0 2 3 2 0 0  10001000100010001000110010001100100010001000100010001000100010101000100010001100100010001000110010001100100111001000100010001100100101011001110010001000100010001001010010001100100010001000100010001000 
5 0 0 2 3 2 0 0  10001100100011001000110010011100100011001000110010011100100011001000100010011100100010001000110010000000100000001000000010001000100010001000100010001000100010001000000010001000100010001000100010001000 
2 0 0 2 1 2 3 0  11111111111101111111111111111111111111011111111111110110110111111111111111111101111111101111011111111111111011110111011111110111111111111111111111111100111111111101111011111111111111101111010011011110 
5 0 0 2 3 2 0 0  10001100100011001000110010011100100011001000110010011100100011001000110010001100100000001000100010001100100100001001110110011000100010001000100010001000100010001001110010001000100010001000100010001000 
5 0 0 2 3 2 0 0  10001100100010001000100010011100100011001000110010011100100011001000100010011100100010001000110010000000100000001000000010001000100010001000100010001000100010001000000010001000100010001000100010001000 
5 0 0 2 3 2 0 0  10001000100011001000110010010000100111001000110110001000100111001000100010011100100010001000110010001100100111001000100010001100100101011001100010001000100010001001010010001100100011001000100010001101 
5 0 0 2 3 2 0 0  10010100100111001001110110011100100011011000110010011100100011001000101010011100100010001001110010001100100111001000100010010100100101011001110010001000100010001001010010001100100011001000100010001101 
5 0 0 0 3 0 0 0  10001000100010001000000010000000100010001000000010000000100000001000100010000000100000001000000010000000100000001000000010000000100000001000100010000000100000001000000010000000100010001000100010001000 
5 0 0 0 3 2 0 0  10001000100010001000100010001000100010001000100010001000100010001000100010101100100010001000110010000000100000001000000010001000100010001000100010001000100010001000000010001100100010001000100010001000 
6 0 0 0 3 0 0 0  10000000100010001000100010001000100010001000100010000000100000001000000010000000100000001000000010001000100000001000000010000000100010001000100010000000100000001000000010000000100000001000000010001000 
5 0 0 2 1 2 3 0  10011101100111001001110111011100100111011000110010011100100011001000101010011110100011011000110010011111111111111111111011111111111111111111111111111111111111111111111111111111111111111111111011111110 
6 0 0 0 0 0 0 0  10000000100010001000000010000000100010001000000010001001100010001000100010000000100000001000100010000000100000001000000010000000100010001000100010001000100010001000000010001000100010001000100010001000 
2 0 0 2 1 2 0 0  11110101111101011111110110111111101011011110110010011100100011001000100010011100100010001000110010001100100111001000100010001100101101011001010010001000100010001001010010001100100010001000100010001000 
6 0 0 0 3 0 0 0  10000000100010001000100010000000100000001000000010000000100000001000100010000000100000001000000010000000100000001000000010000000100000001000100010000000100000001000000010000000100010001000100010001000 
6 0 0 0 0 0 0 0  10000000100000001000100010000000100000001000000010000000100000001000000010000000100000001000000010000000100000001000000010000000100000001000000010000000100000001000000010000000100000001000000010000000 
5 0 0 2 3 2 0 0  10001000100011001000110010010000100111001000110110001000100111001000100010011100100010001000110010001100100111001000100010010000100010001000100010001000100010001001010010001100100011001000100010001000 
5 0 0 0 3 0 0 0  10001000100000001000000010000000100010001000000010000000100000001000100010000000100000001000000010000000100000001000000010000000100000001000100010000000100000001000000010000000100010001000100010001000 
1 0 0 2 1 2 3 0  11111101111101011111110111111111101111111111111111111111111111111111111111111111111111101111111111111111111111111111111011111111111111111111111111111111111111111111111111111111111111111111111011111110 
6 0 0 0 0 0 0 0  10000000100000001000100010000000100010001000000010001000100000001000100010000000100010001000000010000000100000001000000010001000100000001000100010000000100000001000000010001000100010001000100010001000 
6 0 0 0 0 0 0 0  10000000100000001000000010000000100000001000000010000000100000001000100010000000100010001000000010000000100000001000000010000000100000001000000010000000100000001000000010000000100000001000000010000000 
6 0 0 0 3 0 0 0  10001000100010001000100010001000100010001000100010001000100010001100100010000000100010001000100010000000100000001000000010001000100010001000100010001000100010001000000010001000100010001000100010001000 
5 0 0 0 3 0 0 0  10001000100010001000100010001000100000001000000010000000100000001000000010000000100000001000000010000000100000001000000010001000100010001000100010001000100010001000000010001000100010001000100010001000 
5 0 0 0 3 0 0 0  10001000100010001000100010000000100000001000000010000000100000001000100010000000100000001000000010000000100000001000100010000000100000001000000010000000100000001000000010000000100000001000000010000000 
5 0 0 0 3 0 0 0  10001000100000001000100010000000100010001000000010001000100000001000100010000000100000001000000010000000100000001000000010000000100000001000100010000000100000001000000010000000100010001000100010001000 
5 0 0 0 3 0 0 0  10000000100010001000100010000000100000001000000010000000100000001000100010000000100000001000000010000000100000001000000010000000100000001000000010000000100000001000000010000000100000001000000010000000 
5 0 0 2 3 2 0 0  10001000100011001000110010011100100010001000100010001000100010001000100010001100100010001000110010001100100111001000100010001100100101011001110010001000100010001000000010001000100010001000100010001000 
1 0 0 2 1 2 3 0  11111101111111011111111111111111111111111111111111111111111111111111111111111111111111101111111111111110111111111111111011111111111111111111111111111111111111111111111111111111111111111111111011111110 
5 0 0 0 3 0 0 0  10001000100000001000100010000000100010001000100010001000100000001000100010000000100000001000000010000000100000001000000010001000100010001000100010001000100010001000000010001000100010001000100010001000 
6 0 0 0 3 0 0 0  10000000100000001000000010000000100000001000000010000000100000001000100010000000100000001000000010000000100000001000000010001000100010001000100010001000100010001000000010001000100010001000100010001000 
5 0 0 2 3 2 0 0  10001000100011001000100010011000110010001000100010001000100010001000100010001100100010001000110010001100100111001000100010001100100101011001110010001000100010001001010010001100100011001000100010001100 
5 0 0 2 3 2 3 0  10011101100111001001110111011100100111011000110010011100100011001000101010011100100010001000110010001100100111001000110010001101100100111111110011101100111110001001010010001100100011001000100010001101 
6 0 0 0 3 0 0 0  10000000100000001000100010001000100010001000000010000000100000001000100010000000100010011000100010000000100000001000000010001000100010001000100010001000100010001000000010001000100010001000100010001000 
6 0 0 0 0 0 0 0  10000000100010001000000010000000100000001000000010000000100000001000000010000000100000001000000010000000100000001000000010000000100000001000000010000000100000001000000010000000100000001000000010000000 
2 0 0 2 1 2 3 0  11111101111101011111110111111111101111011111111111111111111111111111111111111111111111101000110010001100100111001000100010001101100100111111110011111100111111111101111011111011111110111111111011111110 
5 0 0 2 3 2 0 0  10001100100011001000110010011100100011001000110010011100100011001000100010111100100010001000110011001100100111001000100010001100100101011001110010001000100010001001010010001100100011001000100010001100 
5 0 0 0 3 0 0 0  10001000100010001000100010000000100010001000100010001000100010001000000010000000100010001000100010000000100000001000000010001000100010001000100010001000100010001000000010001000100010001000000010001000 
5 0 0 0 3 0 0 0  10001000100000001000000010001000100010001000100010000000100000001000000010000000100000001000000010000000100000001000000010000000100000001000100010000000100000001000000010000000100010001000100010001000 
5 0 0 0 3 0 0 0  10001000100010001000000010000000100010001000000010000000100000001000100010000000100000001000000010000000100000001000000010001000100010001000100010001000100010001000000010001000100010001000100010001000 
6 0 0 0 3 0 0 0  10000000100010001000000010000000100010001000000010000000100000001000000010000000100000001000000010000000100000001000000010001000100010001000100010001000100010001000000010001000100010001000100010001000 
2 0 0 2 1 2 3 0  11111101111111111111111111111111111111111111011111110110110111111111111111111101111101101111011111111111111011111111011111111111111111111111111111111111111111111111111111111111111111111111110011111110 
5 0 0 2 3 2 0 0  10010100100111001001110010011100100011001000110110001000100111001000100010011100100010001000110010000100100111001000100010001100100101011001110010001010100010001001010010001100100011001000100010001100 
2 0 0 2 1 2 3 0  11111101111111111111111111111111111111101111111111111111111111111111111111111111111111101111111111111111111111111111111011111111111111111111111111111111111111111111111111111111111111111111111011111110 
5 0 0 2 0 0 0 0  10010000100000001000000010000000100000001000000010000000100000001000000010000000100000001000000010000000100000001000000010000000100000001000000010000000100000001000000010000000100000001000000010000000 
6 0 0 0 3 0 0 0  10000000100010001000100010001000100010001000100010001000100010001000100010000000100010001000100010000000100000001000000010001000100010001000100010001000100010001000000010001000100010001000100010001000 
6 0 0 0 0 0 0 0  10000000100000001000100010000000100000001000000010000000100000001000000010000000100000001000000010000000100000001000000010000000100000001000100010000000100000001000000010000000100010001000100010001000 
5 0 0 2 3 2 0 0  10001100100010001000100010001000100010001000100010001000100010001000100010001100100000001000100010001100100111001000100010011100100101011001110010001000100010001001010010001100100011001000100010001101 
2 0 0 2 1 2 3 0  11111101111111011111111110111111111111111111011111110110110111111111111111111101111101101111011111111111111011111111011111111111111111111110111111111111111111111101111011011011111111101111010011011110 
5 0 0 2 3 2 0 0  10001100100011001000110010011100100011001000100010001000100010001000100010001100100010001000110010001100100111001000100010001100100101011001110010001000100010001001010010001100100011101000100010001100 
6 0 0 0 3 0 0 0  10000000100000001000000010000000100000001000000010000000100000001000000010000000100000001000000010000000100000001000000010000000100000001000000010000000100000001000000010000000100000001000000010001000 
5 0 0 2 3 2 0 0  10001100100010001000100010011100100011001000110010011100100011001000100110011100100000001000100010001100100100001001100010011000100010001000100010001000100010001001110010001000100011001001100010001101 
5 0 0 0 3 0 0 0  10001000100000001000100010000000100010001000100010001000100000001000100010000000100000001000000010000000100000001000000010001000100000001000100010000000100000001000000010000000100010001000100010001000 
5 0 0 0 3 0 0 0  10001000100010001000000010000000100000001000000010000000100000001000000010000000100000001000000010000000100000001000000010000000100000001000000010000000100000001000000010000000100000001000000010000000 
2 0 0 2 1 2 0 0  11110101111101011111110111111111111101101111111111111111111111111111111111111111111111101111111111111111111111111111111011111111111111111001110010001000100010001001010010001100100011001000100010001100 
5 0 0 2 3 2 0 0  10001000100010001000110010011100100010001000100010001000100010001000100010000100100010001000110010001100100111001000100010011000100010001000100010001000100000001000000010001000100010001000100010001000 
5 0 0 2 1 2 3 0  10011101100111001001110110011100111111101111111111111111111111111111111111111111111111101111111111111111101111111111111011111111111111111111111111111111111111111111111111111111111111111111111011111110 
5 0 0 2 3 2 0 0  10001100100010001000110010011100100010001000110110001000100111001000100010011100100000001000100010001100100100001001100010011000100010001000100010001000100010001000000010001000100010001000100010001000 
5 0 0 2 3 2 0 0  10010100100111001001110110011100100011001000110010011100100011001000100010011100100000001000100010001100100100001001100010011000100010001000100010001000100010001001110010001000100011001001100010001101 
2 0 0 2 1 2 3 0  11110101111101011111110110111111101011011111110010011100100011011000100010011100100010001000110010001100100111001000100010001101100100111111110011111100111110001001010010001100100011001000100010001101 
5 0 0 2 1 2 0 0  10011101100111001001110111011100100111011000110010011100100011001000101010011100100010001000110010001100100111001000100010001101100100111111110011111100111100001001010010001100100011001000100010001000 
6 0 0 0 3 0 0 0  10001000100010001000100010001000100010001000100010001000100010001000100010000000100010001000100010000000100000001000000010001000100010001000100010001000100010001000000010001000100010001000100010001000 
5 0 0 2 1 2 3 0  10011101100111001001110111011100111111101111111111111111111111111111111111111111111111101111111111111111111111111111111011111111111111111111111111111111111111111111111111111111111111111111111011111110 
5 0 0 0 3 0 0 0  10001000100010001000100010000000100000001000000010000000100000001000000010000000100000001000000010000000100000001000100010000000100000001000000010000000100000001000000010000000100000001000000010000000 
5 0 0 2 3 2 0 0  10001000100011001000100010011100100011011000110010011100100010001000100010011100100110001000110010001100100111001000100010011100100101011001110010010000100010001001110010001100100011001000100010001000 
5 0 0 0 3 0 0 0  10001000100000001000000010000000100010001000000010001000100010001000100010000000100010001000100010000000100000001000000010001000100010001000100010001000100010001000000010001000100010001000100010001000 
5 0 0 2 3 2 0 0  10001000100010001000110010011100100010001000100010001000100010001000100010001100100010001000110010001100100111001000100010001100100101011001110010001000100010001001010010001100100010001000100010001000 
6 0 0 0 0 0 0 0  10000000100010001000000010000000100010001000000010001000100000001000100010000000100000001000000010000000100000001000000010000000100000001000100010000000100000001000000010000000100010001000100010001000 
2 0 0 2 1 2 3 0  11110101111101011111110110111111101011011110110010011100100011001000100010011100100010001000110010001100100111001000100010001100101101011001010010011100111111111101111011111111111111101111010001011110 
5 0 0 2 1 2 0 0  10011101100111001001110111011100100111011000110010011100100011001000101010011100100010001000110010001100100111001000100010001101100100111111110011111100111101111111111111111111111111111111110011111110 
5 0 0 2 3 2 0 0  10001100100010001000110010011100100010001000110110001000100111001000100010011100100000001000100010001100100111001000100010001100100101011001110010001000100010001001110010001000100011001001100010001101 
6 0 0 0 3 0 0 0  10000000100010001000100010001000100010001000100010001000100010001000100010000000100010001000100010000000100000001000000010001000100010001000100010001000100010001000000010001000100010001000100010001000 
6 0 0 0 0 0 0 0  10000000100000001000100010000000100010001000000010000000100000001000100010001000100010001000100010000000100000001000000010001000100000001000100010001000100010001000000010001000100010001000100010001000 
5 0 0 2 1 2 0 0  10011101100111001001110111011100100011011000110010011100100011001000101010011110100011011000110010001101111111111111111011111110111111111111111111111111111111111111111010001100100011001000100010001100 
5 0 0 2 0 0 0 0  10010000100000001000000010000000100000001000000010000000100000001000000010000000100000001000000010000000100000001000000010000000100000001000000010000000100000001000000010000000100000001000000010000000 
5 0 0 2 3 2 0 0  10001100100011001000110010011100100011001000110010011100100011001000100010011100100010001000110011001100100111001000100010001100100101011001110010001000100010001001010010001100100011001000100010001100 
5 0 0 2 3 2 0 0  10001100100010001000110010011100100010001000110110001000100111001000100010011100100000001000100010001100100100001001100010011000100010001000100010001000100010001001110010001000100010001001100010001000 
5 0 0 0 3 2 0 0  10001000100010001000100010001000100010001000100010001000100010001000100010101100100010001000110010000000100000001000000010001000100010001000100010001000100010001000000010001100100011001000100010001101 
2 0 0 2 1 2 3 0  11110101111101011111110111111111111101101111111111111111111111111111111111111111111111101111111111111111111111111111111011111111111111111111111111111111111111111111111111111111111111111111111011111110 
5 0 0 2 1 2 0 0  10001000100011001000100010011100100011011000110010011101100010001000100010011100100110001000110010001100100111001000100010001100100101011001110010001000100010001001010010001100100011001000100110001100 
5 0 0 0 3 0 0 0  10001000100010001000000010000000100000001000000010000000100000001000000010000000100000001000000010000000100000001000000010000000100000001000000010000000100000001000000010000000100000001000000010000000 
5 0 0 2 3 2 0 0  10001000100011001000100010011100100011011000110010011100100011001000100010011100100010001000110010001100100111001000100010010000100010001000100010001000100010001001010010001100100011001000100010001000 
6 0 0 0 0 0 0 0  10000000100010001000000010000000100000001000000010000000100000001000000010000000100000001000000010000000100000001000000010001000100000001000000010000000100000001000000010000000100010001000000010000000 
5 0 0 0 3 0 0 0  10001000100000001000000010000000100010001000000010001000100010001000100010000000100010001000100010000000100000001000000010001000100010001000100010001000100010001000000010001000100010001000000010001000 
5 0 0 0 3 0 0 0  10001000100010001000100010000000100010001000100010001000100000001000100010000000100000001000000010000000100000001000000010001000100000001000100010000000100000001000000010000000100010001000100010001000 
5 0 0 2 3 2 0 0  10010100100111001001110110011100100011001000110010011100100011001000100010001100100000001000100010001100100100001001100010011000100010001000110010001000100010001001110010001000100011001001100010001101 
5 0 0 2 3 2 0 0  10001100100010001000110010011100100010001000110110001000100111001000100010011100100000001000100010001100100111001000100010001100100111011001110010001000100010001001010010001100100010001000100010001000 
