7 0 0 0 0 0 0 0  10000000100000001000000010000000100000001000000010000000100000001000000010000000100000001000000010000000100000001000000010000000100000001000000010000000100000001000000010000000100000001000000010000000 
2 2 2 2 2 2 2 2  11111111111111111111111111111111111111101111111111111111111101111111111011111110111111111111111011111110111111111111111011111111111111111111111111111111111111111111111111111111111111111111111111111110 
7 0 0 0 0 0 0 0  10000000100000001000000010000000100000001000000010000000100000001000000010000000100000001000000010000000100000001000000010000000100000001000000010000000100000001000000010000000100000001000000010000000 
2 2 2 2 2 2 2 2  11111111111111111111111111111111111111101111111111111111111101111111111011111110111111111111111011111110111111111111111011111111111111111111111111111111111111111111111111111111111111111111111111111110 
7 0 0 2 0 0 0 0  10000000100100001001000010000000100000001000000010000000100000001000000010000000100000001001000010010000100000001001000010000000100100001001000010010000100000001000000010000000100000001000000010010000 
7 0 0 2 0 0 0 0  10000000100100001000000010010000100100001001000010000000100000001000000010000000100000001000000010000000100000001000000010000000100000001000000010000000100000001000000010000000100000001000000010000000 
7 0 0 2 0 0 0 0  10000000100100001001000010000000100000001001000010010000100100001001000010000000100000001001000010010000100000001000000010010000100100001001000010000000100100001001000010010000100100001001000010000000 
4 0 0 2 0 2 0 0  10010100100100001001000010010000100100001001000010010000100100001001000010010000100100001001000010010000100100001001000010010000100100001001000010010000100100001001000010010100100100001001000011010100 
4 0 0 4 0 0 0 0  10010000100100001001000010000000100000001001000010010000100000001001000010000000100000001000000010000000100000001000000010000000100100001001000010010000100000001000000010010000100100001001000010010000 
4 0 0 4 0 0 0 0  10010000100100001000000010000000100000001000000010000000100000001000000010000000100100001000000010000000100000001000000010000000100000001000000000010000100000001000000010000000100000001000000010010000 
4 0 0 2 0 0 0 0  10010000100100001001000010010000100100001001000010010000100100001001000010010000100100001001000010010000100100001001000010010000100100001001000010010000100100001001000010010000100100001001000010010000 
4 0 0 2 0 0 0 0  10010000100000001000000010000000100000001001000010010000100000001000000010000000100000001000000010000000100000001000000010000000100000001000000010000000100000001000000010000000100100001001000010010000 
2 2 2 2 2 2 2 2  11110101111111011111010101111111110111101111111111111111111101111111111011111110111111111111111011111110111111111111111011111111111111111111111111111111111111111111111111111111110111111101111111110110 
4 0 0 2 0 0 0 0  10010000100000001001000010000000100000001001000010010000100100001001000010000000100000001001000010010000100000001000000010000000100000001000000010010000100000001001000010000000100100001001000010010000 
7 0 0 2 0 0 0 0  10000000100000001001000010000000100000001001000010010000100000001001000010010000100100001001000010010000100100001001000110010000100100001001000010010000100100001001000010010000100100001001000010010000 
4 0 0 2 0 2 0 0  10010000100100001001000010010000100011001001110110010000100100001001010010010000100100001001000010010000100100001001000010010000100100011001000010010000100100001001000010010000100100001001000010011100 
4 0 0 2 0 2 0 0  10010100100101011001000010010000100100001001000010010000100100001001000010010000100100001001000010010000100100001001000010010000100100001001000010010000100100001001000010010000100100001001000010010000 
2 2 2 2 2 2 2 2  11010101111111011111010101111101111101111111111111111111111101111111111011111110111111110111111011111110111111111110111011111111111111111111111111111101100101001001100010010000100100001001111111111110 
2 2 2 2 2 2 2 2  11111111111111011111011111111111111111101111111111111101111101111111111011111111111111111111011011111110111111111111111011111111111111111101111111111101111111111011101111011011111111111111111111111110 
4 0 0 2 0 2 0 0  10010000100100001001000010010000100100001001000010010000100100001001000010010000100100001001000010010000100100001001000010010000100100001001000010010000100100001001000010010100100100001001000010010100 
4 0 0 2 0 2 0 0  10010000100101001001010010010000100011001001110110010000100100001001010010010000100100001001000010010000100100001001000010010000100100011001000010010000100100001001000010010000100100001001000010010000 
7 0 0 2 0 0 0 0  10000000100000001001000010000000100000001000000010000000100000001000000010000000100000001000000010000000100000001000000010000000100000001000000010000000100000001000000010000000100000001000000010000000 
4 0 0 2 0 2 0 0  10010000100100001001010010010000100100001001000010010000100100001001000010010000100100001001000010010000100100001001000010010000100100001001000010010000100100001001000010010000100100001001000010010100 
4 0 0 2 0 2 0 0  10010000100100001001010010010000100011001001110110010000100100001001010010010000100100001001000010010000100100001001000010010000100100011001000010010000100100001001000010010000100100001001000010010000 
4 0 0 2 0 2 0 0  10010000100101001001010010010000100100001001000010010000100100001001000010010000100100001001000010010000100100001001000010010000100100001001000010010000100100001001000010010000100100001001000010010000 
7 0 0 2 0 0 1 0  10000000100100001001000010000000100100001001000010010000100000001000000010000000100000001000000010000000100000001001001010010000100100001001000010010000100100001001000010010000100100001001000010010000 
7 0 0 2 0 0 0 0  10000000100000001001000010000000100000001001000010010000100000001001000010000000100000001001000010010000100100001001000010010000100100001000000010010000100100001001000010000000100000001000000010000000 
4 0 0 2 0 2 0 0  10010100100100001001010010010000100100001001000010010000100100001001000010010000100100001001000010010000100100001001000010010000100100001001000010010000100100001001000010000000100000001000000010000000 
4 0 0 2 0 2 0 0  10010000100100001001010010010000100100001001000010010000100100001001000010010000100100001001000010010000100100001001000010010000100100001001000010010000100100001001110010010100100100001001010010011100 
4 0 0 2 0 2 0 0  10010000100100001001000010010000100100001001000010010010100100001001000010010000100100001001000010010000100100001001000010010000100100011001000010010000100100001001000010010000100100001001000010011100 
4 0 0 2 0 2 0 2  10010000100101001001000010010000100100001001000010010000100000001001000010010000100100001001000010010000100101001001000010010000100101001001010010010000100100001001110010010100100100001001010010011100 
4 0 0 2 0 2 0 0  10010000100101001001000010010000100100001001000010010000100100001001000010010000100100001001000010010000100100001001000010010000100100001001000010010000100100001001000010010000100100001001000010010000 
4 0 0 2 0 2 0 0  10010100100101001001010010010000100100001001110110010000100001001001010010011000100110001001000010001100101100001001000010010000100101001001110010010000100100101001110010010100100100001001010010011100 
2 2 2 2 2 2 2 2  10010101100101011111111111111111111111111111111111111111111101111111111011111111111111011111111011111110111111111111111011111111111111111111111111111111111111111111111111111111111111101111111111111110 
7 0 0 2 0 0 0 0  10000000100000001000000010000000100000001000000010000000100000001000000010000000100100001001000010010000100100001001000010010000100100001001000010010000100100001001000010010000100100001001000010010000 
4 0 0 2 0 2 0 0  10010100100101001001010010010000100100001001110110010000100100001001000010010000100100001001000010010100100101001001000010010000100100001001000011010000100101001001110010010100100100001001010010011100 
4 0 0 2 0 0 0 0  10010000100100001000000010010000100100001001000010010000100000001001000010000000100000001000000010000000100000001000000010000000100100001001000010010000100000001000000010010000100100001001000010010000 
4 0 0 2 0 0 0 0  10010000100000001001000010000000100000001001000010000000100000001000000010000000100000001000000010000000100000001001000010000000100100001001000010010000100000001000000010000000100000001000000010010000 
4 0 0 2 0 2 0 0  10010100100101001001000010010000100100001001000010010000100100001001000010010000100100001001000010010000100100000001000010010000100100001001000010010000100100001001000010010000100100001001000010010000 
7 0 0 0 0 0 0 0  10000000100000001000000010000000100000001010000010000000100000001000000010000000100000001000000010000000100000001000000010000000100000001000000010000000100000001000000010000000100000001000000010000000 
4 0 0 2 0 2 0 0  10010100100101001001010010010000100100001001000010010000100100001001000010010000100100001001000010010000100100001001000010010000100100001001100010011000100100001001000010010000100100001001000010010000 
2 2 2 2 2 2 2 2  11111101111111011111010101111111110111111111111111111111111101111111111011111110111111111111111011111110111111111111111011111111111111111111111111111111111111111111111111111111111111111111111111111110 
4 0 0 2 0 0 0 0  10010000100000001000000010000000100000001000000010000000100000001000000010000000100000001000000010000000100000001000000010000000100000001000000010000000100000001000000010000000100000001000000010000000 
2 2 2 2 2 2 2 0  11010101111111011111010101111111111101111111111111111111111101111111111011111110111111111111111010010100100101001001000010010000100100001001000011010000100101001001110010010100100100001001010010011100 
2 2 2 2 2 2 2 2  10010101100101011001010110011110100111011001010110011111111101111111011011111111111111111111111001011111111111111111111010010000100101001001010010010000100100001001110010010100100100001001010010011100 
2 2 2 2 2 2 2 2  10010101100101011001010110011100100111101111111111111111111101111111111011111110111111111111111011111110111111111111111011111111111111111111111111111111111111111111111111111111111111111111111111111110 
7 0 0 2 0 0 0 0  10000000100000001000000010000000100000001000000010000000100000001000000010000000100000001000000010000000100000001000000010000000100100001001000010010000100000001001000010000000100000001000000010000000 
4 0 0 2 2 2 0 2  10010100100101001001010010010000100100001001110110010000100001001001010010011000100110001001000010001100100100001001000010010000100101001001010010010000100100001001110010010100100100001001010010011100 
2 2 2 2 2 2 2 2  10010101100101011001010110011110100111011001010110011111111101111111011011111111111111111111111001011110111111111111111011111111111111111111011111111101111111101001111010010100100100001001111111111110 
7 0 0 2 0 0 0 0  10000000100000001000000010000000100000001000000010000000100000001000000010000000100000001000000010000000100000001000000010010000100100001000000010000000100100001001000010010000100100001001000010000000 
4 2 2 2 2 2 2 2  11111101111111011111111111111111111111101111111111111111111101111111111011111110111111111111111011111110111111111111111011111111111111111111111111111111111111111111111111111111111111111111111111111110 
2 2 2 2 2 2 0 0  10010101100101001001010110011100100111011001010110010000100101001001010010111000100111111001000010010101100100001001010010111100100101001001010010011000100100001001000010010000100100001001000010011100 
2 2 2 2 2 2 2 2  10010101100101011001010110011100100111101111111110010000100101001001010010111000100111111001000010010101100101011001010010111100100101001001010010010000100100001001110010010100100100001001111111111110 
4 0 0 2 0 0 0 0  10010000100000001000000010000000100000001001000010010000100000001001000010000000100000001001000010010000100100001001000010010000100100001000000010010000100100001001000010010000100100001001000010010000 
7 0 0 2 0 0 0 0  10010000100000001000000010000000100100001001000010010000100000001001000010000000100000001001000010010000100100001001000010010000100100001000000010010000100100001001000010010000100100001001000010010000 
2 2 2 2 2 2 2 2  10010101100101001001010110011100100111011001010110010000100101001001010010111000100111111001000010010101100100001001010010111100100101001001010010011000100100001001110010010101111111111111111111111110 
4 2 2 2 2 2 2 2  10010101100101001001010110011100100111011001010110010000100101001001010010111000100111111111111011111110111111111111111011111111111111110111111111111111111111111111111111111111111111110111111111111110 
4 0 0 2 0 2 0 0  10010000100101001001010010010000100111011001010110010000100100001001010010010000100100001001000010010000100100001001000010010000100100001000000010010000100100001001000010010000100100001001000010010000 
4 0 0 4 0 0 0 0  10010000100100001001000010010000100000001000000010000000100000001000000010000000100100001000000010000000100000001000000010000000100000001000000000010000100000001000000010000000100000001000000010010000 
7 0 0 2 0 0 0 0  10000000100100001000000010010000100100001001000010000000100000001000000010000000100000001000000010000000100000001001100010000000100100001001000010000000100000001000000010000000100000001000000010010000 
7 0 0 2 0 0 0 0  10000000100100001000000010010000100100001001000010000000100000001000000010000000100000001000000010000000100000001001100010010000100100001001000010000000100000001000000010000000100000001001000010000000 
2 2 2 2 2 2 2 2  11111101111111011111010101110111110111111111111111111111111101111111111011111110111111111111011011111110111111111111111011111111111111111101111111111101111111111011101111011011111111111111111111011110 
7 0 0 2 0 0 0 0  10000000100100001000000010000000100000001001000010000000100000001000000010000000100100001001000010010000100100001001000010010000100100001001000010010000100100001001000010010000100100001001000010010000 
4 0 0 2 0 2 0 0  10010000100101001001010010010000100100001001000010010000100100001001000010010000100100001001000010010000100100001001000010010000100100001001000010010000100101001001000010010000100100001001000010110000 
7 0 0 2 0 0 0 0  10000000100100001000000010000000100000001001000010010000100000001001000010000000100000001001000010010000100100001001000010010000100100001000000010010000100100001001000010010000100100001001000010010000 
4 0 0 2 0 2 0 0  10010100100100001001000010010000100100001001000010010000100100001001000010000000100100001001000010010000100100001001000010010000100100001001000010000000100100001001000010010000100100001001000010010000 
2 2 2 2 2 2 2 2  11111101111111111111111111111011111111101111111111111111111101111111111011111111111111111111111011111110111111111111111011111111111111111111111111111111111111111111111111111111111111111111111111111110 
4 0 0 2 0 2 0 0  10010100100100001001010010010000100100001001000010010000100100001001000010000000100000001001000010010000100100001001000110010000100100001001000010010000100100001001000010010000100100001001000010010000 
4 0 0 2 0 2 0 0  10010100100101001001010010000000100100001001000010010000100100001001000010010000100100001001000010010000100100001001000010010000100100001001000010000000100100001001000010010000100100001000000010010000 
2 2 2 2 2 2 2 2  10010101100101011111010101111111111101111111111111111111111101111111111011111110111111111111111011111110111111111111111011111111111111111111111111111111111111111111111111111111111111110111111111111110 
4 2 2 2 2 2 0 0  10010101100101001001010110011100100111011001010110010000100101001001010010111000100111111001000010010101100100001001010010111100100101001001010010010000100101001001110010010100100100001001010010011100 
2 2 2 2 2 2 2 2  11111101111111111111011111111011111111101111111111111111111101111111111011111111111111111111011011111110111111111111111011111111111111111111111111111111111111111111111111011111111111111111111111111110 
2 2 2 2 2 2 2 2  10010101100101011001011111111111111111111111111111111111111101111111111010111111111111111111110011111110111111110111111011111111111111011111111111111111111111101001111111111111111111111111111111111110 
4 0 0 2 0 0 0 0  10010100100100001001010010010000100111011001010110010000100100001001010010010000100100001001000010010000100100001001000010010000100100001000000010010000100100001001000010010000100100001001000010010000 
2 2 2 2 2 2 2 2  10010101100101011001010110011110100111011001010110011111111101111111011011111111111111111111111001011110111111111111111011111111111111111111111111111111110111111111111111111111111111111111111111111110 
4 0 0 2 0 0 0 0  10010000100000001000000010000000100000001001000010010000100000001001000010000000100000001000000010000000100000001000000010000000100100001001000010010000100000001000000010010000100100001001000010010000 
4 0 0 2 0 0 0 0  10010000100100001000000010000000100000001001000010010000100000001001000010000000100000001000000010000000100000001000000010000000100100001001000010010000100000001001000010000000100000001000000010000000 
4 0 0 2 0 0 0 0  10010000100000001000000010000000100000001000000010000000100000001000000010000000100000001000000010000000100000001000000010000000100000001000000010000000100000001000000010000000100000001000000010000000 
4 0 0 2 0 2 0 0  10010100100101001001010010000000100100001001000010010000100100001001000010010000100100001001000010010000100100001001000010010000100100001001000010000000100100001001000010010000100100001001000010010000 
4 0 0 2 0 0 0 0  10010000100000001001000010000000100000001001000010000000100000001000000010000000100000001000000010000000100000001001000010000000100100001001000010010000100000001001000010010000100100001001000010010000 
4 0 0 2 0 0 0 0  10010000100100001000000010000000100000001000000010000000100000001000000010000000100100001000000010000000100000001000000010000000100100001001000010010000100000001001000010000000100000001000000010000000 
7 0 0 2 0 0 0 0  10000000100000001001000010000000100000001000000010000000100000001000000010000000100000001000000010000000100000001000000010000000100000001001000010010000100000001001000010000000100000001000000010000000 
4 0 0 2 0 0 0 0  10010000100100001000000010010000100100001001000010010000100100001001000010010000100100001000000010000000100000001000000010000000100000001001000010000000100000001000000010000000100000001000000010000000 
4 0 0 2 2 2 0 2  10010101100101001001110110011100100011001001010110010000100001001001010010011000100110001001100010001100100110001001000010010000100101001001010010010000100100001001110010010100100100001001010010011100 
4 0 0 2 0 2 0 0  10010100100101001001010010010000100100001001000010010000100100001001000010010000100100001001000010010000100100001001000010010000100100001001010010010000100101001001110010010100100100001001010010011100 
4 0 0 2 0 2 0 0  10010000100101001001000010010000100100001001000010010100100100001001010010011000100100011001000010010100100100001001000010010000100100001001000010010000100100001001000010010000100100001001000010010100 
7 0 0 2 0 0 0 0  10000000100000001001000010000000100000001000000010000000100000001000000010000000100000001000000010000000100000001000000010000000100100001001000010010000100000001001000010010000100100001001000010010000 
4 0 0 2 0 0 0 0  10010000100000001000000010000000100000001001000010010000100000001001000010000000100000001000000010000000100000001000000010000000100100001001000010010000100000001001000010010000100100001001000010010000 
7 0 0 0 0 0 0 0  10000000100000001000000010000000100000001000000010000000100000001000000010010000100100001001000010010000100100001001000010010000100100001001000010010000100100001001000010000000100000001000000010000000 
4 0 0 4 0 0 0 0  10010000100100001001000010010000100000001001000010010000100000001001000010010000100100001001000010010000100100001001000010010000100100001001000010010000100100001001000010000000100000001000000010000000 
4 0 0 4 0 0 0 0  10010000100100001001000010010000100000001000000010000000100000001000000010000000100100001000000010000000100000001000000010000000100000001000000000010000100000001000000010000000100000001000000010010000 
7 0 0 2 0 0 0 0  10000000100000001000000010000000100000001000000010000000100100001001000010000000100000001001000010010000100000001000000010000000100000001000000010010000100000001001000010000000100100001001000010010000 
2 2 2 2 2 2 2 2  11010101111111011111010101111111111101111111111111111111111101111111111011111110111111111111111011111110111111111111111011111111111111111111111111111111111111111111111111111111111111110111111111111110 
4 0 0 2 2 2 0 2  10010101100101001001110110011100100011001001010110010000100001001001010010011000100110001001000010001100100100001001000010010000100101001001010010010000100100001001110010010100100100001001010010011100 
4 2 2 2 2 2 2 2  11111101111111011111111111111111111111101111111111111111111101111111111011111110111111111111111011111110111111111111111011111111111111111111111111111111111111111111111111111111111111111111111111111110 
4 0 0 2 0 2 0 0  10010100100100001001010010010000100100001001000010010000100100001001000010010000100110011001000010010000100100001001000010010000100100001001000010010000100100001001000010010100100100001001000010010100 
4 0 0 4 0 0 0 0  10010000100100001001000010000000100000001001000010010000100000001001000010000000100000001001000010010000100100001001000010010000100100001000000010010000100100001001000010010000100100001001000010010000 
2 2 2 2 2 2 2 2  11010101111111011111010101111111111101111111111111111111111101110111111011111110111111111111111011111110111111111111111011111111111111111111111111111111111111111111111111111111111111110111111111011110 
7 0 0 2 0 0 0 0  10000000100000001001000010000000100000001001000010010000100000001001000010000000100000001001000010010000100100001001000010010000100100001000000010010000100100001001000010010000100100001001000010010000 
4 0 0 2 0 2 0 0  10010100100100001001000010010000100100001001000010010000100100001001000010000000100100001001000010010000100100001001000010010000100100001001000010000000100100001001000010010000100100001001000010010000 
