9 0 0 0 0 0 0 0  10000000100000001000000010000000100000001000000010000000100000001000000010000000100000001000000010000000100000001000000010000000100000001000000010000000100000001000000010000000100000001000000010000000 
2 2 2 3 1 2 2 2  11111111111111111111111111111111111111111111111111111111111101111101111011111111111111111111111111111110111111111111111111111111111111111111111111111111111111111111111111111111111111111111111011111111 
2 2 2 3 1 2 2 2  11111111111111111111111111111111111111111111111111111111111101111101111011111111111111111111111111111110111111111111111111111111111111111111111111111111111111111111111111111111111111111111111011111111 
9 0 0 0 0 0 0 0  10000000100000001000000010000000100000001000000010000000100000001000000010000000100000001000000010000000100000001000000010000000100000001000000010000000100000001000000010000000100000001000000010000000 
4 0 0 3 0 0 0 0  10010000100100001001000010010000100000001000000010010000100000001000000010000000100100000001000010000000100000001001000010010000100000001000000010000000100100001001000010000000100000001000000010000000 
4 0 0 3 0 0 0 0  10010000100000001001000010010000100100001001000010010000100000001000000010000000100000001000000010000000100000001000000010000000100000001000000010000000100000001000000010000000100000001000000010010000 
4 0 0 2 0 0 0 0  10000000100000001001000010010000100100001001000010010000100100001001000010000000100100001001000010010000100000001001000010010000100100001001000010010000100100001001000010000000100100001001000010010000 
4 0 0 2 0 0 0 0  10000000100000001001000010010000100100001001000010010000100100001001000010000000100000001000000010000000100000001000000010000000100000001000000010000000100100001001000010010000100100001001000010010000 
4 0 0 3 0 0 0 0  10010100100100001001010010010000100100001001000010010000100100001001000010010000100101001001100010010000100000001001000010010000100100001001000010010100100100001001000010011100100100001001000010010000 
9 0 0 0 0 0 0 0  10000000100000001000000010000000100000001000000010000000100000001000000010000000100000001000000010000000100000001000000010000000100000001000000010000000100000001001000010000000100100001000000010000000 
4 0 0 3 0 2 0 1  10010100100101001001010010010101100101001001010010010100100110101001000010010100100100001001010010010011100100001001000010010101100101001001000010011100100100001001000010010000100100001001010010010000 
4 0 0 1 0 0 0 0  10000000100100001000000010000000100000001000000010010000100100001000000010010000100100001001000010000000100000001000000010000000100000001000000010000000100000001000000010000000100000001000000010000000 
2 2 2 3 1 2 2 2  11111101111111011101111111111111111111111111111111111111111101111101111011111111111111111111111111111110111111111111111111111111111111111111111111111111111111111111111111111111111111111111111011111111 
4 0 0 1 0 0 0 0  10000000100100001001000010000000100100001001000010010000100100001000000010010000100100011001000010010000100000001001000010010000100100001001000010010000100100001001000010010000100100001001000010010000 
9 0 0 3 0 0 0 0  10000000100000001000000010000000100000001001000010010000100000001000000010000000100100001001000010010000100000001001000010010000100100001001000010010000100100001001000010000000100100001001000010010000 
4 0 0 3 0 0 0 0  10010000100000001000000010000000100000001000000010000000100000001000000010000000100000001000000010000000100000001001000010000000100000001000000010000000100000001000000010000000100000001000000010010000 
4 0 0 3 0 0 0 0  10010100100101001001000010010000100100001001000010010100100101001001000010010000100100001000000010010000100100001001000010010100100100001001000010010000100100001001000010010000100000001000000010010000 
4 0 0 2 0 0 0 0  10000000100000001001000010000000100100001001000010010000100100001000000010000000100100011001000010000000100000001000000010010000100000001000000010000000100100001001000010000000100000001000000010000000 
4 0 0 3 0 2 0 0  10010100100100001001000010010000100101001001010010010100100101011001000010010100100100001001010010010000100100001001000010010000100100001001000010011000100101001001000010011101100100001001000010010000 
4 0 0 2 0 0 0 0  10010000100100001001000010010000100100001001000010010000100100001001000010000000100100001001000010010000100000001001000010010000100100001001000010010000100100001001000010010000100100001001000010010000 
2 2 2 3 1 2 2 2  11111111111101111111111111111101111111111101111111111101111101101101111011111111110101111111111111111110111111110101111111111111111111011111111111111111111111111111111111111111111111111111111011111111 
2 2 2 3 1 2 2 2  11110101111111011101111111111111111111011111111111111011111101111101111011111111111111101111111111111110111111111111111111101111111111111111111111111111111111111111111111111111111111111111111111111111 
4 0 0 3 0 0 0 0  10010000100100001000000010010000100000001000000010010000100000001000000010000000100100001001000010010000100000001000000010010000100100001001000010010000100100001001000010010000100000001001000010010000 
9 0 0 1 0 0 0 0  10000000100000001000000010000000100000001001000010010000100000001000000010000000100100001001000010010000100000001001000010010000100100001001000010010000100100001001000010000000100000001000000010000000 
4 0 0 3 0 0 0 0  10010000100000001000000010010000100000001001000010010000100100001000000010000000100100001001000010010000100000001001000010010000100100001001000010010000100100001001000010010000100100001001000010010000 
9 0 0 2 0 0 0 0  10000000100000001000000010000000100000001001000010010000100000001000000010000000100100001000000010000000100000001001000010000000100000001000000010000000100000001000000010000000100000001000000010010000 
4 0 0 3 0 0 0 0  10010000100000001000000010010000100100001001000010010000100100001000000010000000100100001001000010010000100000001001000010010000100000001000000010000000100000001000000010000000100000001000000010000000 
4 0 0 2 0 0 0 0  10000000100000001001000010010000100000001000000010000000100000001000000010000000100000001000000010000000100000001000000010000000100000001000000010000000100100001001000010010000100100001001000010010000 
4 0 0 3 0 0 0 0  10010000100000001001000010010000100100001001000010010000100000001000000010000000100100001001000010010000100000001001000010000000100000001000000010010000100000001001000010000000100100001001000010010000 
2 2 2 3 1 2 2 2  10010101100101001101010110011111101111111111111111111111111101111101111011110100101111111111111111111110111111111111111111111111111111111111111111010111111111111111111111111111111111111111111011111111 
4 0 0 2 0 0 0 0  10000000100100001001000010010000100000001000000010000000100100001000000010000000100000001000000010000000100000001000000010000000100000001000000010000000100100001001000010010000100100001001000010010000 
2 2 2 3 1 2 2 2  11110101110101011101110011111111111111111111111111111111111101111101111011111111111111111111111111111110111111110101111111111111111111011111111111111111011111111111111111111111111111111111111011111111 
4 0 0 3 0 0 0 0  10010000100100001001000010010000100000001001000010010000100100001000000010000000100100001001000010010000100000001001000010010000100100000001000010010000100100001001000010000000100000001000000010000000 
4 2 2 3 1 2 2 2  10010101100101001001010110011101100101001001010010010100111100111101111011111111111111011111111111111110111111111111111111111111110111111111111111111111111111111111111111111111111111111111111011111111 
4 0 0 3 0 0 0 0  10000000100100001000000010000000100000001000000010010000100100001000000010000000100100001001000010010000100000001001000010000000100000001000000010010000100000001001000010000000100100001000000010000000 
4 0 0 3 0 2 0 0  10010100100100001001010010010000100100001001000010010000100100001001000010010000100101001001000011010000100000001001000010010000100100001001000010010000100100001001000010010000100100001001000010010000 
4 0 0 3 0 2 0 0  10010100100101001001010010010101100101001001010010010100100101011001000010010000100100001001000010010000100000001001000010010100100100001001000010010000100100001001000010010000100100001001000010010000 
4 0 0 3 0 0 0 0  10010000100100001000000010000000100000001000000010000000100000001000000010000000100000001000000010000000100000001001000010000000100000001000000010000000100000001000000010000000100000001000000010010000 
2 2 2 3 1 2 2 2  11111101111111111101111111011111111111111111111111111111111101111101111011110100101111111111111111111110111111111111111111111111111111111111111111010111111111111111101111111111111111111111111011111111 
4 0 0 2 0 0 0 0  10000000100000001001000010010000100000001000000010000000100000001000000010000000100000001000000010000000100000001000000010000000100000001000000010000000100000001000000010000000100000001000000010010000 
4 0 0 3 0 2 0 0  10010000100100001001000010010000100100001001000010010000100100001001000010010000100101001001000010010000100000001001000010010000100100001001000010010000100101001001000010011101100100001001000010010000 
2 2 2 3 1 2 2 1  11010100110101001101010011110111111111111111111111110100100100101001001110010100101111111111111111111110111111111111111111111111111111111111111111010111111111111111101111111111111110001001010010011100 
4 0 0 3 0 2 0 0  10010000100100001001010010010000100100001001000010010000100100001000000010010000100101001001000010010000100000001001000010010000100100001001000010010000100101001001000010011101100100001001000010010000 
4 0 0 2 0 0 0 0  10010000100100001001000010010000100100001001010010010100100101001001000010010000100100001001000010010000100000001001000010010000100100001001000010010000100100001001000010010000100100001001000010010000 
4 0 0 3 0 2 0 0  10010100100101001001000010010100100101001001010010010100100101011001000010010000100100001001000010010000100000001001000010010000100100001001010010010000100100001001000010011100100100001001000010010000 
4 0 0 3 0 2 0 0  10010000100100001001010010010000100100001001000010010101100101001001000010010100100100001001010010010000100100001001000010010000100100001001000010011000100101001001000010011101100100001001000010010000 
4 0 0 3 1 2 2 2  10010101100101001001010110010101100101001001010010010100100100101011000010010100100100001001010010010011100101111111111111111111111111111111111111111111111111111111111111111111111111111111111011111111 
4 0 0 2 0 0 0 0  10000000100100001001000010010000100000001000000010000000100100001001000010000000100100001001000010010000100000001001000010010000100100001001000010010000100100001001000010010000100100001001000010010000 
4 0 0 3 0 2 0 0  10010000100101001001000010010000100101001001010010010100100101011001000010010000100100001001000010010000100000001001000010010000100100001001000010011000100101001001000010011101100100001001000010010000 
2 2 2 3 1 2 2 2  11111101111111111111111111111111111111111111111111111111111101111101111011111111111111111111111111111110111111111111111111111111111111111111111111111111111111111111111111111111111111111111111011111111 
4 0 0 3 0 2 0 1  10010000100101001001000010010000100101001001010010010100100101011001000010010100100100001101010010010000100100001001000010010000100100001001000010010000100100001001000010010000100100001001010010010100 
4 0 0 3 0 2 0 0  10010000100100001001000010010000100100001001010010010100100101001001000010010000100100001001000010010000100100001001000010011100100110001001000010010000110101001001000010011100100100001001000010000000 
4 0 0 2 0 0 0 0  10000000100000001001000010010000100000001000000010000000100000001000000010000000100000001000000010000000100000001000000010000000100000001000000010000000100100001001000010010000100000001000000010000000 
2 2 2 3 1 2 2 2  11111101111111011101111110011101100101001001010010010100111100111101111011111111111111111111111111111110111111111111111111111111110111111111111111111111111111111111111111111111111111111111111011111111 
4 0 0 3 0 2 0 0  10010100100100001001000010010000100100001001010010010100100101001001000010000000100100001001000010010000100000001001000010010000100100001001000010010000100100001001000010010000100100001001000010010000 
2 2 2 3 1 2 2 2  11010100110101001101010011110111111111111111111111110100100100101001001110010100101111111111111111111110111111111111111111111111111111111111111111010111111111110111110111111111111111111111111011111111 
4 0 0 3 0 0 0 0  10010000100100001000000010010000100000001000000010010000100100001000000010000000100100001001000010010000100000001000000010000000100000001000000010000000100000001000000010000000100000001000000010000000 
4 2 2 3 1 2 2 2  10010101100101001001010110010101100101001001010010010100100100101001000010010100100100001011010010010011100100001001000010010101100101001001000010011100100100001001000010010000100100001001010010011111 
4 0 0 3 0 2 0 0  10010000100101001001000010010000100101001001010010010100100101011001000010010000100100001001000010010000100000001001000010010000100100001001000010010000100100001000000010010000100100001001000010010000 
4 0 0 3 0 2 0 0  10010000100101001001010010010100100100001001000010010000100100001001000010010000100101001001000010010000100000001001000010010000100100001001000010010000100100001000000010010000100100001001000010010000 
4 0 0 3 0 0 0 0  10010000100100001000000010010000100000001000000010010000100100001000000010000000100100001001000010010000100000001001000010000000100000001000000010010000100000001001000010000000100000001000000010000000 
4 0 0 3 0 2 0 0  10010100100101001001010010010000100100001001000010010000100100001001000010010000000101001001000010010000100000001001000010010000100100001001000010010001100100001001000010010000100100001001010010000000 
2 2 2 3 1 2 2 2  11010100110101011101110011111111011111111111111111111111111101111101111011111111111111111111111111111110111111111111111111111111111111111111111111111111111111111111111111111111111111111111111011111111 
4 0 0 3 0 2 0 0  10010000100101001001010010010101100101001001010010010100100101011001000010010100100100001001010010010000100000001001000010010000100100001001000010010000100101001001000010010000100100001001000010010000 
4 0 0 3 0 2 0 0  10010000100100001001010010010000100100001001000010010101100101001001000010010100100100001001010010010000100100001001000010010000100100001001000010011000100101001001000010011101100100001001000010010000 
4 0 0 3 0 2 0 0  10010101100101001001010110010101100101001001010010010100100100101001000010010100100100001001010010010011100100111001000010010000100100001001000010010000100101001001000010010000100100001001000010010000 
4 0 0 3 0 2 0 1  10010100100101001001010010010000100100001001000010010000100100001001000010010000000101001001000010010000100000001001000010010000100100001001000010010001100100001001000010010000100100001001010010010100 
4 0 0 3 0 2 0 0  10010000100101001001010010010100100100001001000010010000100100001001000010010001100101001001000010010000100000001001000010010000100100001001000010010000100101001001000010011101100100001001000010010000 
4 0 0 3 0 2 0 1  10010100100101001001000010010000100100001001000010010100100101001001000010010000100100001000000010010000100100001001000010010100100100001001000010010000100100001001000010010000100100001001010010010100 
4 0 0 1 0 0 0 0  10000000100100001000000010000000100000001000000010010000100100001000000010010000100100001001000010010000100000001000000010010000100100001001000010010000100100001001000010010000100000001000000010000000 
4 0 0 3 1 2 3 2  10010101100101001001010110010101100101001001010010010100100100101001000010010100100100001001010010010011100100001011000010010101100101001001001010010100100100001001000010010000111111111111111011111111 
4 0 0 3 0 2 0 0  10010000100100001001010010010000100100001001000010010000100100001000000010010000100100011001000010010000100000001001000010010000100100001001000010010000100100001001000010010000100100001001000010010000 
4 0 0 2 0 0 0 0  10000000100100001001000010010000100000001001000010010000100000001000000010000000100100001001000010010000100000001001000010000000100000001000000010010000100000001001000010000000100100001001000010010000 
9 0 0 3 0 0 0 0  10000000100000001000000010000000100000001001000010010000100000001000000010000000100100001001000010010000100000001001000010000000100000001000000010010000100000001001000010000000100000001000000010000000 
4 0 0 3 0 2 0 1  10010000100101001001010010010101100101001001010010010100100101011001000010010100100100001001010010010000101100001001000010010000100100001001000010010100100100001001000010010000100100001001010010010100 
4 0 0 3 0 2 0 0  10010101100101001001010110010101100101001001010010010100100100101001000010010100100100001001010010010011100100111001000010010000100100001001000010010000100101001001000010010100100100001001000010010000 
9 0 0 3 0 0 0 0  10000000100000001000000010000000100000001000000010010000100100001000000010000000100100001001000010010000100000001001000010000000100000001000000010010000100000001001000010000000100000001000000010000000 
2 2 2 3 1 2 2 2  11010100110101011101110011111111011111111111111111111111111101111101111011111111111111111111111111111110111111111111111111111111111111111111111111111111111111111111111111111111111111111111111011111111 
4 0 0 3 1 2 2 2  10010101100101001001010110010101100101001001010010010100100100101001000010010100100100001001011110010011100100001001111111111111100101101101000010010011111111111111111111111111111111111111111011111111 
4 0 0 3 0 0 0 0  10000000100100001001000010010000100000001000000010000000100100001001000010000000100100001001000010010000100000001001000010010000100100001001000010000000100000001000000010000000100000001000000010000000 
4 0 0 3 0 2 0 1  10010100100100001001000010010000100100001001010010010100100101001001000010000000100100001001000010010000100000001001000010010000100100001001000010011100100100001001000010010000100100001001010010010000 
4 0 0 3 0 2 0 0  10010000100101001001010010010100100100001001000010010000100100001001000010010000100101001001000010010000100000001001000010010000100100001001000010010000100101001001000010011101100100001001000010010000 
4 0 0 3 0 0 0 0  10010000100000001001000010010000100100001001000010010000100000001000000010000000100000001001000010010000100000001001000010010000100100001001000010010000100100001001000010010000100000001000000010010000 
4 0 0 3 0 2 0 0  10010000100101001001000010010000100100001001000010010000100100001001000010010000100101001001000010010000100000001001000010010000100100001001000010010000100101001001000010011101100100001001000010010000 
4 0 0 3 0 2 0 0  10010100100101001001010010010101100100011001010010010100100101011001000010010100100100001001010010010000101100001001000010010000100100001001000010010100100100001001000010010000100100001001000010010000 
4 0 2 3 1 2 0 1  10010101100101001001010110010101100111001001110010010100101100101001000010010100100100001001010010010011100100001011000010010101100101001001001010010100100100001001000010010000100100001001010010010100 
4 0 0 3 0 2 0 0  10010000100101001001000010010000100100001001000010010000100100001001000010010000100101001001000010010000100000001001000010010000100100001001000010010000100101001001000010011101100100001001000010010000 
4 0 0 2 0 0 0 0  10000000100100001001000010010000100000001000000010000000100100001000000010000000100000001000000010000000100000001000000010000000100000001000000010000000100000001000000010000000100000001000000010000000 
4 0 0 2 0 0 0 0  10000000100100001001000010010000100000001000000010000000100100001000000010000000100000001000000010000000100000001000000010000000100000001000000010000000100000001000000010000000100000001000000010000000 
2 2 2 3 1 2 2 2  11110101110101011101111111110111101111111111111111111111111101111101111011110100101111111111111111111110111111111111111111111111111111111111111111010111111111111111111111111111111111111111111011111111 
4 0 0 3 0 0 0 0  10010000100000001000000010000000100000001000000010010000100000001001000010000000100100001001000010010000100000001001000010000000100000001000000010000000100000001000000010000000100000001000000010000000 
2 2 2 3 1 2 2 2  11110101110101011101110011111111111111111111111111111111111101111101111011111111111111111111111111111110111111111111111111111111111111111111111111111111111111111111111111111111111111111111111011111111 
2 2 2 3 1 2 2 2  11110101110101011101111111110111101111111111111111111111111101111101111011110100101111111111111111111110111111111111111111111111111111111111111111010111111111111111111111111111111111111111111011111111 
4 0 0 3 1 2 3 2  10010101100101001001010110010101100101001001010010010100100100101001000010010100100100001001011110010011100100001001111111111111100101101101000010010000100100001001000010011100101111111111111011111111 
4 0 0 3 0 0 0 0  10010000100000001000000010000000100000001000000010010000100000001001000010000000100100001001000010010000100000001001000010000000100000001000000010000000100000001000000010000000100000001000000010000000 
4 0 0 3 0 0 0 0  10010100100101001001010010010101100101011001010010010100100101011001000010010100100100001001010010010000101100001001000010010000100100001001000010010100100100001001000010010000100100001000000010010000 
4 0 0 3 0 2 0 1  10010000100101001001010010010101100101001001010010010100100101011001000010010100100100001001010010010000100000001001000010010000100100001001000010010000100101001001010000010000100100001001010010010100 
4 2 2 3 1 2 2 2  10010101100101001001010111111111111111111111111011111111111101111101111011111111111111110111110111111110111111111111111011011111111111111111111111111111111111111111110111111111111111111111111011111111 
4 0 0 3 1 2 2 2  10010101100101001001010110010101100101001001010010010100100100101001000010010100100000001001010010010011100100001011000010010101100101001001001010111111111111111111111111111111111111111111111011111111 
4 0 0 2 0 0 0 0  10000000100100001000000010000000100000001000000010010000100100001000000010010000100100001001000010010000100000001000000010010000100100001001000010010000100100001001000010010000100100001001000010010000 
