8 0 0 0 0 0 0 0  10000000100000001000000010000000100000001000000010000000100000001000000010000000100000001000000010000000100000001000000010000000100000001000000010000000100000001000000010000000100000001000000010000000 
2 0 0 2 2 2 2 2  11111111111111111111111111111111111111111111111011111111111111111101111111111110111111101111111011111111111111111111111111111111111111111111111111111111111111111111111111111110111111101111111011111110 
8 0 0 0 0 0 0 0  10000000100000001000000010000000100000001000000010000000100000001000000010000000100000001000000010000000100000001000000010000000100000001000000010000000100000001000000010000000100000001000000010000000 
2 0 0 2 2 2 2 2  11111111111111111111111111111111111111111111111011111111111111111101111111111110111111101111111011111111111111111111111111111111111111111111111111111111111111111111111111111110111111101111111011111110 
3 0 0 2 2 2 2 2  10010101100101011111110101101110110111101111111111111011111111111111110110111100111111100111010010010100101111111111011111011111111111111111111111010101110101000111001111010100101101011111011010010110 
2 0 0 1 2 2 2 2  11010101111101011111110101101110110111101111111111111011111111111111110110111100111111101111111011111111111111111111111111111111111111111111111111111111111111111111111111111110111111101111111011111110 
2 0 0 2 2 2 2 2  10010101100101011001110010010100100101001001010010011100100101101001110010010000100100001001010010010100101111111111011111111111111111111111111111010101110101000011001111010100101101011111011010011110 
8 0 0 3 0 0 0 0  10000000100000001000000010000000100000001000000010010000100000001001000010000000100100001001000010000000100100001001000010000000100100001000000010010000100100001001000010000000100100001000000010000000 
3 0 0 3 0 2 0 2  10011101100101011001110010010100100101001111111011111111111111111101111111111110111111101111111011111111111111111111111111111111111111111111111111111111111111111111111111111110111111101111111011111110 
5 0 0 3 0 0 0 0  10010000100100001000000010000000100100001001000010010000100000001001000010000000100100001000000010000000100000001000000010000000100000001000000010000000100000001000000010000000100000001000000010000000 
8 0 0 1 0 0 0 0  10000000100000001001000010000000100000001000000010000000100000001000000010000000100000001000000010000000100000001000000010000000100000001000000010000000100000001000000010000000100000001000000010000000 
2 0 0 2 2 2 2 2  11111101111101011111110101101110110111111111111011110111111101111101111011111111111111001111111011110111111110111111111111111111111111111111111111111111111111111111011111010100101101011111011010011110 
8 0 0 1 0 0 0 0  10000000100000001001000010000000100000001000000010000000100100001001000010000000100100001001000010000000100100001001000010010000100100001000000010010000100100001001000010000000100000001001000010010000 
5 0 0 1 0 0 0 0  10000000100100001000000010000000100000001000000010000000100100001001000010000000100100001001000010000000100100001000000010010000100100001000000010010000100100001001000010010000100000001000000010000000 
3 0 0 2 2 2 2 2  10010101100111011001110010010100100101001001010010011100100101101001110010010000100100001001010010010100100100001001010010010010100101001001000010010100100100001101000010011100100101001011111011111000 
5 0 0 3 0 0 0 0  10000000100100001001000010010000100000001001000010010000100000001001000010000000100100001001000010010000100100001001000010000000100100001000000010010000100100001001000010000000100100001001000010010000 
5 0 0 3 0 0 0 0  10000000100100001001000010000000100100001000000010000000100000001001000010000000100000001000000010000000100100001001000010000000100100001000000010010000100100001000000010000000100100001000000010000000 
3 0 0 3 0 2 0 0  10010000100100001001000010010000100100001001000010010000100100001001010110010000100100001001010010010000100100001001000010010000100100011000000010010000100100001001000010010000100100001001000010010000 
5 0 0 1 0 0 0 0  10000000100100001000000010000000100000001000000010010000100000001001000010000000100100001001000010000000100100001001000010010000100100001000000010010000100100001001000010000000100100001001000010010000 
3 0 0 3 0 2 0 0  10010000100100001001010010010000100100001001000010000000100100001001010110010000100100001001010010010000100100001001000010010000100101001001000010010100100100001001000010011100100101001001000010010100 
8 0 0 0 0 0 0 0  10000000100000001000000010000000100100001001000010010000100000001001000010000000100100001000000010000000100000001000000010000000100000001000000010000000100000001000000010000000100000001000000010000000 
5 0 0 1 0 0 0 0  10000000100100001001000010010000100000001000000010000000100000001000000010000000100000001000000010000000100000001000000010000000100000001000000010000000100000001000000010000000100000001000000010000000 
5 0 0 3 0 2 0 0  10010100100100001001000010010000100100001101000010010000100100001001010110010000100100001001010010010000100101001001010010010000100101001001000010010100100100001001000010011100100101001001000010010100 
3 0 0 3 0 2 0 0  10010100100100001001010010010000100101011001000010010000100100001001000010010000100100001001010010010000100100001001010010010000100100001001000010010000100100001001000010010000100100001001000010010000 
2 0 0 1 2 2 2 2  11111101111111111111111111111110111111111111111011111111111111111101111111111110111111101111111011111111111111111111111111111111111111111111111111111111111111111111111111111110111111101111111011111110 
3 0 0 3 0 2 0 0  10010000100100001001010010010000100100001001000010000000100100001001010110010000100100001001010010010000100100001001000010010000100100001000000010010000100100001001000010010000100100001001010010010000 
2 0 0 2 2 2 2 2  11111111111111111111011111011010110111101111111111111011111110111101110111110110111111101111111111111111111111001011010111111111110111111111111111010101110101000111001111010100101111011111011010010100 
3 0 0 2 2 2 2 2  11111101111111011111111111111111111111111111111011111111111111111101111111111110111111101111111011111111111111111111111111111111111111111111111111111111111111111111111111111110111111101111111011111110 
8 0 0 3 0 0 0 0  10000000100000001001000010000000100000001000000010000000100100001001000010000000100100001001000010000000100100001000000010010000100100001000000010000000100000001000000010000000100000001000000010000000 
3 0 0 2 2 2 2 2  11111101111111011111011111011010110111101111111111111011111110111101110111110110111111101111111111111111111111001011010111111111110111101111111111010101110101000111001111010100101111011111011010010100 
3 0 0 3 0 2 0 0  10010101100111011001110010010100100101001001010010011100100101001001110011110110111111101111010011010100100100001001010010010000100101001001000010010100100100001001000010011100100101001001000010010100 
3 0 0 3 0 0 0 0  10010000100100001001000010010000100100001001000010010000100100001001000010000000100100001001000010000000100100001001000010000000100100001000000010010000100100001001000010000000100100001001000010010000 
5 0 0 3 0 2 0 0  10010100100100001001000010010000100100001001000010010000100100001001010110010000100100001001010010010000100100001001010010010000100101001001000010010100100100001001000010010100100101001001000010010100 
5 0 0 1 0 0 0 0  10000000100000001001000010010000100100001000000010010000100000001001000010000000100100001001000010000000100100001001000010010000100100001000000010010000100100001001000010000000100100001001000010010000 
3 0 0 3 0 2 0 0  10010000100100001001000010010100100101011001010010010100100100001001110110010000100100001001010010010000100100001001010010010000100100001001000010010000100100001001000010011100100101001001000010010000 
3 0 0 3 0 0 0 0  10010000100100001001000010000000100000001000000010000000100100001001000010000000100100001001000010000000100100001001000010010000100100001000000010010000100100001001000010010000100100001001000010010000 
5 0 0 3 0 2 0 0  10010100100101001001010010010000100100001001000010010000100100001001010110010000100100001001010010010000100100001001000010010000100100001000000010010000100100001001000010010000100100001001000010010000 
3 0 0 3 0 2 0 0  10010000100101001001000010010100100101011001010010010100100000001001110010010000100100001001010010010100100100001001010010010000100100001001000010010100100100001001000010011100100101001001000010010100 
3 0 0 3 0 2 0 0  10010101100101011001110010010100100101001001010010011100100101101001110010010000100100001001010010010100101110001001010010010000100101001001000010010100100100001001000010011100100101001001000010010100 
5 0 0 1 0 0 0 0  10000000100100001001000010010000100000001001000010010000100000001000000010000000100000001000000010000000100000001000000010000000100000001000000010000000100000001000000010000000100000001000000010000000 
8 0 0 0 0 0 0 0  10000000100000001001000010000000100000001000000010000000100100001001000010000000100100001000000010000000100100001000000010010000100100001000000010010000100100001001000010010000100000001000000010000000 
3 0 0 3 0 2 0 0  10010000100101001001000010010000100100001001010010010000100100001001010110010000100100001001010010010000100100001001000010010000100100001000000010010000100100001001000010010000100100001001010010010000 
3 0 0 3 0 2 0 0  10010000100100001001010010010000100100001001000010010000100100001001010110010000100100001001010011010100100100001001010010010000100101001001000010010100100100001001000010011100100101001001000010010100 
5 0 0 3 0 0 0 0  10010000100000001001000010000000100100001000000010000000100000001001000010000000100000001000000010000000100000001000000010000000100000001000000010000000100000001000000010000000100000001000000010000000 
8 0 0 0 0 0 0 0  10000000100000001000000010000000100000001000000010000000100000001000000010000000100000001000000010000000100000001000000110000000100000001000000010000000100000001000000010000000100000001000000010000000 
5 0 0 1 0 0 0 0  10000000100100001000000010000000100000001000000010000000100100001000000010000000100000001000000010000000100000001000000010000000100000001000000010000000100000001000000010000000100000001000000010000000 
2 0 0 2 2 2 2 2  11111101111111111111111111111110111111111111111001111111111111111101110110111110111111101111110111111111111111111111111111011111111111111111111111010101111101000111001111010100101101011111011010011110 
3 0 0 3 0 0 0 0  10010000100100001001010010010000100101011001000010010000100100001001000010010000100100001001010010010000110101001001010010010000100101001001000010010100100100001001000010011100100101001001000010010100 
2 0 0 4 2 2 2 2  11010101111101011001110010010100100101001001010010011100111101111101111011111110111111101111111011110111111111111111111011111111111111111111111111010101110101000111001111010100101101111111011010010100 
2 0 0 2 2 2 2 2  11010101111101011001110010010100100101001001010010011100111101111101111011111110111111101111111011110111111111111111111011011111111111111111111111010101110101000111001111010100101101011111011010010110 
5 0 0 3 0 2 0 0  10010100100101001001010010010000100100011001000010010000100100001001010110010000100100001001010010010000100100001001000010010000100100001001000010010000100100001001000010010000100100001001000010010000 
4 0 0 3 2 2 0 0  10010000100101001001000010010000100100001001000010010000100100001001110110010000100100001001010010010000100100001001010010010000100101001001000010010100100100001001000010011100100101001001000010010100 
5 0 0 3 0 0 0 0  10010000100000001000000010000000100000001000000010000000100000001000000010000000100000001000000010000000100000001000000010000000100000001000000010000000100000001000000010000000100000001000000010000000 
6 0 0 0 0 0 0 0  10000000100000001001000010000000100000001000000010000000100100001001000010000000100100001000000010000000100100001000000010000000100000001000000010000000100000001000000010000000100000001000000010000000 
8 0 0 0 0 0 0 0  10000000100000001000000010000000100000001000000010000000100000001000000010000000100000001000000010000000100000001000000010000000100000001000000010000000100100001000000010000000100000001001000010010000 
5 0 0 3 0 0 0 0  10010000100100001001000010010000100000001000000010000000100000001000000010000000100000001000000010000000100000001000000010000000100100001000000010010000100100001001000010000000100100001001000010010000 
5 0 0 3 0 2 0 0  10010100100101001001000010010000100100001001000010010000100100001001000010010000100100001001010010010000100100001001010010010000100100001001000010010000100100001001000010010000100100001001000010010000 
5 0 0 3 0 2 0 0  10010100100101001001010010010100100101011001000010010000100100001001000010000000100110001001010010010100100100001001010010010000100101001001001010010000100100001001000010011100100101001001000010010100 
5 0 0 3 0 2 0 0  10010100100101001001010010010100100101011001000010010000100100001001000010000000100100001001010010010100100100001001010010010000100101001001000010010100100100001001000010011100100101001001000010010100 
3 0 0 3 0 2 0 0  10010100100101011001010010010100100101011001010010011100100101001001110010010000100100001001010010010100100100001001010010010000100101001001001010010000100100001001000010011100100101001001000010010100 
4 0 0 3 2 2 0 0  10010000100101001001000010010000100100001001000010010000100100001001110110010000100100001001010010010000100100001001010010010000100101001001000010010100100100001001000010011100100101001000000010000000 
8 0 0 0 0 0 0 0  10000000100000001000000010000000100000001000000010000000100000001000000010000000100000001000000010000000100100001001000010000000100100001000000010010000100100001000000010000000100000001000000010000000 
5 0 0 3 0 0 0 0  10010000100000001001000010000000100100001000000010000000100000001001000010000000100000001000000010000000100100001001000010000000100100001000000010010000100100001000000010000000100100001000000010000000 
5 0 0 3 0 2 0 0  10010100100101001001000010010000100100001001000010010000100100001001010110010000100100001001010010010100100100001001010010010000100101001001000010010100110100001001000010011100100101001001000010010100 
5 0 0 1 0 0 0 0  10010000100000001000000010000000100000001000000010000000100000001000000010000000100000001000000010000000100000001000000010000000100000001000000010000000100000001000000010000000100000001001000010010000 
5 0 0 3 0 0 0 0  10010000100000001000000010010000100100001001000010000000100000001000000010000000000100001001000010000000100100001001000010000000100100001000000010010000100100001001000010010000100100001001000010010000 
5 0 0 1 0 0 0 0  10000000100100001000000010000000100000001000000010000000100100001000000010000000100000001000000010000000100000001000000010000000100100001000000010010000100100001000000010000000100100001000000010000000 
5 0 0 3 0 0 0 0  10010000100100001000000010000000100000001000000010000000100000001000000010000000100000001000000010000000100000001000000010000000100000001000000010000000100000001000000010000000100000001000000010000000 
3 0 0 3 0 2 0 0  10010100100100001001010010010100100101011001000010010000100100001001000010010000100100001001010010010000100100001001010010010000100101001001000010010100100100001001000010011100100101001001000010010101 
3 0 0 3 1 2 0 0  10010100100101011001010010010100100101011001010010011100100101001001110010010000100100001001010010010100100100001001010010010000100101001001000010010000100100001001000010011100100101001001000010010000 
5 0 0 3 0 2 0 0  10010100100100001001000010010000100100001001000010010000100100001001010110010000100100001001010010010000100100001001010010010000100100001001000010010000100100001001000010010000100100001001000010010000 
5 0 0 3 0 0 0 0  10010000100100001000000010000000100100001001000010010000100100001001000010000000100100001001000010000000100000001000000010000000100100001000000010000000100000001000000010000000100100001001000010010000 
5 0 0 3 0 2 0 0  10010100100101001001000010010000100100001001000010010000100100001001010110010000100100001001010010010000100100001001000010010000100100011000000010010000100100001001000010010000100100001001010010010100 
3 0 0 3 0 2 0 0  10010101100101011001110010010100100101001001010010011100100101101001110010010000100100001001000010010100100100001001010010010000100101001001000010010100100100001001000010011100100101001001000010010101 
3 0 0 3 0 2 0 0  10010100100101011001110010010100100101011001010010011100100101001001110010010000100100001001010010010100100100001001010010010000100101001001001010010000100100001001000010011100100101001001000010010100 
3 0 0 3 1 2 0 0  10010000100101001001010010010000100101011001010010011100100101001001110010010000100100001001010010010100100100001001010010010000100101001001000010010000100100001001000010011100100101001001000010010000 
3 0 0 3 0 2 0 0  10010000100101001001010010010000100101011001000010010000100100001001000010010000100100001001010010010000100101001001010010010000100101001001000010010100100100001001000010011100100101001001000010010100 
3 0 0 3 0 2 0 0  10010000100101001001010010010000100101011001000010010000100100001001000010010000100100001001010010010000100100001001000010010000100100001000000010010000100100001001000010010000100100001001000010010000 
5 0 0 3 0 0 0 0  10010000100000001000000010000000100000001000000010000000100000001000000010000000100000001001000010000000100100001000000010010000100100001000000010010000100100001001000010010000100000001000000010000000 
3 0 0 3 0 2 0 0  10010100100100001001010010010000100101011001000010010000100100001001000010010000100100001001010010010000100100001001000010010000100101001001000010010100100100001001000010011100100101001001000010010100 
5 0 0 3 0 0 0 0  10010000100100001001000010010000100000001000000010000000100000001000000010000000100000001000000010000000100000001000000010000000100000001000000010000000100000001000000010000000100000001000000010000000 
5 0 0 1 0 0 0 0  10000000100100001001000010010000100000001001000010010000100000001001000010010000100100001001000010000000100100001001000010000000100100001000000010010000100100001000000010000000100100001000000010000000 
3 0 0 3 0 0 0 0  10010000100100001001000010010000100000001001000010010000100100001001000010000000100100001001000010000000100100001001000010010000100100001001000010010000100100001001000010011100100100001001000010010000 
3 0 0 3 1 2 0 0  10010000100101001001010010010000100101011001010010011100100100001001010110010000100100001001010110010000100100001001000010010000100100001001000010010000100100001001000010010000100100001001000010010000 
5 0 0 3 0 0 0 0  10010000100100001000000010000000100000001001000010010000100100001001000010000000100100001001000010000000100100001001000010000000100100001000000010010000100100001001000010000000100100001000000010000000 
8 0 0 1 0 0 0 0  10000000100000001001000010000000100000001000000010000000100000001000000010000000100000001000000010000000100000001000000010000000100000001000000010000000100000001000000010000000100000001001000010010000 
5 0 0 3 0 2 0 0  10010100100101001001000010010000100100001001000010010000100100001001010110010000100100001001010010010100100100001001010010010000100101001001000010010100100100001001000010011100100101001001000010010100 
5 0 0 3 0 0 0 0  10010000100000001001000010010000100000001001000010010000100100001001000010000000100100001001000010000000100100001001000010000000100100001000000010010000100100001001000010000000100100001000000010000000 
3 0 0 3 0 2 0 0  10010000100100001001000010010100100101011001010010010100100100001001110110010000100100001001010010010000100100001001000010010000100100001000000010000000100100001001000010010000100100001001000010010000 
5 0 0 3 0 0 0 0  10010000100000001001000010010000100000001001000010010000100000001000000010000000100000001000000010000000100100001001000010000000100100001000000010010000100100001000000010000000100000001000000010000000 
5 0 0 3 0 0 0 0  10010000100100001001000010010000100000001000000010000000100000001000000010000000100000001000000010000000100000001000000010000000100000001000000010000000100000001000000010000000100000001000000010000000 
5 0 0 3 0 0 0 0  10010000100000001001000010010000100000001001000010010000100100001001000010000000100100001001000010000000100100001001000010000000100100001000000010010000100100001001000010000000100000001000000010000000 
5 0 0 1 0 0 0 0  10000000100100001000000010000000100000001000000010000000100100001000000010000000100000001000000010000000100000001000000010000000100100001000000010010000100100001000000010000000100100001000000010000000 
5 0 0 3 0 0 0 0  10010000100100001000000010000000100000001000000010000000100000001000000010000000100000001000000010000000100000001000000010000000100000001000000010000000100000001000000010000000100000001000000010000000 
5 0 0 2 2 2 0 0  10010100100101001001110010010100100101011001010010011100100101001001110010010000100100001001010010010100100100001001010010010000100101001001000010010000100100001001000010011100100101001001000010010000 
5 0 0 3 0 0 0 0  10010000100000001000000010000000100100001000000010010000100100001001000010000000100000001000000010000000100100001000000010000000100000001000000010000000100000001000000010000000100000001000000010000000 
3 0 0 2 2 2 2 2  10010101100101011001110010010100100101001001010010011100100101101001110010010000100100001001010010010100101111111111011111111111111111111111111111010101110101000111001111010100101101011111011010010100 
5 0 0 3 0 0 0 0  10010000100000001000000010010000100100001001000010010000100100001001000010000000100100001001000010000000100100001001000010000000100100001000000010010000100100001001000010000000100000001001000010010000 
3 0 0 3 0 2 0 0  10010000100100001001000010010000100100001001000010010000100100001001010110010000100100001001010010010000100100001001000010010000100100011000000010010100100100001001000010011100100101001001000010010100 
5 0 0 3 0 0 0 0  10010000100100001001000010010000100000001000000010000000100000001000000010000000100000001000000010000000100000001000000010000000100100001000000010010000100100001001000010010000100100001001000010010000 
