6 0 0 0 0 0 0 0  10000000100000001000000010000000100000001000000010000000100000001000000010000000100000001000000010000000100000001000000010000000100000001000000010000000100000001000000010000000100000001000000010000000 
1 2 2 2 2 1 1 1  11111111111111111111111111111111111111111111111111111111111101111101111111111110111111101111111011111110111111111111111111111111111111111111111111111111111111111111111111111110111111101111111011111110 
6 0 0 0 0 0 0 0  10000000100000001000000010000000100000001000000010000000100000001000000010000000100000001000000010000000100000001000000010000000100000001000000010000000100000001000000010000000100000001000000010000000 
1 2 2 2 2 1 1 1  11111111111111111111111111111111111111111111111111111111111101111101111111111110111111101111111011111110111111111111111111111111111111111111111111111111111111111111111111111110111111101111111011111110 
6 0 0 3 0 0 0 0  10010000100000001000000010000000100000001000000010000000100000001000000010000000100000001000000010000000100000001000000010000000100000001000000010000000100000001000000010000000100000001000000010000000 
1 2 2 2 2 2 1 1  11111101110101011111010110001111100111001001111011110100100101101101111001110101111101101111001111111011111110111111110010011100100111110101011111111011101101111111110111011101111111011001010011111100 
4 0 0 3 0 0 0 0  10010000100000001000000010000000100000001000000010000000100000001000000010000000100100001000000010010000100000001001000010010000100100001001000010010000100100001001000010000000100000001000000010010000 
1 2 2 2 2 1 1 1  11111101110101011111010111111110111111111111111111111111111101111101111111111110111111101111111011111110111111111111111111111111111111111111111111111111111111111111111111111110111111101111111011111110 
6 0 0 2 0 0 0 0  10000000100100001000000010000000100000001000000010000000100000001000000010000000100100001000000010010000100000001001000010010000100100001001000010010000100100001000000010000000100000001000000010000000 
4 0 0 3 0 2 0 0  10010100100101001001010010010000100100001001010010010000100100001001010010010000100110001000100010010100100101001001000010010000100101001001100010011101100101001001110010010100100101001001000010010100 
4 0 0 3 0 0 0 0  10010000100000001001000010000000100000001001000010010000100100001001000010010000100100001000000010000000100000001001000010010000100000001000000010010000100000001000000010000000100100001001000010010000 
4 2 2 2 2 1 1 1  11010101110111001111010111110011111111111111111111111111111101111101111111111110111111101111111011111110111111111111111111111101111111111101011111111011101101111111110111011101111111011001010011111100 
6 0 0 0 0 0 0 0  10000000100000001000000010000000100000001000000010000000100000001000000010000000100000001000000010000000100000001000000010000000100000001000000010000000100010001000000010000000100000001000000010000000 
4 0 0 3 0 0 0 0  10010000100000001001000010000000100000001001000010010000100100001000000010000000100000001000000010000000100000001000000010000000100100001000000010000000100000001000000010000000100000001000000010000000 
6 0 0 2 0 0 0 0  10000000100100001000000010000000100000001001000010000000100100001001000010000000100100001000000010010000100000001001000010010000100100001001000010010000100100001001000010010000100100001001000010010000 
6 0 0 2 0 0 0 0  10000000100000001000000010000000100000001001000010000000100100001001100010000000100100001000000010010000100000001001000110000000100000001001000010010000100100001001000010010000100100001001000010010000 
4 0 0 3 0 2 0 1  10010101100101011001010110000000100101001001010010010000100100001001010010010000100100001000000010010100100100001001101010010000100101001001000010011100100101001001110010010100100101001001000010011100 
3 2 2 2 2 1 1 1  11010101110101001111010111110011111111111111101111111111111101111101111111111110111111101100100011110011111110111111110010011100100111110101011111111011101101111111110111001101111111011001010010111100 
6 0 0 2 0 0 0 0  10000000100100001000000010000000100000001000000010000000100000001000000010000000100100001000000010010000100000001001000010010000100100001001000010010000100100001001000010000000100100001001000010010000 
4 2 2 2 0 2 1 1  10010101100101011001010110001111100101001001110010010000100101001001010110010100100100001000100010010100100100001001000110010000100101001001100010011101100101001111111111111110111111101111111011111110 
1 2 2 2 2 2 1 1  11111111111111111111011111111111111111111111111111110100100101111101111011110101111101101111001111111011111110111111110010011100100111110101011111111011101101111111110101011101111111011001010011111100 
6 0 0 2 0 0 0 0  10000000100100001001000010000000100000001000000010000000100000001000000010010000100100001000000010000000100000001001000010000000100100001000000010010000100100001001000010010000100000001000000010000000 
4 0 0 3 0 2 0 0  10010000100100001001010010010000100101001001010010010100100100001001010010010000100100001001000011010100100101001001000010010000100101001001000010010100100100001001000010010000100100001001000010010000 
6 0 0 2 0 0 0 0  10000000100000001000000010000000100000001001000010000000100000001000000010000000100000001000000010010000100000001001000010010000100000001000000010010000100000001000000010000000100000001000000010000000 
6 0 0 2 0 0 0 0  10000000100000001001000010000000100000001000000010010000100000001001000010010000100100001000000010000000100000001000000010010000100100001001000010010000100100001001000010010000100100001001000010000000 
4 0 0 3 0 0 0 0  10010000100000001001000010000000100000001001000010010000100100001001000010010000100100001000000010000000100000001000000010010000100100001001000010010000100100001001000010010000100100001001000010010000 
4 2 2 2 0 2 1 0  10010101100101011001010110001111100101001001110010010000100101001001010110010100100101101111001110010100101100001001000010010000100101001001000010111100100101001001000010010100100101001001000010010100 
6 0 0 2 0 0 0 0  10000000100000001001000010000000100000001001000010010000100100001001000010000000100000001000000010010000100000001001000010010000100000001001000010010000100100001001000010010000100100001001000010010000 
4 0 0 3 0 2 0 0  10010000100100001001000010010000100100001001010010010100100100001001010010010000100100001000000010010100100100001001000010010000100100001001000010010000100100001001010010010100100101001001000010010100 
6 0 0 2 0 0 0 0  10000000100100001001000010010000100100001001000010010000100100001001000010000000100100001000000010000000100000001001000010010000100100001001000010010000100100001001000010010000100100001001000010010000 
6 0 0 2 0 0 0 0  10000000100100001001000010000000100000001000000010000000100000001000000010010000100100001000000010000000100000001001000010010000100100001001000010010000100100001001000010000000100100001001000010010000 
4 2 2 2 2 2 1 1  10011101100101011101010110011110111111101111111111111111111101111001110111110101111101101111001111111011111110111111110010011100100111110101011111111011101101111111110111011101111111011001010010111100 
4 0 0 3 0 0 0 0  10010000100000001000000010000000100000001000000010000000100000001000000010000000100100001000000010010000100000001001000010010000100100001001000010010000100100001001000010010000100100001001000010010000 
4 0 0 3 0 0 0 0  10010000100100001001000010010000100000001000000010010000100000000001000010010000100100001000000010000000100000001001000010000000100100001001000010000000100000001000000010000000100000001000000010000000 
3 2 2 2 2 1 1 1  11111101111111111111111111111111111111111111111111111111111111111101111111111110111111101111111011111110111111111111111111111111111111111111111111111111111111111111111111111110111111101111111011111110 
6 0 0 2 0 0 0 0  10000000100000001000000010000000100000001001000010000000100000001000000010000000100000001000000010010000100000001000000010010000100100001001000010010000100100001001000010010000100100001001000010010000 
4 0 0 3 0 0 0 0  10010000100100001000000010000000100000001000000010010000100000001000000010010000100100001000000010000000100000001001000010010000100100001001000010010000100100001001000010010000100100001001000010010000 
4 0 0 3 0 2 0 0  10010000100101001001010010010000100100001001000010010000100100001001010010010000100100001000000010010100100100001001000010010000100100001001000010010000100100001001000010000000100100001001000010010000 
4 2 2 2 2 1 1 1  10010101100101011001010110001111111111111111111111111111111101111101111111111110111111101111111011111110111111111111111111111111111111111111111111111111111111111111111111111110111111101111111011111110 
1 2 2 2 2 1 1 1  11111101111111011111111111111111111111111111111111111111111111111101111111111110111111101111111011111110111111111111111111111111111111111111111111111111111111111111111111111110111111101111111011111110 
4 0 0 3 0 0 0 0  10010000100100001000000010000000100000001000000010000000100000001001000010000000100000001000000010000000100000001001000010000000100000001000000010000000100000001000000010000000100000001000000010000000 
4 0 0 3 0 2 1 0  10010101100101001001010110011111100101001001110010010100100100001001010010010000100100001000000010010100100100001001100010010000100101001001000010011100100101001001000010010100100101001001000010010100 
3 2 2 2 2 2 1 1  11111101111111111111111111111111111111111111111111111111111111111101111111111110111111101101111011111110111111111111111111111111111111111111011101111111101101111111110111011101011111011001010011111100 
4 0 0 3 0 2 1 0  10010000100100001001010010010000100101001001010010010100100100001001010010010000100100001001000011010100100101001001001010010000100101001001000010010100100100001001000010010100100101001001000010010100 
6 0 0 2 0 0 0 0  10000000100000001001000010000000100000001001000010010000100000001000000010000000100000001000000010000000100000001000000010000000100000001000000010000000100000001000000010000000100000001000000010000000 
4 0 0 3 0 2 0 0  10010100100101001001010010010000100100001001010010010100100100001001010010010000100100001000000010010100100100001001100010010000100101001001000010011100100101001001000010010100100101001001000010010100 
4 0 0 3 0 0 0 0  10010000100100001000000010000000100000001000000010010000100000001001000010010000100100001000000010000000100000001000000010000000100000001000000010010000100000001000000010000000100000001000000010000000 
6 0 0 2 0 0 0 0  10000000100100001000000010000000100000001000000010000000100000001000000010000000100000001000000010000000100000001000000010000000100000001000000010000000100000001000000010000000100000001000000010000000 
6 0 0 2 0 0 0 0  10000000100000001001000010000000100000001000000010000000100100001000000010010000100100001000000010000000100000001001000010000000100100001000000010010000100100001001000010000000100000001000000010000000 
4 2 2 2 2 1 1 1  10010101100101001001010110001111100101001001110011111111111101111100111111111110111111101111111011111110111111111111110111110111111111111101111111111111111111111111111111111110111111101111111011111110 
1 2 2 2 2 2 1 1  11111101111111011101111111111111111111111111111111111101111111111101111111111110111111101101111011111110111111111111111111111111111111111111011101011111101101111111110111011101011111011001010011111100 
4 0 0 3 0 0 0 0  10010000100100001000000010000000100000001000000010010000100000001000000010010000100100001000000010000000100000001001000010010000100100001001000010010000100100001001000010010000100000001000000010000000 
4 0 0 3 0 0 0 0  10010000100100001001000010010000100100001001000010010000100100001001000010000000100100001000000010010000100000001001000010010000100100001011000010010000100100001001000010010000100100001001000010000000 
4 0 0 3 0 2 0 0  10010100100100001001000010010000100100001001000010010000100100001001010010010000100100001000000010010100100100001001000010010000100100001001010010010000100100001001010010010100100101001001000010010100 
6 0 0 3 0 0 0 0  10010000100000001001000010000000100000001000000010000000100000001000000010000000100000001000000010000000100000001000000010000000100000001000000010000000100000001000000010000000100000001000000010000000 
4 0 0 3 0 2 1 0  10010000100100001001000010010000100100001001010010010100100100001001010010010000100100001000000010010100100100001001100010010000100101001001000010011100100101001001000010010100100101001001000010010100 
4 0 0 3 0 2 0 0  10010000100101001001000010010000100100001001010010010100100100001001010010010000100100001000000010010100100100001001000010010000100100001001100010110000100100001001010010010100100101001001000010010100 
4 0 0 3 0 2 0 0  10010000100100001001000010010000100100001001010010010100100100001001010000010000100100001000000010010100100100001001000010010000100100001001000010010000100100001001000010000000100100001001000010010000 
4 0 0 3 0 2 0 0  10010101100101001001010110011111100101001001110010010000100101001001010010010100100100001000100010010100100100001001000010010000100101001001100010011101100101001001110010010100100101001001010010011100 
4 0 0 3 0 2 0 0  10010101100101001001010110011111100101001001110010010000100111001001010010010100100100001000100110010100110100001001000010010000100101001001100010011101100101001001110010010100100101001001010010011100 
4 0 0 3 0 2 0 0  10010000100100001001010010010000100101001001010010010100100100001001010010010000100100001000000010010100100100001001000000010000100100001001000010010000100100001001000010010000100101001001000010010100 
4 0 0 2 0 2 0 0  10010000100101001001010110010000100101001001010010010100100100001001010010010000100100001001000010010100100101001001000010011000100100001001000010010000100100001001010010010000100101001001000010010100 
4 0 0 3 0 0 0 0  10010000100100001001000010000000100000001000000010010000100000000001000010000000100100001000000010010000100000001001000010010000100100001001000010010000100100001001000010010000100000001001000010010000 
6 0 0 2 0 0 0 0  10000000100000001001000010000000100000001001000010000000100000001000000010000000100000001000000010000000100000001000000010000000100000001000000010000000100000001000000010000000100000001000000010000000 
6 0 0 2 0 0 0 0  10000000100000001001000010000000100000001000000010000000100100001000000010010000100100001000000010000000100000001001000010000000100100001000000010010000100100001001000010010000100000001001000010000000 
4 0 0 3 0 0 0 0  10010000100100001001000010000000100000001000000010000000100000001000000010000000100000001000000010000000100100001001000010000000100000001000000010000000100000001000000010000000100000001000000010010000 
4 0 0 3 0 2 0 0  10010000100100001001010010010000100100001001000010010000100100001001000010000000100100001000000010010100100100001001000010010000100100001001000010010000100100001001000010010000100100001001000010010000 
4 2 2 2 0 2 1 1  10010101100101011001010110001111100101001001110010010000100101001001010110010100110100001011111011111110111111111111111111111101111111111101011111111011101101111111110111011101111111011001010011111100 
4 0 0 3 0 2 0 0  10010000100101001001010110010000100101001001010010010100100100001001010010010000100100001001000010010100100101001001000010010000100100001001000010010100100100001001000010010000100100001001000010010000 
4 0 0 3 0 2 0 0  10010100100100001001010010010000100101001001010010010000100100001001010010010000100100001001000011010100100101001001000010010000100101001001000010010100100100001001000010010000100100001001000010010000 
4 0 0 3 0 2 0 0  10010000100101001001010010010000100100001001000010010000100100001001010010010000100100001000000010010100100100001001000010010000100100001001010010010000100100001001010010010100100101001001000010010100 
6 0 0 2 0 0 0 0  10000000100100001001000010010000100100001000000010010000100000001001000010010000100100001000000010000000100000001000000010010000000100001001000010010000100100001001000010010000100100001000000010000000 
4 2 2 2 0 2 1 1  10010101100101011001010110001111100101001001110010010000100101001001010110010100110100001000100011110011111110111111110010011100100111110101011111111011101101111111110111001101111111011001010010111100 
4 0 0 2 0 0 0 0  10010100100101001001000010010000100100001001010010010100100100001001010010010000100100001001000010010100110101001001000010010000100100001001000010010100100100001001000010010000100100001001000010010000 
4 0 0 3 0 2 0 0  10010000100101001001000010010000100100001001010010010100100100001001010010010000100100001000000010010100100100001001001010010000100100001001000010010000100100101001000010010000100100001001000010010000 
4 0 0 3 0 2 0 0  10010100100101001001000010010000100100001001010010010100100100001001010010010000100100001001000010010100100101001001000010010000100100001001000010010100100100001001000010010000100100001001000010010000 
4 0 0 3 0 2 0 0  10010100100101001001000010010000100100001001000010010000100100001001010010010000100100001000000010010100100101001001000010010000100100001001000010010000100100001001000010000000100100001001000010010000 
6 0 0 2 0 0 0 0  10000000100000001000000010000000100000001000000010000000100000001000000010000000100000001000000010000000100000001001000010010000100100001001000010010000100100001001000010010000100100001001000010010000 
4 0 0 3 0 2 0 0  10010100100100001001010010010000100101001001010010010000100100001001010010010000100100001000000010010100100100001001000010010000100100001001000010010000100100001001000010000000100100001001000010010000 
4 0 0 3 0 0 0 0  10010000100100001001000010010000100000001000000010010000100000000001000010010000100100001000000010010000100000001001000010010000100100001001000010010000100100001001000010000000100100001001000010010000 
4 0 0 3 0 2 0 0  10010100100100001001010010010000100101001001010010010000100100001001010010010000100100001000000010010100100100001001000010010000100100001001000010010100100100001001000010010000100100001001000010010100 
4 2 2 2 2 2 1 1  10011101100101011101010110011110111111101111111111111111111101111001110111110101111101101111001111111011111110111111110010011100100111110101011111111011101101111111110111011101111111011001010010111100 
4 0 0 3 0 2 0 0  10010100100101001001010010010000100100001001000010010000100100001001000010000000100100001000000010010100100100001001000010010000100100001001000010010000100100001001000010010000100100001001000010010000 
6 0 0 2 0 0 0 0  10000000100100001001000010010000100100001000000010010000100000001001000010010000100100001000000010000000100000001000000010010000100100001001000010010000100100001001000010010000100100001001000010000000 
4 0 0 3 0 2 0 0  10010000100100001001010010010000100101001001010010010100100100001001010010010000100100001000000010010100100100001001000000010000100100001001000010010000100100001001000010010000100101001001000010010100 
6 0 0 2 0 0 0 0  10000000100100001001000010000000100000001000000010000000100000001000000010000000100000001000000010000000100100001001000010000000100000001000000010000000100000001000000010000000100000001000000010010000 
3 2 2 2 2 1 1 1  11010101110101001111010111110011111111111111111111111111111101111101111111111110111111101111111011111110111111111111111111111101111111111101011111111011101101111111110111011101111111011001010011111100 
6 0 0 2 0 0 0 0  10000000100100001000000010000000100000001001000010000000100000001000000010000000100000001000000010000000100000001000000010000000100000001000000010000000100000001000000010000000100000001000000010000000 
6 0 0 2 0 0 0 0  10000000100100001001000010000000100000001000000010000000100000001000000010000000100000001000000010000000100100001001000010000000100000001000000010000000100000001000000010000000100000001000000010010000 
4 0 0 3 0 2 0 0  10010000100100001001000010010000100100001001010010010100100100001001010010010000100100001000000010010100100100001001000010010000100100001001000010010000100100001001000010010000100100001001000010010000 
6 0 0 3 0 0 0 0  10010000100000001001000010000000100000001000000010000000100100001000000010000000100000001000000010000000100000001000000010010000100000001000000010000000100000001000000010000000100000001000000010000000 
4 0 0 3 0 0 0 0  10010000100100001001000010000000100000001000000010000000100000001000000010000000100000001000000010000000100100001001000010000000100000001000000010000000100000001000000010000000100100001001000010000000 
4 0 0 3 0 2 0 0  10010100100100001001010010010000100100001001000010010000100100001001010010010000100100001000000010010100100100001001000010010000100100001001000010010000100100001001000010000000100100001001000010010000 
4 2 2 2 2 1 1 1  10010101100101011001010110001111100101001001110011111111111101111100111111111110111111101111111011111110111111111111110111111111111111111111111111111111111111111111111111111110111111101111111011111110 
6 0 0 3 0 0 0 0  10010000100100001001000010010000100100001001000010010000100100001001000010000000100100001000000010010000100000001001000010010000100100001001000010010000100100001001000010010000100000001000000010000000 
4 0 0 3 0 2 0 0  10010100100100001001000010010000100100001001000010010000100100001001010010010000100100001000000010010100100100001001000010010000100100001001000010010000100100001001000010010000100100001001000010010100 
4 0 0 3 0 2 0 1  10010100100100001001000010010000100100001001000010010000100000001001010010010000100100001000000010010100100100001001000010010000100100001001010010011100100101001001110010010100100101001001000010011100 
4 0 0 3 0 2 0 1  10010100100100001001000010010000100100001001000010010000100100001001010010010000100100001000000010010100100100001001000010010000100100001001010010011100100101001001110010010100100101001001000010011100 
4 0 0 3 0 2 0 0  10010100100101001001010010010000100101001001010010010000100100001001010010010000100100001000000010010100100100001001000010010000100100001001000010010100100100001001000010010000100101001001000010010100 
4 0 0 3 0 2 0 0  10010000100101001001010110010000100101001001010010010100100100001001010010010000100100001001000010010100100101001001000010010000100100001001000010010100100100001001000010010000100100001011000010010000 
