7 0 0 0 0 0 0 0  10000000100000001000000010000000100000001000000010000000100000001000000010000000100000001000000010000000100000001000000010000000100000001000000010000000100000001000000010000000100000001000000010000000 
1 2 2 2 2 2 0 0  11111111111111111111111111111111111111101111111111111110111111111111111111111110111111101111111111111110111111111111111111111111111111111111111111111111111111111111111111111110111111101111111011111110 
7 0 0 0 0 0 0 0  10000000100000001000000010000000100000001000000010000000100000001000000010000000100000001000000010000000100000001000000010000000100000001000000010000000100000001000000010000000100000001000000010000000 
3 0 0 2 2 2 0 0  10010000100101001001110010010000100101001001010010011010100111101001000010001100100110001001010010011000100101001000110010010000100101001000110010001100100101001001010010011100100101001001000010011100 
3 0 0 2 2 2 0 0  10010000100100001001010010010100100111001001010010011000100111001001000010001000100100001001010010010100100111001001110010010000100101001001110010011101100101001001010010011100100101001001000010011100 
4 0 0 2 2 2 0 0  10010000100101001001010010010000100110001001010010011000100111001001000010001000100100001001010010011100100111001000110010010000100101001000110010011100100101001001010010011100100101001001000010010100 
4 0 0 2 2 2 0 0  10001100100010001000100010001000100011001000100010010000100111001001000010011100100110001001010010011000100111001000010010010000100100001000110010001000100101001001010000010100100101000001000010011100 
7 0 0 0 2 0 0 0  10000000100010001000100010001001100010001000100010001000100000001000100010001000100010001000000010001000100010001000100010000000100000001000100010000000100010001000000010000000100010001000100010001000 
4 0 0 2 2 2 0 0  10001000100010001000100010001101100010001000100010001000100000001000100010001000100010001000100000001000100010001000100010001000100010001000100010001000100101001001010010010100100101001001000010010100 
3 0 0 2 2 2 0 0  10010000100100001001010010010100100111001001110010011100101011001001000010001100100110001001010010010100100111001001110010010000100101001000100010001110100101001001010010011100100101001001100010011100 
4 2 0 2 2 2 0 0  10010101100100001001010010010000100111001001010010011000100111001001000010001000100100001000010010010100100111001001110010010000100101001001110010011101100101001001010010011100100101001001000010011100 
4 0 0 0 3 0 0 0  10001000100010001000110010001000100011011000100010001000100000001000100010001000100010001000100010001000100010001000100010000000100010001000100010001000000010001000000010000000100010001000100010001000 
5 0 0 0 2 0 0 0  10000000100000001000100010001000100010001000000010001000100010001000000010000000100000001000000010001000100010001000100010000000100000001000100010000000100010001000000010000000100010001000100010001000 
5 0 0 0 3 0 0 0  10001000100000001000000010001000100010001000100010001000100010001000000010000000100000001000000010000000100000001000000010000000100000001000000010000000100010001000000010000000100010001000100010001000 
3 0 0 2 2 2 0 0  10010000100100001001010010010000100110001001010010011000100111001001000010001000100100001001010010010100100111001000100010010000100100001000000010001001100101001001010010011100100101001001000010011100 
5 0 0 0 2 0 0 0  10001000100000001000000010001000100010001000100010000000100000001000100010001000100000001000000010000000100000001000000010000000100000001000000010000000100000001000000010000000100000001000000010000000 
5 0 0 0 0 0 0 0  10000000100000001000100010000000100000001000000010001000100000001000000010000000100000001000000010000000100000001000000010000000100000001000000010000000100000001000000010000000100000001000100010000000 
4 0 0 0 3 0 0 0  10001000100010001000100010000000100000001000000010000000100000001000000010000000100000001000000010000000100010001000100010000000100000001000100010000000100010001000000010000000100010001000000010000000 
5 0 0 0 3 0 0 0  10001000100010001000000010000000100000001000000010000000100000001000000010000000100000001000000010000000100000001000000010000000100000001000000010000000100000001000000010000000100000001000000010000000 
0 2 2 2 2 2 0 0  11111101111111011111111111111111111111111111111111111110111111111111111111111110111111101111111111111110111111111111111111111111111111111111111111111111111111111111111111111110111111101111111011111110 
7 0 0 0 0 0 0 0  10000000100000001000000010000000100000001000100010001000100000001000100010001000100010001000000010001000100010001000100010000000100000001000100010000000100010001000000010000000100010001000100010001000 
1 2 2 2 2 2 0 0  11110101111111011101110111111110111111001101110111111111111111111101110011111101111111101111110111110111111111111111111110010000100101001000110110011100100101001001010010011100100101001001000010011100 
4 0 0 0 3 0 0 0  10001000100010001000000010000000100010001000100010001000100000001000100010001000100000001000000010001000100010001000100010000000100000001000100010000000100010001000000010000000100010001000100010000000 
5 0 0 0 3 0 0 0  10001000100000001000100010001000100010001000000010001000100000001000100010001000100000001000000010001000100010001000000010000000100000001000000010000000100000001000000010000000100000001000000010000000 
3 0 0 2 2 2 0 0  10010101100111011001110110011110110111001001110010011111111101111101000010001100100100001001010010010100100111101001010010010000100101001000110110001100100111110111111111101110111111101101111011111110 
7 0 0 0 2 0 0 0  10000000100010001000000010000000100000001000000010000000100000001000000010000000100000001000000010000000100000001000000010000000100000001000000010000000100000001000000010000000100000001000000010000000 
4 0 0 2 2 2 0 0  10010100100100001001010010010000100111001001010010011000100111001001000010000000100000000001110010010100100110001000000010000000100100001000100010001000100100000001000010011000100101001001000010011000 
7 0 0 0 2 0 0 0  10000000100010001000000010000000100000001000100010001000100000000000100010001000100000001000000010000000100000001000000010000000100000001000000010000000100000001000000010000000100000001000000010000000 
5 0 0 0 2 0 0 0  10000000100010001000100010001000100010001000100010001000100010001000000010000000100000001000000010000000100000001000000010000000100000001000000010000000100010001000000010000000100010001000100010001000 
4 0 0 2 2 2 0 0  10010100100101001001010010010000100110001001000010011000100111001001000010001100100100001001010010011100100111001001110010010000100101001000100010000000100010001000000010000000100010001000000010001000 
4 0 0 2 2 2 0 0  10010100100101001001110010010000100110001001000010011000100111001001000010001100100100001001010010010100100111001001110010010000100101011000110010001100110101001001010010011100100101001001000010011100 
1 2 2 2 2 2 2 0  11111111111111111111111111111111111111001101110111111111111111111101110011111101111111101111110111110111111111111111111111001111111111111101111111111111111111111101101111111010111111101111111011111100 
1 2 2 2 2 2 2 0  11111101111111011111110111111101110111101101110111111111111111111101110011111101111111101111110111110111111111111111111111001111111111111101111111111111111111111101101111111010111111101111111011111100 
5 0 0 2 0 0 0 0  10010000100000001000000010000000100000001000000010000000100000001000000010000000100000001000000010000000100000001000000010000000100000001000000010000000100000001000000010000000100000001000000010000000 
1 2 2 2 2 2 2 0  11111111111111011111110111111101110111101101110111111111111111111101110011111101111111101111110111110111111111111111111111001111111111111101111111111111110101110101111111111110111111101111111011111100 
4 0 0 0 3 0 0 0  10001000100010001000100010000000100000001000000010001000100000001000100010001000100010001000100010001000100010001000100010000000100000001000000010000000100000001000000010000000100000001000000010000000 
4 0 0 2 2 2 0 0  10010100100100001001010010010000100111001001010010011000100111001001000010001000100100001001010010011100101111001000110010010000100101001000110010011100100101001001010010011100100101001001000010010100 
3 0 0 2 2 2 0 0  10010100100101001001110110011100110111001001110010011100100011001001000010001100100110001001010010001000100111011000110010010000100100001000100010001000100101001001010010011100100101001001000010011100 
7 0 0 0 2 0 0 0  10000000100000001000000010000000100000001000000010000000100000001000000010000000100000001000000010000000100000001000100010000000100000001000100010000000100010001000000010000000100010001000100010001000 
4 0 0 2 3 0 0 0  10001000100010001000100010001001100010001000100010001000100000001000100010001000100010001000100000001000100010001000100010001000100010001000100010001000000010001000000010000000100010001000100010000000 
1 2 2 2 2 2 2 0  11110101110111011101110111111110111111001101110111111111111111111101110011111101111111101111110111110111111111001001110010010000100101001000100010001110100101001001010010011100100101001001100010011100 
3 0 0 2 2 0 0 2  10001000100010001000100010001001100010001000100010001000100000001000100010001000100010001001100000001000100010001000100010001000100010001000100010001000000010001000000010001000100110101000100010001000 
1 2 2 2 2 2 2 0  10010101100111011111110111111101110111101101110111111110111111111111111111111110111111111111111111111110111111111111111111111111111111111111111111111111111101111101111111111110111111101111111011111100 
5 0 0 0 3 0 0 0  10001000100000001000100010001000100000001000000010001000100000001000100010000000100000001000000010000000100000001000000010000000100000001000000010000000100000001000000010000000100000001000000010000000 
4 0 0 0 3 0 0 0  10001000100010001000110010001000100011011000100010001000100000001000101010001000100010001000100010001000100010001000100010000100100010001000100010001000000010001000000010000000100010001000100010001000 
4 0 0 2 2 2 0 1  10010101100111011001110110011100110111001001110011011110111101111101001011001100100100001011010010010100100111001001110010010000100101001000110011101100110101001001010010011100100101001101000010011100 
4 0 0 2 2 2 0 0  10010000100101001001010010010000100110001001010010011000100111001001000010001000100100001001010010010100100111001001110010010000100101001000100010000000100101001001010010011100100101001001000010000000 
5 0 0 0 2 0 0 0  10000000100000001000000010001000100010001000000010000000100000001000100010001000100000001000000010000000100000001000000010000000100000001000000010001000100010001000000010000000100010001000000010001000 
4 0 0 2 2 2 0 0  10010000100101001001010010010000100110001001010010011000100111001001000010001000100100001001010010010100100111001000100010000000100100001000100010001000100100000001000010011000100101001001000010011000 
4 0 0 0 3 2 0 1  10001000100010001000110010001000100011011000100010001000100000001000100010001000100010001000100010001000100010001000100010000000100010001000100010001000000010001000000010001100100101001001000010010100 
5 0 0 0 3 0 0 0  10001000100010001000100010001001100010001000100010001000100000001000100010001000100010001000100000001000100010001000100010000000100000001000100010000000100010001000000010000000100010001000100010000000 
5 0 0 0 2 0 0 0  10000000100010001000100010001000100010001000000010001000100000001000000010000000100000001000000010000000100000001000000010000000100000001000000010000000100000001000000010000000100000001000100010000000 
4 0 0 2 2 2 0 0  10010000100101001001100010010000100110001001010010010000100111001001000010011100100110001001010010011000100111001000110010010000100100001000110010001000100101001001010000010100100101000001000010010100 
0 2 2 2 2 2 0 0  11111101111111011111110111111101110101101101110111111111111111111111111111111110111111101111111111111110111111111111111111110111111111111111111111111111111111111111111111111110111111101111111011111110 
7 0 0 0 3 0 0 0  10000000100010001000100010001001100010001000100010001000100000001000100010001000100010001000000010001000100010001000100010000000100000001000000010000000100000001000000010000000100000001000000010000000 
7 0 0 2 0 0 0 0  10000000100000001001000010000000100000001000000010000000100000001000000010000000100000001000000010000000100000001000000010000000100000001000000010000000100000001000000010000000100000001000000010000000 
3 0 0 2 2 2 0 0  10010100100100001001010010010000100111001000010010011000100111001001000010001000100100001001010010010100100111001000100010000000100100001000100010001000100100000001000010011000100101001001000010011100 
5 0 0 2 0 0 0 0  10010000100000001000000010000000100000001000000010000000100000001000000010000000100000001000000010000000100100001000000010000000100000001000000010000000100000001000000010000000100000001000000010000000 
7 0 0 0 2 0 0 0  10000000100010001000000010000000100000001000100010001000100000000000100010001000100000001000000010001000100010001000100010000000100000001000100010000000100010001000000010000000100010001000100010001000 
7 0 0 0 2 0 0 0  10000000100010001000000010000000100000001000100010001000100000001000100010000000100000001000000010001000100000001000100010000000100000001000100010000000100000001000000010001000100000001000000010000000 
1 2 2 2 2 2 2 0  11110101111111011101110111111110011111101111111101111110111111111111111111111110111111101111111111111110111111111111111111111111111111111111111101111111111111100101111111111110111111101111111011111100 
5 0 0 2 0 0 0 0  10010000100000001001000010000000100000001000000010000000100000001000000010000000100000001000000010000000100000001000000010000000100000001000000010000000100000001000000010000000100000001000000010000000 
1 2 2 2 2 2 0 0  11110101110111011101110101111100111111001001010010011111011101111101000010001100100100011001010010010100110110001000110010010000100101001000110010011100100101001001010010011100100101001001000010011100 
4 2 0 2 2 2 0 0  10010101100111011001110110010100100111001001110010011111111101111101000010001100100100001001010010010100100111001001010010010000100101001000110010001100100101001001011010011100100101001001000010011100 
7 0 0 0 2 0 0 0  10000000100010001000100010000000100000001000000010000000100000001000000010000000100000001000000010000000100000001000000010000000100000001000000010000000100000001000000010000000100000001000000010000000 
4 0 0 0 3 0 0 0  10001000100010001000000010000000100010001000100010001000100000001000100010001000100000001000100010001000100010001000100010000000100000001000000010000000100000001000000010000000100000001000000010000000 
1 2 2 2 2 2 2 0  10010101100111011001110111111101110111101101110111111111111111111101110011111101111111101111110111110111111111111111111111001111111111111101111111111111101111111101101111111010111111101111111011111100 
4 0 0 0 3 0 0 0  10001000100010001000100010000000100000001000000010001000100000001000100010001000100010001000100010001000100010001000100010000000100010001000100010001000000010001000000010000000100010001000100010001000 
5 0 0 0 3 0 0 0  10001000100010001000000010001000100000001000000010001000100000001000100010000000100000001000000010000000100000001000000010000000100000001000000010000000100000001000000010000000100000001000000010000000 
3 0 0 2 2 2 0 0  10010101100111011001110110001100100111001001010010010000100110001001000010001000100100001001010010011100100111001000110010010000100101001000110010011100100101001001010010011100100101001001000010010100 
7 0 0 0 0 0 0 0  10000000100000001000000010000000100000001000000010000000100000001000100010001000100010001000000010001000100010001000100010000000100000001000100010000000100010001000000010000000100010001000100010001000 
4 0 0 2 2 2 0 0  10010100100101001001010010010000100110001001000010011000100111001001000010001100100100001001010010011100100111001001110010010000100101001000100010000000100101001001010010011100100101001001000010000000 
7 0 0 0 2 0 0 0  10000000100010001000000010000000100000001000000010000000100000001000000010000000100000001000000010000000100000001000000010000000100000001000100010000000100000001000000010000000100000001000000010000000 
5 0 0 0 2 0 0 0  10001000100010001000000010000000100000001000100010001000100000001000100010001000100000001000000010000000100000001000000010000000100000001000000010000000100010001000000010000000100000001000000010000000 
0 2 2 2 2 2 0 0  11111101111111011111110111111101110111001001110011011110111101111101001011001100100100001011010010010100100111001001110010010000100101001000110011101100110101001001010010011100100101001101000010011100 
4 0 0 2 2 2 0 0  10010100100100001001010010010000100111001001010010011000100111001001000010001000100100001000010010010100100111001001110010010000100101001001110010011101100101001001010010011100100101001001000010011100 
0 2 2 2 2 2 2 0  11111101111111011111111111111111111111111111111111111110111111111111111111111110111111101111111111111110111111111111111111111111111111111111111101111111111111110101111111111110111111101111111011111100 
7 0 0 0 2 0 0 0  10000000100000001000000010000000100000001000100010001000100000001000000010000000100000001000000010000000100000001000000010000000100000001000000010000000100000001000000010000000100000001000100010000000 
5 0 0 0 2 0 0 0  10000000100010001000100010000000100000001000000010000000100000001000000010000000100000001000000010000000100000001000000010000000100000001000000010001000100010001000000010000000100010001000100010001000 
5 0 0 0 3 0 0 0  10001000100000001000100010001000100010001000000010001000100000001000100010000000100000001000000010001000100010001000100010000000100000001000100010000000100010001000000010000000100010001000100010001000 
7 0 0 0 0 0 0 0  10000000100000001000100010001000100010001000000010001000100010001000000010000000100000001000000010000000100000001000000010000000100000001000000010000000100000001000000010000000100000001000000010000000 
3 0 0 2 2 2 0 0  10010000100100001001010010010000100110001001010010011000100111001001000010001000100100001001010010010100100111001000100010000000100100001000100010001000100100000001000010011000100101001001000010011000 
5 0 0 0 3 0 0 0  10000000100000001000100010001000100010001000000010001000100010001000000010000000100000001000000010001000100010001000100010000000100000001000100010000000100010001000000010000000100000001000000010000000 
3 0 0 2 2 2 0 0  10010100100101001001110110011100110111001001110010011100100011001101000010001100100100011001010010010100110110001000110010010000100101001000110010011100100101001001010010011100100101001001100010011100 
7 0 0 0 2 0 0 0  10000000100000001000100010001000100010001000000010001000100010001000000010000000100000001000000010000000100000001000000010000000100000001000000010000000100010001000000010000000100010001000100010001000 
4 0 0 2 2 2 0 0  10010100100101001001010010010000100110001001000010011000100111001001000010001100100100001001010010011100100111001000110010010000100101001000110010011100100101001001010010011100100101001001000010010100 
4 0 0 2 2 2 0 0  10001000100010001000100010001101100010001000100010001000100000001000100010001000100010001000100010001000100010001000100010000000100010001000100010001000000010001000000010000000100010001000100010001000 
1 2 2 2 2 2 2 0  11111111111111011111110111111101110111101101110111111110111111111111111111111110111111111111111111111110111111111111111111111111111111111111111111111111111101111101111111111110111111101111111011111100 
3 0 0 2 2 2 0 0  10010101100111011001110110011110110111001001110010011111111101111101000010001100100100001001010010011100100111001000110010010000100101001000110010011100100101001001010010011100100101001001000010010100 
4 0 0 2 2 2 0 0  10010101100111011001110110011100110101101101110111111111111111111111111111111110111111101111111111111110111111111111111111110111111111111111111110111111111111111111111111111110111111101111111011111110 
5 0 0 0 2 0 0 0  10000000100010001000100010000000100000001000000010000000100000001000000010000000100000001000000010000000100000001000000010000000100000001000000010000000100000001000000010000000100000001000100010000000 
4 0 2 2 2 2 0 0  10010101100111011001110110010100100111001001110010011100101011001001000010001000100110001001010010010101100111001001110010010000100101001000110010011100100101001001010010011100100101001001000010011100 
4 0 2 2 2 2 0 0  10010101100111011001110110010100100111001001110010011100101011001001000010001100100110001001010010010100100111001001110010010000100101001000110010011100100101001001010010011100100101001001000010011100 
3 0 2 2 2 2 0 0  10010101100111011001110111111111111111001111111111111110111111111111111111111110110111111111111111111110111111111111111111111000100101001000110010011100100101001001010010011100100101001001000010011100 
5 0 0 0 2 0 0 0  10000000100010001000000010000000100000001000100010001000100000000000100010001000100000001000000010001000100010001000100010000000100000001000100010000000100010001000000010000000100000001000100010000000 
4 0 0 2 2 2 0 0  10010000100101001001100010010000100110001001010010010000100111001001000010011100100110001001010010011000100111001000110010010000000101001000110010001100100101001001010110011100100101001001000010011100 
4 0 0 2 2 2 0 0  10010100100100001001010010010000100111001001010010011000100111001001000010000000100000000001110010010100100110001000000010010000100100001000000010001000100101001001010010011100100101001001000010011100 
7 0 0 0 2 0 0 0  10000000100000001000000010000000100000001000000010000000100000001000000010000000100000001000000010000000100000001000000010000000100000001000100010000000100000001000000010000000100000001000000010000000 
3 0 0 2 2 2 0 0  10010000100100001001010010010000100110001001010010011000100111001001000010001000100100001001010010010100100111001000100010000000100100001000100010001000100100000001000010011000100101001001000010011100 
7 0 0 0 0 0 0 0  10000000100000001000100010001000100010001000000010001000100010001000000010000000100000001000000010000000100000001000000010000000100000001000000010000000100000001000000010000000100000001000100010000000 
