7 0 0 0 0 0 0 0  10000000100000001000000010000000100000001000000010000000100000001000000010000000100000001000000010000000100000001000000010000000100000001000000010000000100000001000000010000000100000001000000010000000 
2 2 2 3 2 2 2 0  11111111111111111111111111111111111111111111111011111110111111111101111111111111111111101111111011111110111111111111111011111111111111111111111111111111111111111111111111111110111111101111111011111111 
2 2 2 3 2 2 2 0  11111111111111111111111111111111111111111111111011111110111111111101111111111111111111101111111011111110111111111111111011111111111111111111111111111111111111111111111111111110111111101111111011111111 
7 0 0 0 0 0 0 0  10000000100000001000000010000000100000001000000010000000100000001000000010000000100000001000000010000000100000001000000010000000100000001000000010000000100000001000000010000000100000001000000010000000 
2 2 2 3 2 2 2 0  11111101111111011111110111111111111111111111111011111110111111111101110011010111111111111111111111011111111111111111011011010100110111111001010010011000100111001001010110011100110100001101110010001100 
4 2 2 3 2 2 2 0  10011101110101011111110111111110100111101111110011010111100111111001111111111111111111111111111111111111110111111111111011111111111111011111111110111111111110111111111111111110111111101111111110010100 
4 0 0 3 2 2 0 0  10010000100100001001000010011000100011011001000010011000100101001000110010010100100010001000110010011100100101001001100010010100100101011001010010010000100111001001010110010100100100001001000010010100 
7 0 0 3 0 0 0 0  10000000100100001001000010010000100100001000000010010000100100001001000010010000100100001001000010000000100000001001000010010000100100001001000010010000100100001001000010010000100100001001000010010000 
7 0 0 3 0 0 0 0  10000000100000001000000010000000100000001000000010000000100000001001000010010000100000001001000010000000100000001000000010000000100100001001000010000000100000001000000010000000100000001000000010010000 
7 0 0 0 0 0 0 0  10000000100000001000000010000000100000001000000010000000100000001000000010010000100000001000000010000000100000001000000010000000100000001000000010000000100000001000000010000000100000001000000010000000 
4 0 0 3 2 2 0 0  10010100100100001001000010011000100011011001000010011101100100001000110010010000100010011000110010010100100100001001000010010000100100001001010010010000100111001001010110010100100100001001010010011100 
7 0 0 0 0 0 0 0  10000000100000001001000010000000100000001000000010000000100100001000000010000000100000001000000010000000100000001000000010000000100000001001000010010001100100001001000010010000100100001001000010010000 
7 0 0 0 0 0 0 0  10000000100000001001000010000000100000001000000010000000100100001000000010000000100000001000000010000000100000001000000010000000100000001001000010010001100100001001000010000000100000001000000010000000 
2 2 2 3 2 2 2 0  11111101111111011111111111111111111111111111111011111110111111111101111111111111111111101111111011111111111111111111111011111111111111111111111111111111111111111111111111111110111111101111111011111111 
7 0 0 0 0 0 0 0  10000000100100001001000010000000100000001000000010000000100100001001000010010000100000001001000010000000100000001000000010010000100100001001000010000000100000001000000010000000100000001000000010000000 
2 2 2 3 2 2 2 0  10010101100101011001010110010011111111111111111011111110111111111101111111111101111111101111111011111110111111111111111011111111111111111111111111111111111111111111111111111110111111101111111011111111 
4 0 0 3 0 0 0 0  10010000100000001001000010000000100000001000000010000000100100001001000000010000100000001000000010000000100000001000000010000000100000001000000010000000100000001000000010000000100000001000000010000000 
2 2 2 3 2 2 2 0  11111101111111011111110011111111111111111111111011111110111111111101111111111111111111101111111011111110111111111111111011111111101111111111111111111111111111111111111111111110111111101111111011111111 
4 0 0 3 2 2 0 0  10010100100100001001010010010000100011011001000010011100100100001000110110010100100010001000110010011100100101001001100010011000100100001001000010010000100100001001000010010000100000001000000010000000 
4 0 0 3 2 2 0 0  10010000100100001001010010011000100100001001000010011000100100001000110010010000100010011000110010010100100100001001100010010100100101011001010010010000100111001001010110010100100100001001000010010100 
4 0 0 3 0 0 0 0  10010000100100001000000010000000100000001000000010000000100000001001000000010000100000001000000010000000100000001000000010000000100000001001000010000000100000001000000010000000100000001000000010000000 
4 0 0 3 2 2 0 0  10010100100101001001010010010000100011011001010010011100100101001000110010010100100010001000110010011100100101001001100010010100100001011001010010010000100111011001010110010100100100001001011010010100 
4 0 0 3 2 2 0 0  10010100100101001001000010011101100011011001000010011000100100001000000010010000100000001001000010000000100000001001000010010000100100001001000010010100100100001001000010010000100100001001000010010000 
2 3 2 3 2 2 2 0  11111111111101111111111101111111111111111101111010111110111111101111111111111111111111111111111111011111111111111111111011111111111111111111011011111111111111011101010111110010111111101111111111111110 
4 0 0 3 0 0 0 0  10010000100000001001000010000000100000001000000010000000100100001001000010010000100000001001000010000000100000001000000010000000100100001001000010000000100000001000000010000000100000001000000010010000 
4 0 0 3 2 2 0 0  10010000100100001001000010010000100011011001000010010000100100001000110010010000100000001001000010000000100000001001000010010000100100001001000010010000100100001001000010010000100101001001110010010100 
4 0 2 3 2 2 0 0  10011101100101011111110011111110100111101111110011010101100111111001111111111111111110111111111111111111111111111111111011111111111111111101010010010100100111001001010111010100100100001001010010011110 
4 0 0 3 2 2 0 0  10010100100101001001010010010000100011011001000010011100100101001001110010010100100010001000110010011100100100001001000010010000100100001001010010011000100111001001010100010100100100001001010010011100 
4 2 2 3 2 2 2 0  10010101100101001001110111010000100011011001110010010111100100001000110010010100100011101000110010010100100101001001100010010100100111011001010010010000100011001101010110011100100100101001110010011100 
4 0 0 3 0 0 0 0  10010000100000001001000010000000100000001000000010000000100100001001000010010000100000001001000010000000100000001001000010010000100100001001000010010000100100001001000010010000100100001001000010010000 
4 0 0 3 2 2 0 0  10010000100101001001010010010000100011011001000010011000100100001000110010010000100011011000110010010100100100001001100010010000100100001001000010010000100101001001000010010000100100001001000010010000 
4 0 0 3 0 0 0 0  10010000100100001000000010000000100000001000000010000000100000001001000010010000100000001001000010000000100000001001000010010000100100001001000010010000100100000001000010010000100100001001000010010000 
4 0 0 3 2 2 0 0  10010100100101001001000010011101100011011001000010011000100100001000110010010000100010011000110010010100100100001001100010010000100100001001000010010000100101001001000010010000100100001001000010010000 
7 0 0 3 0 0 0 0  10000000100000001001000010000000100000001000000010000000100100001001000010010000100000001000000010000000100000001001000010010000100100001001000010010000100100001001000010010000100100001001000010010000 
7 0 0 0 0 0 0 0  10000000100000001001000010000000100000001000000010000000100100001001000010010000100000001001000010000000100000001001000010010000100100001001000010010000100100001001100010010000100100001001000010010000 
6 0 0 3 0 0 0 0  10010000100000001000000010000000100000001000000010000000100100001001000010010000100000001000000010000000100000001001000010010000100100001001000010010000100100001001000010010000100100001001000010010000 
4 0 0 3 0 0 0 0  10010000100100001001000010000000100000001000000010000000100000001001000000010000100000001000000010000000100000001000000010000000100000001001000010000000100000001000000010000000100000001000000010000000 
4 0 0 3 2 0 0 0  10010000100100001001000010011000100100001001000010010000100100001001100010010000100000001001000010011100100100001001000010010000100100001001000010010000100100000001000010010000100100001001000010010000 
7 0 0 3 0 0 0 0  10000000100000001000000010000000100000001000000010000000100000001001000010010000100000001001000010000000100000001000000010000000100100001001000010000000100000001000000010010000100100001001000010010000 
4 0 0 3 2 2 0 0  10010100100101001001000010011101100011011001000010011000100100001000110010010000100010011000110010010100100100001001100011010000100100001001000010010000100101001001000010010000100100001001000010010000 
4 0 0 3 2 2 0 0  10010000100100001001000010010000100011011001000010010000100100001000110010010000100010000000110010011100100101001001100010010100100100001001010010010000100111001001010110010100100100001001010010011100 
4 0 0 3 2 2 2 0  10010000100100001001010010011000100100001001000010011000100100001000110010010000100010011000110010010100100100001001100010010100100101011001010010010000100111001001010110010100100100101001110010011100 
6 0 0 3 0 0 0 0  10010000100000001000000010000000100000001001000010000000100100001001000010000000100000001000000010000000100000001000000010000000100000001000000010000000100000001000000010000000100100001001000010010000 
2 2 2 3 2 2 2 0  11111101111111111111111111111111111111111111110011010111100111111001111111111111111111111111111111111111110011111111111011111111111111011111111110111111111110111111111111111110111111101111111110010100 
6 0 0 3 0 0 0 0  10000000100100001001000010000000100000001000000010000000100100001001000010010000100000001000000010000000100000001001000010010000100100001001000010010000100100001001000010010000100100001001000010010000 
4 0 0 3 2 2 0 0  10010000100101001001000010011101100011011001000010011000100100001000110010010000100011011000110010010100100100001001100010010000100100001001000010010000100101001001000010010000100100001001000010010000 
6 0 0 3 0 0 0 0  10010000100000001000000010000000100000001001000010000000100000001000000010000000100000001000000010000000100000001000000010000000100000001000000010000000100000001000000010000000100000001000000010000000 
4 0 0 3 0 0 0 0  10010000100100001001000010011000100100001000000010010001100100001001000010010000100000001001000010000000100000001001000010010000100100001001000010010000100100001001000010010000100100001001000010010000 
4 0 0 3 0 0 0 0  10010000100000001001000010000000100000001000000010000000100100001001000010010000100000001001000010000000100000001001000010010000100100001001000010010000100100001001000010010000100100001000000010000000 
4 0 0 3 0 0 0 0  10010000100100001001000010000000100000001000000010000000100100001001000010010000100000001001000010000000100000001001000010010000100100001001000010010000100100001001000010010000100100001001000010000000 
4 0 0 3 2 2 0 0  10010000100101001001000010011101100011011001000010011000100100001000110010010000100010001000100010010000100000001001000010010000100100001001000010010000100100001001000010010000100100001001000010010000 
6 0 0 3 0 0 0 0  10000000100100001001000010000000100000001000000010000000100100001001000010010000100000001000000010000000100000001001000010010000100100001001000010010000100100001001000010010000100100001001000010010000 
4 2 0 3 2 2 0 0  10010101100101001001110111010000100011011001110010010111100100001000110010010100100011101000110010010100100101001001100010010100100111011001010010010000100011001001010110010100100100001001000010010100 
4 2 2 3 2 2 2 0  10010101100101011001010110010000100011011001000010011000100100001000110010010100100010001000110011111111111111111111111011111111111111111111011011111111111111001101010111110010111111101111111111111110 
4 0 0 3 0 0 0 0  10010000100100001001000010000000100000001000000010000000100100001001000010010000100000001001000010000000100000001001000010010000100100001001000010010000100100001000000010000000100000001000000010000000 
4 0 0 3 2 2 0 0  10010100100100001001010010010000100011011001000010011100100100001000110110010100100010001000110010011100100101001001100010011000100100001001010010011000100100001001000010010000100100001001000010010000 
4 0 0 3 2 2 0 0  10010000100101001001010010010000100011011001000010011000100100001000110010010100100010001000110010011100100101001001100010010100100101011001010010010000100100001001000010010000100100001001000010010000 
4 0 0 3 0 0 0 0  10010000100100001001000010000000100100001000000010010000100100001001000010010000100000001001000010000000100000001001000010010000100100001001000010010000100100001001000010010000100100001001000010010000 
7 0 0 0 0 0 0 0  10000000100000001000000010000000100000001001000010000000100000001001000010010000100100001001000010000000100000001001000010010000100100001001000010010000100100001001000010010000100100001001000010010000 
4 0 0 3 2 2 2 1  10010101100111011001010110010010100111111011110010010111100100001000110010010100100011001000110010010100100101001001000010010100100111011001010011111110111111011101010111111010111111101111111111111111 
4 0 0 3 2 2 0 0  10010100100100001001000010011000100011011001000010011101100100001000110010010000100010011000010010010100100100001001000010010000100101001001010010000000100100001001000010010000100100001001000010010000 
6 0 0 3 0 0 0 0  10000000100100001000000010000000100000001000000010000000100000001000000010000000100000001000000010000000100000001000000010000000100000001000000010000000100000001000000010000000100000001000000010000000 
2 2 2 3 2 2 2 0  11111101111111111111111111111111111111111111111011111110111111111101111111111111111111101111111011111110111111111111111011111111111111111111111111111111111111111111111111111110111111101111111111111111 
7 0 0 0 0 0 0 0  10000000100100001001000010000000100000001000000010000000100000001000000010000000100000001000000010000000100000001000000010000000100000001000000010000000100000001000000010000000100100001001000010010000 
4 0 0 3 2 2 0 0  10010101100101011001010110010000100011011001000010011000100100001000110010010100100010001000110000010100100101001001000010010100100111011001010010010000100111001001010110010100100100001001000010010100 
4 0 0 3 0 0 0 0  10010000100100001001000010000000100100001000000010010000100100001001000010010000100000001001000010000000100000001001000010010000100100001001000010010100100100001001000010010000100100001001000010010000 
4 0 0 3 2 2 0 0  10010000100101001001000010011101100011011001000010011000100100001000110010010100100010001000110010011100100101001001100010010100100101011001010010010000100100001001000010010000100100001001000010010000 
4 0 0 3 0 0 0 0  10010000100100001000000010000000100000001000000010000000100000001001000000010000100000001000000010000000100000001000000010000000100000001001000010010000100100001001000010010000100100001001000010010000 
6 0 0 3 0 0 0 0  10010000100000001000000010000000100000001001000010000000100000001000000010000000100000001000000010000000100000001001000010010000100100001001000010010000100100001001000010010000100100001001000010000000 
4 0 0 3 2 2 2 1  10010101100111011001010110010010100111111011110010010011100100001000110010010100100011001000111111111111111111111111111011111111111111011111111111111111111111111111111111111110111111001001110010001100 
4 0 0 3 2 2 0 0  10010000100101001001000010011101100011011001000010011000100100001000110010010100100010001000110010010100100100001001100010010100100101011001010010010000100111001011010110010100100100001001000010010100 
4 0 0 3 0 0 0 0  10010000100100001001000010000000100000001000000010000000100000001001000000010000100000001000000010000000100000001000000010000000100000001001000010000000100000001000000010000000100100001001000010010000 
4 0 0 3 2 2 0 0  10010000100101001001010010010000100011011001000010011000100100001000110010010100100010001000110010011100100101001001100010010100100101011001010010010001110111001001010110010100100100001001000010010100 
4 0 0 3 0 0 0 0  10010000100100001000000010000000100000001001000010000000100000001000000010010000100000001000000010000000100000001000000010000000100000001000000010000000100000001000000010000000100100001001000010010000 
4 2 2 3 2 2 2 0  10010101100101001001010111010000100011011001110010010111100100001001110010010100100011101000110010010000100101001001000010010100100111011001111111111111101111111111111111111110111111101111111011111111 
4 0 0 3 0 0 0 0  10010100100101001001010010010000100011011001000010011100100100001001000010010000100000001001000010000000100000001001000010010000100100001001000010010000100100001001000010010000100100001001000010010000 
3 2 2 3 2 2 2 0  11110101111101001111110111010010100111111011110010010101100100001000110010010100100011001000110010010100100101001001000010010100100111011001010010010000100111001101010110011100100100101001110010011100 
4 2 2 3 2 2 2 0  10011101100101011111110001111110100111101111110011010111100111111001111111111111111110111111111111111111111111111111111011111111111111111111011011111111111111011101010111110010111111101111111111111110 
4 2 2 3 2 2 2 0  10011101100101011111110111111111111111111111111011111110111111111101111111111111111111101111111011111110111111111111111011111111111111111111111111111111111111111111111111111110111111101111111111111111 
4 0 0 3 2 2 0 0  10010100100100001001000010011000100011011001000010011100100100001000110010010000100010001000100010011000100000001001000010010000100100001001000010010000100100001001000010010000100100001001000010010000 
6 0 0 3 0 0 0 0  10000000100100001000000010000000100000001001000010000000100000001000000010010000100000001000000010000000100000001000000010000000100000001000000010000000100000001000000010000000100100001001000010010000 
7 0 0 3 0 0 0 0  10000000100000001000000010000000100000001000000010000000100000001001000010010000100100001001000010000000100000001001000010010000100100001001000010010000100100001001000010010000100100001001000010010000 
6 0 0 3 0 0 0 0  10000000100100001000000010000000100000001001000010000000100000001001000010010000100100001001000010000000100000001001000010010000100100001001000010010000100100001001000010010000100100001001000010010000 
7 0 0 0 0 0 0 0  10000000100000001001000010000000100000001000000010000000100100001000000010000000100000001000000010000000100000001000000010000000100000001000000010000000000100001000000010000000100000001000000010000000 
4 0 0 3 2 2 0 0  10010101100101011001010110010000100011011001000010011000100100001000110010010100100010001000110000010100100101001001000010010100100111011001010010010010100111001001010110010100100100001001000010010100 
4 0 0 3 2 2 0 0  10010000100100001001000010011000100100001001000010010000100100001001000010010000100000001001000010011100100101001001100010010100100101011001010010010000100111001001010110010100100100001001000010010100 
4 0 0 3 2 2 0 0  10010100100101001001010010010000100011011001010010011100100100001000110010010000100010011000110010010100100100001001100010010000100100001001000010010000100101001001000010010000100100001001000010010000 
7 0 0 3 0 0 0 0  10000000100100001000000010000000100000001000000010000000100100001001000010010000100000001000000010000000100000001001000010010000100100001001000010010000100100001001000010010000100100001001000010010000 
4 0 0 3 0 0 0 0  10000000100000001000000010000000100000001000000010000000100000001000000010010000100000001001000010000000100000001001000010010000100100001001000010010000100100001001000010010000100100001000000010000000 
4 0 0 3 2 2 0 0  10010000100101001001010110010000100011011001000010011100100100001000110010010000100010001000100010011000100000001001100010010100100101011001010010010000100111001001010110010100100100001001000010010100 
6 0 0 3 0 0 0 0  10010000100000001000000010000000100000001001000010000000100100001001000010000000100000001000000010000000100000001000000010000000100000001000000010000000100000001000000010000000100000001000000010000000 
4 2 2 3 2 2 2 1  10010101100111011001010110010010100111111111111001010011100100101011110010110111111110111111110010010100100101001001000010010100100111011001010011111110111111011101010111111010111111101111111111111111 
4 0 0 3 2 2 0 0  10010000100101001001010110010000100011011001000010011100100100001000110010010000100010001000100010011000100000001001100010010100100101011001010010010000100111001001010110010100100100001001011010010100 
7 0 0 0 0 0 0 0  10000000100000001001000010000000100000001000000010000000100100001000000010000000100000001000000010000000100000001000000010000000100000001000000010000000000100001000000010000000100000001000000010000000 
4 0 0 3 2 2 0 0  10010000100100001001000010011101100011011001000010011000100100001000110010010000100011011000110010010100100100001001100010010000100100001001000010010000100101001001000010010000100100001001000010010000 
6 0 0 0 0 0 0 0  10000000100100001000000010000000100000001000000010000000100000001000000010000000100000001000000010000000100000001000000010000000100000001000000010000000100000001000000010000000100100001001000010010000 
4 0 0 3 2 2 0 0  10010000100100001001010010011000100011011001010010011100100100001000110010010000100010011000110010010100100100001001100010010000100101001001000010010000100101001001000010010000100100001001000010010000 
4 0 0 3 2 2 0 0  10010100100101001001010010010000100011011000000010011100100101001001100010010000100000001001000010011100100100001001000010010000100100001001000010010000100111001001010110010100100100001001010010011100 
4 0 0 3 2 2 0 0  10010101100101011001010110010000100011011001000010011000100100001000110010010100100010001000110010010100100101001001000010010100100111011001010010010000100111001101010110011100100100101001110010011100 
6 0 0 3 0 0 0 0  10000000100100001000000010000000100000001000000010000000100000001000000010000000100000001001000010000000100000001001000010010000100100001001000010010000100100001001000010010000100100001001000010010000 
