6 0 0 0 0 0 0 0  10000000100000001000000010000000100000001000000010000000100000001000000010000000 
3 0 0 2 0 0 0 0  10010000100100001000000010000000100100001000000010000000100100001001000010000000 
0 0 0 1 0 2 1 0  11111111111111111111111111111111111111111111111111111111111111111111111111111110 
3 0 0 2 0 0 0 0  10010000100100001001000010010000100100001001000010010000100100001001000010010000 
6 0 0 2 0 0 0 0  10000000100100001001000010010000100100001001000010010000100100001001000010010000 
6 0 0 2 0 2 0 0  10010100100000001000000010000000100000001000000010000000100100001000000010000000 
3 0 0 2 0 2 0 0  10011101100101001001010110010100100101001001010110010100100101001001010110010100 
3 2 0 2 0 2 0 1  11010101110101001101010111010100110101001101010111010101110101011101010111010100 
3 2 2 2 0 2 0 1  11110000111101001111010111010101111101001101010011010101110101001111010111010100 
3 0 0 2 0 2 0 0  10010100100000001001000010010000100000001001000010000000100100001000000010000000 
6 0 0 2 0 0 0 0  10000000100000001000000010000000100100001000000010000000100000001000000010000000 
1 2 2 2 0 2 1 2  11111101111111011111110111010100111111001111110111110101111111011111010111111100 
3 2 0 2 0 2 0 1  11010000110101011101010111010100110101001101010111010101110101011101010011010100 
3 2 2 2 0 2 0 2  11110101111111011111110111111100111101001111110111111101110111011101010111011100 
0 2 0 4 0 2 1 2  11111101111111111111111111111111111111101111111111111111111111111111111111111110 
3 2 0 2 0 2 0 1  10010000110101001101010111010100110101001101010111010101110101011101010111010100 
3 2 0 4 0 2 0 0  11010000100101001101000011010100110101001101000011010100110101001001010011010100 
6 0 0 2 0 0 0 0  10000000100000001000000010000000100100001001000010000000100000001000000010000000 
3 0 0 2 0 2 0 0  10010000100101001001010010010100100101001001010110010101100101011001010110010100 
3 2 0 4 0 2 0 0  11010000100101001101010011010100110101001101010011010100110101011001010011010100 
6 0 0 2 0 0 0 0  10000000100100001001000010000000100100001001000010010000100100001001000010010000 
6 0 0 2 0 2 0 0  10000000100101001001010010010100100101001001010010010100100101001001010010010100 
3 2 0 2 0 2 0 0  11010000100101001101010011010100100101001001000010010100100101001001010010010100 
6 0 0 2 0 2 0 0  10000000100101001001010110010100100101001001010010010101100101011001010110010100 
3 2 0 2 0 2 0 1  11110101111101011101010111110100110101001101010111010101110101011101010111010101 
3 0 0 2 0 2 0 0  10010000100101001001010010010100100101001001010010010100100101001001010010010100 
3 0 0 2 0 2 0 0  10010100100101001001010010010100100101001001010010010100100101001001010010010100 
3 2 0 4 0 2 0 0  10010000110101011001010111010101100101001101010110010101100101011101010010010101 
3 0 0 2 0 2 0 0  10010100100100001001000010010000100100001001000010010000100100001001000010010000 
6 0 0 2 0 0 0 0  10000000100000001001000010000000100100001001000010000000100000001000000010010000 
3 2 1 2 0 2 0 0  11110000100101001101010010010100110101001101010010010100110101001001010010010100 
1 2 2 2 0 2 1 2  11111111111111111111111111111110111111011111110111111101111111011111111111111101 
3 0 0 2 0 2 0 0  10010100100100001001000010010000100100001001000010010000100100001001000010000000 
3 2 2 4 0 2 0 1  11110101100101001101010111010100110101001101010111010101100101001001010111010100 
3 2 0 2 0 2 0 1  10011101100101001101010111010100110101001001010010010101100101011001010111010100 
3 0 0 2 0 2 0 0  10010100100000001001000010010000100100001001000010010000100100001001000010000000 
3 2 2 2 0 2 0 1  11111101110101001111110111010101110101001111010111011101110111001101010111011100 
3 0 0 2 0 2 0 0  10010000100100001001000010010000100100001001000010010000100100001001000010010100 
3 0 0 2 0 2 0 0  10010000100101001001010010010100100101001001010010010000100101001001010010010100 
3 0 0 2 0 2 0 0  10010000100101001001000010010000100100001001000010010000100100001001000010010000 
3 2 2 2 0 2 0 1  11111101110101001111010011010101110111001101010011010100100101001101010111010100 
3 0 0 2 0 2 0 0  10010000100101001001010010010100100101001001000010010000100101001001010010010100 
3 0 0 2 0 2 0 0  10010100100101001001010010010000100101001001000010010000100100001001000010010100 
6 0 0 2 0 0 0 0  10000000100000001001000010010000100100001000000010010000100000001000000010010000 
6 0 0 2 0 0 0 0  10000000100000001001000010000000100100001000000010000000100000001000000010000000 
3 0 0 2 0 2 0 0  10010100100000001001000010000000100100001001000010000000100100001001000010000000 
3 0 0 2 0 0 0 0  10010000100100001001000010010000100100001001000010010000100100001001000010000000 
0 2 0 2 0 2 1 2  11111101111111011111111111111101111111111111110111111101111111111111110111111101 
3 0 0 2 0 2 0 0  10010000100101001001010010010100100101001001000010010000100100001001010010010100 
6 0 0 2 0 0 0 0  10000000100000001001000010010000100100001001000010010000100000001001000010010000 
3 0 0 2 0 2 0 0  10010100100101001001010010010100100101001001000010010000100100001001000010010100 
3 2 0 2 0 2 0 1  10010101100101011001010110010100100101001101010110010101100101011001010110010100 
3 2 0 2 0 2 0 1  11010101110101011111010111110100110111001101010111010101110101011101010111010101 
3 0 0 2 0 2 0 0  10010100100101001001010010010100100101001001010010010100100100001001010010010100 
6 0 0 2 0 0 0 0  10000000100000001001000010010000100100001001000010010000100000001000000010010000 
3 2 0 2 0 2 0 1  11010101100101001101010011010100110101001001010011010000110101001001010111010101 
3 0 0 2 0 2 0 0  10010100100101001001000010010100100101001001000010010000100100001001000010010000 
3 2 0 2 0 2 0 1  10010101110101011101010110010100100101001101010110010101100101011101010110010100 
6 0 0 2 0 2 0 0  10000000100101001001010010010100100101001001000010010000100100001001010010010100 
3 0 0 2 0 2 0 0  10010000100101001001000010010000100101001001000010010000100100001001000010010000 
3 0 0 2 0 2 0 0  10010000100101001001000010010000100101001001000010010000100100001001000010010100 
6 0 0 2 0 0 0 0  10000000100000001001000010010000100100001001000010010000100100001001000010010000 
3 0 0 2 0 2 0 0  10010100100100001001000010010000100100001001000010010000100100001001000010010100 
6 0 0 2 0 2 0 0  10000000100100001001000010010000100100001001000010010000100100001001000010010100 
3 0 0 2 0 2 0 1  10010101100101001001010110010100100101001001010110010100100101011001010110010100 
6 0 0 2 0 2 0 0  10000000100101001001010010010100100101001001000010010000100100001001000010010100 
3 0 0 2 0 2 0 0  10010100100101001001010010010100100101001001000010010000100100001001010010010100 
6 2 0 2 0 2 0 0  10000000110101011101010110010100100101001101010110010101100101011001010011010100 
3 2 0 2 0 2 0 1  11010000111101011111010111010100111101001101010111010101110101011111010111010100 
3 2 0 4 0 2 0 2  10010101110101011101010111010100110101001101010111010101110101011101010011010101 
3 0 0 2 0 2 0 0  10010000100101001001010010010000100101001001000010010000100100001001000010010100 
6 0 0 2 0 0 0 0  10000000100000001000000010010000100100001001000010010000100100001001000010010000 
3 0 0 2 0 2 0 0  10010100100101001001000010010000100100001001000010010000100100001001000010010000 
3 2 0 2 0 2 0 1  11010101100101001101010111010100110101001001010010010100100101001001010111010100 
6 0 0 2 0 2 0 0  10000000100101001001010010010100100101001001010010010000100101001001010010010100 
6 0 0 2 0 2 0 0  10000000100101001001000010010000100100001001000010010000100100001001000010010000 
3 0 0 2 0 2 0 1  10010101100101001001010010010100100101001001010010010000100101001001010010010100 
3 0 0 2 0 2 0 0  10010100100101001001000010010000100100001001000010010000100100001001000010010100 
3 0 0 2 0 2 0 0  10010000100101001001000010010100100101001001000010010000100100001001010010010100 
6 0 0 2 0 0 0 0  10000000100000001001000010000000100100001001000010000000100000001000000010000000 
6 0 0 2 0 2 0 0  10000000100101001001010010010100100101001001000010010000100101001001010010010100 
3 0 0 2 0 2 0 1  10010101100101001001010010010100100101001001000010010000100101001001010010010100 
1 2 2 2 0 2 1 2  11111111111111011111011111011101111101001111110111010101111111111111010111011100 
3 0 0 2 0 2 0 0  10010100100101001001010010010100100101001001010010010000100100001001010010010100 
6 0 0 2 0 0 0 0  10000000100000001000000010000000100100001001000010000000100100001000000010010000 
3 0 0 2 0 2 0 0  10010000100101001001010010010000100100001001000010010000100100001001000010010100 
3 0 0 2 0 2 0 0  10010000100101001001010010010100100100001001000010010000100100001001010010010100 
6 0 0 2 0 2 0 0  10000000100101001001000010010000100101001001000010010000100100001001000010010100 
6 0 0 2 0 0 0 0  10000000100100001000000010000000100100001001000010010000100100001001000010010000 
6 0 0 2 0 0 0 0  10000000100000001000000010000000100000001001000010000000100100001000000010010000 
3 0 0 2 0 2 0 0  10010100100101001001010110010100100101001001010110010100100101011001010110010100 
3 0 0 2 0 0 0 0  10010000100100001001000010010000100100001000000010000000100100001000000010000000 
3 0 0 2 0 2 0 1  10010101100101001001010010010100100101001001010010010100100101001001010010010100 
6 0 0 2 0 0 0 0  10000000100000001000000010010000100100001001000010010000100100001000000010010000 
6 0 0 2 0 0 0 0  10000000100100001000000010010000100100001001000010010000100100001001000010010000 
6 2 0 2 0 2 0 0  10000000100101011101010110010100100101001001010110010101100101011001010111010100 
6 0 0 2 0 2 0 0  10000000100101001001000010010000100101001001000010010000100100001001000010010000 
6 0 0 2 0 2 0 0  10000000100101001001010010010100100101001001000010010000100100001001000010010000 
6 0 0 2 0 2 0 0  10000000100101001001010010010100100100001001000010010000100100001001000010010000 
1 2 2 2 0 2 1 1  11111111110111011101010111010101110101001111010111010101110101101101010111011100 
