494.5521708611748 820.397148943912 
533.1515100728469 353.0113004331052 
673.6706702284582 120.35981713331489 
628.6137317406093 135.06464985962302 
623.4769626808837 140.3109513174058 
616.8120793691902 150.35616049947694 
532.410184614607 394.4125743548241 
641.6914468728922 126.39386005136184 
531.0904341765697 473.79990150923936 
666.8787436203844 120.69362165494462 
595.8046990801761 167.033174040749 
600.8147127495753 165.42490882402495 
528.6012935928896 541.4408880215882 
610.2832376612748 155.68661166970162 
519.9695843234839 668.3407677550571 
608.263394409765 160.3105279513715 
532.8487864166864 360.28997963851947 
591.6225417790317 172.44781422150763 
566.6156275566801 268.02244146680846 
537.764687022721 346.4879537504884 
588.8539327647602 182.3797740188817 
636.5572355209473 129.49974824117004 
579.4577717899615 221.64699555332237 
530.4808649203975 498.2104597748787 
518.911975407599 679.6876127767985 
652.9663210895 123.94887085590825 
577.9559181182484 227.43929743478466 
531.9186260159495 438.2529864662575 
646.1734062164024 125.08778345495526 
564.7620935742138 272.9700299246892 
507.449756642681 761.3986282312939 
581.0911170883534 215.85161042125955 
520.9198146365551 657.4778584526462 
529.280891524183 528.4805935476336 
529.928281292 513.6077287109434 
524.5153073840924 613.809905647026 
660.9610808617233 122.57800741840488 
514.8362083032051 719.9299820037733 
587.5092609266799 188.34277782401728 
576.4383328227404 233.44860026560173 
548.5539856037824 316.7483893280667 
504.13305748077426 779.9706887369026 
582.5801722058975 209.7193188460057 
525.3023699070384 603.5470925629518 
621.967963202705 145.23437581737838 
526.6754130680159 579.6436833487184 
550.317900740269 312.0775924620304 
527.8391475975363 558.2158641945072 
563.0464138486714 277.66414792297144 
590.4781871648689 175.88988403204993 
558.1684019720993 291.1497854973368 
545.3938936581902 325.4851791239867 
586.2955454925132 194.29011719706628 
561.4917827031014 282.0398654840862 
559.8424458796406 286.7321381060695 
501.7584074579318 792.0242830345954 
515.9022104682989 709.0019723833199 
568.6670975146039 262.5807035243981 
502.90370481483575 786.2423132996203 
569.9769425438902 257.3894394551836 
546.9332514953428 321.19834855262076 
527.2399688085688 568.1694877616713 
539.3151463185106 342.20112317912185 
556.4442365521212 295.55533262497516 
575.1148303483078 238.65227335381826 
506.1634067913486 768.8730350132392 
571.332089036601 252.32924486810538 
543.675084590273 330.26633873571956 
553.5126223347122 303.6013587082781 
508.6101611383746 755.0388378878281 
551.958591920138 307.97971965496055 
500.6203865095027 798.3231874921898 
540.9130799560058 337.9060647814313 
526.0616902143776 593.3068752044675 
511.7589836519443 738.4894430804136 
510.67602140721004 744.0645180978672 
518.0732794908085 688.3512894369904 
585.0435664986989 200.33680625548416 
523.7748851352767 624.1937156980753 
554.9939586336046 299.50467612250884 
523.1000779219326 632.2658862073054 
521.6965189842402 648.6920324707929 
497.5718183362528 814.5426645663937 
509.6145565129366 749.615912818985 
522.3566446204104 640.956811429264 
499.5534192035936 803.8761019205303 
583.8515397615852 205.1247357162679 
512.8826868880689 732.707473345438 
573.7441024658314 243.6482864508135 
498.5607062702109 809.2097933194698 
513.829192539221 727.4505526523812 
612.6470709271132 154.41975692106067 
517.2828245849948 695.5185704799878 
572.6315001394056 247.63512686982259 
531.6283737702694 456.3835075819933 
516.5583316185161 702.1376387550716 
542.3782120435942 334.07888335952083 
505.3776165329432 773.9946406746461 
594.5773956305276 169.4476571837637 
634.2679174889976 131.3772379361423 
