6 0 0 0 0 0 0 0  10000000100000001000000010000000100000001000000010000000100000001000000010000000100000001000000010000000100000001000000010000000100000001000000010000000100000001000000010000000100000001000000010000000 
4 0 0 3 0 0 0 0  10010000100100001001000010010000100100001001000010010000100100001001000010010000100100001001000010010000100100001001000010010000100100001001000010010000100100001001000010010000100100001001000010010000 
0 0 0 0 0 0 0 1  11111111111111111111111111111111111111111111111111111110111111111111111011111111111111111111111111111111111111111111111111111111111111111111111111111111111111111111111111111111111111111111111111111111 
1 2 2 3 1 2 1 2  11110101110101011111010111010101111101001101010111110100111111011111010111010100110111111111010101010101111101001111010111111101111101010101010111111101111101001101010111110100110101001111010111011100 
1 4 2 1 1 2 1 2  11010101110101011101010101010101111101000101010011110101111111011111010011010100110101110101010101010101111101010111010001011100111101010111010011111100110101010101010111110100010101001111010111011101 
1 4 2 3 1 2 1 2  01010101110101011101010101010101111101000101010111110101111101011111010111010100111101100101010101010101111101010111010011111100111101010101010011111100110101010101010111110101010101010111010011010101 
4 0 0 3 0 0 0 0  10010000100100001001000010000000100000001000000010010000100000001001000010000000100100001001000010010000100000001001000010000000100000001001000010000000100000001001000010000000100000001001000010000000 
1 4 2 1 2 2 2 2  11111101111111011111010111011101110111011111110111111100111111011111110011110100110111011111010111011101111101011111110011111101111111010111010111011101111111011101110111111101110101001111001111111101 
5 0 0 3 0 0 0 0  10010000100100001000000010000000100000001000000010000000100000001000000010000000100000001000000010000000100000001000000010000000100000001000000010000000100000001000000010000000100000001000000010000000 
1 4 2 1 2 2 2 2  11111111111111111111111111111111111111111111111111111110111111111111111011111111111111111111011111111111111101111111110010111111111111111111111111111101111101111111111111111110111101101111111011111101 
4 0 0 3 0 2 0 0  10010101100101001001010010010100100101001001010010010100100101001001010010010000100100001001010010010100100101001001010010010000100101001001000010010100100101011001000010010100100100001001010010010100 
4 0 0 3 0 2 0 0  10010101100111001001010010010100100101001001010010010100100101001001010010010000100100001001010010010100100101001001010010010000100101001001000010010100100101011001100010010100100100001001010010010100 
5 0 0 3 0 0 0 0  10010000100000001000000010000000100000001000000010010000100100001001000010010000100000001001000010010000100000001001000010010000100000001001000010010000100000001001000010010000100100001001000010010000 
1 4 2 3 1 2 1 2  01010101010101011101010101010101111101000101010011110101111101011111010111010100110101110101010101010101111101000111010001011100111101010111010011111100110101000101010111110101010101010101010011011101 
6 0 0 2 0 0 0 0  10000000100100001000000010000000100000001001000010010000100100001001000010000000100000001001000010010000100000001001000010010000100100001000000010000000100100001001000010000000100000001001000010010000 
1 4 2 3 1 2 2 2  01010101010101000101010101010101111101000101010111010101011111011111010011010100110101100101010101010101011101000111010011011100010101011101010011111100110101000101010111110101010101010101010011011101 
4 0 0 3 0 0 0 0  10010000100100001001000010010000100100001001000010010000100100001001000010000000100000001001000010010000100100001001000010010000100100001001000010010000100100001001000010000000100100001001000010010000 
4 0 0 3 0 2 0 0  10010100100101001001010010010100100101001001010010010100100101001001010010010100100100001001010010010100100101001001010010010000100101001001000010010000100101011001000010010100100100001001010010010100 
4 0 0 3 0 2 0 0  10010000100101001001010010010100100101001001010010010100100100001001010010010100100100001001010010010100100100001001010010010000100100001001000010010000100100001001000010010100100100001001010010010100 
4 0 0 3 0 2 0 0  10010000100100001001000010010100100101001001000010010000100100001001000010010000100100001001010010010000100100001001000010010000100100001001000010010000100100001001000010010000100100001001000010010000 
4 0 0 3 0 2 0 0  10010100100101001001010010010100100101001001010010010100100100001001000010010000100100001001010010010100100100001001000010010000100100001001000010010000100100001001000010010100100100001001000010010100 
1 2 2 1 2 2 1 2  11111101110111011101010111010101111111001101010111110100111111011111010011110100110111001111010101010101111101011111110111111101111111010111010111010101111101001101110111111101110101001111011111011100 
4 0 0 3 0 2 0 0  10010100100100001001010010010100100101001001010010010100100100001001010010010100100100001001010010010100100100001001000010010000100100001001000010010000100100001001000010010100100100001001000010010100 
5 0 0 3 0 0 0 0  10010000100000001001000010010000100100001000000010010000100000001001000010000000100100001000000010010000100000001001000010000000100000001000000010000000100100001001000010000000100000001001000010000000 
6 0 0 2 0 0 0 0  10000000100100001000000010010000100000001000000010010000100100001001000010010000100000001000000010000000100000001001000010010000100000001000000010000000100000001001000010000000100000001001000010000000 
1 4 2 1 2 2 2 2  11111101111111111111110111011111111111001111111011111110111111011101111111111101111111101111011111111111111101111111110111111111111111111111111111111101111101111111111111111101111101001111111011111101 
4 0 0 3 0 2 0 0  10010100100100001001010010010100100101001001010010010100100100001001000010010000100100001001010010010000100100001001000010010000100100001001000010010000100100001001000010010000100100001001000010010100 
4 0 0 3 0 0 0 0  10010000100100001000000010010000100100001001000010000000100100001001000010000000100000001000000010010000100000001000000010000000100100001000000010010000100000001000000010000000100000001001000010010000 
1 4 2 1 2 2 2 2  11111101111111011111110111011111111111001111111111111110111111111111111111111101111111101111011111111111111101011111110111111111111111111111111111111101111101111111111111111101111101001111111011111101 
4 0 0 3 0 2 0 0  10010000100101001001010010010100100101001001010010010100100100001001010010010000100100001001010010010100100100001001000010010000100100001001000010010000100100001001000010010000100100001001000010010100 
6 0 0 2 0 0 0 0  10000000100000001001000010000000100000001000000010000000100000001000000010000000100100001000000010010000100000001001000010000000100000001000000010000000100000001000000010000000100000001000000010000000 
4 0 0 3 0 2 0 0  10010100100101001001000010010000100101001001000010010000100100001001000010010000100100001001010010010000100100001001000010010000100100001001000010010000100100001001000010010000100100001001000010010000 
6 0 0 2 0 0 0 0  10000000100100001001000010000000100000001000000010000000100000001000000010000000100000001000000010000000100000001000000010000000100000001000000010000000100000001000000010000000100000001000000010000000 
5 0 0 3 0 0 0 0  10010000100000001000000010010000100100001000000010010000100100001001000010010000100000001001000010010000100100001001000010010000100000001001000010010000100000001001000010010000100100001001000010010000 
5 0 0 3 0 0 0 0  10010000100000001001000010000000100000001000000010010000100000001001000010000000100000001000000010010000100000001001000010000000100000001000000010000000100000001001000010000000100000001001000010000000 
6 0 0 2 0 0 0 0  10000000100100001001000010000000100000001001000010010000100100001001000010000000100000001001000010010000100000001001000010010000100100001000000010010000100100001001000010000000100000001001000010010000 
1 4 2 1 2 2 2 2  11111111111111011111110111011111111111001111111111111110111111011111111111111111111111111111011111111111111101111111110111111111111111111111111111111101111101111111111111111101111101001111111011111101 
6 0 0 2 0 0 0 0  10000000100000001001000010010000100000001001000010010000100100001001000010000000100000001001000010010000100000001001000010010000100100001001000010010000100100001001000010000000100000001001000010000000 
4 0 0 3 0 2 0 0  10010100100101001001010010010100100101001001010010010000100100001001000010010000100100001001000010010100100100001001000010010000100100001001000010010000100100001001000010010000100100001001000010010000 
4 0 0 3 0 2 0 0  10010100100100001001010010010000100101001001000010010100100100001001000010010000100100001001000010010000100100001001000010010000100100001001000010010000100100001001000010010000100100001001000010010100 
4 0 0 3 0 2 0 0  10010000100100001001010010010100100101001001010010010100100100001001000010010000100100001001010010010100100100001001000010010000100100001001000010010000100100001001000010010000100100001001000010010100 
6 0 0 2 0 0 0 0  10000000100000001000000010000000100000001001000010010000100100001001000010000000100100001001000010010000100000001001000010010000100000001001000010000000100100001001000010000000100000001001000010000000 
4 0 0 3 0 2 0 0  10010100100101001001000010010000100101001001010010010000100100001001000010010000100100001001010010010100100100001001000010010000100100001001000010010000100100001001000010010000100100001001010010010100 
6 0 0 2 0 0 0 0  10000000100100001001000010010000100000001001000010010000100100001001000010000000100000001001000010010000100000001001000010010000100100001001000010010000100100001001000010000000100100001001000010010000 
1 4 2 1 1 2 1 2  11010101010101011101010101010101111101001101010011110101110011011111010011010100110101110101010101010101111101000111010001011100111101010111010011111101110101001101010111110100010101001011010011111101 
5 0 0 3 0 0 0 0  10010000100000001000000010000000100000001000000010000000100000001000000010000000100000001000000010010000100000001000000010000000100000001001000010000000100000001000000010000000100000001000000010000000 
4 0 0 3 0 2 0 0  10010000100100001001010010010100100101001001010010010100100100001001010010010100100100001001010010010100100100001001000010010000100100001001000010010000100100001001000010010100100100001001000010010100 
5 0 0 3 0 0 0 0  10010000100000001000000010010000100000001000000010010000100000001001000010000000100100001000000010010000100000001001000010000000100000001000000010000000100000001001000010000000100000001001000010000000 
4 0 0 3 0 2 0 0  10010000100101001001010010010000100101001001010010010100100100001001000010010000100100001001010010010000100100001001000010010000100100001001000010010000100100001001000010010000100100001001000010010100 
4 0 0 3 0 2 0 0  10010100100101001001010010010100100101001001010010010100100101001001010010010000100100001001010010010100100101001001010010010000100100001001000010010000100101001001000010010100100100001001010010010100 
4 0 0 3 0 2 0 0  10010000100101001001000010010100100101001001010010010100100100001001010010010000100100001001010010010100100100001001010010010000100100001001000010010000100101001001000010010100100100001001010010010100 
4 0 0 3 0 2 0 0  10010000100100001001010010010000100101001001000010010000100100001001000010010000100100001001000010010000100100001001000010010000100100001001000010010000100100001001000010010000100100001001000010010100 
4 0 0 3 0 2 0 0  10010100100101001001010010010000100101001001000010010000100100001001000010010000100100001001000010010000100100001001000010010000100100001001000010010000100100001001000010010000100100001001000010010000 
4 0 0 3 0 2 0 0  10010000100101001001010010010000100101001001010010010000100100001001000010010000100100001001000010010000100100001001000010010000100100001001000010010000100100001001000010010000100100001001000010010000 
4 0 0 3 0 2 0 0  10010000100101001001010010010000100100001001000010010000100100001001000010010000100100001001010010010000100100001001000010010000100100001001000010010000100100001001000010010000100100001001000010010000 
6 0 0 2 0 0 0 0  10000000100000001000000010000000100000001000000010010000100000001001000010000000100000001001000010010000100000001001000010010000100000001001000010000000100000001001000010000000100000001001000010000000 
6 0 0 2 0 0 0 0  10000000100100001000000010000000100000001000000010000000100000001000000010000000100000001000000010000000100000001000000010000000100000001000000010000000100000001000000010000000100000001000000010000000 
4 0 0 3 0 2 0 0  10010100100100001001000010010000100100001001000010010000100100001001000010010000100100001001000010010000100100001001000010010000100100001001000010010000100100001001000010010000100100001001000010010000 
6 0 0 2 0 0 0 0  10000000100000001000000010000000100000001000000010010000100000001001000010000000100000001001000010010000100000001001000010010000100000001001000010010000100100001001000010000000100000001001000010000000 
4 0 0 3 0 2 0 0  10010100100100001001000010010000100100001001010010010000100100001001000010010000100100001001000010010100100100001001000010010000100100001001000010010000100100001001000010010000100101001001000010010000 
4 0 0 3 0 2 0 0  10010000100100001001010010010000100101001001010010010100100100001001000010010000100100001001000010010000100100001001000010010000100100001001000010010000100100001001000010010000100100001001000010010100 
5 0 0 3 0 0 0 0  10010000100000001000000010000000100000001000000010010000100000001001000010000000100000001000000010010000100000001001000010000000100000001000000010000000100000001000000010000000100000001001000010000000 
4 0 0 3 0 2 0 0  10010000100100001001000010010100100101001001010010010100100100001001000010010000100100001001010010010000100100001001000010010000100100001001000010010000100100001001000010010000100100001001000010010000 
4 0 0 3 0 2 0 0  10010000100101001001000010010100100101001001010010010100100100001001000010010000100100001001010010010100100100001001000010010000100100001001000010010000100100001001000010010100100100001001000010010100 
4 0 0 3 0 2 0 0  10010100100100001001010010010000100100001001000010010000100100001001000010010000100100001001010010010000100100001001000010010000100100001001000010010000100100001001000010010000100100001001000010010000 
6 0 0 2 0 0 0 0  10000000100000001001000010000000100000001000000010000000100000001000000010000000100000001000000010000000100000001000000010000000100000001000000010000000100000001000000010000000100000001000000010000000 
4 0 0 3 0 2 0 0  10010100100100001001000010010000100101001001010010010100100100001001000010010000100100001001010010010000100100001001000010010000100100001001000010010000100100001001000010010000100100001001000010010100 
4 0 0 3 0 2 0 0  10010000100100001001010010010000100100001001000010010000100100001001000010010000100100001001000010010000100100001001000010010000100100001001000010010000100100001001000010010000100100001001000010010000 
4 0 0 3 0 2 0 0  10010000100101001001000010010000100101001001010010010000100100001001000010010000100100001001010010010000100100001001000010010000100100001001000010010000100100001001000010010000100100001001000010010000 
6 0 0 2 0 0 0 0  10000000100000001001000010000000100000001000000010000000100000001000000010000000100100001000000010010000100000001001000010000000100000001000000010000000100000001001000010000000100000001001000010000000 
4 0 0 3 0 2 0 0  10010000100101001001000010010000100100001001010010010000100100001001000010010000100100001001000010010000100100001001000010010000100100001001000010010000100100001001000010010000100100001001000010010000 
6 0 0 2 0 0 0 0  10000000100000001000000010000000100000001000000010010000100000001001000010000000100100001000000010010000100000001001000010000000100000001000000010000000100000001001000010000000100000001001000010000000 
4 0 0 3 0 2 0 0  10010000100100001001000010010100100101001001010010010100100100001001000010010000100100001001010010010100100100001001000010010000100100001001000010010000100100001001000010010100100100001001000010010100 
6 0 0 2 0 0 0 0  10000000100100001001000010010000100100001001000010010000100100001001000010010000100100001001000010010000100000001001000010010000100100001001000010010000100100001001000010000000100100001001000010010000 
6 0 0 2 0 0 0 0  10000000100000001001000010000000100000001000000010010000100000001001000010000000100100001001000010010000100000001001000010010000100000001001000010000000100000001001000010000000100000001001000010000000 
6 0 0 2 0 0 0 0  10000000100000001001000010000000100000001000000010010000100000001001000010000000100100001000000010010000100000001001000010000000100000001001000010000000100000001001000010000000100000001001000010000000 
6 0 0 2 0 0 0 0  10000000100100001000000010000000100000001000000010010000100100001000000010000000100100001000000010010000100000001001000010000000100000001000000010000000100000001001000010000000100000001001000010000000 
4 0 0 3 0 2 0 0  10010100100101001001000010010100100101001001010010010100100100001001010010010100100100001001010010010100100100001001010010010000100100001001000010010000100100001001000010010100100100001001010010010100 
6 0 0 2 0 0 0 0  10000000100100001001000010000000100000001001000010010000100000001001000010000000100100001001000010010000100000001001000010000000100000001000000010010000100000001001000010000000100000001001000010000000 
4 0 0 3 0 2 0 0  10010000100101001001000010010000100101001001010010010000100100001001000010010000100100001001010010010100100100001001000010010000100100001001000010010000100100001001000010010000100101001001000010010100 
6 0 0 2 0 0 0 0  10000000100100001001000010000000100000001001000010010000100000001001000010000000100000001000000010010000100000001001000010000000100000001000000010000000100000001001000010000000100000001001000010000000 
6 0 0 2 0 0 0 0  10000000100100001001000010000000100000001000000010000000100000001000000010000000100000001000000010010000100000001001000010000000100000001000000010000000100000001000000010000000100000001001000010000000 
6 0 0 2 0 0 0 0  10000000100000001000000010000000100000001000000010000000100000001000000010000000100000001000000010010000100000001000000010000000100000001000000010000000100000001001000010000000100000001000000010000000 
6 0 0 2 0 0 0 0  10000000100000001001000010000000100000001000000010010000100000001001000010000000100100001000000010000000100000001001000010000000100000001000000010000000100000001001000010000000100000001001000010000000 
6 0 0 2 0 0 0 0  10000000100100001001000010000000100000001000000010010000100000001000000010000000100000001000000010010000100000001001000010000000100000001000000010000000100000001001000010000000100000001001000010000000 
6 0 0 2 0 0 0 0  10000000100000001000000010000000100000001000000010010000100000001000000010000000100000001000000010010000100000001001000010000000100000001000000010000000100000001001000010000000100000001001000010000000 
4 0 0 3 0 2 0 0  10010100100101001001000010010100100101001001010010010100100100001001000010010000100100001001010010010100100100001001000010010000100100001001000010010000100100001001000010010100100100001001000010010100 
6 0 0 2 0 0 0 0  10000000100000001001000010000000100000001000000010010000100000001001000010000000100100001001000010010000100000001001000010010000100000001001000010010000100100001001000010000000100000001001000010000000 
4 0 0 3 0 2 0 0  10010100100100001001000010010100100101001001010010010100100100001001010010010100100100001001010010010100100100001001000010010000100100001001000010010000100100001001000010010100100100001001010010010100 
6 0 0 2 0 0 0 0  10000000100000001000000010000000100000001000000010000000100000001000000010000000100100001000000010010000100000001000000010000000100000001000000010000000100000001001000010000000100000001001000010000000 
6 0 0 2 0 0 0 0  10000000100000001001000010000000100000001001000010010000100100001001000010000000100000001001000010010000100000001001000010010000100000001001000010010000100100001001000010000000100000001001000010000000 
1 4 2 3 1 2 2 2  01010101010101011101010101010101111101001101010011110101111111010111010111010100111101100111010101010101111101010111010011111100111101010111010011111100111101011101010111110101010101001101010011111101 
6 0 0 2 0 0 0 0  10000000100100001000000010000000100000001000000010010000100000001000000010000000100000001000000010010000100000001001000010000000100000001000000010000000100000001000000010000000100000001001000010000000 
4 0 0 3 0 2 0 0  10010100100100001001000010010100100101001001010010010100100100001001010010010000100100001001010010010100100100001001000010010000100100001001000010010000100100001001000010010000100100001001000010010100 
5 0 0 3 0 0 0 0  10010000100100001000000010000000100000001000000010010000100000001001000010000000100000001000000010010000100000001000000010000000100000001000000010000000100000001001000010000000100000001001000010000000 
6 0 0 2 0 0 0 0  10000000100100001000000010000000100000001000000010000000100000001001000010000000100000001000000010000000100000001000000010000000100000001000000010000000100000001000000010000000100000001001000010000000 
4 0 0 3 0 2 0 0  10010000100100001001000010010100100101001001010010010100100100001001010010010100100100001001010010010100100100001001000010010000100100001001000010010000100100001001000010010100100100001001010010010100 
6 0 0 2 0 0 0 0  10000000100000001000000010000000100000001001000010010000100100001001000010000000100000001001000010010000100000001001000010010000100100001001000010010000100100001001000010000000100000001001000010010000 
4 0 0 3 0 2 0 1  10010101100101001001010010010100100101001001010010010100100101011001010010010000100100001001010010010100100101001001010010010000100100001001000010010000100101011001000010010100100100001001010010010100 
1 2 2 1 2 2 1 2  11111101110101011101010111010101111101001101010111110100111111011111010111110100110111011111010101010101111101011111010111111101111101010101010111011101111101001101010111110100110101001111010111011100 
