237.87501874843645 1.2598728620109585 
212.10237601392666 2.409868981811832 
237.87501874843645 1.2598728620109585 
212.10237601392666 2.409868981811832 
216.43590254286087 2.0585735071799163 
217.56720972009316 1.9020413854884677 
229.93055483614376 1.4828270554688663 
226.77258094256877 1.4874672574594174 
214.69144841354785 2.285857594857301 
220.82357614539413 1.5945155789761631 
220.09669747825336 1.6543835473209707 
226.56123684767454 1.5011094972047214 
214.69846413643475 2.203997563807139 
220.96377711594795 1.5863326653647278 
222.699229406197 1.5842179297325156 
219.50772741600113 1.700543553771897 
216.06179328697152 2.075291246141582 
224.92614299629955 1.5115454270083373 
213.3480356965446 2.307937309425807 
215.96658591803168 2.1326938510270077 
219.21698318214857 1.745943782362897 
214.02935387434906 2.2864371150878493 
217.89566711114423 1.8725032980287037 
219.86074280349177 1.6877437983927295 
235.01277417548926 1.295731541983652 
230.5684739444807 1.4611778539162492 
213.60687482037565 2.299995642669185 
230.6766152529175 1.4280074169117272 
235.66834952220333 1.2858364832128597 
218.1610208594892 1.8506926546294098 
224.10369737434044 1.515819216888175 
215.55077957271632 2.147464124578283 
212.42285713400352 2.3753922143450814 
215.0947191756558 2.169427304187196 
215.12027898287516 2.159492546240911 
218.3701007958226 1.8245125831050155 
224.57249450982727 1.5125097174568811 
217.72526783647473 1.8999541398416977 
233.9193457183409 1.315294797101651 
218.75237366491857 1.7846462755595895 
232.11681360186054 1.3857335545765352 
231.76369413887303 1.3911072702394667 
214.91709573656283 2.1932245229004868 
234.92464363381796 1.3082136641731865 
212.8879035302322 2.339314947945409 
218.60608442272525 1.8133151718750162 
237.2184915517174 1.2641667108864159 
223.15303842231424 1.5608085029379803 
218.632986844612 1.793220041395749 
231.37643357794266 1.4064288110804926 
232.48328707971072 1.3578581805922851 
234.56418201347608 1.3133044886471539 
218.07476189501375 1.8575457418865495 
223.63664061092837 1.5399631247509895 
216.2762144749879 2.0610977521633553 
219.19821171962903 1.7496658696219847 
231.61915603657698 1.4015571974830963 
219.9092698254754 1.6627394545296277 
236.50431817251433 1.2735278950186935 
235.78417646754474 1.2833538113580467 
233.44582973964393 1.3388971458414962 
212.54869827496105 2.3663247420635614 
212.3396021318756 2.3998368690490657 
223.83045591924463 1.5232558224223343 
230.2676316156396 1.4641134823140873 
212.70502946437549 2.3576821909907646 
218.9960257668013 1.769266504246519 
233.09666718554453 1.342596101643263 
236.17260263618226 1.277705946855188 
231.22558701601818 1.418789631103012 
212.8879035302322 2.339314947945409 
232.25261609706888 1.3671266037437653 
212.7718949898893 2.3465040267673842 
218.99119704505856 1.7695562798631734 
233.47634744608504 1.3290678890376864 
224.92614299629955 1.5115454270083373 
223.08689674809784 1.5708463780355706 
223.7353106680727 1.529454525264832 
232.16897476558935 1.3711241441871531 
233.76760416259216 1.32702026776955 
230.06393940795013 1.468553025689047 
223.34605998997552 1.546744893693965 
236.80682623811194 1.265942591484722 
226.72580480141033 1.4939340256084597 
232.77495839863315 1.356204194843417 
215.78767365669046 2.145605537572027 
218.45105013710298 1.8215124726852883 
237.55057300451082 1.2628915722838914 
236.76066282714234 1.2669201276273532 
212.3095994585846 2.4005946320737444 
214.8516605952019 2.196207276543921 
232.937016268267 1.345069067541361 
230.00298881437575 1.4763315237187737 
223.35426368157783 1.545981292855001 
236.2738788184166 1.276878857822703 
233.88866216849877 1.3229927049341976 
232.8447468736052 1.3517534245308782 
234.56418201347608 1.3133044886471539 
222.81598109470173 1.5756441638963576 
237.62711165363646 1.2607111034072613 
