5.187995698006631
11.175174691198123
5.158687009707592
4.919724855307663
13.53618274714654
14.320645998902904
15.658471133793341
10.900892269365414
7.284820343188244
16.108717413528097
4.011270773960035
6.048362954079948
3.975457402829221
13.56631707416227
16.339741547339145
15.42145052157639
6.471188138340153
8.903000624295004
11.702932546930015
11.205189889437264
7.638000415434817
12.461624192094888
15.615176868378569
3.0607118736204484
5.018678446229359
12.834051093720632
2.9408110328752173
4.413460825460106
4.227276350902315
7.638210636779149
