497.86706403422164 820.3971489439102 
538.0147758709954 353.01130043310053 
703.4916422767758 120.35981713331437 
631.6591894264196 142.55292685089555 
686.8731104714649 120.98063684389727 
597.9306768949637 171.45542580726502 
622.119363769171 153.73192701729263 
628.0515363705917 147.91196453938005 
610.1519119146603 159.02687736968713 
529.7880459429311 585.195078069832 
662.5551172826262 125.9372504792305 
523.550330911051 674.9894690666094 
524.8488673559503 654.4231621442742 
677.5253174349915 123.328184988473 
602.9365154368355 166.7635707086318 
519.7545317149759 709.0019723833161 
668.1090113877193 124.69029573833488 
506.6193913740434 791.0538500997601 
535.2528082281465 465.1089762872774 
568.5360275876997 282.0398654840848 
591.3249877983654 197.4850096705568 
522.33634875349 685.8795095247388 
547.5460453789522 340.89851644280793 
510.3997262411507 768.8730350132345 
575.7247463359164 260.9747215747193 
516.6197582054878 735.2981104707237 
528.9649245524449 609.418917605009 
566.4280516550189 287.91560657926146 
504.9686310016815 800.246199553015 
639.0594071336473 139.7801645076109 
531.1526434181695 563.7154948243686 
551.3221328295601 330.26633873571427 
558.1216923016468 310.6605682766459 
616.2696080396775 157.45731195521608 
642.5394118590749 137.5289400220804 
573.7482569961671 268.2768126583507 
549.5301625363496 335.97636181842705 
527.9467401596917 621.560621991059 
515.2491462402927 742.031631485242 
554.4023960150508 321.2848638657308 
532.0464137092371 551.3488033766768 
556.4903354905355 315.94001243664985 
542.9227835356063 349.81640795961175 
596.1532484617798 177.29157991210266 
589.7800295123262 205.16332016131776 
656.3684630966311 129.84521681560955 
570.3190846480602 277.260330152143 
580.0648965141861 245.71081897227896 
532.752195068157 533.6709641391574 
572.0160045141122 272.7879090980282 
509.12806610166535 778.7988445862421 
578.5295852290841 251.11315916631014 
507.8952696561071 784.860289071964 
563.1730682522743 297.1191379336564 
559.8690128168657 305.85969385348056 
561.4310500120685 301.5925780935483 
545.6044682335327 346.0654402739995 
526.2321529475572 639.5336751655177 
527.1816058886798 630.1674462211141 
648.374741322567 133.22507479697413 
605.5034944717543 163.9052191926297 
564.8632585667476 292.6442142595834 
552.9494967087995 325.46546431254905 
537.2883604535407 384.84047533731734 
518.1086853881318 727.2747306555683 
577.1006234880215 256.1239457261377 
503.83087033561185 806.2030451421127 
592.6771612964766 191.6092685753796 
530.5319425520962 574.3585176674695 
583.6913360492031 230.69813540706366 
536.5404671967124 415.99904371007773 
521.333318844333 694.4024177135381 
588.4586757813358 210.6032625871529 
586.0761276937103 220.22997136794197 
535.6999181706959 451.38318621105213 
536.8384067659038 402.392287102713 
646.5924516580617 134.1090957510756 
581.549973065703 239.8357418270117 
502.73445647254647 812.2474384395179 
587.265321189252 215.42909694477626 
514.0312477047529 748.4084730170243 
594.9562328490608 182.07365178738794 
593.8420519005758 186.67483241657476 
534.2109776078429 502.64152870346913 
537.6851790534062 368.49048618870603 
525.5090751134959 647.0957959101436 
585.0432458697354 225.57797210078564 
536.1599417583762 437.66848829309 
520.7319102400178 700.7622080570043 
533.202351886058 522.6135978742127 
533.6421477496156 514.0906896854128 
518.975147728918 721.0815213808349 
582.5814691710717 235.49900983022948 
658.819067088911 128.5807994613154 
512.1924437997322 757.6856793887929 
534.7488800118273 491.30816424737543 
511.42530511386957 763.0185506357165 
513.0773743234707 752.9881034673137 
501.3482942562898 817.5803096864416 
607.9656966644857 162.15263430236257 
