497.33117362326277 820.3971489439102 
537.9566693676423 358.0071150530892 
685.4087069730367 120.67439948493211 
703.4914021705075 120.35981713331437 
629.5256613643818 145.52880758081113 
655.3913327738129 126.89484526378747 
603.6233055071211 165.63540925648041 
642.8459791401566 136.55011887634114 
647.7143630603589 132.18328265204266 
529.9853244297313 581.8729328464165 
597.631038072709 171.505368577954 
621.2824471237429 155.66856327150794 
551.7679263704088 329.08287026252077 
524.5385484613571 657.4778584526415 
537.2644039772234 400.2625276103445 
554.2247657689825 322.1557058090778 
637.809554727283 140.29771647408 
536.961834356202 419.5412321149104 
626.5188391727008 151.67518919498994 
651.8091635733973 128.9977984460718 
541.4185643535878 351.1381538271751 
532.8442498626775 533.6709641391574 
510.3997262411507 768.8730350132345 
664.4794687599461 125.33834724443055 
585.10936439762 225.3795962888644 
511.6778823463954 760.8933222653422 
575.7403674373647 261.3972350512029 
572.0188206627372 272.7985384000079 
535.3422892328692 484.2924054650229 
586.8116178407074 217.45921665072788 
531.520518043647 560.9029372657303 
608.9988846666059 162.66508084139159 
594.7182677249231 183.0288641324098 
634.4746251655804 142.766352193926 
519.7545317149759 709.0019723833161 
574.0012078739729 267.56590704387116 
583.5577851159832 231.17055030896373 
570.1426882254234 277.66414792297 
512.8977572293261 754.419856649466 
556.0571700006399 316.9278420102733 
614.8124645173466 158.74155992358746 
549.8067010360321 335.032773853779 
534.6081852024699 496.75887724795456 
548.0880803445677 339.51667215769316 
592.0234679316517 194.64565782226975 
596.184649178729 177.15075992233994 
560.9303514381659 303.06499830758554 
676.6441015025405 123.07349872361189 
590.6586130275606 201.7669678543708 
514.2881132485271 746.9737831612615 
559.1851203973415 307.88981355943207 
582.2039037821062 236.99638997872455 
562.6689181513527 298.2641238844197 
593.2321190884737 189.35568103826333 
600.5083656544006 169.03677981063234 
516.5858880052423 735.6555360881197 
670.8986461411043 124.02333632112384 
528.5145256645856 615.1081567465171 
517.907790573722 728.7808510718825 
568.4176439220936 282.46502234613564 
504.73427238372074 801.433141091444 
546.228634497125 344.5271070033742 
589.1536746939584 207.8335269757154 
503.4305365976933 808.141443036431 
530.6677501893556 573.6331685201053 
564.3486034671857 294.05236173409764 
533.5247705413193 520.5259473892411 
612.1310990982846 160.10911267630505 
539.2810784652488 354.84200100945594 
527.6775512872164 624.9253992934434 
534.0495700765927 508.669856149202 
532.2641721768456 549.5274074340136 
515.3882820050827 741.4678600797164 
525.4436756242591 647.8750301075584 
522.1907154769373 687.1481921709137 
579.6920351690183 246.9410895130562 
518.9930177942342 720.5494465558527 
557.7667736550304 312.5280137159057 
536.3742485817526 459.88901884048875 
520.5497649085315 701.2667513417871 
505.8245729765468 795.6438893194276 
526.9482066693452 632.9385259700803 
521.3334037634573 694.6955320553265 
526.1134547707337 641.23043982868 
588.0111860922544 212.63338229310463 
499.7189198987911 818.3864229204023 
529.2769638974562 607.6924307326166 
580.8889070175807 242.96719146457048 
577.3086414396175 255.4545211047441 
523.7148579097363 673.5785417885701 
523.0401244607121 679.7460938681749 
544.3656463303157 348.4573052054862 
507.7644523026306 785.9044905680503 
566.8667626733162 286.7321381060682 
578.1798606306673 252.25962863125557 
502.441080287006 813.5328153156615 
506.8708033778835 790.4951525023024 
508.85158642556877 780.1875472752417 
536.1071174069451 470.4777562858197 
566.0154091193174 289.8613921680338 
