497.33117362326277 820.3971489439102 
538.8497158981868 370.1813010410426 
685.1697143870091 120.79948934593368 
703.4556974728989 120.35981713331437 
560.4395628722245 327.83056888458697 
576.2223784745814 305.9451942880007 
592.2848723976005 259.104402264529 
615.9233103878979 162.59688906816552 
645.3060008388624 133.39971319487913 
568.0773512937084 322.1994354008197 
587.824488498721 276.3084822286477 
545.8066245821286 365.59183030561894 
529.7601007374517 585.195078069832 
631.3435814655907 145.28759916641923 
597.6879638180054 240.05025536855737 
563.8253339472285 324.28906049585544 
598.7125703610408 233.93091419298736 
601.0580596826901 227.87253064107668 
519.7545317149759 709.0019723833161 
640.5051297718231 137.42370555491823 
591.1315072780042 265.4595350554413 
557.0999322798267 350.7701087270671 
603.3424611309954 215.08858309330998 
549.4658623421951 363.29650304153023 
538.2326811220969 383.5496451599315 
585.0661904863814 281.3970419154076 
675.8700726156939 123.37906484615328 
607.8174639051273 194.98809275287934 
595.347313458085 255.07010396783554 
506.1140484379455 793.615846508695 
655.2100863858885 128.05762663322787 
524.5385484613571 657.4778584526415 
532.8442498626775 533.6709641391574 
518.5112380599498 724.4453547852726 
606.2063126287924 205.9477600520242 
604.2084277839363 211.02453751227756 
510.3997262411507 768.8730350132345 
528.6542679411707 613.4818693362251 
504.8013070827054 800.8153286458909 
536.1554193280126 466.3021915730904 
625.1824520275418 153.57548977078162 
608.6828612883115 191.02538051218036 
633.7901324402266 141.4726624736946 
537.4274255900361 422.27578757855935 
520.6363972563742 700.6314560163422 
537.893240006897 401.20365357274204 
579.2440939361826 299.59803531675334 
531.0689549339014 566.2537618271434 
664.8455114619331 125.13376303144256 
502.75922833591096 811.3905170994752 
526.6537821320485 636.3064307019978 
577.8134726501829 301.3799241181574 
611.6949412136514 175.4810955463351 
635.7312248380181 140.12277670647285 
660.3766135561436 126.64437749641685 
525.728056450541 644.9973559239552 
628.1775188332664 151.59609984847606 
522.2874156056205 686.1989845880453 
555.3344180367917 354.5731120270276 
530.3438816658545 576.7241960292914 
499.7189198987911 818.3864229204023 
509.3248154156668 777.9554322467626 
613.5188652431514 168.90412727754867 
622.3154925240511 156.08661715472763 
512.2355964173768 757.5174300497808 
521.4953484136597 693.1993246312136 
513.2392168225933 752.3058917270207 
515.3061712852375 741.6919544442351 
583.6123288601126 285.1853633584678 
554.2287341217589 358.0734206873957 
516.5213116634918 735.6305099585132 
527.4126422025923 627.5622224199926 
649.5531120752835 131.85456977730564 
535.3921125330047 485.27738072671156 
533.4093698668228 522.8760214366418 
514.367321525988 746.5024441658485 
536.5536963499153 454.0516100223328 
534.9241921031704 492.4611651485513 
507.3204109078919 787.4268166028932 
610.5589273878079 186.4983622321443 
503.7349346428929 806.6045695183467 
511.2919047016256 763.5401637663113 
612.2814353736962 171.42809337252453 
531.7508079990231 557.9350824307832 
534.4082798809685 503.63574694248695 
533.9150379998871 513.1766032048317 
517.4648942548456 731.1732334123487 
669.4330788570912 124.4099982493974 
560.0715733915008 338.2319306577876 
532.352754624526 548.6312203385432 
523.1704998155751 678.4821896332066 
508.15138974807485 783.6331337519499 
653.1108431394049 129.73742319670933 
528.0531556903459 620.4868605712624 
523.754917562186 673.060126574617 
619.6109629035938 158.19876058638505 
583.2579789728665 289.1929412276703 
525.0871308090038 651.7933718316223 
618.970352863323 159.6988750124827 
536.9889831450175 440.91275200890385 
