497.86706403422164 820.3971489439102 
538.0147758709954 353.01130043310053 
703.4917794166194 120.35981713331437 
618.2996048673036 157.0598253434151 
652.2354105532494 133.01788206750336 
641.1648292605655 143.1619399515048 
597.4710581055463 172.64862537602792 
603.964765698612 163.85204147790628 
661.4193167065528 125.99727072414984 
529.7601007374517 585.195078069832 
657.1437222537543 129.05107783332969 
612.6782163404132 159.72175933005383 
535.2384780657932 465.9066339138485 
643.5454535480919 139.9816448361355 
524.5385484613571 657.4778584526415 
575.3909619843599 262.5807035243963 
534.3946916512375 497.09195359218324 
648.1018542139984 136.91296019825896 
675.1376589662761 123.26950253196271 
519.7545317149759 709.0019723833161 
687.5085587508471 120.6243500562473 
633.8707733591933 150.9522172176721 
577.2764196299667 255.52413734159356 
551.3221328295601 330.26633873571427 
536.5353201936044 416.38462605470716 
558.1216923016468 310.6605682766459 
568.4176439220936 282.46502234613564 
548.9283240096452 337.33653276193144 
531.9807812432875 551.1364462319463 
591.3249877983654 197.4850096705568 
667.2130932462774 124.78170585894068 
566.4280516550189 287.91560657926146 
523.4791637081555 675.4803696568715 
586.0761276937103 220.22997136794197 
510.3997262411507 768.8730350132345 
531.1386803434793 563.8854925808679 
542.3872827844805 350.3304518114116 
570.3486576453294 277.12514413671266 
522.5203054940786 684.3498007136471 
556.2519541318252 316.73193137389273 
537.4761577580387 381.5547685975117 
532.752195068157 533.6709641391574 
683.2981279633718 121.36122130501033 
537.0658127798818 396.8818813546221 
521.5345021319513 693.0633182162937 
563.1352640769492 297.0730026321443 
592.6771612964766 191.6092685753796 
533.6317291020354 512.3613786501916 
552.9494967087995 325.46546431254905 
559.8661886889442 305.87940866491357 
554.5223725331182 321.19834855261684 
545.7761628313434 345.5492921996786 
561.4310500120685 301.5925780935483 
625.492706333769 153.6375709778841 
587.4511204371498 214.77938713481564 
528.2181029573999 618.250186794869 
593.9863375262952 186.11204599883916 
518.7484089361651 722.6935095116248 
520.6393184756988 701.1087047879291 
507.29697216637277 787.6786157568689 
564.8676671738053 292.71312976044976 
573.1672269912909 269.86157284767955 
529.0442792066847 608.8009630278508 
627.6219987247837 152.56470781436713 
530.4965807742484 574.8791210426508 
588.7847231166189 209.36989268854296 
578.941743798514 249.6204536086584 
514.4849211243837 745.8373870704728 
504.9879319035682 800.0960564647961 
535.7189647490051 451.69788286315236 
547.3101192684065 341.62187880721075 
502.80593177287403 811.3028031367955 
526.723160379345 635.0827254647702 
595.2993729446882 180.70743268961948 
527.455704170078 627.010952034566 
590.0064194995731 204.73253929375284 
503.77493287872426 806.285086370598 
581.549973065703 239.8357418270117 
511.37024343517356 762.7806935848176 
516.5657793819008 735.3514322867925 
602.3702586917916 168.8633849914829 
513.248925117626 752.1141309389538 
517.6997683633396 729.8212617057931 
584.6827522009128 227.03515090837163 
580.0552686356853 245.7834117320265 
607.5894236022666 162.73099812325384 
515.5133024625732 740.688650253348 
512.3642817426315 756.8117068604331 
536.1688432500201 437.40277409065413 
571.9500003919788 272.920128499271 
525.8376142520775 643.5536075053107 
583.5577851159832 231.17055030896373 
501.03612814318296 817.7503074429412 
509.2110714065783 778.4249465078742 
533.2219271938983 522.3935546927956 
508.3661099019757 782.3413977903133 
596.4472756509712 176.38090878820452 
525.3094786388383 649.23809412633 
582.5704186696959 235.4573808803296 
506.0261255359668 794.6278184473124 
