501.19089965066 820.3971489439102 
537.913734775105 353.01130043310053 
703.4195816600209 120.35981713331437 
686.1716872304166 120.85727421408968 
640.5299957023506 139.8167746406098 
614.9943205455089 159.02113439285242 
550.7787629665464 330.26633873571427 
524.8064936668366 657.4778584526415 
602.5440248510952 168.4944592738428 
634.3252351781825 152.0639172497774 
622.4360886695706 155.5300058753878 
529.7880459429311 585.195078069832 
605.2402609881372 166.44126358734542 
531.8520068605217 554.1606146102965 
523.5875115301706 677.7692292913569 
532.752195068157 533.6709641391574 
677.360270575135 123.40606523612736 
589.6283457192225 205.972201641716 
591.3249877983654 197.4850096705568 
535.580704825224 455.93234668634364 
536.5404671967124 415.99904371007773 
654.4696530885042 130.82464839720325 
537.419450589384 378.7668182001599 
509.48435690605663 777.0118906068209 
588.0586119158723 212.20924453683014 
553.1592414353321 324.9264605262917 
562.793476601317 297.9890656886644 
579.7737521670512 246.7004938943232 
513.0123051092125 754.9988294908218 
566.4280516550189 287.91560657926146 
586.4862815590006 218.62398941826478 
511.5384706434118 762.7340505323507 
520.1424769204552 709.0019723833161 
596.7016862602451 175.27090694498193 
573.5230551083785 268.95963796116456 
578.241429345233 252.0541866723498 
581.549973065703 239.8357418270117 
571.6400240387576 273.6578368530362 
638.6586550910679 147.41691824660862 
665.137356444238 125.58232569518306 
593.9588071330772 186.2024175146746 
515.5325047719753 742.297998749123 
502.441080287006 813.5328153156615 
503.681044532402 806.5229434214968 
568.1590443151795 283.1147321560962 
508.04704322536446 784.1114543760808 
560.8419291453602 303.1788452317922 
569.916166938306 278.28889779847304 
564.6660889326702 293.29188590256996 
531.0595787104385 566.415620123815 
527.6606472778843 626.8425910760327 
522.6134984549086 686.6803260324647 
514.2359925557931 748.882108064227 
516.8290753036816 735.7011140359236 
576.6127604466355 257.7798291012313 
554.997872809299 319.6788819160539 
595.3984497778534 180.21232645338833 
575.3909619843599 262.5807035243963 
519.1334658166628 722.2668517442303 
528.548082366691 616.2594811394288 
592.56893028047 192.14513146113373 
521.6893538938924 694.9077236794849 
537.0068462661734 399.2256331991899 
535.1704773825254 473.7999015092352 
584.0649332069931 229.30922497496445 
536.1665518837663 437.98122103241394 
582.823946259119 234.49586361758844 
647.7142019505441 135.45566147189075 
526.8139400674133 635.9137996180574 
518.0207838456373 729.9836466990689 
670.6937254681021 124.62910764867789 
506.8773285665617 789.9350418109045 
558.1216923016468 310.6605682766459 
651.2485764545199 133.5531388449868 
533.2809680916529 521.2512965366054 
556.485818723945 316.00856900948975 
504.89418085188277 800.3339135156947 
544.243164909565 347.3355594296349 
619.9081332329229 156.74046594919423 
548.9807299259093 337.1662444628527 
520.8234916136593 702.4221388584334 
530.4057524379758 576.6937521913445 
585.3654464606325 224.45544797958317 
505.8419713263259 795.3579668797476 
510.9076714466301 768.8730350132345 
542.5330057327757 350.01640805132376 
534.1937075673453 502.63650067962067 
559.2748836626454 307.4656758031578 
659.6999724846928 127.13978600756482 
534.7769160168056 490.2618694979184 
598.5205688690039 174.10768625082252 
546.4202279283072 343.87369401315163 
529.2558598766058 607.7128926542935 
525.5774238443178 649.23809412633 
547.7598459128553 340.33979784511746 
658.1845810171217 128.03816423186348 
533.771938816209 511.3493177883063 
526.105559457557 643.5536075053107 
646.2743455900797 137.28675817524268 
611.5145853317773 162.86937743281246 
