497.3591188287422 820.3971489439102 
538.106830665516 353.01130043310053 
615.3443399894251 155.7994379371927 
687.9127958180824 120.56345240185821 
651.7029114303905 130.42334470641555 
623.9834323932527 153.0287845896324 
703.4182300742276 120.35981713331437 
529.7601007374517 585.195078069832 
510.3997262411507 768.8730350132345 
633.3761771252808 142.65788262099474 
524.5385484613571 657.4778584526415 
519.7545317149759 709.0019723833161 
536.5273014868204 416.61468927428695 
598.4749966364469 170.2390649057818 
680.8497347270153 122.55662131214662 
642.7664322165516 137.01806739715414 
508.66314125048956 780.8923104847232 
535.3765901346147 463.1377486192272 
520.9206067707115 697.9446061183709 
575.8168011304369 260.9747215747193 
637.422528751906 140.54221977532524 
656.8276000515581 128.09384408492494 
646.5512681575374 134.92823288563733 
535.8830919093101 446.51743214290536 
552.4433813997499 327.0714462622261 
511.9144638019137 759.6964054123007 
568.6181087491124 282.14833520048063 
583.2259298741831 232.7765322586408 
631.7125305761967 147.10390067088593 
566.5201064495394 287.91560657926146 
550.2798876027423 333.8382877407826 
559.9610676113863 305.85969385348056 
525.5573457600963 646.5912526253607 
581.6420278602236 239.8357418270117 
515.7324059188936 739.5619235782513 
570.4435259797873 277.10542932527954 
514.2463243869686 747.1140175028243 
572.1749689387037 272.2263591247924 
528.5568831208001 614.5087002850793 
586.1681824882309 220.22997136794197 
573.9482673159887 267.7800461744069 
561.895052683638 300.60646632649957 
577.4806741405646 255.0490790541263 
671.5703662407337 124.45968001177573 
584.6530703004178 227.4316446557031 
507.2323762551341 788.1547602978823 
513.0773743234707 752.9881034673137 
544.7257590749147 347.13555933792287 
588.7128418939103 209.9785127116498 
533.202351886058 522.6135978742127 
521.9586266159083 688.9387369551001 
533.8897198494972 508.85089173352486 
612.6621905218161 160.67457669875265 
591.417042592886 197.4850096705568 
603.6321386343292 164.16214861812614 
590.1091453702076 204.251286321243 
664.3500706032015 125.3363506228795 
537.3215114982384 384.33400163285603 
558.2137470961673 310.6605682766459 
531.1473271692788 565.1318426416178 
548.529608009516 338.27726532365176 
547.109602364224 342.2874268749073 
530.3833793170934 576.1884462253975 
554.0212554419954 322.7846156908608 
523.6283582530313 674.0312823512813 
532.752195068157 533.6709641391574 
580.1647233744833 245.6141425387243 
587.3573759837725 215.42909694477626 
563.4729462908006 296.40279855042036 
593.8055379026117 187.23355101426517 
578.8648428600638 250.17660635308843 
516.9236177194476 733.8138071097399 
594.9719480620976 182.31117688781077 
527.1771733754646 630.0074752846667 
526.4068611130558 638.6249138696029 
522.8021156891681 681.5315892153393 
592.5318493691833 192.68413524739105 
542.479337579001 350.3304518114116 
555.6238876721469 318.5563534104745 
564.9855802856056 292.6090605997561 
518.0251218769383 727.9978552155272 
527.9048565348553 621.6545648523671 
536.9871424452567 400.40858619221683 
518.9808054610658 721.0252272256068 
534.4392994645232 497.82280114819935 
506.2119444858399 793.785361868851 
604.8693185193235 163.49235202120505 
537.7794035826155 368.49746931419946 
505.164368834453 798.9340986859763 
503.32121095784 808.5736778420069 
661.529676387678 126.36942751575111 
534.9159004601737 487.4061111491674 
500.52818293770355 817.7503074429412 
557.0187265237349 314.8251005362962 
597.4298321926958 172.84824436408124 
504.22185774254945 803.8761019205277 
531.7993596794661 555.0484528882114 
502.3281654457551 814.2581644630259 
532.2144355985075 548.6989181811497 
596.2513927953313 177.35912816562433 
