497.3591188287422 820.3971489439102 
537.9861048797496 355.36027355212 
624.8245148094567 152.0628014358379 
529.7880459429311 585.195078069832 
599.4596205898431 168.3406956086019 
609.1571576470166 158.4498859401692 
603.5032047146339 163.7309155015095 
520.1402093438529 705.6798271599008 
530.9162943083257 568.8056032391288 
630.4489791270876 146.76562125478665 
557.5416617437716 313.14962407975594 
506.84759884778316 790.119754366694 
559.7074876685049 306.4942694540273 
555.5218942915956 318.41050895410115 
571.7648892811078 273.61127554587773 
594.0628027553603 185.83698780308387 
616.837763386462 157.0969706964295 
654.9757088637781 129.561378924966 
553.795353920643 323.80437983068686 
597.042084828877 173.98801880935216 
537.2484105758324 386.51477563743896 
535.2754553072425 465.50245630263316 
544.0819228880889 349.146983338218 
510.3997262411507 768.8730350132345 
528.1144006664575 619.5461495515669 
508.2816331268949 782.4799464794405 
567.998931902694 283.74930775664285 
569.7967203058096 278.9234733990196 
516.45479387179 735.8610849723714 
665.8764698452285 124.89312619875683 
525.3094786388383 649.23809412633 
576.7194380570776 257.7247265690464 
526.4273529992686 638.4549161131036 
587.367197683608 215.37399441259137 
533.3280797942566 520.450480028879 
582.8333084503515 235.09517426181148 
579.7362814936754 246.86055664790067 
592.7329298435635 191.71272889826062 
536.0675387285743 440.773445031764 
523.7747838901346 672.9307949120891 
673.7569083885572 123.5868181072542 
515.2969448867773 741.6503367443872 
588.7881325193503 209.49825331741405 
531.6427057825334 556.6098570700108 
595.911796339481 178.220119061064 
646.027751287344 134.04227879950815 
513.866646442366 749.164751923334 
505.35988390860956 797.9443350757473 
520.9462711343019 697.9846145153724 
573.8153327307091 268.1185669859441 
511.65680648203124 761.1778223687079 
578.0997378769516 252.70397442216793 
638.1096248237908 139.55945733916488 
518.0908327862439 727.5297225014252 
534.573903134052 495.26961094950366 
590.259056539833 203.46867081941534 
566.30088205368 289.06573972901487 
527.2724393628699 629.123475936255 
534.0080447861109 506.67016795351776 
581.2670990707304 241.88246398227773 
524.8064936668366 657.4778584526415 
522.0379730736694 688.3817861702886 
661.3954522747279 126.08236540082603 
606.8221099250837 160.4905578125014 
532.752195068157 533.6709641391574 
564.4686655096689 293.7209130253649 
546.3840551224231 344.2910063828667 
536.6758398429147 415.9890683954654 
529.1381886116255 608.8481662186933 
512.7286479635007 755.1111463670306 
562.857587781468 297.8290779359795 
504.2531401833029 803.6288216967665 
503.1329707895461 809.6729054177558 
547.8690659312839 340.00306164575017 
522.8320148618006 681.3714193070684 
561.3781885273256 302.0536236356839 
680.4199632641783 122.5089564446936 
641.0893357216581 137.31685794344534 
551.959816123956 329.73318648453915 
584.153289840736 229.10402377648387 
591.5760974168636 198.37932282008776 
651.585540460473 132.35458358384042 
519.0605774318769 722.7194095937369 
575.3330384759813 264.3870641416577 
633.3958917137032 142.2769980077887 
549.4211360716192 335.8945857771395 
509.55926600994536 776.676188270818 
535.6166706643369 455.09881144982364 
658.8038472402742 127.77663395290149 
541.5525988355929 353.5490904039623 
536.9664996534389 400.3643782463233 
586.1952284121322 221.7483531025595 
501.6483764101682 815.6418921421407 
532.348667402063 546.7635443314067 
585.153010495648 225.29906342370893 
499.7189198987911 818.3864229204023 
550.6272327597128 333.02439954658496 
643.8421998816906 135.57980005125154 
632.6005237471977 143.3384566713075 
686.4517668478927 120.37023436027306 
