497.86706403422164 820.3971489439102 
540.1974443269543 352.27317996309785 
537.9818881569787 363.8425171666198 
703.4904601230729 120.35981713331437 
655.4461963264437 127.54643103685781 
609.3231420223011 156.69911929592342 
529.7880459429311 585.195078069832 
628.8009379451728 147.10646986425832 
665.8748353025888 125.12198036203878 
524.8064936668366 657.4778584526415 
605.7700445724736 161.18200345002126 
633.961255487164 142.42640883748862 
537.3842685899479 378.9937190978786 
530.7051345192816 570.3585283594093 
596.3392524315733 177.03052514568688 
603.1055096757934 165.4169186120322 
641.2096648736117 137.16079286414845 
591.8270072131837 195.82912629546317 
534.4302366473919 496.49690946150304 
644.6262564775054 134.148897350758 
617.7558806854219 153.4857177636253 
552.8184765833291 326.7683682221543 
586.6159918335795 218.60753146409417 
509.68600848040927 777.6337631533925 
554.743800757621 320.9114690849357 
563.3760109492966 296.7366011381973 
559.6471554231055 306.7759976704261 
561.4529920963561 301.80964961112625 
579.9195161005781 246.64187055481375 
625.1131574607905 150.96261082746267 
520.1424769204552 709.0019723833161 
503.26717354139043 811.3905170994752 
565.2696436566783 291.8904871133922 
518.9676814758117 723.589270513632 
507.01401378026037 791.4617049071584 
535.5032420958391 457.7645588648293 
528.2917669019083 619.2182562760828 
517.773743714762 731.3113621947049 
508.19392603743745 785.6797351721825 
673.0271816741354 123.98030508918553 
588.0506123339943 212.731790368917 
536.5404671967124 415.99904371007773 
514.0887424175976 750.3412619663445 
525.7770203189754 647.0957959101436 
593.6610438549801 188.2201977300648 
536.0629822230107 440.8250380462239 
516.3135868502516 738.537391211422 
651.780378020662 130.01057130457443 
582.6624734642164 235.4573808803296 
527.3639321804692 629.9590539082966 
556.390977289337 316.4003669238592 
567.1496274846821 286.2597232041681 
578.2994775430401 252.3270492925124 
510.9076714466301 768.8730350132345 
594.7452100594215 183.4390381183322 
536.8862792865527 400.78941588660297 
535.1704773825254 473.7999015092352 
533.8104258541846 511.28781317052267 
637.0181596397956 140.63333064833176 
512.8166808711318 757.0911816111798 
504.72980294802886 803.8761019205277 
548.0842945526066 339.71042254302455 
680.5580452970776 122.6566690936934 
589.512217386714 207.0805888212295 
648.2511087444221 132.20045908897544 
532.752195068157 533.6709641391574 
570.2014863956588 277.9781108956478 
526.5777298139006 638.5606411190265 
523.2473211694993 681.0267363541406 
529.117471339215 609.3048642791757 
558.1323720059612 312.0932566853113 
531.5765288258804 557.1432490445219 
533.1840670573341 523.4219934965611 
568.5277105102268 282.4250540233646 
584.1107249942686 229.54811040511603 
505.69139816200544 799.1308204333708 
515.3236872528971 744.0645180978635 
511.78710751059634 762.9040482888503 
581.5789447500662 240.97380999379232 
551.2943332332687 332.1112905574156 
549.6031298919543 336.11171942464347 
614.3615303319818 154.9690119364278 
685.9396365084203 121.09563376691116 
689.692419781206 120.67417212234794 
575.9529000067876 260.73861638592996 
545.1637929265008 347.5404626886358 
571.7197048979353 273.8696350270373 
522.346291916685 689.0210207489197 
590.769103392273 201.81532692525863 
524.0845116616136 673.3749706931006 
585.1846672733975 225.70594876222407 
521.61482895355 695.2977646174015 
520.7742905624434 702.6421820398507 
532.0652185121612 549.4264540896831 
546.3872030560455 344.44376959402 
574.512347875804 266.7174512544977 
576.9252536318719 257.0901509684996 
573.1105518985183 270.3004739026792 
501.4776964564383 817.6219273862895 
598.2452733198422 169.88415755017456 
