497.33117362326277 820.3971489439102 
538.7965779567651 359.65830587968367 
699.1600518309546 120.35981713331437 
601.8388565267115 185.05697800123616 
685.2380416828354 120.81680695339642 
647.7547796313805 137.83745917798433 
607.8509667174209 180.34061582253202 
588.2413279627641 225.6774652788516 
664.6561574670162 125.38964452154579 
612.9044510557111 176.19253969360437 
589.9799788517818 219.0668183788716 
634.4816147099152 152.1732475020374 
596.9137724498942 191.953665552188 
520.5015876040169 711.323543993384 
551.4465102577956 337.7636446909931 
525.1685503628981 660.5940570847433 
549.1444885555154 345.95350654253025 
582.1077203569522 250.77562387811244 
592.3315809269732 207.88206464102254 
530.2132869358677 587.9957255926461 
558.9140697298822 318.79034322862026 
575.9503394125954 272.6702850668012 
573.4887929852733 280.44979747603537 
524.0737784510164 678.9692308582902 
554.9787979664766 329.653769691793 
510.81386322745203 768.8730350132345 
644.2668897843453 144.9111815771228 
537.8799842032292 392.4055249941279 
557.1426601074004 324.0705404883963 
659.7069188068942 127.69060181276836 
586.1205670076695 235.56004051674887 
567.0407989462681 296.89568203993065 
516.7101123255898 737.8027720915644 
528.3159690342181 625.611943389518 
533.5019378107581 529.6580663343975 
626.4182752744757 158.9304720711625 
657.3120059417533 129.68544676273982 
677.0492987162869 123.2254559853173 
508.6800357446558 783.0127649077587 
562.3416002309558 309.6706812340053 
507.1434897663489 790.6601977950692 
529.1076617004127 617.780614740621 
519.3636712415091 724.7043915197086 
532.1021437857984 559.0360580556267 
535.1604305934276 496.7914407928471 
621.520860716243 160.6866311609477 
534.3428077968098 511.525707149108 
512.0420234479636 762.9802314490377 
570.2053348890951 288.69794035775817 
531.3671004877688 571.8979517623756 
537.3062668390587 414.2482641072628 
637.9944827149935 149.03579068306374 
514.2994578121725 750.4643215614328 
536.0751740291835 463.1464063001908 
577.3378628148337 268.1049933366835 
583.4930865277871 245.17149817689722 
536.5559703444154 449.1706670422654 
631.6915541058388 156.3072701429005 
527.1987669074967 637.731525792591 
522.2743554584221 692.3615756902259 
500.67221600519326 817.6809200672784 
538.335856422467 377.3616720726125 
521.5640706472988 701.6622362011467 
526.4763806827723 644.1616294021359 
579.8548837113923 259.2897050302553 
571.7859090568162 284.8181924290798 
518.1681651135559 732.283277999119 
584.8228154741322 240.17362630473556 
503.28516276606723 810.735841151673 
532.7680887620006 550.570152442469 
568.183564067777 293.8312514828079 
513.4389878850798 755.798823062962 
553.0978663909173 334.48017242721136 
535.7306646754621 478.9221206421181 
595.5789929669012 194.89637018672062 
515.7439042067406 744.4386093690692 
546.8199901364318 351.09231506823863 
617.4394735457778 167.23915678746388 
545.2608808668293 353.572394392735 
543.0863999387434 357.11861073559186 
509.88108120081876 777.2053265491421 
560.9704734492102 314.9759378179098 
672.0662519683102 124.34949238649168 
578.9786146898842 262.22670728187967 
506.08771580146316 796.4571348652659 
594.5124841116469 199.34233336897094 
537.0804509866413 428.1926337334779 
504.18936553983747 806.101546008068 
640.4708396539224 147.81876709821822 
593.3839487909855 203.8167499362683 
505.1873318056737 801.091430008871 
525.8599890897875 653.4126486986684 
616.829406254261 169.00184451141132 
620.6696098240085 162.38397264242624 
651.571730587972 134.39589860921416 
530.5813515287489 582.8697142209046 
523.0419626686415 688.5112635398896 
652.7524885890932 133.54973945678438 
533.9587707276764 521.6281108581637 
564.0325646979009 305.3989477072609 
