497.3591188287422 820.3971489439102 
612.3483768827529 167.05534755052423 
697.9848480891244 120.35981713331437 
570.7313076720158 276.68368401704026 
606.8869197099207 182.25728916862974 
624.8340129814625 151.968947056825 
537.9502191259268 357.7532155293606 
566.4760010491894 290.034516478701 
593.9008497498248 189.06713234399615 
578.6745515345564 251.6157539051697 
684.1836652579592 120.89183049025449 
575.4830167788805 262.5807035243963 
529.7570870388216 585.195078069832 
561.5647928103583 302.5121563364404 
629.4410601436324 145.97515807028248 
589.0266942808327 209.03676562054278 
568.3919737733149 283.7581663932346 
551.618781338927 332.3852486351539 
591.417042592886 197.4850096705568 
552.8849812379673 326.1088985496874 
519.7235728108662 709.0019723833161 
554.7905139696095 322.8092094480266 
633.6230719670668 140.27615169969977 
599.0073561882633 187.70779529095057 
536.7735200808315 411.0703500743698 
532.0032457297382 552.2751184457521 
641.8549273283115 135.3851719474906 
537.2334448571271 388.7162778461693 
584.2813462668997 231.19586188008282 
620.8421428686031 157.77690956262296 
581.952231530006 240.8034858968485 
524.5385484613571 657.4778584526415 
528.7947311305301 611.8032210398751 
530.9769001393809 566.2537618271434 
542.8875740360581 351.9353178590516 
576.8157531943177 257.9581838039865 
652.9502554720564 127.6547594034232 
617.1072062339761 160.26904411830526 
510.3997262411507 768.8730350132345 
534.1395546891673 502.9814738879548 
540.360331352704 354.6917841309674 
535.1704773825254 473.7999015092352 
501.19996062121817 815.6995730224312 
504.8911750930635 800.4751804209075 
506.1112228164878 793.9424876058494 
527.9164195881573 621.5713820116815 
533.4930411894119 517.1499171157745 
546.802354564756 343.19751664347524 
558.7197619117261 309.50940244704304 
639.6719911343744 137.3009830448632 
511.27916230511687 762.9040482888503 
647.1233141273419 132.43864524645554 
535.5613496684175 456.9000020694142 
508.2686269596871 783.0095202800629 
525.2606243055917 649.7426374111125 
592.5192670617444 193.25033321893815 
582.8631537549886 236.69121656125432 
632.1740181500536 142.0492165933771 
535.9357891979378 445.6018723229941 
503.70898973788144 806.5229434214968 
509.32643613361506 777.7504772195701 
558.176489045603 312.77947817608566 
512.3642817426315 756.8117068604331 
518.6883117746917 722.9052832586801 
537.684952350286 368.6941753369685 
507.2328687835566 788.8598957698244 
520.5497649085315 701.2667513417871 
615.987038257563 162.4470562410889 
660.0750581108435 125.67917541264488 
513.248925117626 752.1141309389538 
530.4611565121187 575.3887737282296 
522.5159301106136 684.1157683253147 
514.3269686676172 746.7953963653295 
534.6895224503384 493.13516114934987 
523.3406054257581 676.6841127709756 
587.2989172627492 215.88391306485056 
517.0421210182311 732.966558572275 
586.100774005515 222.34888126738167 
665.5925595520623 124.8012870855177 
527.2319286591818 629.4546742924555 
655.9236452991415 126.61454918291885 
516.0608525065379 737.8718109958793 
526.0501450569636 641.2951965826753 
532.752195068157 533.6709641391574 
502.80593177287403 811.3028031367955 
675.5465307365166 123.13114018592853 
546.2732677967584 344.5864270755747 
515.2227898437008 742.2201126346723 
536.4369423516347 434.25485257962805 
521.2268837480706 695.2977646174015 
526.5459701275752 635.831515824238 
670.7597064233072 124.01989727329548 
521.8641054571603 689.9846573863988 
517.9877968984833 728.0540200758057 
679.9442797900008 122.33597581717235 
523.976885619607 670.9390399970227 
532.97322320226 527.6265708417532 
560.7138945645468 306.1700753342747 
586.6159918335795 218.60753146409417 
649.4988223308605 130.43658964097932 
