497.86706403422164 820.3971489439102 
689.0760021915162 120.44280753953342 
597.1457410726711 173.45281049176882 
613.9476594390425 160.15325353311673 
538.5140593955989 352.9920514929587 
648.7372854036163 134.55882201490425 
602.4632218141804 167.37589420411302 
529.7880459429311 585.195078069832 
641.2610723825017 140.1569534732502 
507.5115622119388 786.4749734471084 
524.8064936668366 657.4778584526415 
512.0901844778722 759.9994950687019 
654.4929616901336 131.9342087724524 
537.9609733131199 358.413653236557 
537.3745281400866 381.7564768274667 
659.5302500339983 128.0125822007102 
679.6687768836862 122.66235609535839 
510.9076714466301 768.8730350132345 
636.6782270684026 148.2744250683333 
535.2528082281465 465.1089762872774 
591.6150361763754 196.30154119736338 
545.8799481933347 345.37107416164685 
502.77934379802 811.2205193429758 
513.6280467374181 751.9441331824546 
643.541485167237 138.25750269617276 
509.57581451154596 779.086964713831 
620.6818853908735 156.41477021786986 
526.563916232661 638.781446981608 
582.1308546955158 237.47931002319203 
514.8639327593139 745.6673893139731 
593.1289435841771 189.8447833991042 
579.359831501014 248.12455798624976 
531.3494941314138 560.9517637362055 
629.5525175310751 151.752337096491 
583.88689636995 230.0505298196243 
534.5298996761145 496.45690106450115 
530.5412339959487 574.1377118048878 
576.218411200332 259.318838199626 
516.4015039271322 738.021352528092 
527.6400597723151 626.8845544370884 
536.4953707955156 422.27578757855935 
672.0671232877833 123.99219527680171 
577.5759633116292 254.5366594821172 
533.9102520117127 508.87718588708645 
536.9262047423658 403.33512903284026 
623.3051302786703 155.05573258734108 
586.3849921671481 219.04650289474841 
703.4939682837332 120.35981713331437 
558.1216923016468 310.6605682766459 
525.7116208297385 647.8750301075584 
542.7231961574108 350.4253215044086 
590.2713259149754 203.4688523411753 
505.8931475963113 795.0737824395526 
532.752195068157 533.6709641391574 
533.202351886058 522.6135978742127 
547.8928467400508 339.9824533862876 
520.1424769204552 709.0019723833161 
567.4554231316212 285.126156156391 
521.6419218627763 695.1277668609023 
564.3374803308254 293.8994492498798 
559.7020242652377 306.3441707877316 
532.0467967653482 551.4310871704961 
573.1028214927569 269.7655771203958 
588.7568161838354 209.4395089253924 
556.5499405757514 315.8485812568048 
580.8488519595105 243.0447355880474 
562.6689181513527 298.2641238844197 
549.3267924789027 336.2501814063324 
522.6134984549086 686.6803260324647 
503.86879519857007 805.924919076268 
607.9761777505324 163.72314037425616 
535.9960508889537 442.604237449998 
561.2787883613423 302.0150915700321 
585.10936439762 225.3795962888644 
574.7067000257558 265.8395623812107 
565.9567156165249 289.9734345106941 
528.9644145994973 611.4820251326803 
554.9928110907757 320.00722730034136 
571.5449900526648 273.931875943015 
665.0383279439375 125.11915590412165 
550.9897318590533 332.0864220646507 
552.3665164629155 327.47688831284387 
587.6957920180803 213.77321356968264 
520.7742905624434 702.6421820398507 
517.5555760670148 732.3278543196147 
605.8924361417751 164.733772850753 
524.0719624348194 673.005689092832 
505.00876364053636 800.0156245391568 
553.6025343099716 323.7429920530981 
568.9723764342795 280.85639701089127 
528.3811350162207 618.5718802614279 
662.7485419860272 125.93747304035193 
519.3191456951098 721.1426991463738 
523.33250656185 680.4576809470414 
594.6098577069178 183.43268190323687 
570.1426882254234 277.66414792297 
518.523435284336 726.8487680777044 
535.6210338882092 454.6700967247945 
632.3306715983114 150.9066975886401 
595.9052313533541 178.18381438208766 
