497.33117362326277 820.3971489439102 
638.7163776747085 140.15894125144123 
699.3018888521183 120.35981713331437 
537.9144495921304 360.53613252575843 
684.20968946233 120.68976290855436 
644.2123463832085 135.87078284413502 
603.6870139805815 168.8272003001318 
654.214908236122 128.9013513251471 
529.7880459429311 585.195078069832 
524.8064936668366 657.4778584526415 
649.6441186134575 132.14847578059948 
535.3912713401376 461.20905799236954 
634.9887608343248 148.27931548790153 
589.5697598995348 206.380457510256 
586.0761276937103 220.22997136794197 
591.3249877983654 197.4850096705568 
573.4465329340458 269.2123042939739 
624.6752959151856 154.0283851888239 
537.3142984303499 385.907695060726 
587.7152402779682 213.66455214003307 
520.1424769204552 709.0019723833161 
575.6160659056384 261.8910253916647 
614.7712125892122 160.39362584572066 
609.4953812584461 164.290048107436 
531.3429509748522 561.0052071953947 
628.528534065743 152.3013714303637 
596.9133311021087 176.84629306573927 
577.2372609654882 255.70124053640035 
523.7721815140818 675.7402445564807 
578.9176576041617 249.6919377055836 
515.9040092483135 740.851952333871 
539.1521325557652 354.518697081199 
562.8791069174933 297.77180245783285 
510.9076714466301 768.8730350132345 
535.9923357235567 443.30362528763203 
530.5412339959487 574.1377118048878 
583.1526221877131 233.27032259910263 
551.3221328295601 330.26633873571427 
503.82149111461797 805.7975942741326 
595.3103188922709 180.86396043956734 
549.1561053813266 336.8878725542522 
571.1427764195795 275.02684076044864 
584.4849955637255 228.01549935066154 
521.0903292664162 700.1218033307632 
527.4213893983155 629.4567757732774 
670.3663192309995 123.9261210552621 
677.5826416601989 122.69501343209605 
517.5121011919754 732.5881685029584 
533.8049578947906 509.25694119554436 
566.4280516550189 287.91560657926146 
529.036470927788 610.6551368398461 
660.5562161496708 125.87480683090762 
564.797581827102 292.9508732595556 
545.9069092497352 345.2624127319974 
536.4953707955156 422.27578757855935 
568.0079332618074 283.5372456325798 
528.1173161700895 621.1929919423648 
581.549973065703 239.8357418270117 
617.7676380568151 158.5293181676891 
592.7547440588133 191.45545332840203 
540.6834106791399 351.622390001001 
536.863824768651 406.362798838278 
547.5650821216193 340.81221274701744 
534.4078329327309 496.37760461902747 
532.752195068157 533.6709641391574 
593.983515302899 186.202225801421 
508.57717989169737 784.0026353825531 
599.5357662481413 175.2063692113298 
522.7525126906347 685.0915762596237 
561.1204195584417 302.48916709906047 
555.6042934155481 318.25930825407096 
533.202351886058 522.6135978742127 
569.7653031267445 278.71141127495673 
532.1944495243873 549.1987947793489 
513.7471620280727 752.3058917270207 
509.595809130428 779.1282799016437 
526.3180902624431 641.2951965826753 
504.94068579620205 800.246199553015 
522.0225435633196 691.7555762125687 
514.832280635739 746.6091646416257 
507.32220895511483 790.727900152405 
554.0413996085085 322.5794144923801 
663.1706982712612 125.05685761926973 
500.7342695275366 817.85003570144 
607.0600395405866 166.49414988521556 
580.4806224379088 244.5287135102061 
558.4029210619424 309.9708901439143 
552.633299035582 326.3817681294944 
525.7983548415458 647.0080819474637 
511.78710751059634 762.9040482888503 
559.7165632319568 306.2822073299641 
557.1478422997596 314.1429108568685 
519.2324613793155 721.7333627545027 
512.6741902779187 758.2064723673716 
543.2065484300946 349.93910460007214 
534.9552337469042 486.43360260313045 
518.4869074111474 727.341742408541 
621.7886732428932 157.22942327569663 
502.97697069796493 813.5328153156615 
506.06673511181503 797.091706736313 
