499.37007773285177 820.3971489439102 
537.9790005116247 355.5347228367455 
609.38447547369 161.51947910925588 
631.5323316565122 148.27434169674223 
602.3468575541636 168.59999850245734 
597.1614261910736 173.97974115623302 
626.446018804581 153.9997464712471 
703.4530672314543 120.35981713331437 
529.7291418333422 585.195078069832 
618.9955852666665 158.80781174753477 
536.7698536904602 405.4469834110803 
684.769112383711 121.20933262935084 
537.4211614388096 378.3432288283754 
637.4098779782183 145.23225885021995 
509.9727673370411 768.8730350132345 
645.0187568706212 139.5039148444578 
535.3845923728845 462.7679008389843 
589.2232014254074 207.70384824220318 
524.5385484613571 657.4778584526415 
675.0602716187382 123.73515724293684 
591.3249877983654 197.4850096705568 
540.7721223626296 351.4240141890798 
586.3535579434805 219.26922332906935 
566.4280516550189 287.91560657926146 
519.7545317149759 709.0019723833161 
594.0544947098134 186.22188244419974 
558.7432670221735 309.0732820326254 
564.3491169898896 294.3073067616722 
531.3166670110058 561.4614164217846 
575.4736469158668 262.5807035243963 
504.22185774254945 803.8761019205277 
562.3656599829978 299.2657122913792 
579.7898039877593 247.3907923349855 
555.0150174517061 319.75851758932464 
595.7223870975806 179.6316565572996 
532.0888642321756 549.2250632616256 
505.557768064671 796.9253856655959 
560.527537634038 304.22250618404354 
500.9152805197573 815.6418921421407 
518.6696006760999 723.0088596590961 
573.153718703666 270.3750064690808 
581.549973065703 239.8357418270117 
651.4270812855091 133.71647312959618 
578.0979331956402 252.9153676846276 
530.5352385466621 574.7153262500414 
642.2548586560545 142.27484830370295 
557.048838481543 314.96949841358895 
587.8697295520439 213.34520508826654 
569.7751179082712 278.79669586497056 
592.4574806647994 192.70283095304768 
568.1847591630099 283.1334278617527 
691.8026342633157 120.57590363076427 
571.5875579138459 274.11115991507035 
506.8775922320147 789.2144149510669 
520.5497649085315 701.2667513417871 
548.9994058768581 337.7010664313425 
528.8075302182032 611.2537764221163 
553.3770000500483 324.45481484826 
547.1889537104929 341.7481732067418 
543.5618929222404 348.229121715591 
649.5842594660725 135.80337351160313 
535.8669318113191 447.1559139061687 
655.4538695511858 131.03207437463846 
526.039068304058 641.5444011890257 
657.9487373621256 127.84632035746945 
521.4688184619433 693.2870385938935 
576.7655254064696 257.7985248068879 
517.4269396390303 731.0037806797793 
533.1543426072101 523.9250170741203 
502.75922833591096 811.3905170994752 
513.2151920283701 752.2627543199494 
533.7952698437018 511.42844270097083 
514.2681306584059 746.799073561512 
536.2960528816178 434.34568004458475 
525.2606243055917 649.7426374111125 
550.7351448019201 332.78976113935903 
551.93888880202 328.67905249169394 
584.8897785156837 226.6838872408198 
508.8656476690332 779.7526730528325 
526.8523325414444 633.7973485886264 
515.3793901759805 741.2719466750708 
659.9955227944619 126.7773140717321 
511.3250993815591 762.8163343261702 
516.4058325300699 736.1232098579457 
523.6427454974774 673.8672735135073 
522.278247324981 686.204181491451 
534.8920889738322 488.37801723241904 
583.7106187852279 230.71683111272029 
527.5867930623979 625.4321915540088 
582.6967628254095 235.0535631095026 
532.8442498626775 533.6709641391574 
512.2120956630348 758.1187584046917 
665.0318956037012 125.47481733586831 
507.81598498811377 784.9127683249704 
528.1756161500219 618.773145939136 
523.0043271798373 679.6908609483304 
545.7042555678552 345.5482730939021 
608.224532155212 165.34012293856492 
668.5218394665211 124.92884717664504 
534.3950960381985 498.7790574703788 
