497.33117362326277 820.3971489439102 
538.4473456967223 375.04984726375136 
551.9595653523918 342.9417085717264 
630.053513164806 146.37149585637957 
525.248617830323 657.1257625006325 
604.6609242160131 165.7278463761787 
638.1725273364913 139.35156921040004 
589.49193442351 228.533376804903 
583.4790197038703 251.7598541222186 
530.2132869358677 587.9957255926461 
543.1963733807158 366.575639006904 
610.2529778307572 159.48949591194022 
647.2399064906492 135.29015573628322 
661.9204110937551 126.34534417119323 
578.267051883895 269.93435882900695 
624.1036614613944 151.5838454503873 
684.9799483208633 121.10906502280329 
634.9314576861651 142.6959082769969 
668.8582740162273 124.82584445974805 
520.5015876040169 711.323543993384 
591.4081936930255 220.68362379729027 
513.025090541606 756.9365717784764 
558.9973399010049 324.97156465377856 
522.7126291199615 688.4610127012296 
676.6627588802857 123.4773394368335 
524.2036967284101 677.9424851341946 
537.8188437916265 394.87080116640726 
534.1984163153983 514.2851971468018 
535.0667176682842 498.5462646316412 
576.0928648118767 276.36958149781935 
580.4375300511106 263.18638100382134 
594.6258903914963 206.63169968819057 
592.8970990462439 215.05185024252216 
510.81386322745203 768.8730350132345 
508.4158263161808 785.119244697914 
619.0922730106954 153.81463277050176 
690.4223468055657 120.40455427603528 
529.1912997827164 616.7329689905774 
514.7811443375758 749.2199867340661 
600.2779484320473 180.2382123149666 
561.9435336454757 316.1998746656219 
585.4472755690019 245.20970423457638 
568.5745049806484 296.96060177240133 
601.9706694784059 172.74261729941662 
557.3319800796039 328.8600099492414 
536.4808771893703 450.9768390992868 
515.957119230006 742.2747996599355 
519.1510369615603 726.1124943659236 
506.09826436536656 796.412896138011 
643.0452370328057 137.5283490141604 
554.285115192877 337.11995918211136 
537.3636956200428 412.0114609595298 
504.7516301301796 803.342056010374 
521.3024921047959 703.7153716437736 
562.9518406376036 312.59603918540586 
564.8893816464773 307.47317104764244 
653.8554325796866 132.77931726271893 
658.9315537899894 128.45657181160507 
532.1124367987277 560.1760992537771 
507.2071387370327 790.8331358403666 
612.6848501511093 156.9179707320898 
531.4920136458774 569.6723773464248 
510.0439631892133 776.5785263438293 
596.7899087346736 197.2273948856466 
535.7306646754621 478.9221206421181 
537.0804509866413 428.1926337334779 
599.2929451289073 185.57940598230334 
573.117387577938 284.95024242469015 
502.69787658679985 814.2041357357845 
536.0596619351052 464.4549875624873 
526.3857972973759 646.5128413572132 
528.4548857200922 625.6269941202434 
555.594517543419 333.75500682860456 
503.6928742231356 808.7686405576551 
571.4446842008209 289.15271858119445 
533.6719457877398 526.4389303322769 
527.7519760934277 633.7515963441859 
574.6392679018445 281.1540553037343 
530.7671775340843 580.3875532430354 
533.2133820735936 537.2662386840067 
570.1953353396651 292.5930075847376 
517.0961829703818 737.6432056663007 
587.6618798068386 237.0039560234705 
512.058445638193 763.4746488271435 
595.8130977701296 201.37246662109675 
518.2679511376913 731.8443652135924 
603.0641015746635 169.5362811028872 
581.9476406613899 259.9331715462269 
615.2965431090869 155.65356175258714 
598.3601670113308 192.0887417253827 
656.6062806020138 130.75525133786127 
586.7826301403937 239.88758505433563 
703.4561255837108 120.35981713331437 
549.1003411179623 363.7516852674918 
545.8633409519533 365.2574521691733 
532.822810164913 549.2757515402799 
541.6292127667365 372.38943060803075 
526.9538331976246 641.8010051066118 
522.2290416272228 695.9987865993628 
566.2461217460791 303.5065098305859 
