497.33117362326277 820.3971489439102 
537.9772066920522 355.7458558967495 
529.7291418333422 585.195078069832 
599.4873136924372 189.50457236114332 
519.7235728108662 709.0019723833161 
634.2366276501822 140.59957658748155 
579.5737932731449 257.93688345716254 
701.6397615833621 120.35981713331437 
584.6866930941169 242.57029729066062 
594.6207462195973 201.15367670504867 
609.8202463231332 169.65738765102893 
688.8222433358914 120.63118696556073 
509.9727673370411 768.8730350132345 
596.6978103158973 193.0592049628377 
657.7747983314457 127.96569196350123 
556.1747114877578 324.6617706296079 
533.2492361640474 533.6709641391574 
572.1385724795664 284.24656252733047 
630.655186435688 145.01735309733127 
535.4884068258488 463.89590789034054 
551.6138158901289 333.00089419936313 
626.072974882445 151.306360897018 
587.4578532778734 234.23117372090445 
651.836454697477 130.9182335070466 
525.2995895572475 657.4778584526415 
641.0044137397873 136.97661992992965 
577.6937219941049 265.31525898804483 
569.5916250609306 290.6501620429101 
566.6512156778552 302.608275468512 
563.993587884462 306.2478534248199 
560.0041802020077 315.74409685931454 
647.4902167067291 133.2889584383988 
522.2310569315064 692.908948858618 
521.2089466373768 701.2063940652216 
614.7909660544677 163.75640968483285 
621.5827768231611 156.1949116777764 
536.6583296996251 422.27578757855935 
663.9528980006511 126.07034048515848 
574.8489717397256 281.6855193737834 
514.5496676105444 750.2316010669083 
612.7401999117372 166.41681831834077 
609.2813267446918 177.69857391423002 
667.8700773300383 124.99117216742471 
503.4680386393309 808.9616929436902 
511.3567269201831 764.1177782114652 
508.92593614346094 785.2323918511837 
506.5418477561214 796.3146598747273 
546.9179243278446 348.36748036586573 
527.7859765012332 635.2271174414883 
507.7753965237777 791.1039274170196 
501.76920654164553 814.2581644630259 
515.7270531953452 744.7905459440532 
617.7529945862533 160.5240918850792 
619.481166244028 157.89714528999454 
526.7164741294578 644.1293657062063 
535.0200462423826 503.06363549952096 
516.7545377151912 740.0736660017162 
590.6404662776412 223.72723281236625 
533.9437067908606 523.7669705202628 
534.4678372455473 514.3838040272014 
537.1025862167364 403.22122590079346 
537.6456769135045 371.8691295253822 
526.0987889442564 649.2781025233315 
535.8695988816758 452.45566949436613 
673.7387554294452 124.05554413468013 
529.088654385232 620.7018094982852 
523.2193780326567 687.2560842333601 
530.8022883097487 578.0356152291987 
591.1348701324214 220.65240879501144 
536.3103564442576 439.1411998930829 
644.7247031143379 135.3155054185078 
554.5014071541442 329.2998657306847 
500.1118931788448 817.6526181656487 
524.0660859540295 680.151966186226 
528.4618982273853 628.1846369257522 
517.8692450878259 734.6877379151044 
518.6873102239846 730.4718879869187 
537.3726465036866 387.23310041653787 
586.2824709336023 238.86926882198188 
683.0881528623285 122.4029779071097 
532.6212527268216 558.6384678924109 
545.3678612542634 349.96777548054035 
560.9961642380546 311.8088566020507 
532.0646811823806 565.0801978227529 
531.4616090006218 571.8465853233971 
678.9655597445549 123.16005013277216 
512.6567473036292 758.96904139434 
543.1537498728637 352.5371488546575 
504.6612432021213 804.3041254192133 
524.7034590867718 674.4458972548954 
505.4244783066984 801.2641140133603 
513.3552907684038 756.1384971551474 
562.0022919524596 310.18641669820295 
592.6642536752415 214.89647316797578 
593.1996784245415 212.75148743204116 
541.2476923847107 354.1595887585054 
629.1063772245659 149.434734955892 
550.688444378207 345.8965833181456 
578.5129830573597 263.7289918498008 
552.7680506104434 332.0383464868245 
