497.86706403422164 820.3971489439102 
538.605564258135 359.65830587968367 
701.4044851895127 120.35981713331437 
598.6337408152624 190.28609815384652 
619.8456924465085 168.34418172811294 
530.3289478458371 586.028524998628 
533.7413409777032 537.2662386840067 
510.79374074680135 769.6676620352687 
525.9825092670077 660.5940570847433 
602.9156523274427 186.83617104002693 
659.4449726610128 126.40385255958573 
536.006239200645 470.32781468626564 
583.0410386466153 247.8534761151641 
520.4575465081265 711.323543993384 
613.3937380090388 182.73302373073528 
537.4217121808059 417.05711161367867 
584.5183082849358 241.9227095880552 
501.86824074776905 815.2711375721686 
590.5893983192644 219.74626256827764 
594.2069651902563 200.4216428215123 
640.975252992171 139.56258811172324 
567.3708400421584 296.89568203993065 
577.7393835753526 266.76518851318167 
504.32816869196853 808.6696418345454 
574.3301720420953 278.63351900443894 
508.7630432719389 788.6240820030126 
507.019247496418 796.2953117139791 
649.7467408274144 133.3624518660346 
532.8577775955237 564.5218434707185 
636.5520916191577 147.7484628911243 
551.8909212166998 337.7636446909931 
527.1746907678514 650.0325505348733 
516.1143489227402 747.4124865750745 
557.0327768113636 324.322991397329 
625.7314061962106 160.01569744262358 
618.3579659584119 176.6561074430791 
581.1825431563275 257.71994256249354 
536.8736721217941 444.55661772139916 
623.2030376936548 164.94746426877745 
569.2273530066632 292.0309900610765 
593.313900932157 205.9016868116325 
555.2066612630056 328.81110843579205 
565.079291545499 303.2860839098572 
667.7138843457304 124.96595057819249 
553.4365920368585 333.38102729613917 
549.8538341378512 344.05047030945576 
537.9085879046029 398.27023073759557 
638.7438484286772 144.41542469500217 
561.7853794419391 311.7274071464898 
572.5471639361022 283.44155915499533 
646.5551817656944 135.5379056552277 
528.0743308900002 642.2026962368345 
521.144421421899 706.1975326216425 
596.4529475645246 197.15291994335377 
570.9705677565557 287.554289297128 
689.1913539210586 120.66328581301397 
563.6523582476858 306.8957857504531 
514.8872955104866 753.6219468636899 
589.128762354769 227.21541269984942 
548.2234249403697 347.85163403671356 
559.0754806887863 318.79034322862026 
512.6584670109631 762.5744500695098 
586.6873364720161 236.67907909995515 
608.805817307262 185.43484387330412 
525.2268561246234 678.8109672400094 
534.6017460067737 525.0905054442293 
538.306189264377 377.65440511210875 
579.7134651822489 262.57800600459086 
522.5364154329089 700.3900942630254 
633.3083135639906 152.25098625853622 
576.7187503714995 272.6702850668012 
546.6384393992864 351.92727793084333 
506.0801079488912 802.2739377137935 
656.6091840272032 128.54377915978517 
654.4163457753449 130.6519684007005 
686.3094601695125 121.23109692796906 
531.8002712352345 575.8199923528679 
587.9209160808499 231.80232241573881 
523.593977470706 692.9321831454738 
679.4877800514383 123.29137398487181 
528.989268649649 633.3387486384481 
544.2890674135607 355.7189421314095 
643.4221329456749 137.81576881768441 
630.8366492467691 154.1359804483732 
673.2395938286364 124.12522161802832 
529.6303543841941 625.9322136458319 
517.5995442661125 740.1613535866013 
519.5088894042674 732.0871567357561 
524.3826386930349 687.11998158732 
560.2626513798496 315.7062453463281 
536.4065194559829 460.3595721530118 
592.2712449176615 215.32950075266353 
513.5753308587875 759.1523467330909 
535.5539801768925 507.25528008069136 
541.701408013084 358.12235712964616 
530.9506364056894 581.3942298550228 
535.1146019881139 516.3100848244646 
510.19463604904604 782.2367309959435 
518.31018885275 737.4483425138 
627.5716787475615 156.3062945750686 
