497.3591188287422 820.3971489439102 
538.0781596742702 355.36027355212 
684.4250307445236 120.67527729096801 
703.4530523079342 120.35981713331437 
632.4617120995466 145.4641473977064 
639.3233321500406 140.7318453260624 
552.1724720425246 328.3391994626262 
604.7179324309232 166.2707837826449 
654.5938120475402 129.1267888181571 
622.5991270247466 154.07408508599465 
610.6703660383606 159.2571343931871 
529.9447218316035 583.1843520463239 
519.7545317149759 709.0019723833161 
646.016981637164 134.8288843612644 
614.1044494588238 157.7354054181816 
524.5385484613571 657.4778584526415 
533.883949120975 507.61609716303457 
510.79321060740097 766.3526563041477 
530.6558760400807 571.1230238935219 
650.4645349454838 132.05187980264174 
531.6326802205551 556.6198323846234 
567.4268577936523 285.5700450714366 
549.717568734319 335.85080972053237 
675.1541759007599 123.24276012834801 
507.4644856779739 787.3752235884325 
554.4243872430985 322.2472361843941 
536.6370321847049 417.22741643500115 
547.9108199151027 340.44944630050003 
562.1139092421972 300.24293065611374 
586.8241444767812 217.83041719295355 
592.0334487364145 195.08545549556845 
596.886800611008 175.34738684306342 
545.7897855541705 345.9048328248799 
535.7138099217522 452.77113807000507 
534.7357623053196 489.88718089835254 
523.625078310171 674.1157859308764 
522.4934526689842 684.3299450798769 
540.1546605676602 352.04875272056177 
527.0498842442856 630.4816421355855 
515.933983054641 738.4894430804096 
513.248925117626 752.1141309389538 
514.7020936494347 744.7661869488909 
506.0047794448022 794.7111329325624 
518.5804851399917 723.7012257152367 
537.3731730255408 381.6527679852764 
517.3947070067742 731.1700093033289 
572.4453796545624 271.99377446480827 
512.1879625164316 758.3729435562553 
526.0501450569636 641.2951965826753 
535.2631456493382 471.7891754857271 
569.2769122736456 280.4950952109541 
585.3162335993957 225.2918825284111 
583.9797418138234 230.63317080249712 
520.7023840609369 700.1218033307632 
590.5922909375422 202.5396504133214 
564.0794093651149 295.1225174679273 
508.84148496760383 780.2430093095647 
575.8168011304369 260.9747215747193 
527.8997799596154 621.7855587662436 
556.0450162940316 317.70448460311667 
528.7752926508289 611.6654025551877 
533.2850634321618 521.6096359863557 
504.81833619543113 800.8757828401871 
560.244974315842 305.2537172159408 
626.8726098500373 151.56253246283052 
521.5938045275403 692.5252021265973 
607.9293212177398 163.7901456992599 
581.0001626424955 243.46405783109444 
668.6815536542249 124.45626673292095 
570.8807416726108 276.1918066854178 
593.325033089432 189.48562193066917 
660.1737832543743 126.44287829658325 
594.5211778717261 184.56768151755114 
536.2071840662076 437.4823975823278 
588.1391799847368 212.40924462854218 
574.4761739414205 267.30794838367973 
565.5974365964278 291.7295199069584 
500.47693427473524 817.6526181656487 
503.6824434510489 806.8594123668804 
579.579938525984 247.96824709472338 
595.8613921781182 178.83404532326887 
525.2936253990616 649.7557667715685 
589.2985849220613 207.94745287640734 
537.1239839288114 394.0770386237161 
558.8654109915792 309.03812837279827 
577.0270876129304 256.70760581478703 
662.6424623629373 125.50033202019995 
629.6877485206452 149.52977649700827 
532.752195068157 533.6709641391574 
578.361193905763 252.1630659038641 
557.6911023140417 313.1678114809163 
502.73445647254647 812.2474384395179 
599.6342832643552 172.93105107744378 
509.91959917537866 774.8208271417054 
542.9347986377313 350.3928693454679 
601.7434783321185 171.39231448947547 
532.4217068633766 544.1458502926779 
644.7054383976711 137.81544066192743 
529.4977052502206 603.167269468095 
582.5049558661043 236.6434927390904 
