0.7331656485000354
0.7316502677517794
0.7333679093212525
0.7328987160668581
0.7285818048843683
0.7263042532029421
0.7192742431495432
0.7314585933593588
0.7289392463519603
0.7218524843331032
0.7338925882262032
0.732439030415732
0.7337936798197756
0.7307475351505448
0.7084194594055377
0.7185509620262766
0.7322144114222212
0.7327307189400908
0.7220648836407805
0.7288402256974196
0.7321622093599656
0.7211635514644639
0.720263294458655
0.7337798645836281
0.7330602579490697
0.7240728603402133
0.73375435531045
0.7333356926970084
0.7339772906128629
0.7320824280158411
