0.44422074759844365
0.4761229844067379
0.48755057922893147
0.4576994327845268
0.4984275060636431
0.494510587929107
0.425161880654971
0.4528738768552931
0.5105126253838925
0.4587319328852142
0.387858507241024
0.4902338212212899
0.49162057531817754
0.48090116946640615
0.46398157955228864
0.44961442749499225
0.44000575855407514
0.4955532327143629
0.4504364891861792
0.44597463751558564
0.48716599393089133
0.44372784159224227
0.44587129684557386
0.49348622962915156
0.4280548212913042
0.49936283734849746
0.4495521856616385
0.4769457876605193
0.47246456785258834
0.4873042412063697
