3 0 0 0 0 0 0 0  10000000100000001000000010000000100000001000000010000000100000001000000010000000100000001000000010000000100000001000000010000000100000001000000010000000100000001000000010000000100000001000000010000000 
3 0 0 2 0 0 0 0  10010000100100001001000010010000100100001001000010010000100100001001000010010000100101001001000010010000100100001001000010010000100100001001000010010000100100001001000010010000100100001001000110010000 
3 0 0 2 0 0 0 0  10010000100100001001000010010000100100001001000010010000100100001001000010010000100100001001000010000000100100001000000010010000100100001001000010010000100100001001000010000000100000001001000010010000 
0 0 0 0 0 0 0 0  11111111111111111111111111111111111111111111111111111111111111111101111111111111111111111111111111111111111111111111111111111111111111111111111111111111111111111111111111111111111111111111111111111111 
2 2 2 2 1 2 0 0  11111101111111011101110111111100101101011111110011010100111111011111010010101100111111001001010010110100011111011011110011010101110111001111010111110101111111011101110111110100110111011001110111110100 
3 0 0 2 0 2 0 0  10010101100101011001010110010100100101011001010010010100100100001101010010010100100111001001010010010100100101001001010010010100100101011001010010010100100111001001010110010100100101001001010010010100 
3 0 0 2 0 0 0 0  10010000100000001000000010000000100000001000000010000000100000001000000010000000100000001000000010000000100000001000000010000000100000001000000010000000100000001000000010000000100000001000000010000000 
2 2 0 2 0 2 0 0  11010101110101001001010010010100101101011001010010010100100111001111010010010100110111001101010010010100110101001011010010010101100111001001010011010100100101001001010011010100110101011101010010010100 
2 2 2 2 1 2 2 0  11111101111111011111110111011111111111011111110111111110111111111101111111111110111111001111111011111111111111111111111011010111111111111111110111111101111111111111111110111101110111111111110111110101 
3 0 0 2 0 0 0 0  10000000100100001001000010000000100000001000000010000000100000001000000010000000100000001000000010000000100000001000000010000000100000001000000010000000100000001000000010000000100000001000000010000000 
3 0 0 2 0 2 0 0  10010101100101001001010010010100100101011001010010010100100100001101010010010100100101001001010010010100100101001001010110010100100101011001010010010100100101011001010110010100100101001001000010010100 
2 2 0 2 1 2 0 0  11010101110101011001010110010100100101011101110011010100110101001111010010011100111111001001010010011101110101001001010010010100110111011111010011110100101111011001010011010100100101011001010110011100 
3 0 0 2 0 0 0 0  10010000100100001001000010000000100100001001000010010000100100001001000010000000100100001000000010010000100000001000000010000000100000001001000010010000100100001001000010000000100000001001000010010000 
3 0 0 2 0 0 0 0  10010000100000001000000010000000100000001000000010000000100000001000000010000000100000001001000010000000100000001001000010000000100000001000000010000000100100001001000010000000100000001001000010000000 
3 0 0 2 0 2 0 0  10010100100101001001010010010100100101011001010010010100100100001001010010010100100101001001010010010000100100001001000010010000100101001001000010010000100101001001000010010000100101001001000010010100 
3 0 0 2 0 2 0 0  10010100100101001001010110010100100101011001010010010101100100001001010010010100100101001001010010010100100101001001010110010100100101011001010010010100100111001001010110010100100101101001010010010100 
2 2 2 2 1 2 0 0  11110101110101011101010111010100100101011111110011010100110101001111010010101100101111001001010110010100110101001111110011010100110111001011010011110100110111011101010110010100110111011001010010010101 
3 0 0 2 0 2 0 0  10010100100101001001010010010000100100001001000010010000100100001001000010010100100100001001000010010000100100001001000010010000100100001001000010010000100100001001000010010000100100001001000010010000 
3 0 0 2 0 0 0 0  10010000100000001001000010000000100100001000000010000000100000001001000010000000100100001001000010010000100000001001000010010000100000001001000010010000100100001001000010000000100000001001000010000000 
2 2 2 2 1 2 0 0  11110101111101011101010111010100100101011111110011010100111111011111010010101100111111011001010010011101111101011011110011010101110111001111010011110101111111011101010111010100110111011001010111010100 
2 2 0 2 0 2 0 0  10010101100101011101010111010100100101011001010010010100110101001101010010010100100111001001010010011100110101001001010010010100100101011001010010010100100101011001010111010100110101001001010011010101 
3 0 0 2 0 2 0 0  10010000100100001001010010010000100100001001000010010000100100001001000010010100100101001001000010010000100100001001000010010000100100001001000010010000100100001001010010010000100100001001000010010000 
3 0 0 2 0 2 0 0  10010100100101001001000010010000100100001001000010010000100100001001000010010000100100001001000010010000100100001001000010010000100101001001000010010000100100001001000010010000100100001001000010010000 
3 0 0 2 0 0 0 0  10000000100000001000000010010000100000001001000010010000100100001001000010000000100100001000000010010000100000001001000010000000100000001001000010010000100100001001000010000000100000001001000010000000 
3 0 0 2 0 2 0 0  10010000100100001001010010010000100101001001010010010100100100001001000010010000100101001001010010010000100100001001000010010000100100001001000010010000100100001001000010010000100100001001000010010000 
3 0 0 2 0 2 0 0  10010000100101001001000010010000100101001001010010010100100100001001000010010100100101001001000010010100100100001001000010010000100100001001000010010000100100001001000010010000100101001001000010010100 
3 0 0 2 0 2 0 0  10010000100101001001000010010000100101001001000010010000100100001001000010010000100101001001000010010000100100001001000010010000100100001001000010010000100100001001000010010000100100001001000010010000 
3 0 0 2 0 2 0 0  10010000100101001001000010010000100101001001010010010000100100001001000010010000100100001001000010010000100100001001000010010000100100001001000010010000100100001001000010010000100101001001000010010100 
3 0 0 2 0 2 0 0  10010100100100001001000010010100100101001001010010010100100100001001010010010000100101001001010010010000100100001001000010010000100101001001000010010000100100001001000010010000100101001001000010010000 
2 2 0 2 1 2 0 0  10010101110101011001010110010100100101011101010010010100110101001111010010010100100111001001010010011101110101001001010010010100100111011001010011110100100111011001010011010100100101011001010110010100 
3 0 0 2 0 0 0 0  10000000100100001000000010000000100000001000000010000000100000001000000010000000100000001000000010000000100000001000000010000000100000001000000010000000100000001000000010000000100000001000000010000000 
3 0 0 2 0 0 0 0  10000000100000001000000010000000100000001000000010000000100000001000000010000000100000001000000010000000100000001001000010000000100000001000000010000000100000001001000010000000100000001001000010000000 
3 0 0 2 0 2 0 0  10010000100101001001000010010100100101001001010010010100100100001001010010010100100101001001000010010100100100001001000010010000100100001001000010010000100101001001000010010000100101001001000010010100 
3 0 0 2 0 0 0 0  10000000100000001001000010010000100000001001000010010000100100001001000010000000100100001000000010010000100000001001000010010000100000001001000010010000100100001001000010000000100000001001000010000000 
3 0 0 2 0 0 0 0  10000000100000001000000010000000100000001001000010010000100000001000000010000000100100001000000010010000100000001001000010010000100000001001000010000000100000001001000010000000100000001001000010000000 
3 0 0 2 0 0 0 0  10010000100100001000000010000000100000001001000010010000100000001001000010000000100000001000000010000000100000001001000010000000100000001000000010000000100000001000000010000000100000001000000010000000 
3 0 0 2 0 0 0 0  10000000100100001001000010000000100000001001000010010000100000001001000010000000100100001000000010010000100000001001000010010000100000001001000010010000100100001001000010000000100000001001000010000000 
3 0 0 2 0 0 0 0  10000000100000001001000010000000100000001001000010010000100100001001000010000000100100001000000010000000100000001001000010010000100000001001000010010000100100001001000010000000100000001001000010000000 
3 0 0 2 0 0 0 0  10000000100000001000000010000000100000001001000010010000100000001000000010000000100100001000000010010000100000001001000010010000100000001001000010010000100100001001000010000000100000001001000010000000 
2 2 2 2 1 2 2 0  11111101111111111111110111110111111111011111111111011110111111111111111010111100111111001011111011111100111111111111111011111111111111111111110111111101111111111111111111111101110111011111110111111111 
3 0 0 2 0 2 0 0  10010100100101001001000010010000100101001001010010010000100100001001000010010000100100001001000010010000100100001001000010010000100101001001000010010000100100001001000010010000100100001001000010010000 
3 0 0 2 0 0 0 0  10010000100100001001000010000000100000001000000010000000100000001001000010000000100000001000000010000000100000001000000010000000100000001001000010000000100000001000000010000000100000001000000010000000 
3 0 0 2 0 0 0 0  10000000100000001001000010000000100000001000000010010000100000001000000010000000100100001000000010010000100000001001000010000000100000001000000010000000100000001001000010000000100000001001000010000000 
3 0 0 2 0 0 0 0  10000000100100001001000010000000100000001000000010010000100000001000000010000000100000001000000010000000100000001001000010000000100000001000000010000000100000001001000010000000100000001000000010000000 
3 0 0 2 0 2 0 0  10010100100101001001010010010100100100001001010010010000100100001001010010010000100100001001000010010000100100001001000010010000100101001001000010010000100100001001000010010000100101001001000010010000 
3 0 0 2 0 0 0 0  10010000100100001000000010000000100100001001000010010000100000001001000010000000100100001000000010000000100000001000000010000000100000001001000010000000100100001001000010000000100000001001000010000000 
3 0 0 2 0 0 0 0  10000000100000001001000010000000100000001000000010010000100000001001000010000000100100001000000010010000100000001001000010010000100000001001000010010000100000001001000010000000100000001001000010000000 
2 2 2 2 1 2 0 0  11111101111101011101010111011100100101011111110011010100111111011111010010101100111111001001010010110100011101011011110011010101110111001111010011110101111111011101110111110100110111011001110111110100 
3 0 0 2 0 2 0 0  10010100100100001001010010010000100101001001000010010000100100001001000010010000100100001001010010010000100100001001000010010000100100001001000010010000100100001001000010010000100100001001000010010000 
3 0 0 2 0 0 0 0  10000000100100001001000010000000100000001000000010010000100000001001000010000000100100001000000010000000100000001001000010010000100000001001000010010000100000001001000010000000100000001001000010000000 
3 0 0 2 0 2 0 0  10010000100100001001010010010100100101001001010010010000100100001001000010010000100101001001010010010000100100001001010010010000100101001001000010010000100100001001000010010000100101001001000010010000 
3 0 0 2 0 2 0 0  10010000100101001001010010010000100100001001000010010000100100001001000010010100100100001001000010010000100100001001000010010000100100001001000010010000100100001001000010010000100100001001000010010000 
3 0 0 2 0 2 0 0  10010100100100001001000010010000100101001001010010010100100100001001000010010000100101001001000010010100100100001001010010010000100100001001000010010000100100001001000010010000100100001001000010010000 
3 0 0 2 0 0 0 0  10000000100000001001000010000000100000001000000010000000100000001000000010000000100000001000000010000000100000001000000010000000100000001000000010000000100000001000000010000000100000001000000010000000 
3 0 0 2 0 2 0 0  10010100100101001001010010010100100101001001010010010000100100001001010010010000100100001001000010010000100100001001000010010000100101001001000010010000100100001001000010010000100101001001000010010100 
3 0 0 2 0 0 0 0  10010000100100001001000010000000100000001000000010010000100000001001000010000000100100001000000010010000100000001001000010000000100000001001000010000000100000001001000010000000100000001000000010000000 
3 0 0 2 0 0 0 0  10010000100100001000000010000000100000001000000010000000100000001000000010000000100000001000000010000000100000001000000010000000100000001000000010000000100000001000000010000000100000001000000010000000 
3 0 0 2 0 0 0 0  10010000100000001001000010000000100000001000000010010000100000001001000010000000100000001000000010010000100000001001000010000000100000001001000010000000100000001000000010000000100100001001000010000000 
2 2 2 2 1 2 0 0  11010101110101011101010111010100100101011111110011010100110101001111010010101100101111011001010010011101110101001111110011010100110111001111010011111100100111011101010011010100110111011001010111010101 
3 0 0 2 0 0 0 0  10000000100000001001000010000000100000001000000010000000100000001000000010000000100000001000000010000000100000001001000010000000100000001000000010000000100100001001000010000000100000001001000010000000 
3 0 0 2 0 0 0 0  10000000100000001000000010000000100000001000000010010000100000001000000010000000100000001000000010010000100000001001000010000000100000001000000010000000100000001001000010000000100000001001000010000000 
3 0 0 2 0 2 0 0  10010000100100001001000010010100100101001001010010010000100100001001000010010000100100001001010010010100100100001001000010010000100100001001000010010000100100001001000010010000100101001001000010010100 
2 2 2 2 1 2 2 0  11111111111111011111110111011111111111011111110111111110111111111101111111111110111111001111111011111111111111111111111011010111111111111111110111111101111111111111111110111101110111111111110111110101 
3 0 0 2 0 2 0 0  10010100100101001001000010010100100101001001010010010000100100001001010010010000100101001001000010010000100100001001000010010000100101001001000010010000100100001001000010010000100101001001000010010000 
2 2 2 2 2 2 0 0  11111101110101011101010111010100100101011111110011010100110101011101010010101100111111001001010000110100011101011101110011010101110111001111010011110100111111011101110111010100110111011001110111010101 
3 0 0 2 0 0 0 0  10010000100000001001000010000000100000001000000010000000100000001000000010000000100000001000000010000000100000001000000010000000100000001000000010000000100000001000000010000000100000001000000010000000 
3 0 0 2 0 2 0 0  10010000100101001001010010010100100101001001000010010000100100001001000010010000100100001001000010010000100100001001000010010000100101001001000010010000100100001001000010010000100101001001000010010100 
3 0 0 2 0 0 0 0  10000000100100001001000010010000100000001000000010010000100000001001000010000000100000001000000010000000100000001000000010000000100000001001000010000000100000001001000010000000100000001000000010000000 
3 0 0 2 0 0 0 0  10000000100100001000000010010000100000001000000010010000100000001001000010000000100000001000000010010000100000001001000010000000100000001000000010010000100000001001000010000000100000001001000010000000 
3 0 0 2 0 0 0 0  10000000100100001001000010010000100100001001000010010000100100001001000010000000100100001000000010000000100000001001000010010000100000001001000010010000100100001001000010000000100000001001000010000000 
3 0 0 2 0 2 0 0  10010000100100001001010010010100100101011001010010010100100100001001010010010000100101001001010010010000100100001001010010010000100101001001000010010000100101001001000010010000100101001001000010010000 
3 0 0 2 0 0 0 0  10010000100000001000000010000000100000001000000010010000100100001001000010000000100000001000000010010000100000001000000010000000100000001001000010010000100100001001000010000000100000001001000010000000 
3 0 0 2 0 0 0 0  10010000100000001001000010000000100000001000000010010000100000001000000010000000100000001000000010010000100000001000000010000000100000001001000010000000100000001000000010000000100000001000000010000000 
3 0 0 2 0 2 0 0  10010000100101001001010010010000100101001001000010010100100100001001000010010000100101001001000010010000100100001001000010010000100100001001000010010000100100001001000010010000100100001001000010010000 
3 0 0 2 0 2 0 0  10010100100100001001010010010000100101001001010010010100100100001001000010010000100100001001010010010000100100001001000010010000100101001001000010010000100100001001000010010000100100001001000010010000 
3 0 0 2 0 0 0 0  10000000100000001000000010000000100000001000000010010000100000001000000010000000100100001000000010010000100000001001000010000000100000001001000010000000100000001001000010000000100000001001000010000000 
3 0 0 2 0 0 0 0  10000000100000001001000010000000100000001000000010010000100000001001000010000000100100001000000010010000100000001001000010000000100000001001000010000000100000001001000010000000100000001001000010000000 
3 0 0 2 0 0 0 0  10000000100000001001000010000000100000001000000010000000100000001000000010000000100000001000000010000000100000001001000010000000100000001000000010000000100000001000000010000000100000001001000010000000 
3 0 0 2 0 2 0 0  10010100100100001001000010010100100101001001010010010100100100001001010010010100100101001001010010010000100100001001000010010000100101001001000010010000100101001001010010010000100101001001000010010100 
3 0 0 2 0 2 0 0  10010000100100001001000010010100100101001001010010010100100100001001010010010000100101001001000010010000100100001001010010010100100101001001010010010000100101001001000010010000100101001001000010010100 
3 0 0 2 0 2 0 0  10010000100100001001000010010100100101011001010010010100100100001001010010010000100101001001010010010000100100001001010010010000100101001001000010010000100100001001000010010000100101001001000010010000 
2 2 0 2 0 2 0 0  10010101100101011001010110010100100101011001010010010100110101001101010010010100100111001001010010011100110101001001010010010100100101011001010010010100100101011001010111010100110101001001010011010101 
2 2 2 2 1 2 2 0  11111111111111111111111111011110111111011111111111111110111111111101111111101100111111001101110011111111111111111111110011011111111111111111110111111101101111111111111111111111110111111101110111110100 
2 2 2 2 1 0 2 0  11111111111111111111111111011110111111111111111111111110111111111101111111111111111111001101111111111111111111111111111011111111111111111111110111111111111111111111111111111101110111111111110111110111 
3 0 0 2 0 2 0 0  10010100100100001001000010010000100100001001000010010000100100001001000010010000100101001001000010010000100100001001000010010000100100001001000010010000100100001001010010010000100100001001000010010000 
3 0 0 2 0 2 0 0  10010000100100001001000010010000100101001001000010010000100100001001000010010000100101001001000010010000100100001001000010010000100100001001000010010000100100001001000010010000100100001001000010010100 
3 0 0 2 0 2 0 0  10010000100101001001010010010100100101001001010010010000100100001001010010010000100100001001000010010000100100001001000010010000100101001001000010010000100100001001000010010000100101001001000010010100 
3 0 0 2 0 0 0 0  10000000100100001000000010000000100000001000000010010000100000001001000010000000100000001000000010000000100000001001000010000000100000001001000010000000100000001001000010000000100000001001000010000000 
3 0 0 2 0 2 0 0  10010100100101001001000010010100100101001001010010010000100100001001010010010100100101001001010010010000100100001001000010010000100101001001000010010000100101001001010010010000100101001001000010010000 
3 0 0 2 0 0 0 0  10000000100100001000000010010000100000001001000010010000100000001001000010000000100000001000000010010000100000001001000010000000100000001001000010000000100100001001000010000000100000001001000010000000 
3 0 0 2 0 2 0 0  10010100100100001001010010010100100101001001010010010000100100001001010010010100100101001001010010010000100100001001000010010000100100001001000010010000100100001001010010010000100100001001000010010000 
3 0 0 2 0 0 0 0  10000000100100001000000010000000100000001000000010010000100000001000000010000000100000001000000010000000100000001001000010000000100000001000000010000000100000001001000010000000100000001001000010000000 
3 0 0 2 0 0 0 0  10000000100100001000000010000000100000001000000010000000100000001000000010000000100000001000000010000000100000001000000010000000100000001000000010000000100000001001000010000000100000001001000010000000 
3 0 0 2 0 0 0 0  10010000100000001000000010000000100100001000000010010000100100001001000010000000100100001000000010010000100000001000000010000000100000001001000010010000100100001001000010000000100000001001000010000000 
3 0 0 2 0 2 0 0  10010000100100001001000010010000100101001001000010010100100100001001000010010000100100001001010010010000100100001001010010010000100101001001000010010000100100001001000010010000100100001001000010010000 
3 0 0 2 0 2 0 0  10010000100101001001010010010100100101011001010010010100100100001001010010010100100101001001010010010000100100001001000010010000100101001001000010010000100101001001000010010000100101001001010010010100 
3 0 0 2 0 2 0 0  10010100100100001001000010010000100101001001000010010100100100001001000010010000100101001001000010010000100100001001000010010000100100001001000010010000100100001001000010010000100100001001000010010000 
3 0 0 2 0 2 0 0  10010000100101001001010010010100100101001001010010010100100100001001010010010000100101001001000010010000100100001001000010010000100101001001000010010000100101001001000010010000100101001001000010010100 
3 0 0 0 0 0 0 0  10000000100000001000000010000000100000001000000010000000100000001000000010000000100000001000000010000000100000001000000010000000100000001000000010000000100100001000000010000000100000001000000010000000 
3 0 0 2 0 2 0 0  10010100100101001001010010010100100101001001010010010100100100001001010010010100100101001001010010010000100101001001010110010100100101001001010010010000100101001001010010010100100101011001000010010100 
