5 0 0 0 0 0 0 0  10000000100000001000000010000000100000001000000010000000100000001000000010000000100000001000000010000000100000001000000010000000100000001000000010000000100000001000000010000000100000001000000010000000 
4 0 0 2 0 0 0 0  10010000100100001001000010000000100100001001000010010000100000001001000010010000100100001001000010000000100000001001000010010000100000001001000010010000100100001001000010010000100100001001000010000000 
2 2 2 2 1 2 2 1  11111111111111111111111111111111110111101111111111111111111111111101110011111111111101011101111011011111111111111111110111111111111101111011111111111111111111111111111101110110111111101111110111110110 
0 0 0 0 0 0 0 0  11111111111111111111111111111111111111111111111111111111111111111111111111111111111111111111111111111110111111111111111111111111111111111111111111111111111111111111111111111111111111111111111111111110 
4 0 0 2 0 0 0 0  10010000100101001001000010000000100100001001000010010000100000001001000010010000100100001001000010000000100000001001000010010000100000001001000010010000100100001001000010010000100100001001000010000000 
2 2 1 2 1 2 1 1  01010000010100000101010001010100010100000101010011010101010111000101010001011100110111010101010101010100010101010101110011010100010101001101010101011100010111011101110001010100010100000101010001110100 
2 2 1 2 1 2 1 1  01010000010101000101010001010100010101000101010011010101010111000101010001011100110101010101010101010100010101010101010011010100010101001101010101010100010111011101010001010100010101000101010001110100 
2 2 1 2 1 2 1 1  01010101010101000101010001010100010101000101010011010100010111000101010001011100110101010101010101010100010101010101010011010100010101001101010101010100010111011101010001010100010101000101010001110100 
2 2 2 2 1 2 1 1  11110101111101011111010111011101111101001101010011010101111111011101010011010101110111110101010111110100110101010101110011011101010101001111010111011101110111011101110001111100110101000111010001110100 
4 0 0 2 0 0 0 0  10010000100101001001000010000000100100001001000010010000100001011001000010010000100100001001000010000000100000001001001010010000100000001001000010010000100100001001000010010000100100001001000010001000 
4 0 0 2 1 0 0 0  10001100100010001000100010001000100110001001100010010000100100001000100010001000100100001001000010010000100000001000000010010000100010001000100010010000100010001001000010001000100110001001100010001000 
4 0 0 2 0 0 0 0  10010000100100001001000010000000100100001001000010010000100000011001000010010000100100001001000010000000100000001001001010010000100000001001000010010000100110001001000010010000100100001001000010010000 
4 0 0 2 0 0 0 0  10010000100000001000000010000000100000001000000010000000100000001000000010000000100000001000000010000000100000001000000010000000100000001000000010000000100000001000000010000000100000001000000010000000 
2 2 1 2 1 2 1 1  11010101110101001101010001010100110101001101010011010101110111000101010011010100110101010101010001110100010101010101110101010100010101001101010001011101010111011111010001111101110101010101010001110100 
2 2 1 2 1 2 1 1  01010100010100000101000001010000010100000101010011010101010101000101010001010100110101010101010101010110010101010101110011010101010101001101010001011000010111011101010001010100010101000111010001110100 
4 0 0 2 0 0 0 0  10010000100101001001000010000000100100001001000010010000100000011001000010010000100100001001000010000000100000001001000010010000100000001001000010010000100100001001000010010000100100001001000010010000 
2 2 1 2 1 2 1 1  01010100010100000101000001010100010101000101010111010101010111000101010001011100010111010101010101010100010101010101010011010100010101001101010101011100010111011101010001010100010101000101010001110100 
2 2 1 2 1 2 1 1  01010101010100000101000001010100010101000101010111010101010101000101010001011100010101010101010101010100010101010101010011010100010101001101010101011100010111011101010001010100010101000101010001110100 
4 0 0 2 0 0 0 0  10000000100100001000000010000000100000001000000010000000100000001000000010000000100000001000000010000000100000001000000010000000100000001000000010000000100000001000000010000000100000001000000010000000 
2 2 1 2 1 2 1 1  11110101110101011101010101010101010101001101010011010101110111000101010011010100110101110101010101010101010101010101110011011101010101001101010111011101010111011111110101010101010101001101010001010100 
2 2 1 2 1 2 1 1  01010000010101000101010001010000010100000101010111010101010111010101010011010100110101010101010101010100010101010101110011010000010101001101010001011100010111011101010001011100010101000111010001110100 
4 0 0 2 0 0 0 0  10010000100100001001001010000000100100001001000010010000100100011001000010000000100100001000000010000000100000001001000010010000100000001001000010010000100100001001000010010000100100001001000010000000 
2 2 1 2 1 2 1 1  01010100010100000101010001010100010100000101010011010101010101000101010011011100010101010101010101010110010101010101010011010101010101001101010101010000010111011101010001010100010101000101010001110100 
4 0 0 2 1 0 0 0  10001000100010001000100010001000100110001001100010010000100100001000100010001000100100001001000010010000100000001000000010010000100010001000100010010000100010001001000010001000100110001001100010001000 
4 0 0 2 0 0 0 0  10010000100100001001000010000000100100001001000010010000100000001001000010000000100100001000000010000000100000001000000010000000100000001001000010010000100100001001000010010000100000001001000010000000 
2 2 1 2 1 2 1 1  01010000010101000101000001010100010101000101010111010101010111010101010001010100110111010101010101010100010101010101110011010100010101001101010101011101010111011101010101010100010101000101010001110100 
2 2 2 2 1 2 2 1  11111101111111111111111111111101110111111111111111111110111101011101110011111111111101011101111011011111111111111111110111111111111101111111111111111111111111111111110101110111110111100111111111110110 
2 2 1 2 1 2 1 1  01010100010101000101000001010000010101000101010011010101010111000101010001010100110101010101010101110100010101010101110011010000010101001101010001010100010111010101010001011100010101000111010001110100 
2 2 1 2 1 2 1 1  01010000010101010101010101010100010101000101010011010101010111000101010001010100110101010101010101010101010101010101110011010100010101001101110101010101010111011111010001010100010101000101010001110100 
4 0 0 2 0 0 0 0  10000000100000001000000010000000100000001001000010010000100000001000000010000000100100001001000010000000100000001000000010000000100000001001000010000000100100001001000010000000100000001001000010000000 
2 2 2 2 1 2 1 1  11111101111111011111010111111101110101001111010011010101111111011101010011010100110101110101010111110100110111000101110011011101010101011111111111011101110011011101010001010100110101000111110111110100 
4 0 0 2 0 0 0 0  10000000100100001001000010000000100000001000000010000000100000001000000010000000100000001000000010000000100000001000000010000000100000001000000010000000100000001000000010000000100000001000000010000000 
4 0 0 2 0 0 0 0  10010000100000001001000010000000100000001000000010000000100000001000000010000000100000001000000010000000100000001000000010000000100000001000000010000000100000001000000010000000100000001000000010000000 
4 0 0 2 0 0 0 0  10000000100000001001000010000000100100001001000010010000100000001001000010000000100100001001000010000000100000001001000010000000100000001001000010010000100100001001000010010000100000001001000010000000 
2 2 1 2 1 2 1 1  01010101010100000101010001010100010101000101010011010100010101000101010001011100010101010101010101010100010101010101010011010101010101001101010101010000010111011101010001010100010101000101010001110100 
2 2 1 2 1 2 1 1  01010100010100000101010001010100010101000101010011010101010111000101010001011100110101010101010101010100010101010101010011010100010101001101010101010100010111011101010001010100010101000101010001110100 
4 0 0 2 0 0 0 0  10000000100000001001000010000000100000001000000010000000100000001000000010000000100000001000000010000000100000001000000010000000100000001000000010000000100000001000000010000000100000001000000010000000 
4 0 0 2 0 0 0 0  10000000100100001001000010000000100100001001000010010000100000001001000010000000100100001000000010000000100000001001000010000000100000001001000010010000100100001001000010010000100100001001000010000000 
4 0 0 2 0 0 0 0  10000000100000001000000010000000100000001001000010000000100000001001000010000000100100001000000010000000100000001000000010010000100000001000000010000000100000001001000010000000100000001001000010000000 
4 0 0 2 0 0 0 0  10010000100100001000000010000000100000001001000010000000100000001000000010000000100000001000000010000000100100001000000010000000100000001000000010000000100000001000000010000000100000001000000010000000 
2 2 1 2 1 2 1 1  01010101110101010101010101010100010101000101010011010101010111010101010001010100110101010101010001010101010101010101110011011100010101011101010101011101010111011101010001010100010101000101010001110100 
2 2 1 2 1 2 1 1  01010100010101000101000001010100010101000101010011010101010111000101010001010100110111010101010101010100010101010101010011010101010101001101010101010101010111011101010101010100010101000101010001110100 
2 2 1 2 1 2 1 1  11010101110101011101010101010100110101001101010011010101110111000101010001010100110101010101010001110100010101010101110001010100110101001101010001010101010111011111010001111100110101010101010001110100 
4 0 0 2 0 0 0 0  10010000100100001001000010000000100000001000000010000000100000001000000010000000100000001000000010000000100000001000000010000000100000001000000010000000100000001000000010000000100000001000000010000000 
4 0 0 2 0 0 0 0  10000000100100001000000010000000100000001000000010000000100000001000000010000000100100001000000010000000100000001000000010000000100000001000000010000000100000001001000010000000100000001001000010000000 
4 0 0 2 0 0 0 0  10010000100100001001000010000000100100001001000010010000100000001000000010000000100000001000000010000000100000001000000010000000100000001000000010000000100100001000000010010000100000001000000010000000 
2 2 1 2 1 2 1 1  01010000010100000101010101010100110101000101010011010101010111010101010001011100110101010101010001010100010101010101110011011100010101001101010101011100010111011111010001010100010101000101010001110100 
4 0 0 2 0 0 0 0  10010000100000001000000010000000100000001001000010000000100000001000000010000000100100001000000010000000100000001001000010000000100000001000000010000000100100001001000010000000100000001001000010000000 
2 2 2 2 1 2 2 1  11111101111111011111110111111101110111111111111111111110111101011101110011111110111111111101111111011111111111111111110111111111111101011111011111111111111111111111110101110111110111111111110111110110 
4 0 0 2 0 0 0 0  10000000100000001000000010000000100000001000000010000000100000001000000010000000100000001000000010000000100000001001000010000000100000001000000010000000100000001001000010000000100000001001000010000000 
4 0 0 2 0 0 0 0  10000000100100001001000010000000100000001001000010010000100000001001000010000000100100001000000010000000100000001000000010000000100000001001000010000000100000001001000010000000100000001000000010000000 
2 2 1 2 1 2 1 1  01010000010100000101010001010100010101000101010011010101010111000101010001011100110101010101010101010100010101010101110011010100010101001101010101011100010111011101110001010100010101000101010001110100 
2 2 1 2 1 2 1 1  01010100010101000101010001010000010100000101010011010101010101000101010001010100010101010101010101010100010101010101100011010100010101001101010001010100010111010101010001010100010101000111010001110100 
2 2 1 2 1 2 1 1  11010101110101011101010101011100111101001101010011010101111111011101010011010101110111110101010111110100010101010101110111011101010101001101010101011101010111011111010001111100110101000101010001110100 
2 2 2 2 1 2 2 1  11111101111111011111010111111101110111111111010011011111111101011101010011111110111111010101011111010100111111110111110111011101011101011111011111110101111111010111010001110100110111011111110011110110 
4 0 0 2 0 0 0 0  10000000100100001001000010000000100000001000000010010000100000001000000010000000100100001000000010000000100000001000000010000000100000001001000010000000100000001001000010000000100000001000000010000000 
2 2 1 2 1 2 1 1  11010101010101000101010001010100010101001101010011010101110111000101010011010100110101010101010101010100010101010101010011010101010101001101010101011100010111011111110101010101010101000101010001110100 
4 0 0 2 0 0 0 0  10000000100100001000000010000000100000001001000010010000100000001001000010000000100000001001000010000000100000001000000010000000100000001000000010000000100000001001000010000000100000001001000010000000 
4 0 0 2 0 0 0 0  10010000100100001001001010000000100100001001000010010000100100001000000010000000100100001000000010000000100000001001000010010000100000001001000010010000100100001001000010010000100100001001000010000000 
4 0 0 2 0 0 0 0  10010000100000001000000010000000100000001001000010000000100000001000000010000000100000001000000010000000100000001000000010000000100000001000000010000000100000001000000010000000100000001001000010000000 
5 0 0 0 0 0 0 0  10000000100000001000000010000000100000001000000010000000100000001000000010000000100100001000000010000000100000001000000010000000100000001000000010000000100000001000000010000000100000001000000010000000 
4 0 0 2 0 0 0 0  10000000100000001000000010000000100000001001000010010000100100001000000010000000100100001001000010000000100000001001000010010000100000001001000010010000100100001001000010010000100100001001000010000000 
2 2 1 2 1 2 1 1  01010100010101000101010001010100010101000101010111010101010101000101010001011100010101000101010101010110010101010101010011010101010101001101010001011100010111011111010001010100010101000101010001110100 
2 2 1 2 1 2 1 1  01010101010101011101010101010100111101000101010011010101010111011101010001010100110101110101010101010100010101010101110011010100010101001101110101010101010111011111010001110100010101000101010001110100 
4 0 0 2 0 0 0 0  10000000100000001001000010000000100000001000000010000000100000001000000010000000100000001000000010000000100100001001000010000000100000001000000010000000100000001001000010000000100000001001000010000000 
4 0 0 2 0 0 0 0  10000000100100001000000010000000100000001000000010010000100000001000000010000000100100001000000010000000100000001000000010000000100000001001000010000000100000001001000010000000100000001001000010000000 
4 0 0 2 0 0 0 0  10000000100000001001000010000000100000001000000010010000100000001000000010000000100000001000000010000000100000001000000010000000100000001001000010000000100100001001000010000000100000001001000010000000 
4 0 0 2 0 0 0 0  10000000100000001001000010000000100000001001000010010000100000001001000010000000100100001000000010000000100000001001000010000000100000001000000010000000100100001001000010000000100000001001000010000000 
2 2 1 2 1 2 1 1  01010000010101000101000001010000010101000101010011010101010111010101010001010100110111010101010101010100010101010101110011010000010101001101010001011100010111011101010001011100010101000101010001110100 
4 0 0 2 1 0 0 0  10001000100010001000100010001000100110001001100010010010100100101000100010001000100100001001000010010000100000001001000010010000100010001000100010010000100010001001000010001000100110001001100010001000 
4 0 0 2 0 0 0 0  10000000100000001001000010000000100000001001000010010000100000001001000010000000100100001001000010000000100000001001000010000000100000001000000010010000100100001001000010000000100000001001000010000000 
4 0 0 2 0 0 0 0  10000000100100001001000010000000100000001001000010010000100000001001000010000000100100001000000010000000100000001001000010000000100000001001000010000000100100001001000010000000100000001001000010000000 
2 2 2 2 1 2 1 1  11110101111111011111010111010101110101001101010011010101111101011101010010010100110111110101010011110100110101010101110011111101010101011111110111011100110111011101110101010100110101000111110101110100 
4 0 0 2 0 0 0 0  10010000100000001001000010000000100100001001000010010000100000001000000010000000100100001001000010000000100000001001000010010000100000001001000010010000100100001001000010010000100100001001000010010000 
4 0 0 2 0 0 0 0  10010000100000001001000010000000100000001000000010010000100000001000000010000000100000001000000010000000100000001000000010000000100000001000000010000000100100001000000010000000100000001001000010000000 
4 0 0 2 0 0 0 0  10000000100000001001000010000000100000001000000010010000100000001001000010000000100000001000000010000000100100001001000010000000100000001000000010000000100100001001000010000000100000001001000010000000 
4 0 0 2 0 0 0 0  10010000100100001000000010000000100000001001000010010000100000001001000010000000100000001000000010000000100000001000000010000000100000001000000010000000100000001001000010000000100000001001000010000000 
4 0 0 2 0 0 0 0  10010000100000001001000010000000100100001001000010010000100000001001000010010000100100001001000010000000100000001001000010000000100000001000000010000000100100001001000010010000100000001001000010000000 
4 0 0 2 0 0 0 0  10000000100000001000000010000000100000001001000010010000100000001001000010000000100100001001000010000000100000001001000010000000100000001001000010000000100100001001000010000000100000001001000010000000 
2 2 1 2 1 2 1 1  01010101010101000101000001010100010101000101010011010101010111000101010001010100110111010101010101010100010101010101010011010000010101001101010101010100010111011101010001010100010101000101010001110100 
4 0 0 2 0 0 0 0  10000000100000001000000010000000100000001000000010000000100000001000000010000000100100001000000010000000100000001001000010000000100000001000000010000000100100001001000010000000100000001001000010000000 
4 0 0 2 0 0 0 0  10000000100000001001000010000000100000001000000010000000100000001000000010000000100100001000000010000000100000001000000010000000100000001000000010000000100000001000000010000000100000001001000010000000 
2 2 1 2 1 2 1 1  01010100010101000101010001010000010101000101010011010101010111000101010001010100010101010101010001010100010101010101110011010100010101001101010001010100010111010101010001010100010101000101010001110100 
4 0 0 2 0 0 0 0  10010000100000001000000010000000100100001000000010010000100000001000000010000000100100001000000010000000100000001000000010000000100000001001000010010000100000001001000010010000100000001001000010000000 
4 0 0 2 0 0 0 0  10010000100000001001000010000000100100001000000010010000100000001000000010000000100100001000000010000000100000001000000010000000100000001001000010010000100100001001000010010000100000001001000010000000 
4 0 0 2 0 0 0 0  10010000100000001001000010000000100100001001000010000000100000001001000010000000100000001000000010000000100000001000000010000000100000001000000010000000100100001000000010000000100000001001000010000000 
4 0 0 2 0 0 0 0  10000000100000001001000010000000100000001001000010010000100000001000000010000000100100001001000010000000100000001001000010010000100000001001000010010000100100001001000010010000100000001001000010000000 
2 2 2 2 1 2 2 1  11111101111111011111111111111111110111101111111111111111111101111101110011111111111101011101111011011111111111111111110111111111111101111111111111111111111111111111110101110110110111101111110111110110 
4 0 0 2 0 0 0 0  10010000100101001001000010000000100100001001000010010000100000001001000010000000100100001001000010000000100000001001000010000000100000001000000010010000100100001001000010010000100000001001000010000000 
4 0 0 2 0 0 0 0  10010000100000001000000010000000100100001001000010000000100000001001000010000000100100001000000010000000100000001001000010000000100000001000000010010000100100001001000010010000100100001001000010000000 
4 0 0 2 0 0 0 0  10000000100100001000000010000000100100001001000010010000100000001001000010000000100100001001000010000000100000001000000010000000100000001000000010000000100000001001000010000000100000001001000010000000 
4 0 0 2 0 0 0 0  10000000100000001000000010000000100000001001000010010000100100001000000010000000100100001000000010000000100000001001000010010000100000001001000010010000100100001001000010010000100000001001000010000000 
2 2 2 2 1 2 1 1  11111101110111011111010111111101110101001111010011010101111101011101010011011100111111111101010111010101011111000101110011011101010101011111110111111101110011011001010001010100110101000111010111110100 
4 0 0 2 0 0 0 0  10000000100100001001000010000000100100001001000010010000100100001000000010000000100100001000000010000000100000001001000010010000100000001000000010010000100100001001000010000000100000001001000010000000 
4 0 0 2 0 0 0 0  10000000100100001000000010000000100100001001000010010000100000001001000010000000100100001001000010000000100000001001000010000000100000001000000010000000100100001001000010000000100000001001000010000000 
2 2 1 2 1 2 1 1  01010101010101010101010101010100111101000101010011010101010111000101010001010100110101010101010101010100010101010101110011010100010101001101110101010101010111011111010001010100010101000101010001110100 
2 2 1 2 1 2 1 1  01010000010101000101000001010000010100000101010011010101010111000101010001010100110101010101010101010110010101010101110011010001010101001101010001011000010111011101010001011100010101000111010001110100 
4 0 0 2 0 0 0 0  10000000100100001001000010000000100000001000000010000000100000001000000010000000100000001000000010000000100000001001000010000000100000001000000010000000100000001001000010000000100000001000000010000000 
2 2 1 2 1 2 1 1  01010101010101010101010001010100010101000101010111010101010111000101010011010100110111010101010101010100010101010101110011011100010101001101010101011101010111011111110001010100010101000101010001110100 
4 0 0 2 0 0 0 0  10010000100100001000000010000000100100001001000010010000100000001001000010000000100100001000000010000000100000001001000010000000100000001000000010000000100100001001000010000000100000001001000010000000 
