4 0 0 0 0 0 0 0  10000000100000001000000010000000100000001000000010000000100000001000000010000000100000001000000010000000100000001000000010000000100000001000000010000000100000001000000010000000100000001000000010000000 
3 0 0 0 2 0 0 0  10001000100010001000100010001000100010001000100010001000100010001000100010001000100010001000100010001000100010001000100010001000100010001000100010001000100010001000100010001000100010001000100010001000 
3 0 0 0 2 2 0 0  10001100100011001000110010001100100011001000110010001100100011001000100010001100100010001001110010001100100011001000100010001000100011001000110110001000100010001000100010001100100011001000100010001100 
3 0 0 0 2 2 0 0  10011100100011001000110010001100100011001000110010001100100011001000100010001100100010001000110010001000100011001000100010001000100011001000100010001000100011001000100010001000100011001000100010011100 
2 2 2 1 2 2 2 2  11111111111111111111111111011111111111111111111111111111111111111111111111111111111101101111111111111111111111110111110111111111111111111111111111111111111111111111111111111101110111111111111011110111 
3 0 0 0 2 2 0 0  10011100100011001001110010001100100011001000110010001100100011001000100010001100100010001001101010001100100011001000100010001000100011001000100110001000100010001000100010001101100011001000100010001100 
2 2 2 1 2 2 2 2  11111101111111011111110111011101111111111111111111111100111111011101111111011110111101101111111111110100101111010111010111111111111111011111111111111101111111011101110111111101111111111111111011110101 
0 0 0 0 0 0 0 0  11111111111111111111111111111111111111111111111011111111111101111111111111111111111111111111111111111111111111111111111111111111111111111111111111111111111111111111111111111111111111111111111111111110 
3 0 0 0 2 2 0 0  10001100100011001000110010001100100011001000110010001100100011001000100010001100100010001000110010001000100010001000100010001000100011001000100010001000100011001000100010001000100011001000100010001100 
2 2 2 1 2 2 2 0  01010100010101000101010001010100111101111101110001010101010101000101010101110011111111101101110111010100011111100111011111011100111101000101001001110101011101011111010001111110010101101101111101010100 
2 2 2 1 2 2 2 0  11010100110101001101010001010100111111111111110001011101010101000101010111111111111111101111010111010100010111100111011111010100110101010101011001111100010101011111010001111111110101011101110101010100 
3 0 0 0 2 0 0 0  10001000100010001000000010000000100000001000100010001000100000001000100010000000100000001000000010000000100000001000100010000000100000001000000010000000100000001000000010000000100000001000000010000000 
2 2 2 1 2 2 2 2  11111101110111011101010111011101111111111111110011010101111111011111111101011110111101101111110111110100110111010111010110110111111111011101111111111101111111011111010111111101110101101101010111010101 
4 0 0 0 2 0 0 0  10000000100010001000100010000000100000001000000010000000100000001000000010000000100000001000000010000000100000001000000010000000100000001000000010000000100000001000000010000000100000001000000010000000 
3 0 0 0 2 2 0 0  10001100100010001000110010001000100010001000100010001000100010001000100010001000100010001000100010001000100010001000100010001000100010001000100010001000100010001000100010001000100010001000100010001000 
2 2 2 1 2 2 2 2  11010101110101011101010111011101111111111101110101011101111111000111010001011010111111101111111111010100110111010111110111011101110101011101010101110100110101011101010111010101011101111111010001010101 
4 0 0 0 2 0 0 0  10001000100000001000000010000000100000001000000010000000100000001000000010000000100000001000000010000000100000001000000010000000100000001000000010000000100000001000000010000000100000001000000010000000 
3 0 0 0 2 2 0 0  10001000100010001000100010001100100011001000110010001100100011001000100010001100100010001000100010001100100010001000100010001000100010001000100010001000100010001000100010001000100011001000100010001100 
3 0 0 0 2 2 0 0  10001100100011001000110010001000100010001000100010001000100010001000100010001000100010001000100010001000100010001000100010001000100010001000100010001000100010001000100010001000100010001000100010001000 
3 0 0 0 2 2 0 0  10001100100011001000110010001100100011001000110010001000100010001000100010001100100010001000110010001000100010001000100010001000100010001000100010001000100010001000100010001000100010001000100010001100 
4 0 0 0 2 0 0 0  10000000100010001000000010000000100000001000000010000000100000001000000010000000100000001000000010000000100000001000000010000000100000001000000010000000100000001000000010000000100000001000000010000000 
3 0 0 0 2 0 0 0  10001000100000001000100010000000100010001000000010000000100000001000100010000000100010001000100010001000100000001000000010000000100000001000100010000000100000001000100010000000100000001000000010000000 
3 0 0 0 2 2 0 0  10001000100011001000110010001000100011001000110010001000100010001000100010001000100010001000100010001100100010001000100010001000100010001000100010001000100010001000100010001000100010001000100010001100 
3 0 0 0 2 2 0 0  10001100100010001000110010001000100011001000110010001000100010001000100010001100100010001000100010001000100010001000100010001000100010001000100010001000100010001000100010001000100010001000100010001000 
4 0 0 0 2 0 0 0  10000000100010001000000010000000100000001000000010000000100000001000000010000000100000001000000010001000100000001000000010000000100000001000000010000000100000001000100010000000100000001000100010000000 
3 0 0 0 2 0 0 0  10001000100000001000100010001000100010001000000010000000100010001000100010000000100010001000100010001000100000001000000010000000100000001000100010000000100010001000100010001000100010001000000010000000 
4 0 0 0 2 0 0 0  10000000100000001000000010001000100000001000100010001000100010001000100010000000100000001000100010001000100000001000000010000000100000001000100010000000100010001000100010001000100000001000100010000000 
2 2 2 3 2 2 2 0  01010101010101000101010001010101111101111111110001010101010101000101010101111011110111101111110111110100011111100111010111010100111101010101001001110100011101011101010001111110010101011101110101010100 
3 0 0 0 2 2 0 0  10001000100011001000100010001000100010001000100010001000100010001000100010001000100010001000100010001000100010001000100010001000100010001000100010001000100010001000100010001000100010001000100010001000 
4 0 0 0 2 0 0 0  10000000100010001000100010001000100010001000100010001000100010001000100010000000100000001000100010001000100000001000000010000000100000001000000010000000100000001000100010000000100010001000000010000000 
3 0 0 0 2 0 0 0  10001000100000001000000010001000100010001000000010000000100010001000100010000000100010001000100010001000100000001000000010000000100000001000100010000000100010001000100010001000100000001000000010000000 
3 0 0 0 2 0 0 0  10001000100010001000100010001000100010001000000010000000100010001000100010000000100010001000000010001000100000001000000010000000100000001000100010000000100010001000100010001000100000001000100010000000 
4 0 0 0 2 0 0 0  10000000100000001000100010000000100000001000000010000000100000001000000010000000100000001000000010000000100000001000000010000000100000001000000010000000100000001000000010000000100000001000000010000000 
4 0 0 0 2 0 0 0  10000000100010001000100010001000100000001000000010001000100000001000100010000000100010001000000010001000100000001000100010000000100000001000100010000000100000001000100010000000100000001000000010000000 
4 0 0 0 2 0 0 0  10000000100000001000000010001000100000001000000010001000100000001000000010000000100000001000000010001000100000001000000010000000100000001000100010000000100000001000100010000000100000001000100010000000 
3 0 0 0 2 2 0 0  10001000100010001000100010001000100011001000110010001100100010001000100010001100100010001000100010001000100010001000100010001000100010001000100010001000100010001000100010001000100010001000100010001100 
3 0 0 0 2 0 0 0  10001000100010001000100010000000100000001000000010000000100000001000100010000000100000001000000010000000100000001000000010000000100000001000100010000000100000001000000010000000100000001000000010000000 
3 0 0 0 2 2 0 0  10001100100010001000100010001000100011001000110010001100100010001000100010001100100010001000100010001000100010001000100010001000100010001000100010001000100010001000100010001000100010001000100010001100 
2 2 2 1 2 2 2 2  01010101010101010101010111011101111111111111110001010101111111001111111001111010111111101111111111010100110111010111010111010101111111011101011111110101110101011101010011110010011101110111110111110101 
3 0 0 0 2 2 0 0  10001000100011001000110010001100100011001000110010001100100010001000100010001100100010001000110010001000100010001000100010001000100010001000100010001000100010001000100010001000100010001000100010001100 
3 0 0 0 2 2 0 0  10001100100011001000110010001000100011001000110010001000100010001000100010001000100010001000100010001000100010001000100010001000100010001000100010001000100010001000100010001000100010001000100010001000 
3 0 0 0 2 2 0 0  10001100100010001000100010001100100011001000110010001100100010001000100010001100100010001000110010001000100010001000100010001000100011001000100010001000100010001000100010001000100010001000100010001100 
3 0 0 0 2 2 0 0  10001000100011001000110010001100100011001000110010001100100010001000100010001100100010001000100010001100100010001000100010001000100011001000100010001000100011001000100010001000100011001000100010001100 
2 2 2 1 2 2 2 2  11110101110101011101010111011101111111110101110001010101111101001111010101011100111111101111110111010100010111000111110110010101111101011101111101110101111111011101010111111101110111001101010101011101 
4 0 0 0 2 0 0 0  10000000100010001000000010000000100000001000100010001000100000001000000010000000100000001000000010000000100000001000000010001000100000001000000010000000100000001000100010000000100000001000100010000000 
2 2 2 1 2 2 2 2  11111101111111011111111111111111111111111111111111111101111111111111111111111111111101101111111111111111111111110111110111111111111111111111111111111111111111111111111111111101110111111111111011110111 
4 0 0 0 2 0 0 0  10000000100010001000100010001000100010001000100010001000100010001000100010000000100010001000000010001000100000001000100010000000100010001000100010000000100000001000100010000000100000001000100010001000 
3 0 0 0 2 2 0 0  10001000100010001000110010001100100011001000110010001100100010001000100010001100100010001000110010001000100010001000100010001000100010001000100010001000100010001000100010001000100010001000100010001100 
2 2 2 1 2 2 2 2  11110101111101011101010111011101111111110111110101010101111101001111010101011100111111101111110111010100010111000111110110010101111101011101111101110101111111011101010111111101110111001101110111111101 
3 0 0 0 2 0 0 0  10001000100010001000000010000000100010001000000010001000100010001000100010000000100000001000100010000000100000001000000010000000100000001000000010000000100010001000100010001000100000001000100010000000 
3 0 0 0 2 0 0 0  10001000100010001000100010001000100010001000110010001000100010001000100010001000100010001000100010001000100010001000100010001000100010001000100010001000100010001000100010001000100010001000100010001000 
4 0 0 0 2 0 0 0  10000000100010001000100010000000100000001000000010001000100000001000100010000000100000001000000010000000100000001000000010000000100000001000000010000000100000001000000010000000100000001000000010000000 
3 0 0 0 2 2 0 0  10001000100011001000100010001100100011001000110010001100100011001000100010001100100010001000100010001100100011001000100010001000100010001000100010001000100010001000100010001000100010001000100010001100 
3 0 0 0 2 2 0 0  10001000100010001000110010001000100011001000110010001100100010001000100010001100100010001000100010001000100010001000100010001000100010001000100010001000100010001000100010001000100010001000100010001000 
3 0 0 0 2 2 0 0  10001000100011001000110010001000100010001000100010001000100010001000100010001000100010001000100010001000100010001000100010001000100010001000100010001000100010001000100010001000100010001000100010001000 
4 0 0 0 2 0 0 0  10000000100010001000000010001000100000001000100010001000100000001000000010000000100000001000000010001000100000001000100010000000100000001000000010000000100000001000100010000000100000001000100010000000 
4 0 0 0 2 0 0 0  10000000100010001000100010001000100000001000000010001000100000001000000010000000100000001000000010001000100000001000000010000000100000001000100010000000100000001000100010000000100000001000000010000000 
4 0 0 0 2 0 0 0  10000000100000001000000010000000100000001000000010000000100000001000000010000000100000001000000010001000100000001000000010000000100000001000000010000000100000001000100010000000100000001000100010000000 
3 0 0 0 2 2 0 0  10001100100010001000100010001000100010001000110010001100100010001000100010001000100010001000100010001000100010001000100010001000100010001000100010001000100010001000100010001000100010001000100010001000 
4 0 0 0 2 0 0 0  10000000100000001000000010001000100000001000000010000000100000001000100010000000100000001000000010000000100000001000000010000000100000001000000010000000100000001000100010000000100000001000100010000000 
4 0 0 0 2 0 0 0  10000000100010001000000010001000100010001000100010001000100000001000000010000000100000001000000010001000100000001000000010001000100000001000100010000000100000001000100010000000100000001000100010000000 
4 0 0 0 2 0 0 0  10000000100000001000000010000000100000001000100010001000100000001000000010000000100010001000100010001000100000001000000010001000100000001000100010000000100000001000100010000000100000001000100010000000 
3 0 0 0 2 2 0 0  10001100100010001000100010001000100010001000100010001000100010001000100010001000100010001000100010001000100010001000100010001000100010001000100010001000100010001000100010001000100010001000100010001000 
4 0 0 0 2 0 0 0  10000000100000001000100010001000100010001000000010001000100000001000000010000000100010001000000010001000100000001000100010000000100000001000100010000000100010001000100010000000100000001000100010000000 
3 0 0 0 2 2 0 0  10001100100011001000100010001000100010001000100010001000100010001000100010001000100010001000100010001000100010001000100010001000100010001000100010001000100010001000100010001000100010001000100010001000 
3 0 0 0 2 2 0 0  10001100100010001000110010001100100011001000110010001100100010001000100010001100100010001000100010001000100010001000100010001000100010001000100010001000100010001000100010001000100010001000100010001100 
4 0 0 0 2 0 0 0  10000000100000001000100010001000100000001000000010001000100000001000000010000000100010001000000010001000100000001000100010000000100000001000100010000000100010001000100010000000100000001000100010000000 
2 2 2 1 2 2 2 2  11111101110101011101010101011101111111111101110001010101111111001101111101011110111101101111111111010100110111010111010110110101111101011101111111111101111111011111010101111101110111001101010111011101 
2 2 2 1 2 2 2 0  11010100110101011101010101010101111111111101010101010100110101000101010111011100110111111111110111010100010111100111010110011100011101011101001101110100110111000101010001111110110101001101110101010100 
2 2 2 1 2 2 2 2  11010101110101011101010011011101111111110111110101010101111111000111010101011000110111101111110111010100010111000111010110011101110111011101011101110100111101011101010011011101011101011101010011111101 
4 0 0 0 2 0 0 0  10000000100000001000100010000000100000001000000010001000100000001000100010000000100000001000000010001000100000001000000010000000100000001000100010000000100010001000100010000000100000001000100010000000 
4 0 0 0 2 0 0 0  10000000100000001000100010000000100000001000000010000000100000001000000010000000100000001000000010000000100000001000100010000000100000001000000010000000100000001000000010000000100000001000100010000000 
2 2 2 1 2 2 2 2  01010101010101010101010011011101111111111111110101010101111111000111010101111010010111101111111111010100010111010111010111011100110111011101011101110100110101011101010011110011011101111101010011110101 
3 0 0 0 2 2 0 0  10001000100011001000100010001000100011001000100010001000100010001000100010001000100010001000100010001000100010001000100010001000100010001000100010001000100010001000100010001000100010001000100010001100 
3 0 0 0 2 2 0 0  10001100100011001000100010001100100011001000110010001100100010001000100010001100100010001000100010001000100010001000100010001000100011001000100010001000100010001000100010001000100010001000100010001100 
4 0 0 0 2 0 0 0  10000000100000001000100010001000100010001000100010001000100000001000100010000000100000001000100010001000100000001000100010000000100000001000000010000000100000001000100010000000100010001000100010000000 
2 2 2 1 2 2 2 0  01010100010101001101010001010100111111111111110001010101110101000101010111111110111111101111110111010100011111100111011111010100010101011101001101110100110111001111010001111111010101011101110101010100 
4 0 0 0 2 0 0 0  10000000100000001000000010000000100000001000100010001000100010001000100010000000100010001000000010001000100000001000100010000000100000001000100010001000100010001000100010000000100000001000000010000000 
3 0 0 0 2 0 0 0  10001000100010001000100010001000100010001000100010001000100010001000100010000000100010001000100010001000100000001000100010000000100010001000100010000000100010001000100010001000100010001000000010001000 
4 0 0 0 0 0 0 0  10000000100000001000000010000000100000001000000010000000100000001000000010000000100000001000000010000000100000001000100010000000100000001000000010000000100000001000000010000000100000001000000010000000 
3 0 0 0 2 2 0 0  10001100100011001000100010001000100011001000110010001000100010001000100010001100100010001000100010001100100010001000100010001000100010001000100010001000100010001000100010001000100010001000100010001100 
3 0 0 0 2 2 0 0  10001100100011001000100010001000100010001000110010001000100010001000100010001000100010001000100010001000100010001000100010001000100010001000100010001000100010001000100010001000100010001000100010001100 
3 0 0 0 2 2 0 0  10001000100011001000110010001000100011001000100010001000100010001000100010001000100010001000100010001000100010001000100010001000100010001000100010001000100010001000100010001000100010001000100010001000 
4 0 0 0 2 0 0 0  10000000100000001000100010000000100000001000000010001000100000001000100010000000100000001000000010000000100000001000000010000000100000001000000010000000100010001000100010000000100000001000100010000000 
3 0 0 0 2 2 0 0  10001000100010001000100010001000100011001000100010001000100010001000100010001100100010001000100010001000100010001000100010001000100010001000100010001000100010001000100010001000100010001000100010001100 
4 0 0 0 2 0 0 0  10001000100000001000000010000000100000001000000010000000100000001000000010000000100000001000100010000000100000001000100010000000100000001000000010000000100000001000100010000000100010001000100010000000 
3 0 0 0 2 2 0 0  10001000100011001000100010001100100011001000110010001100100010001000100010001000100010001000110010001000100010001000100010001000100010001000100010001000100010001000100010001000100010001000100010001100 
4 0 0 0 2 0 0 0  10000000100000001000100010000000100000001000000010000000100000001000000010000000100000001000000010001000100000001000100010000000100000001000000010000000100000001000100010000000100000001000100010000000 
3 0 0 0 2 0 0 0  10001000100010001000100010000000100000001000000010000000100010001000100010000000100010001000100010001000100000001000000010000000100000001000100010000000100000001000100010000000100000001000000010000000 
3 0 0 0 2 0 0 0  10001000100000001000100010000000100000001000000010000000100000001000000010000000100000001000100010001000100000001000000010000000100000001000000010000000100000001000100010000000100000001000000010000000 
3 0 0 0 2 0 0 0  10001000100000001000100010001000100010001000100010001000100010001000100010000000100010001000100010001000100010001000100010000000100000001000100010000000100000001000100010001000100000001000100010000000 
3 0 0 0 2 2 0 0  10001000100011001000100010001000100011001000110010001000100010001000100010001000100010001000110010001000100010001000100010001000100010001000100010001000100010001000100010001000100010001000100010001100 
4 0 0 0 2 0 0 0  10001000100000001000000010000000100010001000000010000000100010001000000010000000100010001000000010001000100000001000000010000000100000001000100010000000100010001000100010000000100000001000100010000000 
3 0 0 0 2 2 0 0  10001000100010001000110010001000100011001000100010001100100010001000100010001000100010001000100010001000100010001000100010001000100010001000100010001000100010001000100010001000100010001000100010001000 
4 0 0 0 2 0 0 0  10001000100000001000100010000000100000001000000010000000100000001000000010000000100000001000000010000000100000001000000010000000100000001000000010000000100000001000000010000000100000001000000010000000 
4 0 0 0 2 0 0 0  10000000100000001000100010001000100010001000100010001000100010001000100010000000100010001000100010001000100000001000100010000000100000001000100010000000100010001000100010001000100000001000000010000000 
2 2 2 1 2 2 2 2  11111101111111111111111111111111111111111111111111111101111111111111111111011111111101101111111111111111111111110111110111111111111111111111111111111111111111111111111111111101110111111111111011110111 
3 0 0 0 2 2 0 0  10001000100010001000110010001000100010001000100010001000100010001000100010001000100010001000100010001000100010001000100010001000100010001000100010001000100010001000100010001000100010001000100010001000 
4 0 0 0 2 0 0 0  10001000100000001000000010000000100000001000000010000000100000001000000010000000100000001000000010000000100000001000000010000000100000001000000010000000100000001000100010000000100000001000100010000000 
2 2 2 1 2 2 2 2  11111111111111011111110111011111111111111111111111111101111111111111111111011111111101101111111111111101111111110111110111111111111111111111111111111111111111111111111111111101111111111111111011110111 
