4 0 0 1 0 0 0 0  10000000100000001000000010000000100000001000000010000000100000001000000010000000100000001000000010000000100000001000000010000000100000001000000010000000100000001000000010000000100000001000000010000000 
3 0 0 3 0 0 0 0  10010000100100001001000010010000100100001001000010010000100100001001000010000000100100001001000010010000100100001001000010010000100100001001000010010000100100001001000010010000100100001001000010010000 
3 0 0 2 0 2 0 0  10010101100101001001010010010100100101001001010010010100100101001011010010001100100101001001010110010000100101001001011010010101100101001001010010010100100101011001010010010100100101001001000010010100 
3 2 0 3 0 2 0 0  11010101110101001001010110010101100101001001110010010100100101001011010010010100100101101101010110010000100111001001010010010101100101001001010010011100100101001001010010010100100101001001000011010100 
3 0 0 2 0 2 0 0  10010101100101001001010010010100100101001001010010010100100101001001000010010100100100001001010010010000100101001001010010010100100100001001000010010000100101001001010010010100100101001001010010010000 
2 0 0 2 0 2 0 0  10010100100101001001010010010100100101001001010010010100100101001001000010010100100101001001000010010000100101001001010010010100100100001001000010010100100101001001010010010100100100001001010010010100 
2 2 0 2 0 2 0 0  11010100110101001101010010010101100101001001010010010100100100001011010010010100100101111101010010010100110111101001010010010100100101001011010010011101100101001001010010011100101101011001000011010100 
0 0 0 0 0 0 0 0  11111111111111111111111111111111111111111111111111111111111111111101111111111111111111111111111011111111111111111111111111111111111111111111111111111111111111111111111111111111111111111111111111111111 
4 0 0 1 0 0 0 0  10010000100000001000000010000000100000001000000010000000100000001000000010000000100000001000000010000000100000001000000010000000100000001000000010000000100000001000000010000000100000001000000010000000 
3 2 2 2 0 2 0 0  10010101100101001001010010010100100101001011010010010100100101001011010010110100100101101001010110010100101111001011001010010101100101001011010010010100100101001011010011010100101101001011010011110100 
3 0 0 2 0 0 0 0  10010000100100001001000010000000100000001000000010010000100000001001000010000000100000001000000010010000100000001000000010000000100000001001000010000000100000001001000010000000100000001000000010000000 
2 2 2 2 2 1 2 2  11111111111111111111111111011111110101111111111011111111111101111111110111110100111111111111011111110101111111111101111011111101111111101111111111111101111111011111110111111111110111111111110011110111 
3 0 0 2 0 0 0 0  10010000100100001001000010000000100100001000000010010000100100001001000010000000100100001001000010010000100000001000000010000000100000001001000010010000100100001001000010010000100000001001000010010000 
3 2 2 3 0 2 0 1  11010101110101001101010111011101100101001011010010010100100101000011010010010100100101101101010110010100100111101001010011010101100101001011010010011101100101001011010010010100100101011001000011010100 
4 0 0 1 0 0 0 0  10000000100000001001000010000000100000001000000010000000100000001000000010000000100000001000000010000000100000001000000010000000100000001000000010000000100000001000000010000000100000001000000010000000 
2 2 2 2 2 2 2 2  11010101110101011101010111001111110101001011110011111100111101011111011011010100101111111111110011010100111111111101110111111100100101001111010010011100110111011111110110011110100100111001110011110100 
3 0 0 2 0 0 0 0  10010000100100001000000010000000100000001000000010000000100000001001000010000000100100001000000010000000100000001000000010000000100000001001000010000000100000001000000010010000100000001000000010000000 
2 0 0 2 0 2 0 0  10010100100101001001000010010000100101001001010010010000100100001001000010010100100100001001000010010000100100001001010010010000100100001001010010010000100101001001000010010100100100001001000010010000 
4 0 0 2 0 0 0 0  10000000100100001001000010000000100000001000000010000000100000001000000010000000100000001000000010000000100000001000000010000000100000001000000010000000100000001000000010000000100000001000000010000000 
2 2 2 2 2 1 2 2  11111101111111111111111111011111110101111111111011111111111101111111110111110100111111111111010111010101111111111101111011111101111111101111111111111101111111011111110111011111110111111111110011110111 
2 0 0 2 0 2 0 0  10010100100101001001010010010000100100001001000010010000100100001001000010010000100100001001000010010000100100001001000010010000100100001001000010010000100100001001000010010000100100001001000010010000 
3 0 0 3 0 0 0 0  10010000100100001001000010010000100100001001000010010000100100001001000010010000100100001001000010010000100100001001000010010000100100001001000010010000100100001001000010010100100100001001000010010000 
2 0 0 2 0 2 0 0  10010100100101001001000010010000100100001001000010010000100100001001000010010000100100001001000010010000100100001001010010010000100100001001000010010000100100001001000010010000100100001001000010010000 
2 0 0 2 0 2 0 0  10010000100101001001010010010000100100001001000010010000100100001001000010010000100100001001000010010000100100001001000010010000100100001001000010010000100100001001000010010000100100001001000010010000 
4 0 0 2 0 0 0 0  10000000100100001000000010000000100000001000000010000000100000001000000010000000100000001000000010000000100000001000000010000000100000001000000010000000100000001000000010000000100000001000000010000000 
2 0 0 2 0 2 0 0  10010100100101001001010010010000100101001001010010010000100100001001000010010100100100001001010010010000100100001001010010010000100100001001000010010000100100001001000010010101100100001001000010010000 
2 0 0 2 0 2 0 0  10010000100101001001000010010000100100001001000010010000100100001001000010010000100100001001000010010000100100001001000010010000100100001001000010010000100100001001000010010100100100001001000010010000 
2 0 0 2 0 2 0 0  10010000100101001001000010010000100101001001010010010000100101001001000010010100100100001001010010010000100100001001010010010000100100001001000010010000100100001001010010010100100101001001000010010100 
3 0 0 2 0 0 0 0  10010000100000001000000010000000100000001000000010010000100100001001000010000000100100001000000010010000100000001000000010000000100000001001000010000000100100001001000010000000100000001000000010000000 
3 0 0 2 0 1 0 0  10010100100100001001000010010000100100001001000010010000100100001001000010010000100100001001000010010000100100001001000010010000100100001001000010010000100100001001000010010000100100001001000010010000 
4 0 0 2 0 0 0 0  10000000100000001000000010000000100000001000000010010000100000001000000010000000100000001000000010010000100000001001000010000000100000001000000010000000100000001001000010000000100000001001000010000000 
2 0 0 2 0 2 0 0  10010000100101001001000010010000100101001001010010010000100100001001000010010100100101001001000010010000100100001001000010010000100100001001000010010000100100001001000010010100100100001001000010010100 
3 0 0 2 0 2 0 0  10010100100100001001000010010100100101001001010010010000100100001001000010010100100100001001000010010000100100001001000010010100100101001001000010010000100100001001010010010100100100001001000010010000 
2 0 0 3 0 2 0 0  10010000100100001001010010010000100101001001010010010000100100001001000010010100100100001001000010010000100100001001000010010000100100001001000010010000100100001001000010010100100101001001000010010000 
2 0 0 2 0 2 0 0  10010100100101001001010010010000100101001001010010010000100101001001000010010100100100001001010010010000100100001001000010010100100101001001000010010000100101001001010010010100100101001001000010010000 
3 0 0 2 0 0 0 0  10010000100000001000000010010000100100001000000010010000100100001000000010000000100100001000000010010000100000001001000010010000100000001001000010000000100100001001000010000000100000001000000010000000 
4 0 0 2 0 0 0 0  10000000100000001000000010000000100000001001000010010000100000001000000010000000100100001000000010000000100000001000000010010000100000001001000010000000100000001001000010000000100000001001000010000000 
2 0 0 2 0 2 0 0  10010000100101001001000010010000100101001001000010010000100100001001000010010100100100001001000010010000100100001001000010010000100100001001000010010000100100001001000010010100100100001001000010010000 
4 0 0 1 0 0 0 0  10000000100000001000000010000000100000001000000010000000100000001000000010000000100100001000000010000000100000001000000010000000100000001000000010000000100000001000000010010000100000001000000010000000 
4 0 0 2 0 0 0 0  10000000100000001001000010010000100100001001000010010000100000001001000010000000100100001000000010010000100000001001000010010000100000001001000010000000100100001001000010000000100000001001000010000000 
2 0 0 2 0 2 0 0  10010000100101001001010010010000100101001001010010010000100101001001000010010100100100001001010010010000100100001001010010010100100101001001000010010000100100001001010010010100100101001001000010010000 
2 0 0 2 0 2 0 0  10010100100100001001010010010000100100001001000010010000100100001001000010010000100100001001000010010000100100001001000010010000100100001001000010010000100100001001000010010000100100001001000010010000 
2 2 2 2 2 2 2 2  11110101111101011101010111011101110101011011110011111101111101010111011110010100111111111111110011010101110111111101110111111100100111001111110010110100110111011111110111011110110110111011111011010100 
2 0 0 2 0 2 0 0  10010100100100001001000010010000100101001001010010010000100100001001000010010100100100001001000010010000100100001001010010010000100100001001010010010000100100001001000010010000100100001001000010010000 
3 0 0 2 0 0 0 0  10010000100000001000000010000000100000001000000010010000100000001000000010000000100000001000000010000000100000001000000010000000100000001000000010000000100000001001000010010000100000001000000010000000 
2 2 2 3 0 2 2 1  11010101110101011101010111011100100101001011110010011100111101011111011010010100100101111101010011010100100101111101010011110100100101001111010010011100110111001001010010010010100101011001110011010000 
3 0 0 2 0 2 0 0  10010000100100001001010010010100100101001001010010010000100100001001000010010100100101001001000010010000100100001001010010010000100100001001000010010100100100001001000010010101100101001001000010010000 
2 0 0 2 0 2 0 0  10010100100101001001000010010000100100001001010010010000100100001001000010010100100100001001000010010000100100001001010010010000100100001001000010010000100100001001000010010100100100001001000010010000 
2 0 0 2 0 2 0 0  10010000100101001001010010010000100101001001010010010000100100001001000010010100100100001001000010010000100100001001000010010000100100001001000010010000100100001001000010010100100100001001000010010000 
2 0 0 2 0 2 0 0  10010100100101001001010010010000100101001001000010010000100100001001000010010000100100001001000010010000100100001001000010010000100100001001000010010000100100001001000010010100100100001001000010010000 
2 0 0 2 0 2 0 0  10010000100101001001010010010000100101001001000010010000100100001001000010010000100100001001000010010000100100001001000010010000100100001001000010010000100100001001000010010100100100001001000010010000 
2 2 2 0 0 0 2 2  11111111111111111111111111111111111111111111111011111111111111111101111111111111111111111111111011111111111111111111111111111111111111101111111111111101111111011111111111111111110111111111111111111111 
2 0 0 2 0 2 0 0  10010000100101001001010010010000100101001001010010010000100100001001000010010100100100001001010010010000100100001001010010010000100100001001000010010000100100001001010010010100100101001001000010010000 
4 0 0 2 0 0 0 0  10000000100000001000000010000000100000001001000010010000100100001000000010000000100100001000000010010000100000001000000010010000100000001001000010000000100100001001000010000000100000001001000010000000 
4 0 0 2 0 0 0 0  10000000100100001000000010000000100000001000000010010000100000001000000010000000100000001000000010000000100000001000000010000000100000001000000010000000100000001001000010000000100000001000000010000000 
2 0 0 2 0 2 0 0  10010000100100001001000010010000100101001001010010010000100100001001000010010100100100001001010010010000100100001001010010010100100101001001000010010000100101001001000010010100100100001001000010010000 
4 0 0 2 0 0 0 0  10000000100100001001000010010000100100001001000010010000100000001001000010000000100100001000000010010000100000001000000010010000100000001001000010010000100100001001000010000000100000001001000010000000 
3 0 0 3 0 2 0 0  10010000100100001001010010010000100101001001000010010000100100001001000010010100100100001001000010010000100100001001010010010000100100001001000010010000100100001001000010010000100100001001000010010000 
2 0 0 3 0 2 0 0  10010000100100001001000010010000100101001001010010010000100100001001000010010100100100001001010010010000100100001001010010010000100100001001000010010000100100001001000010010100100100001001000010010000 
2 0 0 2 0 1 0 0  10010000100100001001000010010000100101001001000010010000100100001001000010010000100100001001000010010000100100001001000010010000100100001001000010010000100100001001000010010100100100001001000010010000 
2 2 2 3 2 2 2 2  11110101110101011101010111011101110101001011110011111100111101011111011010010100110111111111110011010100110111111101110011110100100101001111010010111100110111011101110110010110100100111001110011010100 
3 0 0 2 0 0 0 0  10010000100100001000000010010000100100001000000010010000100000001001000010000000100100001000000010000000100000001000000010000000100000001000000010000000100000001001000010010000100000001000000010000000 
2 2 2 2 2 2 2 2  11110101111111011111010111011111110101011011110011111111111101111111111111110100111111111111110011110101111111111101110111011100101111001111111011110100110111011011110111011010110110111111110011010100 
4 0 0 2 0 0 0 0  10000000100100001001000010000000100000001000000010010000100000001000000010000000100000001000000010010000100000001001000010000000100000001001000010000000100000001001000010000000100000001000000010000000 
2 2 2 2 2 2 2 2  11111101111111011101010111010101110101001111110011111110111101011111111111010100110111111111110011110100111111111101110111010101111111001111011010111100110111011101110111011010110100111101110011010100 
4 0 0 2 0 0 0 0  10000000100100001000000010000000100000001000000010010000100000001000000010000000100100001000000010000000100000001001000010000000100000001000000010000000100000001001000010000000100000001001000010000000 
2 0 0 2 0 2 0 0  10010100100100001001000010010000100101001001000010010000100100001001000010010000100100001001000010010000100100001001000010010000100100001001000010010000100100001001000010010100100100001001000010010000 
4 0 0 2 0 0 0 0  10000000100000001001000010010000100000001001000010010000100000001001000010000000100100001000000010010000100000001001000010000000100000001001000010010000100000001001000010000000100000001001000010000000 
3 0 0 2 0 0 0 0  10010000100000001001000010000000100000001000000010010000100000001000000010000000100100001000000010000000100000001000000010000000100000001000000010000000100000001001000010000000100000001000000010000000 
4 0 0 2 0 0 0 0  10000000100000001000000010000000100000001000000010000000100000001000000010000000100000001000000010000000100000001001000010000000100000001000000010000000100000001001000010000000100000001001000010000000 
4 0 0 2 0 0 0 0  10000000100000001001000010000000100000001000000010010000100000001001000010000000100100001000000010000000100000001000000010000000100000001000000010000000100000001001000010000000100000001001000010000000 
3 0 0 2 0 0 0 0  10010000100000001001000010000000100100001000000010010000100000001000000010000000100000001000000010000000100000001000000010000000100000001001000010000000100000001001000010010000100000001001000010000000 
4 0 0 2 0 0 0 0  10000000100000001001000010000000100000001000000010010000100000001001000010000000100100001000000010010000100000001001000010000000100000001000000010000000100000001001000010000000100000001001000010000000 
3 0 0 2 0 0 0 0  10010000100100001000000010010000100100001000000010010000100100001001000010000000100100001000000010010000100000001000000010000000100000001001000010000000100100001001000010010000100000001000000010010000 
4 0 0 2 0 0 0 0  10000000100100001001000010000000100000001000000010010000100000001000000010000000100000001000000010000000100000001000000010000000100000001000000010000000100000001001000010000000100000001000000010000000 
3 0 0 3 0 1 0 0  10010000100100001001010010010000100100001001000010010000100100001001000010000000100100001001000010010000100100001001000010010000100100001001000010010000100100001001000010010000100100001001000010010000 
3 0 0 3 0 2 0 0  10010000100100001001010010010000100100001001000010010000100100001001000010010000100100001001000010010000100100001001000010010000100100001001000010010000100100001001000010010100100100001001000010010000 
2 0 0 2 0 2 0 0  10010100100100001001010010010000100101001001010010010000100100001001000010010100100101001001000010010000100100001001010010010000100100001001000010010100100100001001000010010100100101001001000010010000 
4 0 0 2 0 0 0 0  10000000100000001000000010010000100000001001000010010000100000001001000010000000100100001000000010010000100000001001000010000000100000001001000010010000100100001001000010000000100000001001000010000000 
4 0 0 2 0 0 0 0  10000000100100001001000010000000100000001001000010010000100000001000000010000000100100001000000010010000100000001001000010000000100000001000000010000000100000001001000010000000100000001001000010000000 
4 0 0 2 0 0 0 0  10000000100000001001000010000000100000001000000010010000100000001001000010000000100100001000000010010000100000001001000010010000100000001000000010010000100000001001000010000000100000001001000010000000 
2 2 2 2 2 2 2 2  11111101111111011111010111011111110101011111110011111111111101111111111111110100111111111111110011110101011111111101110111011101111111001111111011110100110111011011110111011010110110111111110011010100 
4 0 0 2 0 0 0 0  10000000100000001001000010000000100000001000000010000000100000001000000010000000100000001000000010000000100000001000000010000000100000001001000010000000100000001000000010000000100000001001000010000000 
4 0 0 2 0 0 0 0  10000000100000001001000010000000100000001001000010010000100000001001000010000000100100001000000010010000100000001001000010010000100000001000000010010000100000001001000010000000100000001001000010000000 
4 0 0 2 0 0 0 0  10000000100100001000000010010000100000001001000010010000100000001001000010000000100100001000000010010000100000001001000010000000100000001000000010010000100000001001000010000000100000001001000010000000 
4 0 0 2 0 0 0 0  10000000100100001000000010000000100000001000000010010000100000001001000010000000100000001000000010010000100000001001000010000000100000001001000010000000100000001001000010000000100000001001000010000000 
3 0 0 2 0 0 0 0  10010000100000001001000010010000100100001001000010010000100100001001000010000000100100001001000010010000100000001000000010000000100000001001000010000000100100001001000010010000100000001000000010000000 
2 0 0 2 0 2 0 0  10010100100100001001010010010000100101001001010010010000100100001001000010010100100100001001000010010000100100001001000010010000100100001001000010010000100100001001000010010100100100001001000010010000 
4 0 0 2 0 0 0 0  10000000100100001001000010010000100000001001000010010000100000001001000010000000100100001000000010000000100000001001000010000000100000001001000010000000100000001001000010000000100000001001000010000000 
2 0 0 2 0 2 0 0  10010100100100001001010010010000100101001001000010010000100100001001000010010000100100001001000010010000100100001001000010010000100100001001000010010000100100001001000010010100100100001001000010010000 
4 0 0 2 0 0 0 0  10010000100000001001000010000000100000001000000010000000100000001000000010000000100000001000000010000000100000001000000010000000100000001000000010000000100000001000000010000000100000001000000010000000 
4 0 0 2 0 0 0 0  10000000100000001001000010000000100000001000000010010000100000001000000010000000100000001000000010000000100000001000000010000000100000001001000010000000100000001000000010000000100000001001000010000000 
2 2 2 0 2 2 2 2  11111101111111011111110111011111111111011111111011111111111101111111011111110101111110111111111111110101011111111101110111111101110111101111111111110101110111011011110111011111110110111111110011110110 
4 0 0 2 0 0 0 0  10000000100000001000000010000000100000001001000010010000100000001001000010000000100100001000000010010000100000001001000010010000100000001001000010010000100000001001000010000000100000001001000010000000 
4 0 0 2 0 0 0 0  10000000100100001001000010010000100100001000000010010000100000001001000010000000100000001000000010010000100000001001000010010000100000001001000010000000100100001001000010000000100000001001000010000000 
4 0 0 2 0 0 0 0  10000000100100001000000010010000100000001001000010010000100000001001000010000000100100001000000010000000100000001001000010000000100000001000000010000000100000001001000010000000100000001001000010000000 
2 0 0 3 0 2 0 0  10010000100100001001000010010000100101001001010010010000100100001001000010010000100100001001000010010000100100001001000010010000100100001001000010010000100100001001000010010100100100001001000010010000 
3 0 0 2 0 2 0 0  10010101100101001001010010010100100101001001011010010100100101001011000010010100100100001001010010010000100101001001010010010101100101001001010010010000100101011001010010010100100101001001010010010000 
2 2 2 2 2 1 2 2  11111101111111011111111111011111111101111111111011111111111101111111010111110100111111111111011111110101011111111101111111111101110111101111111111111101111111011111110101111111110111111111110011110110 
3 0 0 2 0 0 0 0  10010000100000001001000010010000100100001000000010010000100100001001000010000000100100001000000010010000100000001000000010000000100000001001000010000000100000001001000010000000100000001001000010000000 
