3 0 0 0 0 0 0 0  10000000100000001000000010000000100000001000000010000000100000001000000010000000100000001000000010000000100000001000000010000000100000001000000010000000100000001000000010000000100000001000000010000000 
2 0 0 2 2 2 2 1  11111111111111111111111111111111111111111111111111111110111111111111111111111111111111111111111111111011111111111111111111111111111111111111111111111111111111111111111111111101111111111111111111111110 
2 0 0 2 0 2 0 0  10010100100101001001010010010100100101001001010010010100100101001001000010010100100100001001010010010100100100001001000010010100100101001001000010010100100100001001010010010100100101001001000010010100 
2 0 0 2 0 2 2 0  10010101100101011001010010010100100101001001010010010100100101001001011010010100100101101001011110010100100100101001000010010100100101011001101010011100100100001001010010010100100101001001100010010100 
2 0 0 2 0 0 0 0  10010000100100001001000010010000100100001001000010010000100100001001000010010000100100011001000010010000100100001001000010010000100100001001000010010000100100001001000010010000100100001001000010010000 
2 0 0 2 2 2 2 2  11011101110111011101010111010100110101001101110011011100100111001111010101010100110111001101001010011110110100111001010001010100110111111111101111011111100111111101001111011100100111001001010010010100 
2 0 0 2 0 2 0 0  10010101100101001001010010010100100101001001010010010100100101001001000010010100100100001001010010010100100100001001000010010100100101001001000010010100100100001001010010010100100101001001000010010100 
3 0 0 2 0 0 0 0  10010000100000001000000010000000100000001000000010000000100000001000000010000000100000001000000010000000100000001000000010000000100000001000000010000000100000001000000010000000100000001000000010000000 
2 0 0 2 2 2 2 2  11010101110101011101010111010100100111001101110011011100110111001101010111010100110111001101001011011110110101111001010001010100100111111001001011011111100111111101001111011100100111001001011010010100 
5 0 0 2 0 0 0 0  10000000100000001000000010000000100000001001000010010000100000001001000010000000100000001001000010010000100000001000000010010000100000001000000010010000100100001001000010000000100000001001000010000000 
3 0 0 2 0 0 0 0  10000000100100001001000010000000100000001000000010000000100000001000000010000000100000001000000010000000100000001000000010000000100000001000000010000000100000001000000010000000100000001000000010000000 
5 0 0 2 0 0 0 0  10000000100000001001000010000000100000001000000010000000100000001000000010000000100000001000000010010000100000001000000010000000100000001001000010000000100000001000000010000000100000001001000010000000 
2 2 1 2 2 2 2 2  11111101110101011101010111010100100111101101110011111100111111001101010111110100110111001101001011011110110101111001010001010100110111111001111011111111100111111111011111010100101111001001011010010100 
2 0 0 2 0 0 0 0  10010000100100001001000010010000100100001001000010010000100100001001000010010000100100001001000010010000100100001001000010010000100100001001000010010000100100001000000010010000100100001001000010000000 
3 0 0 2 0 0 0 0  10010000100100001001000010000000100100001000000010010000100100001001000010010000100100001000000010010000100000001000000010010000100000001001000010010000100100001000000010010000100000001001000010000000 
2 2 1 2 2 2 2 1  11111101111101011101110111011101111111111101110011111100111111011111110011111100110111001111111011011110110111110101110001110101111111101111111111011111111111111111011111110101110111000101110111111101 
2 2 1 2 2 2 2 1  11111111111111011111110111111111111111111111111111111101111111011101110011111100111111111111111011111110110111111111110111110101111111101111111111111111101111111111111101110101111111111111101011111111 
3 0 0 2 0 0 0 0  10000000100000001001000010000000100000001000000010000000100000001000000010000000100000001000000010000000100000001000000010000000100000001000000010000000100000001000000010000000100000001000000010000000 
2 0 0 2 0 2 2 2  10011101100111011001010111010100100111001101010011011100100111011001010110010100100101001001101010011110110100111001010011011100100111011111101010011110100111111001001011011100100111001001001010010100 
3 0 0 2 0 0 0 0  10010000100100001000000010000000100000001001000010000000100000001001000010000000100000001000000010000000100000001000000010000000100000001000000010000000100000001000000010000000100000001000000010000000 
2 0 0 2 0 2 0 0  10010100100101001001010010010000100100001001000010010000100100001001000010010000100100001001010010010000100100001001000010010000100100001001000010010000100100001001000010010000100100001001000010010000 
2 0 0 2 0 2 0 0  10010000100100001001000010010000100101001001000010010100100100001001000010010100100100001001010010010000100100001001000010010000100100001001000010010000100100001001000010010000100100001001000010010000 
5 0 0 2 0 0 0 0  10000000100000001000000010000000100000001000000010000000100000001000000010000000100000001000000010010000100000001000000010000000100000001000000010000000100000001001000010000000100000001001000010000000 
5 0 0 2 0 0 0 0  10000000100000001001000010000000100000001000000010010000100000001000000010000000100000001001000010010000100000001000000010000000100000001000000010000000100000001001000010000000100000001001000010000000 
2 0 0 2 2 2 2 2  11010101110111011101010111010100100111001101110011011100110111001111010111010100110111001101001011011110110100111001010001010100110111111101101110011111100111111101001111011100100111001001010010010100 
3 0 0 2 0 0 0 0  10000000100000001000000010010000100000001001000010010000100000001001000010010000100000001001000010010000100000001000000010010000100000001001000010010000100000001001000010000000100000001001000010000000 
2 0 0 2 2 2 2 0  10010101100101011001010110010101100111001001010010010100100111001001010010010100100101111001111010011110100101101001010011010100100101011001101010011100100101111001000010010100100111001001001010010100 
3 0 0 2 0 0 0 0  10000000100100001001000010010000100000001000000010010000100000001001000010000000100000001000000010010000100000001000000010000000100000001001000010000000100000001000000010000000100000001000000010000000 
2 0 0 2 0 2 0 0  10010100100100001001010010010000100100001001000010010000100100001001000010010000100100001001010010010000100100001001000010010000100100001001010010010000100100001001000010010000100100001001000010010000 
5 0 0 2 0 0 0 0  10000000100000001001000010000000100000001000000010010000100000001001000010000000100000001001000010010000100000001000000010000000100000001001000010000000100000001001000010000000100000001001000010000000 
2 0 0 2 0 2 0 0  10010100100101001001010010010000100101001001000010010100100100001001000010010100100100001001010010010000100100001001000010010000100100001001000010010000100100001001000010010000100100001001000010010000 
2 0 0 2 0 2 0 0  10010100100100001001000010010100100101001001010010010100100100001001000010010100100100001001000010010000100100001001000010010000100100001001000010010000100100001001000010010100100100001001000010010100 
3 0 0 2 0 0 0 0  10010000100000001000000010000000100000001000000010010000100100001001000010000000100000001000000010010000100000001000000010010000100000001001000010000000100100001001000010000000100000001000000010000000 
2 0 0 2 2 2 2 2  10010101100111011001010111010101100111001101010011011100100111001001010110010100110101001001101010011110110101111001010011011100100111011001101110011111100111111101001111011100100111001001011010010100 
2 0 0 2 0 2 0 0  10010100100100001001010010010100100101001001000010010100100100001001000010010100100100001001010010010000100100001001000010010000100100001001000010010000100100001001000010010000100100001001000010010000 
3 0 0 2 0 0 0 0  10010000100000001001000010000000100100001000000010010000100000001001000010000000100000001001000010010000100000001000000010010000100000001001000010010000100100001001000010000000100000001001000010000000 
3 0 0 2 0 0 0 0  10010000100000001000000010000000100000001000000010010000100000001000000010000000100000001000000010000000100000001000000010000000100000001000000010000000100000001001000010000000100000001001000010000000 
2 0 0 2 0 2 0 0  10010100100100001001000010010000100100001001000010010100100100001001000010010100100100001001000010010000100100001001000010010000100100001001000010010000100100001001000010010000100100001001000010010000 
5 0 0 2 0 0 0 0  10000000100000001001000010000000100000001000000010010000100100001001000010000000100000001001000010010000100000001000000010010000100000001001000010010000100000001001000010000000100000001001000010000000 
3 0 0 2 0 0 0 0  10000000100100001001000010010000100000001000000010010000100000001001000010000000100000001000000010010000100000001000000010010000100000001000000010010000100000001001000010010000100000001001000010000000 
3 0 0 2 0 0 0 0  10010000100100001001000010000000100000001000000010000000100000001000000010000000100000001000000010000000100000001000000010000000100000001000000010000000100000001000000010000000100000001000000010000000 
2 2 1 2 2 2 2 1  11111101111111111111110111111111111111111111111111111101111111011101110011111100111111111111111011111110110111111111110111110101111111101111111111111111101111111111111101110101111111111111101011111111 
2 0 0 2 0 2 0 0  10010100100100001001000010010000100101001001000010010100100100001001000010010100100100001001000010010000100100001001000010010000100100001001000010010000100100001001000010010100100100001001000010010000 
3 0 0 2 0 0 0 0  10010000100000001001000010010000100000001000000010010000100000001001000010000000100000001000000010010000100000001000000010000000100000001001000010000000100100001000000010000000100000001001000010000000 
3 0 0 2 0 0 0 0  10010000100100001001000010000000100000001001000010010000100000001000000010000000100000001000000010000000100000001000000010000000100000001001000010000000100000001001000010000000100000001001000010000000 
2 0 0 2 0 2 0 0  10011101100101011001010110010100100101001001010010010100100111001001001010010100100100101001010010011100100101101001000010010100100101011001000010011110100101011001000010010100100101001001001010010100 
2 0 0 2 0 2 0 0  10010100100101001001000010010000100100001001000010010000100100001001000010010000100100001001010010010000100100001001000010010000100100001001000010010000100100001001000010010000100100001001000010010000 
0 0 0 0 0 0 0 0  11111111111111111111111111111111111111111111111111111110111111111111111111111111111111111111111111111111111111111111111111111111111111111111111111111111111111111111111111111111111111111111111111111111 
2 0 0 2 0 2 0 0  10010000100101001001000010010000100100001001000010010000100100001001000010010000100100001001000010010000100100001001000010010000100100001001000010010000100100001001000010010000100100001001000010010000 
3 0 0 2 0 0 0 0  10000000100100001001000010010000100000001000000010010000100000001000000010000000100000001000000010000000100000001000000010000000100000001000000010000000100000001000000010000000100000001000000010000000 
2 0 0 2 0 0 0 0  10010000100100001001000010010000100100001001000010010100100100001001000010010000100100011001000010010000100100001001010010010000100100001001000010010000100100001001000010010000100100001001000010010000 
2 0 0 2 0 2 0 0  10010100100101001001000010010100100101001001010010010100100100001001000010010100100100001001010010010100100100001001000010010000100100001001000010010000100100001001000010010100100100001001000010010100 
5 0 0 2 0 0 0 0  10000000100000001000000010000000100000001001000010010000100000001001000010000000100000001001000010000000100000001000000010010000100000001000000010000000100000001001000010000000100000001001000010000000 
3 0 0 2 0 0 0 0  10010000100000001001000010000000100000001000000010000000100000001000000010000000100000001000000010000000100000001000000010000000100000001000000010000000100000001000000010000000100000001000000010000000 
3 0 0 2 0 0 0 0  10010000100000001001000010000000100000001000000010010000100000001000000010000000100000001000000010000000100000001000000010000000100000001000000010000000100000001001000010000000100000001001000010000000 
2 0 0 2 0 2 0 0  10010000100100001001000010010000100101001001010010010100100100001001000010010100100100001001010010010100100100001001000010010000100100001001000010010000100100001001000010010000100100001001000010010100 
3 0 0 2 0 0 0 0  10000000100100001000000010000000100000001000000010000000100000001000000010000000100000001000000010000000100000001000000010000000100000001000000010000000100000001000000010000000100000001000000010000000 
2 0 0 2 0 2 0 0  10010000100101001001010010010000100100001001000010010100100100001001000010010000100100001001010010010000100100001001000010010000100100001001000010010000100100001001000010010000100100001001000010010000 
3 0 0 2 0 0 0 0  10000000100100001000000010000000100000001000000010010000100000001000000010000000100000001000000010010000100000001000000010000000100000001000000010000000100000001001000010000000100000001001000010000000 
2 0 0 2 0 2 0 0  10010000100101001001000010010100100101001001010010010100100100001001000010010100100100001001010010010100100100001001000010010000100100001001000010010000100100001001000010010100100100001001000010010100 
2 0 0 2 0 2 0 0  10010000100101001001000010010000100101001001000010010000100100001001000010010000100100001001000010010100100100001001000010010000100100001001000010010000100100001001000010010000100100001001000010010000 
3 0 0 2 0 0 0 0  10010000100000001000000010000000100100001001000010010000100000001001000010000000100000001001000010000000100000001000000010010000100000001001000010000000100000001001000010000000100000001001000010000000 
2 0 0 2 0 2 0 0  10010000100101001001010010010100100101001001010010010100100100001001000010010100100100001001010010010100100100001001000010010000100100001001000010010000100100001001000010010100100101001001000010010100 
2 0 0 2 0 2 0 0  10010100100101001001000010010100100101001001010010010000100100001001000010010000100100001001010010010000100100001001000010010000100100001001000010010000100100001001000010010000100100001001000010010100 
2 0 0 2 0 2 0 0  10010000100100001001010010010000100101001001010010010100100100001001000010010100100100001001010010010100100100001001000010010000100100001001000010010000100100001001000010010000100101001001000010010100 
2 0 0 2 0 2 0 0  10010100100100001001000010010100100101001001010010010100100100001001000010010100100100001001010010010100100100001001000010010000100101001001000010010000100100001001010010010100100100001001000010010100 
2 0 0 2 0 2 0 0  10010000100101001001000010010100100101001001010010010100100100001001000010010000100100001001010010010000100100001001000010010000100100001001000010010000100100001001000010010000100100001001000010010100 
2 0 0 2 0 2 0 0  10010000100100001001000010010100100101001001010010010100100100001001000010010100100100001001010010010100100100001001000010010000100100001001000010010000100100001001000010010100100100001001000010010100 
3 0 0 2 0 0 0 0  10000000100100001000000010010000100000001000000010010000100000001001000010000000100000001000000010010000100000001000000010000000100000001000000010000000100000001001000010000000100000001001000010000000 
5 0 0 2 0 0 0 0  10000000100000001000000010000000100000001000000010000000100000001000000010000000100000001000000010010000100000001000000010010000100000001000000010000000100100001001000010000000100000001001000010000000 
2 0 0 2 0 2 0 0  10010101100101011001010010010100100101001001010010010100100101001001000010010100100100001001010010010100100100101001000010010100100101001001000010010100100100001001010010010100100101001001000010010100 
3 0 0 2 0 0 0 0  10010000100100001000000010000000100100001001000010010000100000001001000010000000100000001000000010000000100000001000000010000000100000001001000010010000100000001001000010000000100000001001000010000000 
2 0 0 2 0 2 0 0  10010000100101001001000010010000100101001001010010010000100100001001000010010000100100001001010010010000100100001001000010010000100100001001000010010000100100001001000010010000100100001001000010010100 
2 0 0 2 0 2 0 0  10010100100100001001010010010100100101001001010010010100100100001001000010010100100100001001000010010000100100001001000010010000100100001001000010010000100100001001000010010100100100001001000010010100 
2 0 0 2 0 2 0 0  10010000100101001001010010010100100101001001010010010100100100001001000010010100100100001001010010010100100100001001000010010100100101001001000010010000100100001001010010010100100101001001000010010100 
2 0 0 2 0 2 0 0  10010000100101001001000010010100100101001001010010010100100100001001000010010100100100001001010010010100100100001001000010010100100101001001000010010000100100001001010010010100100100001001000010010100 
3 0 0 2 0 0 0 0  10000000100100001001000010010000100000001001000010010000100000001001000010010000100000001000000010010000100100001001000010010000100000001001000010010000100000001001000010010000100000001001000010000000 
2 0 0 2 0 2 0 0  10010000100100001001010010010000100101001001010010010100100100001001000010010100100100001001000010010100100100001001000010010000100100001001000010010000100100001001000010010000100100001001000010010000 
2 0 0 2 0 2 0 0  10010000100101001001010010010100100101001001010010010100100100001001000010010000100100001001010010010000100100001001000010010000100100001001000010010000100100001001000010010100100100001001000010010100 
2 2 1 2 2 2 2 1  11111101111111011111110111111111111111111111111111111101111111111101110011111100111111111111111011111100110111111111110111110101111111101111111111111111101111111111111101110101111111111111101011111111 
2 0 0 2 0 2 0 0  10010000100100001001000010010100100101001001010010010100100100001001000010010100100100001001010010010100100100001001000010010000100101001001000010010000100100001001010010010100100101001001000010010100 
2 0 0 2 0 2 0 0  10010000100100001001010010010000100100001001000010010100100100001001000010010000100100001001010010010000100100001001000010010000100100001001000010010000100100001001000010010000100100001001000010010000 
2 0 0 2 0 2 0 0  10010100100101001001000010010000100101001001000010010100100100001001000010010100100100001001000010010000100100001001000010010000100100001001000010010000100100001001000010010000100100001001000010010000 
3 0 0 2 0 0 0 0  10000000100100001000000010000000100000001000000010000000100000001000000010000000100000001000000010000000100000001000000010000000100000001000000010000000100000001001000010000000100000001001000010000000 
5 0 0 2 0 0 0 0  10000000100000001001000010000000100000001001000010010000100000001001000010000000100000001001000010010000100000001000000010010000100000001000000010010000100100001001000010000000100100001001000010000000 
2 0 0 2 0 2 0 0  10010101100101011001010010010100100101001001010010010100100101001001000010010100100100001001010110010100100100001001000010010100100101001001000010010100100100001001010010010100100101001001100010010100 
3 0 0 2 0 0 0 0  10000000100100001000000010010000100100001000000010010000100000001001000010000000100000001000000010010000100000001000000010010000100000001001000010010000100000001000000010010000100000001001000010000000 
5 0 0 2 0 0 0 0  10000000100000001000000010000000100000001000000010010000100000001001000010000000100000001000000010000000100000001000000010000000100000001000000010010000100100001001000010000000100000001001000010000000 
2 0 0 2 0 2 0 0  10010000100100001001010010010100100101001001000010010000100100001001000010010000100100001001010010010000100100001001000010010000100100001001000010010000100100001001000010010000100100001001000010010000 
2 0 0 2 0 2 0 0  10010000100101001001010010010000100101001001010010010000100100001001000010010000100100001001010010010000100100001001000010010000100100001001000010010000100100001001000010010000100100001001000010010000 
3 0 0 2 0 0 0 0  10000000100100001001000010010000100000001000000010010000100000001001000010010000100000001001000010010000100000001000000010010000100000001001000010010000100000001001000010010000100000001001000010000000 
2 2 1 2 2 2 2 1  11111101111111011111110111011111101111101101110011111100111111011101110011111100110111101111111011011110110111110101110011110101111111101001111111011111101111111111011111110101110111000111011011111101 
5 0 0 2 0 0 0 0  10000000100000001001000010000000100100001001000010010000100000001001000010000000100000001001000010010000100000001000000010010000100000001001000010010000100100001001000010010000100100001001000010000000 
3 0 0 2 0 0 0 0  10000000100100001000000010000000100000001001000010010000100000001001000010000000100000001001000010000000100000001000000010000000100000001001000010010000100000001001000010000000100000001001000010000000 
2 0 0 2 0 2 0 0  10010100100101001001010010010100100101001001010010010100100100001001000010010100100100001001010010010000100100001001000010010000100100001001000010010000100100001001000010010000100100001001000010010100 
2 0 0 2 0 2 0 0  10010000100101001001010010010000100101001001010010010100100100001001000010010000100100001001010010010000100100001001000010010000100100001001000010010000100100001001000010010000100100001001000010010100 
5 0 0 2 0 0 0 0  10000000100000001001000010000000100000001001000010010000100000001001000010000000100000001001000010010000100000001000000010010000100000001001000010010000100100001001000010010000100100001001000010000000 
3 0 0 2 0 0 0 0  10010000100100001000000010000000100000001001000010010000100000001001000010000000100000001000000010000000100000001000000010000000100000001001000010010000100000001000000010000000100000001000000010000000 
2 0 0 2 2 2 2 2  10010101100111011101010111010101100101001101010011011101100111011001010110010100110101001001101010011110110110111001010011010100100111011101101010011110100111111101001110011100100101001001001010010100 
2 0 0 2 0 2 0 0  10010100100101001001010010010100100101001001010010010100100100001001000010010100100100001001010010010100100100001001000010010100100100001001000010010000100100001001000010010100100101001001000010010100 
