5 0 0 0 0 0 0 0  10000000100000001000000010000000100000001000000010000000100000001000000010000000100000001000000010000000100000001000000010000000100000001000000010000000100000001000000010000000100000001000000010000000 
2 2 2 2 2 2 0 2  11010101110101011111010111110100100101001001010110010101110101011101110000111100010110001101110110111100110111011101110111010100110101001111110110110100110111011111110011010100110101001011010011011101 
3 0 0 0 0 0 2 0  11111111111111111111111111111111111111111111111111111111111111111111111111111111111111111111111111111110111111111111111111111111111111111111111111111111111111111111111111111111111111111111111111111111 
2 0 0 2 0 0 0 0  10010000100100001001000010010000100100001001000010010000100100001001000010010000100100001001000010010000100100001001000010010000000100001001000010010000100100001000000010010000100100000001000010010000 
2 2 2 2 2 2 2 2  11111111111111111111111111111111111111111111111111111111111111111111111111111111111111101111110111111110110111011111111111111111111101111111111111111111111111011111111011011111111111011111111011111111 
2 2 2 2 2 2 0 2  11011101110101011111010111110101110111001001010010010101110111011111110010111100010110001011110110111100110011011101110111010100110101010111110111110100100111010011110011110100110101011111010110011101 
2 0 0 2 0 2 0 0  10010101100101001001010010010100100101001001010010010100100111001001000010010000100100001001010110010000100101001001110010010000100101001001010010010100100100001001110010010000100101001001010010010101 
2 2 2 2 2 2 0 1  11111101111101011111010111110101111111011011110011010101111111011111110001111100011111001011110111111110110011011101110111110101110101010111111011110101110111010101110011011100111111011111110111111101 
3 0 0 2 0 0 0 0  10010000100000001000000010000000100000001000000010000000100000001000000010000000100000001000000010000000100000001000000010000000100000001000000010000000100000001000000010000000100000001000000010000000 
3 0 0 2 0 0 0 0  10000000100100001001000010000000100000001000000010000000100000001000000010000000100000001000000010000000100000001000000010000000100000001000000010000000100000001000000010000000100000001000000010000000 
2 2 2 2 2 2 0 1  11111101110101011111010111110101111111001001010011010101111101011111110001111100010110001011110110111100110011001101110011110100110101010111111110110100110111010111110011011100110111011111010101111100 
3 0 0 2 0 0 0 0  10010000100100001000000010000000100000001001000010010000100000001000000010000000100000001000000010000000100000001000000010000000100000001000000010000000100000001000000010010000100000001000000010000000 
2 2 2 2 2 2 0 2  10010101110101011101010111110101100101001001010010010101110111011101110010111100010111001101110110111100110111011001110111010100110101001001110110110100100111011011110011010100100101001011010010011101 
2 0 0 2 0 2 0 0  10010100100101001001000010010100100101001001010010010100100100001001000010010000100101001001010010010000100100001001010010010000100100001001000010010000100100001001000010010000100101001001000010010000 
2 0 0 2 0 2 0 0  10010100100101001001000010010000100100001001000010010000100100001001000010010000100100001001000010010000100100001001000010010000100100001001000010010000100100001001000010010000100100001001000010010000 
2 0 0 2 0 2 0 0  10010100100101001001010010010000100100001001000010010000100100001001000010010000100100001001000010010000100100001001000010010000100100001001000010010000100100001001000010010000100100001001000010010000 
2 0 0 2 0 2 0 0  10010000100101001001010010010100100101001001010010010100100100001001000010010000100101001001010010010100100100001001010010010000100100001001000010010100100100001001010010010000100101001001000010010100 
2 2 2 2 2 2 0 2  10010101100101011001010111110101110101001001010110010101110111011011010011111100110110001101010010111100100111011001110111010100110101001101110110010100100111011011110011011100110111001001010010011101 
3 0 0 2 0 0 0 0  10010000100100001001000010000000100000001000000010010000100000001001000010010000100000001000000010010000100000001001000010010000100000001001000010010000100100001001000010010000100000001001000010000000 
2 0 0 2 0 2 0 0  10010100100101001001000010010000100101001001010010010000100100001001000010010000100101001001000010010000100100001001000010010000100100001001000010010000100100001001000010010000100100001001000010010000 
3 0 0 2 0 0 0 0  10000000100100001000000010000000100000001000000010000000100000001000000010000000100000001000000010000000100000001000000010000000100000001000000010000000100000001000000010000000100000001000000010000000 
2 0 0 2 0 2 0 0  10010100100100001001000010010000100100001001000010010000100100001001000010010000100101001001000010010000100100001001000010010000100100001001000010010000100100001001000010010000100100001001000010010000 
2 2 0 2 0 2 0 1  10010101100101011001010110011100100101001001010010010101100101011001010010010100100100001001010010010100100101001111010010010000100111001011000010010100100100001001110011010100100101001001000010011100 
2 0 0 2 0 2 0 0  10010101100101011001010010010100100101001001010010010101100111011001000010011100100100001001010110010000100101001001110010010000100101001001010010010100100100001001111010010000100101001001010010011101 
3 0 0 2 0 0 0 0  10010000100000001000000010000000100100001000000010000000100000001001000010000000100000001001000010000000100000001000000010010000100000001000000010010000100000001001000010000000100000001001000010000000 
2 2 0 2 0 2 0 2  10010101110101011001010110010101100101001001010010010101110111011101000010011100110011001001110110110100100111001001110011010100100101001011110110010100100101001001110010010100100101001001010010011101 
2 0 0 2 0 2 0 0  10010100100101001001010010010100100101001001010010010100100101001001000010010000100100001001010110010000100101001001010010010000100101001001000010010100100100001001010010010000100101001001000010011100 
2 0 0 2 0 2 0 0  10010100100100001001000010010000100101001001000010010100100100001001000010010000100101001001000010010000100100001001000010010000100100001001000010010000100100001001000010010000100101001001000010010000 
3 0 0 2 0 0 0 0  10000000100100001000000010010000100100001000000010010000100000001001000010000000100000001000000010010000100000001000000010010000100000001000000010010000100000001000000010010000100000001001000010000000 
2 0 0 2 0 2 0 0  10010100100100001001000010010100100101001001010010010100100100001001000010010000100101001001010010010000100100001001000010010000100100001001000010010000100100001001000010010000100101001001000010010000 
3 0 0 2 0 0 0 0  10000000100000001001000010000000100000001000000010010000100000001001000010000000100000001000000010000000100000001001000010010000100000001001000010000000100100001001000010010000100000001001000010000000 
2 0 0 2 0 0 0 0  10010000100100001001000010010000100100001001000010010000100100001001000010010000100101001001000010010000100100001001000010010000000100001001000010010000100100001001000010010000100100001001000010010000 
2 0 0 2 0 2 0 0  10010000100101001001000010010100100101001001010010010100100100001001000010010000100101001001010010010000100100001001000010010000100100001001000010010000100100001001000010010000100101001001000010010000 
3 0 0 2 0 0 0 0  10000000100000001001000010000000100000001000000010000000100000001000000010000000100000001000000010000000100000001000000010000000100000001000000010000000100000001000000010000000100000001000000010000000 
3 0 0 2 0 0 0 0  10010000100100001000000010000000100100001001000010010000100000001001000010010000100000001001000010010000100000001000000010000000100000001000000010010000100000001000000010000000100000001000000010000000 
3 0 0 2 0 0 0 0  10010000100000001000000010000000100000001000000010010000100000001000000010000000100000001000000010000000100000001000000010000000100000001000000010000000100000001001000010000000100000001001000010000000 
2 0 0 2 0 2 0 0  10010100100100001001010010010000100101001001010010010000100100001001000010010000100101001001000010010000100100001001000010010000100100001001000010010000100100001001000010010000100100001001000010010000 
2 0 0 2 0 2 0 0  10010000100100001001010010010000100100001001000010010000100100001001000010010000100100001001000010010000100100001001000010010000100100001001000010010000100100001001000010010000100100001001000010010000 
5 0 0 2 0 0 0 0  10000000100000001000000010000000100000001000000010010000100000001001000010000000100000001000000010000000100000001000000010000000100000001000000010000000100000001001000010000000100000001001000010000000 
2 0 0 2 0 2 0 0  10010100100101001001010010010100100101001001010010010100100100001001000010010000100101001001010010010000100100001001000010010000100100001001000010010100100100001001010010010000100101001001000010010100 
2 0 0 2 0 2 0 0  10010000100100001001000010010100100101001001010010010100100100001001000010010000100101001001010010010100100100001001010010010000100100001001000010010000100100001001010010010000100101001001000010010000 
2 0 0 2 0 2 0 0  10010000100101001001010010010100100101001001010010010100100100001001000010010000100101001001010010010000100100001001000010010000100100001001000010010000100100001001000010010000100101001001000010010000 
2 0 0 2 0 2 0 0  10010100100100001001010010010100100101001001010010010000100100001001000010010000100100001001010010010000100100001001000010010000100101001001000010010100100100001001000010010000100100001001000010010000 
3 0 0 2 0 0 0 0  10000000100100001000000010000000100000001000000010000000100000001000000010000000100000001000000010000000100000001000000010010000100000001000000010000000100000001001000010000000100000001001000010000000 
3 0 0 2 0 0 0 0  10000000100100001001000010000000100000001000000010010000100000001001000010000000100000001000000010000000100000001001000010010000100000001001000010000000100100001001000010010000100000001001000010000000 
2 2 2 2 2 2 2 2  11111101111111111111110111111101111111011111111111111111111110111111110110111100111111111111111111111110110111111111111111110111111101011111111111111111111111011101111111011111111111011111111111111101 
2 2 2 2 2 2 2 2  11111111111111011111110111111101111111011111111111111111111111111111110110111101111111111111111111111100110111011111111111111111111101010111111111111111111111011101111111011111110111001111111111111101 
3 0 0 2 0 0 0 0  10000000100000001001000010010000100000001000000010010000100000001001000010000000100000001001000010010000100000001001000010010000100000001001000010010000100000001001000010000000100000001001000010000000 
3 0 0 2 0 0 0 0  10010000100000001001000010000000100100001000000010000000100000001001000010000000100000001001000010000000100000001000000010000000100000001000000010010000100000001001000010010000100000001001000010000000 
2 0 0 2 0 2 0 0  10010000100101001001010010010000100100001001000010010000100100001001000010010000100100001001000010010000100100001001000010010000100100001001000010010000100100001001000010010000100100001001000010010000 
3 0 0 2 0 0 0 0  10000000100100001001000010010000100100001001000010010000100000001001000010000000100000001001000010010000100000001000000010010000100000001001000010010000100000001000000010010000100100001001000010000000 
2 2 2 2 2 2 2 2  11111101111111011111110111111100111111011111110011011111111111111111110001111100111111111011110111111110110111010101110111110101111101010101111111110011110111111101110111011100111111011111111111111101 
2 0 0 2 0 2 0 0  10010000100101001001000010010100100101001001010010010100100100001001000010010000100101011001010010010100100100001001010010010000100100001001000010010000100100001001010010010000100101001001000010010100 
2 0 0 2 0 2 0 0  10010000100100001001000010010000100101001001010010010000100100001001000010010000100101001001010010010000100100001001000010010000100100001001000010010000100100001001000010010000100100001001000010010000 
3 0 0 2 0 0 0 0  10010000100100001001000010000000100000001000000010000000100000001000000010000000100000001000000010000000100000001000000010000000100000001000000010000000100000001000000010000000100000001000000010000000 
2 0 0 2 0 2 0 0  10010000100101001001010010010000100101001001000010010000100100001001000010010000100100001001010010010000100100001001000010010000100100001001000010010000100100001001000010010000100100001001000010010000 
3 0 0 2 0 0 0 0  10000000100100001001000010010000100000001000000010010000100000001001000010000000100000001001000010010000100000001001000010010000100000001001000010010000100000001001000010000000100000001001000010000000 
2 0 0 2 0 2 0 0  10010100100100001001010010010000100100001001000010010000100100001001000010010000100100001001000010010000100100001001000010010000100100001001000010010000100100001001000010010000100100001001000010010000 
2 2 0 2 2 2 0 1  10010101100101011001010110011100100111001001010010010101100101011001010010011100100101001001010010010100100101001111010011010001100111001011000010010100100110001000110011010100100101001001010010011100 
2 0 0 2 0 2 0 0  10010100100101001001010010010100100101001001000010010000100100001001000010010000100101001001000010010000100100001001000010010000100100001001000010010000100100001001000010010000100100001001000010010000 
2 0 0 2 0 0 0 0  10010000100100001001000010010000100100001001000010010000100100001001000010010000100100001001000010010000100100001001000010010000100100001001000010010000100100001001000010010000100101001001000010010000 
3 0 0 2 0 0 0 0  10010000100100001001000010000000100000001001000010010000100000001000000010000000100000001000000010000000100000001000000010000000100000001000000010000000100000001000000010010000100000001001000010000000 
2 0 0 2 0 2 0 0  10010000100100001001000010010100100101001001010010010100100100001001000010010000100100001001010010010000100100001001000010010000100100001001000010010000100100001001000010010000100101001001000010010000 
3 0 0 2 0 0 0 0  10010000100000001001000010010000100100001000000010000000100000001001000010000000100000001001000010010000100000001001000010010000100000001001000010010000100000001001000010000000100000001001000010000000 
3 0 0 2 0 0 0 0  10010000100000001001000010000000100000001000000010000000100000001000000010000000100000001000000010000000100000001000000010000000100000001000000010000000100000001000000010000000100000001000000010000000 
2 0 0 2 0 2 0 0  10010100100101001001010010010100100101001001010010010000100100001001000010010000100101001001010010010000100100001001000010010000100100001001000010010000100100001001000010010000100101001001000010010000 
3 0 0 2 0 0 0 0  10000000100000001000000010000000100000001001000010010000100000001001000010000000100000001001000010010000100000001000000010010000100000001001000010000000100100001001000010010000100000001001000010000000 
2 0 0 2 0 2 0 0  10010100100101001001010010011100100101001001010010010101100101001001000010011100100000001001010110010100100101001001010010010000100101001001000010010100100100001001010010010000100101001001010010011101 
3 0 0 2 0 0 0 0  10000000100100001000000010000000100100001000000010000000100000001001000010000000100000001000000010000000100000001000000010010000100000001000000010010000100100001001000010000000100000001001000010000000 
2 0 0 2 0 2 0 0  10010000100101001001000010010000100101001001010010010100100100001001000010010000100101001001000010010000100100001001000010010000100100001001000010010000100100001001000010010000100100001001000010010000 
2 0 0 2 0 2 0 0  10010000100100001001010010010100100101001001010010010000100100001001000010010000100101001001010010010000100100001001010010010000100100001001000010010000100100001001010010010000100100001001000010010000 
3 0 0 2 0 0 0 0  10010000100000001001000010000000100000001000000010010000100000001000000010000000100000001000000010000000100000001000000010000000100000001000000010000000100000001001000010000000100000001001000010000000 
2 0 0 2 0 2 0 0  10010000100101001001010010010100100101001001010010010000100100001001000010010000100100001001010010010000100100001001000010010000100100001001000010010000100100001001000010010000100100001001000010010000 
3 0 0 2 0 0 0 0  10010000100000001000000010010000100100001000000010010000100000001001000010000000100000001000000010010000100000001000000010010000100000001001000010010000100000001000000010010000100000001001000010000000 
3 0 0 2 0 0 0 0  10000000100000001001000010000000100000001000000010010000100000001000000010000000100000001000000010000000100000001000000010000000100000001001000010000000100100001001000010000000100000001001000010000000 
3 0 0 2 0 0 0 0  10000000100000001000000010010000100000001001000010010000100000001001000010000000100000001001000010010000100000001000000010010000100000001001000010010000100100001000000010010000100000001001000010000000 
3 0 0 2 0 0 0 0  10000000100100001001000010010000100000001000000010010000100000001001000010000000100000001000000010000000100000001000000010000000100000001000000010000000100000001001000010000000100000001000000010000000 
5 0 0 2 0 0 0 0  10000000100000001000000010000000100000001000000010010000100000001001000010000000100000001000000010010000100000001000000010000000100000001001000010000000100000001001000010000000100000001001000010000000 
3 0 0 2 0 0 0 0  10000000100100001000000010000000100000001000000010010000100000001001000010000000100000001000000010000000100000001001000010000000100000001000000010000000100000001001000010000000100000001001000010000000 
3 0 0 2 0 0 0 0  10000000100000001001000010000000100000001000000010010000100000001001000010000000100100001000000010000000100000001001000010000000100000001000000010010000100000001001000010000000100000001001000010000000 
3 0 0 2 0 0 0 0  10000000100000001000000010000000100000001001000010010000100000001000000010000000100000001000000010010000100000001001000010010000100000001001000010000000100000001001000010010000100000001001000010000000 
2 0 0 2 0 2 0 0  10010000100100001001010010010000100101001001010010010000100100001001000010010000100101001001000010010100100100001001000010010000100100001001000010010000100100001001000010010000100100001001000010010000 
2 2 2 2 2 2 2 2  11111101111111011111110111111101111111011111111111111111111110111111110111111100111111111111111111111110110111111111111111110111111101011111111111111111111111011101111111011110110111011111111111111101 
5 0 0 0 0 0 0 0  10000000100000001000000010000000100000001000000010000000100000001000000010000000100000001000000010000000100000001000100010000000100000001000000010000000100000001000000010000000100000001000000010000000 
2 0 0 2 0 2 0 0  10010101100101011001010010010100100101001001010010010101100111011001000010010000100100001001010110010000100101001001110010010001100101001001010010010100100100001001110010010000100101011001000010011100 
2 0 0 2 0 2 0 0  10010100100100001001000010010100100101001001010010010100100100001001010010010000100101001001010010010000100100001001010010010000100101001001000010010000100100001001010010010000100101001001000010010000 
2 0 0 2 0 2 0 0  10010000100101001001000010010000100100001001000010010000100100001001000010010000100101001001000010010000100100001001000010010000100100001001000010010000100100001001000010010000100100001001000010010000 
2 0 0 2 0 2 0 0  10010000100100001001010010010000100101001001000010010000100100001001000010010000100101001001000010010000100100001001000010010000100100001001000010010000100100001001000010010000100100001001000010010000 
3 0 0 2 0 0 0 0  10000000100100001001000010000000100000001000000010010000100000001000000010000000100000001000000010000000100000001000000010000000100000001001000010000000100000001001000010000000100000001000000010000000 
3 0 0 2 0 0 0 0  10000000100000001001000010000000100000001000000010000000100000001000000010000000100000001000000010000000100000001001000010000000100000001000000010000000100000001000000010000000100000001001000010000000 
2 0 0 2 0 2 0 0  10010000100101001001000010010000100101001001000010010000100100001001000010010000100100001001010010010000100100001001000010010000100100001001000010010000100100001001000010010000100100001001000010010000 
2 0 0 2 0 2 0 0  10010000100100001001010010010100100101001001010010010100100100001001000010010000100101001001010010010100100100001001010010010000100100001001000010010000100100001001010010010000100101001001000010010000 
3 0 0 2 0 0 0 0  10000000100000001001000010010000100100001001000010010000100000001001000010000000100000001001000010010000100000001001000010010000100000001001000010010000100000001001000010000000100000001001000010000000 
3 0 0 2 0 0 0 0  10000000100000001001000010000000100000001000000010010000100000001000000010000000100000001000000010000000100000001001000010000000100000001000000010000000100000001000000010000000100000001001000010000000 
2 0 0 2 0 0 0 0  10010000100100001001000010010000100100001001000010010000100100001001000010010000100101001001000010010000100100001001000010010000100100001001000010010100100100001001000010010000100101001001000010010000 
3 0 0 2 0 0 0 0  10010000100000001001000010010000100100001001000010010000100000001001000010000000100000001001000010010000100000001000000010010000100000001001000010010000100000001001000010010000100000001001000010000000 
3 0 0 2 0 0 0 0  10000000100000001001000010010000100000001001000010010000100000001001000010000000100000001001000010010000100000001000000010010000100000001001000010010000100000001001000010010000100000001001000010000000 
2 2 2 2 2 2 0 1  10010101100101011001010110111101100101001001010010010101110101011001110010010100100100001101010110011100100111001011010111010100110111001011000010110100100111011000110011010100100101001001000010011100 
3 0 0 2 0 0 0 0  10000000100000001000000010000000100000001000000010000000100000001001000010000000100000001000000010000000100000001000000010000000100000001000000010000000100000001000000010000000100000001001000010000000 
3 0 0 2 0 0 0 0  10000000100000001000000010000000100000001000000010000000100000001001000010000000100000001001000010010000100000001001000010010000100000001000000010000000100000001001000010000000100000001001000010010000 
