3 0 0 0 0 0 0 0  10000000100000001000000010000000100000001000000010000000100000001000000010000000100000001000000010000000100000001000000010000000100000001000000010000000100000001000000010000000100000001000000010000000 
2 0 0 0 3 0 0 0  10001000100010001000100010001000100010001000100010001000100010001000100010001000100010001000100010001000100010001000100010001000100010001000100010001000100010001000100010001000100010001000100010001000 
0 0 0 2 0 0 0 0  11111111111111111111111111111111111111101111111111111111111111111111111111111111111111111111111111111111111111111111111111111111111111111111111111111111111111111111111111111111111111111111111111111110 
2 0 0 0 3 2 0 0  10001100100011001000110010001000100011001000110010001100100010011000100010001100100011001000110010001100100011001000100010001000100011001000100010001000100010001000100010001100100011001000110010001100 
2 2 1 2 2 2 1 0  01010100010101000101010001010100010101001101110011111110111101011101110001001010110101011111011101010100110011000111010011011101110101000101111001010000010101001111010111111100010111010111110101010101 
3 0 0 0 1 0 0 0  10001000100000001000000010000000100000001000000010000000100000001000000010000000100010001000000010000000100000001000000010000000100000001000000010000000100000001000000010000000100000001000000010000000 
3 0 0 0 1 0 0 0  10001000100000001000100010000000100000001000000010000000100000001000000010000000100000001000000010000000100000001000000010000000100000001000000010000000100000001000000010000000100000001000000010000000 
3 0 0 0 1 0 0 0  10000000100000001000100010000000100000001000000010000000100000001000000010000000100000001000000010000000100000001000000010000000100000001000000010000000100000001000000010000000100000001000000010000000 
3 0 0 0 1 0 0 0  10000000100010001000100010000000100000001000000010000000100000001000000010000000100000001000000010000000100000001000000010000000100000001000000010000000100000001000000010000000100000001000000010000000 
2 0 0 0 3 2 0 0  10001101100011001000110010001000100011001000110010001100100010011000100010001000100011001000110010001000100010001000100010001000100011001000100010001000100010001000110010001100100011001000110010001100 
2 2 1 2 2 2 1 2  11111101111111011111110111111100110111001101110011110111111101011101110011111010111101000111111111010100111111011111010011110101111111010111010010111101110111111101010111111100010111011111110111111101 
3 0 0 0 3 0 0 0  10001000100010001000000010000000100000001000100010000000100000001000100010000000100000001000000010000000100000001000000010000000100000001000000010000000100000001000000010000000100000001000000010000000 
2 0 0 0 2 2 0 0  10001100100010001000110010001000100010001000100010001000100010001000100010001000100011011000100010001000100010001000100010001000100010001000100010001000100010001000100010001100100010001000110010001000 
3 0 0 0 1 0 0 0  10000000100010001000000010000000100000001000000010000000100000001000000010000000100000001000000010000000100000001000000010000000100000001000000010000000100000001000000010000000100000001000000010000000 
2 0 0 0 3 2 0 0  10011100100011001000110010001000100011001000110010001100100010011000100010001000100011001000110010001000100010001000100010001000100011001000100010001000100010001000110010001100100011001000110010001100 
3 0 0 0 3 0 0 0  10001000100010001000100010001000100000001000000010000000100000001000100010000000100000001000000010000000100000001000000010000000100000001000100010000000100000001000000010000000100000001000000010000000 
2 0 0 0 2 2 0 0  10001100100010001000110010001000100011011000100010001000100010001000100010001000100011001000100010001000100010001000100010001000100010001000100010001000100010001000100010001100100011001000110010001100 
5 0 0 0 1 0 0 0  10000000100000001000000010000000100000001000100010000000100000001000000010000000100000001000000010000000100000001000000010000000100000001000000010000000100000001000000010000000100000001000000010000000 
2 0 0 0 2 2 0 0  10001100100011001000100010001000100011001000110010001100100010001000100010001100100011011000110010001000100010000000100010001000100011001000100010001000100010001000100010001000100011001000100010001100 
2 0 0 0 2 2 0 0  10001100100011001000110010001000100010001000110010001100100010001000100010001000100011001000110010001000100010001000100010001000100010001000100010001000100010001000100010001000100011001000110010001100 
2 2 1 2 2 2 1 2  11010101110101011101010111010100110101001101110011011101111101111101110011011010111101011111011101010100111011000101010011111100110111010101110011111011110111011101010111111100110011011111010111111101 
2 0 0 0 3 2 0 0  10001000100011001000110010001000100010001000100010001000100010001000100010001000100010001000100010001000100010001000100010001000100010001000100010001000100010001000100010001000100010001000100010001000 
2 0 0 0 2 2 0 0  10001100100010001000100010001000100011001000100010001000100010001000100010001000100010001000100010001000100010001000100010001000100010001000100010001000100010001000100010001100100011001000100010001000 
5 0 0 0 1 0 0 0  10000000100000001000000010000000100000001000100010001000100000001000000010000000100010001000000010000000100000001000000010000000100000001000000010000000100000001000000010000000100000001000000010000000 
2 0 0 0 3 2 0 0  10001000100011001000110010001000100011001000110010001100100010001000100010001100100011001000110010001100100010001000100010001000100011001000100010001000100010001000100010001100100011001000110010001100 
5 0 0 0 1 0 0 0  10000000100000001000000010001000100000001000100010001000100000001000100010000000100010001000000010000000100000001000000010000000100000001000100010000000100010001000100010000000100000001000100010000000 
5 0 0 0 1 0 0 0  10000000100000001000000010000000100000001000100010000000100010001000100010001000100010001000100010000000100000001000000010000000100000001000100010000000100000001000000010000000100000001000100010000000 
2 2 1 2 2 2 1 2  11011101110111011101110111010100110101001101110011111101111101111101110011011010111101011111011101010100111011000101011011110101110111010101110011011011110111011101010111111100110011011111010111111101 
3 0 0 0 1 0 0 0  10001000100000001000000010000000100010001000000010001000100010001000100010000000100010001000000010000000100000001000000010000000100000001000100010001000100000001000000010000000100000001000000010000000 
2 2 1 2 2 2 1 2  11010101010101010101010101010101110101001101110011011100111101111101110011011110110101001111011101010100110011000101010011011100110101000101110011111000010111001111110111111100010011010111110111011101 
2 0 0 0 3 2 0 0  10001000100010001000110010001000100010001000100010001000100010001000100010001000100010001000100010001000100010001000100010001000100010001000100010001000100010001000100010001000100010001000100010001000 
3 0 0 0 1 0 0 0  10000000100010001000100010000000100000001000100010000000100000001000100010000000100010001000000010000000100000001000000010000000100000001000000010000000100000001000000010000000100000001000000010000000 
5 0 0 0 1 0 0 0  10000000100000001000100010000000100010001000100010001000100000001000100010000000100000001000000010000000100000001000000010000000100000001000000010000000100000001000000010000000100000001000100010000000 
2 0 0 0 3 2 0 0  10001000100010001000110010001000100011001000110010001000100010001000100010001000100010001000110010001000100010001000100010001000100011001000100010001000100010001000100010001100100011001000110010001100 
2 2 1 2 2 2 1 2  01010101010101010101010101010100110101000101110011011100110101111101110011011110110101001111011101000100110011000101010011011100110101000101011011111000010101001111110111111100010111010111110111011101 
2 0 0 0 3 2 0 0  10011101100011001000110010001000100011001000110010001100100010011000100010001000100011001000110010001000100010001000100010001000100011001000100010001000100010001000110010001100100011001000110010001100 
2 0 0 0 3 2 0 0  10001100100010001000100010001000100011001000110010001100100010001000100010001100100011001000110010001000100010001000100010001000100011001000100010001000100010001000100010001000100011001000100010001100 
3 0 0 0 3 0 0 0  10001000100010001000000010001000100010001000100010001000100010001000100010000000100000001000000010000000100000001000000010000000100010001000100010000000100000001000100010000000100000001000000010000000 
2 2 1 2 2 2 1 0  01010100010101001101010101010100110101000101110011011100111101111101010011001110111101011111011101010100111011000101010011011101110101000101111011011000010101001111110111111100010111010111110111011101 
2 0 0 0 3 2 0 0  10001000100011001000110010001000100011001000100010001000100010001000100010001000100011001000110010001000100010001000100010001000100010001000100010001000100010001000100010001000100010001000100010001000 
2 0 0 0 2 2 0 0  10001100100011001000110010001000100010001000100010001000100010011000100010001000100011011000100010001000100010001000100010001000100011001000100010001000100010001000100010001000100010001000100010001100 
2 0 0 0 3 2 0 0  10001000100010001000110010001000100011001000110010001000100010001000100010001000100011001000110010001000100010001000100010001000100010001000100010001000100010001000100010001000100010001000100010001100 
2 0 0 0 3 2 0 0  10001000100011001000100010001100100011001000110010001100100010001000100010001100100010001000110010001000100010001000100010001000100010001000100010001000100010001000100010001000100011001000110010001100 
2 2 2 2 2 2 1 0  11111101111111011111111111011101110111001111110001111111111101011101111011111010111101001111111111010100111111011111010111111101110111110111011111111101110111111101110111111110111111111111110111111101 
2 0 0 0 3 2 0 0  10001000100010001000110010001000100011001000100010001000100010001000100010001000100010001000100010001000100010001000100010001000100010001000100010001000100010001000100010001000100011001000100010001000 
2 0 0 0 3 2 0 0  10001000100010001000100010001000100011001000110010001100100010001000100010001000100011001000100010001000100010001000100010001000100011001000100010001000100010001000110010001100100011001000110010001100 
3 0 0 0 3 0 0 0  10001000100010001000100010001000100010001000100010001000100000001000100010000000100000001000000010000000100000001000000010000000100000001000100010000000100000001000000010000000100000001000100010000000 
2 2 1 2 2 2 1 2  11010101010101011101010101010101110101001101110011011101111101111101110011011110111101011111011101010100111011000101010011011101110101010101111011111010110101011111010111111100010011011111010011110101 
2 0 0 0 3 2 0 0  10001000100011001000100010001000100011001000100010001100100010001000100010001000100010001000110010001000100010001000100010001000100010001000100010001000100010001000100010001000100011001000100010001000 
2 0 0 0 3 2 0 0  10001000100011001000110010001000100011001000110010001100100010001000100010001000100010001000110010001000100010001000100010001000100011001000100010001000100010001000100010001000100011001000110010001100 
2 2 1 2 2 2 1 2  11011101110101011101010111010100110101001101110011011101111101111101110011011010111101011111011101010100111011000101011011110101110111010101110011111010110111011101010111111100110011011111010111111101 
3 0 0 0 1 0 0 0  10000000100010001000100010000000100010001000100010000000100010001000100010000000100010001000000010000000100000001000000010000000100000001000000010000000100000001000000010000000100000001000000010000000 
4 0 0 0 1 0 0 0  10000000100010001000000010000000100000001000100010000000100000001000000010000000100000001000000010000000100000001000000010000000100000001000000010000000100000001000000010000000100000001000000010000000 
2 0 0 0 3 2 0 0  10001100100011001000110010001000100011001000110010001100100010001000100010001000100011001000110010001000100010001000100010001000100010001000100010001000100010001000100010001100100010001000110010001100 
2 0 0 0 3 2 0 0  10001000100011001000110010001000100011001000100010001000100010001000100010001000100010001000110010001000100010001000100010001000100010001000100010001000100010001000100010001100100011001000110010001100 
2 2 0 2 2 2 1 0  11111111111111111111111111111111110111111111111011111111111111111101101111111111110111101111111111011111111111111111011111011111111111110111111111111111111111111111110111111110110111111111111111111110 
2 0 0 0 3 2 0 0  10001000100011001000100010001000100011001000110010001100100010001000100010001000100010001000110010001000100010001000100010001000100010001000100010001000100010001000100010001000100011001000110010001100 
5 0 0 0 1 0 0 0  10000000100000001000100010000000100000001000100010000000100000001000000010000000100010001000000010000000100000001000000010000000100000001000100010000000100000001000100010000000100000001000100010000000 
2 0 0 0 3 2 0 0  10001100100011001000100010001000100011001000100010001000100010001000100010001000100010001000100010001000100010001000100010001000100010001000100010001000100010001000100010001100100010001000100010001000 
2 0 0 0 3 2 0 0  10001000100010001000100010001000100011001000110010001100100010001000100010001000100011001000110010001000100010001000100010001000100010001000100010001000100010001000100010001000100011001000100010001100 
2 0 0 0 3 2 0 0  10001000100011001000100010001000100010001000100010001000100010001000100010001000100010001000100010001000100010001000100010001000100010001000100010001000100010001000100010001000100010001000100010001000 
5 0 0 0 1 0 0 0  10000000100000001000100010000000100000001000100010000000100000001000000010000000100010001000000010000000100000001000000010000000100000001000000010000000100000001000000010000000100000001000000010000000 
2 0 0 0 3 2 0 0  10001100100010001000110010001000100011001000110010001000100010001000100010001000100011001000110010001000100010001000100010001000100011001000100010001000100010001000100010001100100011001000110010001100 
2 0 0 0 3 2 0 0  10001101100011001000110011001000100011001000110010001100100010011000100010001000100011001000110010001000100010001000100010001000100011001000100010001000100010101000110010001100100011001000110010001100 
3 0 0 0 1 0 0 0  10000000100010001000000010001000100010001000100010000000100000001000000010000000100000001000000010000000100010001000000010000000100000001000100010000000100010001000100010000000100010001000100010000000 
3 0 0 0 1 0 0 0  10001000100000001000100010000000100000001000000010001000100000001000000010000000100010001000000010000000100000001000000010000000100000001000100010001000100000001000000010000000100000001000000010000000 
3 0 0 0 3 0 0 0  10001000100010001000100010001000100010001000100010001000100000001000100010000000100010001000000010000000100010001000000010001000100010001000100010001000100010001000100010000000100010001000100010000000 
2 0 0 0 3 2 0 0  10001100100010001000100010001100100011001000110010001000100010001000100010001000100010001000110010001000100010001000100010001000100010001000100010001000100010001000100010001000100011001000100010001000 
3 0 0 0 1 0 0 0  10000000100010001000000010000000100010001000100010000000100000001000000010000000100000001000000010000000100000001000000010000000100000001000000010000000100000001000000010000000100000001000000010000000 
2 2 1 2 2 2 1 2  01011101010101011101010101010101110101000101110011011100111101111101110011011110111101011111011101010100111011000101010011011101110101000101011011011000010101001111110111111100010011010111110111110101 
2 0 0 0 3 2 0 0  10001100100010001000100010001000100010001000100010001000100010001000100010001000100010001000100010001000100010001000100010001000100010001000100010001000100010001000100010001000100010001000100010001000 
2 0 0 0 3 2 0 0  10001000100010001000100010001000100011001000100010001000100010001000100010001000100011001000110010001000100010001000100010001000100010001000100010001000100010001000100010001000100011001000100010001100 
5 0 0 0 1 0 0 0  10000000100000001000000010000000100000001000100010000000100010001000100010001000100010001000100010000000100000001000000010000000100000001000000010000000100000001000000010000000100000001000000010000000 
2 2 1 2 2 2 1 2  11111101110111011111110111011100110111001101110011110111110101011111110011011010111101010111011111010100111111010111010011111101111111010111010010111101110111011101010011111100110111011111010111111101 
2 2 1 2 2 2 1 2  11111101110101011101110111010100110111001101110011110111110101011111111011011010111101010111011111010100111111010111010011111101110111010111110010111101110111011101110111111100110111011111010111111101 
2 2 2 2 2 2 1 0  11111111111111111111111111011111110111011111111001111111111101111101111011111110110111101111111111010111111111111111010111111100110111110111111111111101111111111101010111110110111111111111111111111101 
3 0 0 0 1 0 0 0  10001000100000001000000010000000100000001000000010001000100000001000000010000000100010001000000010000000100000001000000010000000100000001000100010001000100000001000000010000000100000001000000010000000 
2 0 0 0 3 2 0 0  10001100100011001000100010001000100010001000100010001000100010001000100010001000100010001000100010001000100010001000100010001000100010001000100010001000100010001000100010001000100010001000100010001000 
3 0 0 0 1 0 0 0  10000000100010001000000010000000100010001000100010000000100010001000100010000000100010001000000010000000100000001000000010000000100000001000000010000000100000001000000010000000100000001000000010000000 
2 2 0 2 2 2 1 0  11111101111111111111111111111111110111101111110011111111111111011101111111111110111101001111111111011110111111111111010111111101111111110111111111111101110111111111110111111110111111111111111111111110 
3 0 0 0 1 0 0 0  10000000100010001000100010001000100010001000100010000000100000001000100010000000100010001000000010000000100000001000000010000000100000001000100010000000100000001000000010000000100000001000100010000000 
2 0 0 0 3 0 0 0  10001000100010001000100010001000100010001000110010001000100010001000100010001000100011001000100010001000100010001000100010001000100010001000100010001000100010001000100010001000100010001000110010001000 
2 2 1 2 2 2 1 2  11010101110111011101010111010100110101001101110011111101111101111101110011011010111101011111011101010100111011000101010011110101110111010101110011011011110111011101010111111100110011011111010111111101 
2 2 1 2 2 2 1 2  01011101010101010101010101010100110101000101110011011100111101111101110011011110110101011111011101010100110011000101010011011100110101010101011011111000010101001111110111111100010011010111110111011101 
2 2 2 2 2 2 1 0  11111101111111111111110111011111110111011111111001111111111101111101111111111111110101101111111111010110111111111111010111111101110111110111111111111101111111111101110111110110111111011111111111111100 
3 0 0 0 1 0 0 0  10000000100010001000100010001000100010001000100010001000100010001000100010000000100000001000000010000000100000001000000010000000100000001000100010000000100010001000000010000000100000001000100010000000 
5 0 0 0 1 0 0 0  10000000100000001000100010000000100010001000100010001000100000001000100010001000100010001000000010000000100000001000000010000000100000001000100010000000100000001000000010000000100000001000100010000000 
3 0 0 0 1 0 0 0  10000000100000001000100010001000100010001000100010001000100000001000100010000000100010001000000010000000100000001000000010000000100000001000100010000000100010001000100010000000100000001000100010000000 
3 0 0 0 1 0 0 0  10000000100010001000000010000000100000001000100010001000100000001000100010000000100010001000000010000000100000001000000010000000100000001000000010001000100000001000100010000000100000001000100010000000 
2 0 0 0 3 2 0 0  10001000100011001000100010001000100010001000100010001100100010001000100010001000100010001000100010001000100010001000100010001000100010001000100010001000100010001000100010001000100010001000100010001100 
3 0 0 0 3 0 0 0  10001000100010001000000010000000100000001000100010000000100010001000100010000000100010001000000010000000100000001000000010000000100000001000100010000000100000001000000010000000100000001000100010000000 
2 0 0 0 3 2 0 0  10001100100011001000100010001000100011001000110010001100100010001000100010001100100011001000110010001000100010001000100010001000100011001000100010001000100010001000100010001100100011001000100010001100 
3 0 0 0 1 0 0 0  10000000100000001000100010000000100000001000000010000000100000001000000010000000100010001000000010000000100000001000000010000000100000001000100010001000100000001000100010000000100000001000000010000000 
3 0 0 0 3 0 0 0  10001000100000001000100010000000100010001000100010001000100010001000100010000000100000001000000010000000100000001000000010000000100000001000100010000000100000001000100010000000100000001000100010000000 
2 0 0 0 3 0 0 0  10001000100010001000100010001000100010001000100010001100100010001000100010001000100010001000100010001000100010001000100010001000100010001000100010001000100010001000100010001000100010001000100010001000 
3 0 0 0 1 0 0 0  10001000100000001000000010000000100000001000000010001000100000001000000010000000100010001000000010000000100000001000000010000000100000001000000010000000100000001000000010000000100000001000000010000000 
3 0 0 0 3 0 0 0  10001000100000001000100010001000100000001000000010001000100000001000100010000000100010001000000010000000100000001000000010000000100000001000100010000000100000001000000010000000100000001000100010000000 
5 0 0 0 1 0 0 0  10000000100000001000000010001000100010001000100010001000100000001000100010000000100000001000000010000000100000001000100010000000100000001000100010000000100010001000100010000000100000001000100010000000 
3 0 0 0 1 0 0 0  10000000100000001000100010000000100010001000100010001000100000001000000010000000100010001000100010000000100000001000000010000000100000001000100010000000100010001000100010000000100000001000100010000000 
2 2 1 2 2 2 1 2  01010101010101011101010101010100110101000101110011011100110101111101110011011110110101001111011101010100110011000101010011011101110101000101011011011000110101001111110111111100010011010111110111011101 
