5 0 0 0 0 0 0 0  10000000100000001000000010000000100000001000000010000000100000001000000010000000100000001000000010000000100000001000000010000000100000001000000010000000100000001000000010000000100000001000000010000000 
3 0 0 3 0 0 0 0  10010000100100001001000010010000100100001001000010010000100100001001000010010000100100001001000010010000100100001001000010010000100100001000000010010000100100001001000010010000100100001001000010010000 
4 0 0 1 0 0 0 0  10010000100000001000000010000000100000001000000010000000100000001000000010000000100000001000000010000000100000001000000010000000100000001000000010000000100000001000000010000000100000001000000010000000 
3 0 0 3 0 0 0 0  10010100100101001001010010010000100101001001010010010000100100001001000010010000100100101001000010010000100100001001010010010000100101001000000010010000100100001001000010010000100100001001000010010100 
4 0 0 1 0 0 0 0  10000000100100001000000010000000100000001000000010000000100000001000000010000000100000001000000010000000100000001000000010000000100000001000000010000000100000001000000010000000100000001000000010000000 
2 3 1 2 1 2 0 0  11010101110101011101010111010100110101011101010001010100111101001101010011011100110111001101010011110100110101010101010111010100111111001111010011010100110101001001010111111100010111001111010101010100 
3 0 0 3 0 1 0 0  10010100100100001001000010010000100101001001000010010000100100001001000010010000100100001001000010010000100100001001000010010000100101001000010010010000100100001001000010010000100100001001000010010000 
0 0 0 0 0 0 1 0  11111111111111111111111111111111111111111111111011111111111111111111111111111110111111111111111111111111111111111111111111111111111111111111111111111111111111111111111111111111111111111111111111111111 
3 0 0 3 0 0 0 0  10010100100100001001010010010000100100001001000010010000100100001001000010010000100100001001000010010000100100001001000010010000100100001000000010010000100100001001000010010000100100001001000010010000 
3 0 0 2 0 0 0 0  10010100100101001001010010010000100100001001000010010000100100001001000010010000100100001001000010010000100100001001000010000000100100001000000010010000100100001001000010010000100100001001000010010100 
2 3 1 2 1 2 0 0  01010100010101000101010001010100010101001101010001010100110101000101010011011100010101011101010111010100110101000101010101011100110111001111010011110000110101001001010001110100010111000101010101010100 
2 0 1 2 2 2 2 0  11111111111111111111111111111111111111111111111111111111111111111101011111111111111111111111111111110110111111111111111111011111111111111110111111111010111111111111111111111111111111101111111111111110 
4 0 0 1 0 0 0 0  10000000100000001001000010000000100000001000000010000000100000001000000010000000100000001000000010000000100000001000000010000000100000001000000010000000100000001000000010000000100000001000000010000000 
3 0 0 2 0 0 0 0  10010100100101001001010010010100100101001001000010010000100100001001000010010000100100001001000010010000100000001001010010010000100101001000000010010000100100001001000010010000100100001001000010010100 
2 3 1 2 2 2 1 0  11111101111111011111010111011101110101011101110111010101111101111001010011011100110111101111110011010100110111011101110111011100111011011111010011110100101111001011110111111100110101001101010111010100 
3 0 0 3 0 0 0 0  10010000100100001001010010010000100101001001000010010000100100001001000010010000100100001001000010010000100100001001010010010000100101001000010010010000100100001001000010010000100100001001000010010000 
3 0 0 1 0 0 0 0  10010000100000001001000010000000100000001000000010000000100000001000000010000000100000001000000010000000100000001000000010000000100000001000000010000000100000001000000010000000100000001000000010000000 
3 0 0 3 0 0 0 0  10010000100101001001010010010000100101001001000010010000100100001001000010010000100100001001000010010000100100001001000010010000100101001000000010010000100100001001000010010000100100001001000010010100 
2 3 1 2 1 2 0 0  11010101110101001101010011010100110101001101010001010100111101001101010011011100110111001101010111010100010101000101010111011100110111001111010011010101110101001001010101111101010101000111010101010100 
3 0 0 3 0 0 0 0  10010000100100001000000010000000100000001001000010000000100000001000000010000000100100001000000010000000100000001000000010000000100000001000000010000000100000001000000010010000100000001000000010000000 
3 0 0 3 0 0 0 0  10010000100100001001010010010000100100001001000010010000100100001001000010010000100100001001000010010000100100001001000010010000100100001000000010010000100100001001000010010000100100001001000010010000 
2 3 1 2 1 2 0 0  11010100110101001101010011010100110101001101010001010100111101000101010011011101110111111101010111010100010101000101010111011100110111000111010011110101110101001001010001111101010101000111010101010100 
3 0 0 3 0 0 0 0  10010100100100001001010010010000100101001001000010010000100100001001000010010000100100001001000010010000100100001001010010010000100101001000010010010000100100001001000010010000100100001001000010010000 
2 3 1 2 1 2 0 0  11111101111101011101010111010101110101011101010011010100111101001111010011011100111111111101010011110100010111010101010111011100110111001111010011010100111101001011110111110100110101001111010111010100 
4 0 0 1 0 0 0 0  10000000100100001001000010000000100000001000000010000000100000001000000010000000100000001000000010000000100000001000000010000000100000001000000010000000100000001000000010000000100000001000000010000000 
2 3 1 2 1 2 0 0  11110101110101011101010111010101110101011101010011010100111101001111010011011100111111011101010011110100010101000101010111011100110111001111010011010100111101001001110111110100110111001101010111010100 
3 0 0 3 0 0 0 0  10010100100100001001000010010000100100001001000010010000100100001001000010010000100100001001000010010000100100001001000010010000100100001000000010010000100100001001000010010000100100001001000010010000 
3 0 0 3 0 0 0 0  10010000100101001001010010010000100100001001000010010000100100001001000010010000100100001001000010010000100100001001000010010000100100001000000010010000100100001001000010010000100100001001000010010000 
3 0 0 3 0 0 0 0  10010000100101001001000010010000100101001001000010010000100100001001000010010000100100101001000010010000100100001001000010010000100101001000010010010000100100001001010010010000100100001001000010010100 
3 0 0 3 0 0 0 0  10010000100101001001000010010000100101001001000010010000100100001001000010010000100100001001000010010000100100001001000010010000100101001000000010010000100100001001000010010000100100001001010010010100 
3 0 0 3 0 0 0 0  10010000100101001001000010010000100100001001000010010000100100001001000010010000100100001001000010010000100000001001000010010000100100001000000010010000100100001001000010010000100100001001000010010000 
2 3 1 2 1 2 0 0  11111101110101011101010101010101110101001101010011010100110101000111010011010100111111011101010111110100110101000101010111010100110111001111010011010100110101001001110111111100110111001101010111010100 
4 0 0 1 0 0 0 0  10000000100100001000000010000000100000001001000010000000100000001001000010000000100100001000000010000000100000001001000010000000100000001000000010000000100000001000000010010000100000001000000010000000 
4 0 0 1 0 0 0 0  10000000100100001000000010000000100000001001000010000000100000001000000010000000100000001000000010000000100000001001000010000000100000001000000010000000100000001000000010000000100000001000000010000000 
2 3 1 2 1 2 0 0  01010101010101000101010001010100010101001101010001010100110100000101010011011100010111010101010011010100010101000101010101011100111111001111010011010100110101001001010001110100010111000101010101010100 
2 3 1 2 1 2 0 0  01010101010101011101010101010100110101001101010001010100110101010101010011011100010111001101010011010101110101000101010101011100111111001111010011110100110101001001010011111100110111001101010101010100 
3 0 0 3 0 0 0 0  10010000100100001001000010000000100000001000000010000000100000001000000010000000100000001000000010000000100000001000000010000000100000001000000010000000100000001000000010000000100000001000000010000000 
2 3 1 2 2 2 2 0  11111101111111011111110111111111110101011101111111111101111111111011010011111101110111111111111111011101110111011101110111011100111111111110110111111100111111011111110111111100111111001101110111111101 
3 1 0 3 0 0 0 0  10010000100101001001010010010000100101001001000010010000100100001001000010010000100100001001000010010000100100001001000010010000100101001000010010010000100100001001000010010000100100001001000010010100 
4 0 0 1 0 0 0 0  10000000100000001001000010000000100000001001000010000000100000001001000010000000100100001001000010000000100000001000000010010000100000001000000010000000100000001000000010000000100000001000000010010000 
2 3 1 2 1 2 0 0  01010100010101001101010001010100110101001101010001010100110101001101010011011100110101011101010111010100110101000101010101011100110111000111010011110100110101001001010001110100010101000101010101010100 
2 3 1 2 1 2 0 0  01010100010101000101010001010100010000001101010001010100110101000101010011010100010111011101010011010101010101000101010101011100111111001111010011111100110101001001010001110100010111000101010101010100 
2 3 1 2 2 2 2 0  11111101111111011111110111111111111111001111111111111111111111111111111111111101111111111111111111111110111111111111111111110101110111111110110111111110111111111111011111111101111111101111101111111110 
4 0 0 1 0 0 0 0  10000000100000001000000010000000100000001001000010000000100000001001000010000000100000001000000010000000100000001000000010000000100000001000000010000000100000001000000010010000100000001000000010000000 
4 0 0 1 0 0 0 0  10000000100000001001000010000000100000001000000010000000100000001000000010000000100100001000000010000000100000001000000010000000100000001000000010000000100000001000000010010000100000001000000010000000 
5 0 0 1 0 0 0 0  10000000100000001000000010010000100000001001000010000000100000001001000010000000100100001001000010010000100000001000000010010000100000001001000010000000100000001000000010010000100000001001000010010000 
4 0 0 1 0 0 0 0  10000000100000001000000010000000100000001001000010000000100100001001000010000000100100001001000010000000100000001000000010010000100000001000000010000000100000001000000010000000100000001001000010010000 
3 0 0 3 0 0 0 0  10010000100100001001000010010000100101001001000010010000100100001001000010010000100100001001000010010000100100001001000010010000100101001000010010010000100100001001000010010000100100001001000010010000 
4 0 0 1 0 0 0 0  10000000100100001001000010010000100000001000000010000000100000001001000010000000100100001000000010010000100000001001000010000000100000001000000010010000100000001000000010000000100000001001000010000000 
4 0 0 1 0 0 0 0  10000000100000001000000010010000100000001001000010000000100000001001000010000000100100001000000010000000100000001000000010010000100000001001000010000000100000001000000010010000100000001001000010010000 
4 0 0 1 0 0 0 0  10000000100000001000000010000000100000001000000010000000100000001000000010000000100000001000000010010000100000001000000010000000100000001000000010000000100000001000000010000000100000001001000010000000 
4 0 0 1 0 0 0 0  10000000100000001001000010000000100000001001000010000000100100001001000010000000100100001001000010000000100000001000000010010000100000001000000010000000100000001000000010000000100000001001000010010000 
2 3 1 2 1 2 0 0  01010101010101000101010101010100110101001101010001010100110101010101010011010100010111001101010011010101110101000101010101011100111111001111010011111100110101001001010011110100110111001101010101010100 
2 3 1 2 1 2 0 0  01010101010101010101010101010100110101000101010001010100111101010101010011011100110111001101010011010100110101000101010101011100111111001111010011110100110101001001010011111100110111001101010101010100 
4 0 0 1 0 0 0 0  10000000100100001001000010000000100000001001000010000000100000001001000010000000100100001000000010000000100000001001000010000000100000001000000010000000100000001000000010000000100000001000000010000000 
3 0 0 3 0 0 0 0  10010000100000001001000010010000100100001001000010000000100000001000000010000000100000001001000010010000100000001001000010000000100000001000000010010000100000001000000010000000100000001001000010000000 
4 0 0 1 0 0 0 0  10000000100000001001000010010000100000001001000010000000100100001000000010000000100100001001000010010000100000001001000010000000100000001000000010000000100100001000000010000000100000001001000010000000 
3 0 0 3 0 0 0 0  10010100100101001001000010010000100100001001000010010000100100001001000010010000100100001001000010010000100000001001000010010000100100001000000010010000100100001001000010010000100100001001000010010100 
3 0 0 1 0 0 0 0  10010000100000001001000010000000100000001001000010000000100000001000000010000000100100001000000010000000100000001000000010000000100000001000000010000000100000001000000010010000100000001000000010000000 
3 0 0 3 0 0 0 0  10010000100000001001000010000000100100001000000010010000100000001000000010000000100000001000000010010000100000001000000010000000100000001000000010000000100000001000000010010000100000001001000010000000 
3 0 0 3 0 0 0 0  10010000100100001001000010000000100100001001000010000000100000001001000010000000100100001000000010000000100000001001000010000000100000001000000010000000100000001000000010000000100000001000000010000000 
3 0 0 3 0 0 0 0  10010000100100001001000010010000100100001001000010010000100000001001000010010000100100001001000010010000100000001001000010000000100100001000000010010000100000001000000010010000100100001000000010010000 
4 0 0 1 0 0 0 0  10000000100100001001000010000000100000001000000010000000100000001001000010000000100100001000000010000000100000001001000010000000100000001000000010000000100000001000000010000000100000001000000010000000 
3 0 0 3 0 0 0 0  10010000100100001000000010000000100100001001000010000000100100001000000010000000100100001000000010000000100000001000000010000000100000001000000010000000100000001001000010000000100000001001000010000000 
2 3 1 2 2 2 2 0  11111101111111111111110111111111111111111111111111111111111111111101011111111101110111111111111111111110111111111101110111011101110101111111110111111100111111111111111111111101111111001111110111111100 
4 0 0 1 0 0 0 0  10000000100100001001000010010000100000001000000010010000100100001001000010000000100100001000000010010000100100001001000010000000100100001000000010010000100000001000000010010000100000001001000010000000 
4 0 0 1 0 0 0 0  10000000100100001000000010010000100000001001000010000000100000001001000010000000100100001000000010010000100000001000000010000000100000001000000010000000100000001000000010000000100000001001000010000000 
3 0 0 1 0 0 0 0  10010000100000001000000010000000100000001001000010000000100000001000000010000000100100001000000010000000100000001000000010000000100000001000000010000000100000001000000010000000100000001000000010000000 
3 0 0 3 0 0 0 0  10010100100101001001000010010000100100001001000010010000100100001001000010010000100101001001000010010000100100001001000010010000100101001000000010010000100100001001000010010000100100001001000010010000 
3 0 0 3 0 0 0 0  10010000100100001000000010010000100100001001000010000000100000001000000010000000100100001000000010010000100000001001000010000000100000001001000010000000100000001000000010010000100100001001000010000000 
2 3 1 2 1 2 0 0  11110101111101011101010111010101010101011101010011010100111101001111010011011100111111111101010011110100010111010101010111011100111111001111010011010100110101001001110111111100110101001111010101010100 
3 0 0 3 0 0 0 0  10010000100100001001010010010000100100001001000010010000100100001001000010010000100101001001000010010000100100001001000010010000100101001000000010010000100100001001000010010000100101001001000010010000 
4 0 0 1 0 0 0 0  10000000100000001000000010000000100000001000000010000000100000001000000010000000100000001000000010000000100000001000000010000000100000001000000010000000100000001000000010010000100000001000000010000000 
4 0 0 1 0 0 0 0  10000000100100001000000010010000100000001001000010000000100000001000000010000000100100001000000010010000100000001001000010010000100000001001000010000000100000001000000010010000100000001001000010000000 
4 0 0 1 0 0 0 0  10000000100100001001000010010000100000001001000010000000100000001001000010000000100100001000000010000000100000001000000010010000100000001001000010000000100000001000000010010000100000001001000010010000 
4 0 0 1 0 0 0 0  10000000100000001001000010010000100100001001000010000000100100001000000010000000100100001000000010010000100000001001000010000000100000001001000010000000100100001000000010000000100000001001000010000000 
4 0 0 1 0 0 0 0  10000000100000001001000010010000100100001001000010000000100000001001000010000000100100001000000010010000100000001001000010010000100000001000000010010000100100001000000010000000100000001001000010000000 
3 0 0 3 0 0 0 0  10010000100100001001000010010000100100001001000010010000100000001000000010000000100000001001000010010000100000001001000010000000100000001000000010000000100000001000000010010000100000001001000010000000 
3 0 0 3 0 0 0 0  10010100100100001001010010010000100100001001000010010000100100001001000010010000100101001001000010010000100100001001000010010000100101001000000010010000100100001001000010010000100101001001000010010000 
2 3 1 2 2 2 2 0  11111111111111011111110111111111111111101111111111111111111111111111111111111101111111111111111111111100111111111111111111111111110111111110110111111110111111111111111111111101111111101111101111111110 
3 0 0 1 0 0 0 0  10010000100000001000000010010000100100001001000010000000100000001000000010000000100100001000000010010000100000001001000010000000100000001000000010000000100000001000000010000000100000001001000010000000 
3 0 0 3 0 0 0 0  10010000100100001001000010010000100101001001000010010000100100001001000010010000100100001001000010010000100100001001010010010000100101001000000010010000100100001001000010010000100100001001000010010000 
3 0 0 3 0 0 0 0  10010000100101001001000010010000100100001001000010010000100100001001000010010000100100001001000010010000100100001001000010010000100100001000000010010000100100001001000010010000100100001001000010010100 
3 0 0 1 0 0 0 0  10010000100000001000000010010000100000001000000010010000100000001000000010000000100100001000000010010000100000001001000010000000100000001000000010000000100000001001000010000000100000001000000010000000 
4 0 0 1 0 0 0 0  10010000100000001000000010000000100000001001000010000000100000001001000010000000100100001000000010000000100000001001000010000000100000001000000010000000100000001000000010000000100000001000000010000000 
2 3 1 2 2 2 2 0  11111101111111111111111111111111111111111111111111111111111111111111011111111111111111111111110111111110110111111111111111011101111111111110110111111111111111111111110111111101111111101111111111111110 
4 0 0 1 0 0 0 0  10000000100000001001000010000000100000001001000010000000100000001000000010000000100100001000000010000000100000001000000010000000100000001000000010000000100000001000000010010000100000001000000010000000 
3 0 0 3 0 0 0 0  10010000100100001001000010010000100100001001000010010000100100001001000010010000100100001001000010010000100100001001000010010000100101001000000010010000100100001001000010010000100100001001000010010100 
4 0 0 1 0 0 0 0  10000000100000001000000010000000100000001001000010000000100000001001000010000000100100001000000010000000100000001001000010000000100000001000000010000000100000001000000010010000100000001000000010000000 
4 0 0 1 0 0 0 0  10000000100100001000000010010000100100001001000010000000100000001000000010000000100100001000000010010000100000001001000010010000100000001001000010000000100000001000000010010000100000001001000010000000 
4 0 0 1 0 0 0 0  10000000100000001000000010000000100000001001000010000000100000001001000010000000100100001000000010000000100000001000000010000000100000001000000010000000100000001000000010010000100000001001000010010000 
4 0 0 1 0 0 0 0  10000000100000001001000010000000100000001001000010000000100000001000000010000000100100001001000010000000100000001000000010010000100000001000000010000000100000001000000010000000100000001000000010000000 
3 0 0 3 0 0 0 0  10010000100101001001000010010000100100001001000010010000100100001001000010010000100100001001000010010000100100001001000010010000100101001000000010010000100100001001000010010000100100001001000010010100 
3 0 0 3 0 0 0 0  10010100100101001001000010010000100101001001000010010000100100001001000010010000100101001001000010010000100100001001000010010000100101001000010010010000100100001001000010010000100100001001000010010000 
3 0 0 3 0 0 0 0  10010100100101001001000010010100100101001001000010010000100100001001000010010000100101001001000010010000100100001001000010010000100101001000010010010000100100001001000010010000100100001001000010010000 
3 0 0 3 0 0 0 0  10010000100100001001000010010000100100001001000010010000100100001001000010010000100100001001000010010000100100001001000010010000100100001000000010010000100100001001000010010000100100001001000010010100 
2 3 1 2 1 2 0 0  11010100110101001101010101010100110101001101010001010100110101000101010011011100110111111101010111010100110101010101010111011100110111001111010011110101111101001011010101110100010101001101010111010100 
3 0 0 3 0 0 0 0  10010000100100001001000010010000100101001001000010010000100101001001000010010000100100001001000010010000100100001001000010010000100100001001010010010000100100001001000011010000100100001001000011010100 
3 0 0 3 0 0 0 0  10010100100100001001000010010000100100001001000010010000100100001001000010010000100100001001000010010000100100001001000010010000100100001000000010010000100100001001000010010000100100001001000010010100 
3 0 0 3 0 0 0 0  10010000100100001001010010010000100100001001000010010000100101001001000010010000100100001001000010010000100100001001000010010000100100001000000010010000100100001001000010010000100100001001000010010000 
