4 0 0 0 0 0 0 0  10000000100000001000000010000000100000001000000010000000100000001000000010000000100000001000000010000000100000001000000010000000100000001000000010000000100000001000000010000000100000001000000010000000 
3 0 0 2 0 0 0 0  10010000100100001001000010010000100100001001000010010000100100001001000010010000100100001001000010010000100000001001000010010000100100001001000010010000100100001001000010010000100100001001000010010000 
2 2 2 2 2 2 2 2  11111111111111111111111111111111111111101111111111111010111111111111111111111110110111111111111111011110111111111011111011111111011011111111011111111111111111111111111111111111111111111111111111111101 
0 0 0 0 0 0 0 0  11111111111111111111111111111111111111111111111111111111111111111111111111111111111111111111111011111111111111111111111111111111111111111111111111111111111111111111111111111111111111101111111111111111 
3 2 0 2 1 2 0 0  11010101110101001101010111010100100101001001010111010100100111011001110010010100100100001101010011011101110111011001110010011100110101011001010010010111110101011001000010011101110111001001010010011100 
1 2 0 2 1 2 0 0  11010101110101011101010111010100100101001001110111011110100111011001110010011100110101001101010011011101110111001001110010011101110011011011010010010111110101011001010010011101110111001001010010011100 
3 0 0 2 0 2 0 0  10010000100100001001010010010000100100001001000010010000100100001001000010010000100100001001010010010000100100001001000010010000100100001001000010010000100100001001000010010000100100001001010010010000 
3 0 0 2 0 2 0 0  10010101100101001001010010010100100101001001010010010100100101001001010010010100100100001001010010010000100101001001010010010100100111001001010010010000100100001001010010010100100101001000010010010100 
1 2 2 2 2 2 0 2  11111101111101011111010111011101101111001101010111110100101111011111110111011100110011001101110110110101110111011001110110111101110111011111110101110101010101011001010111011110111111001101010110011101 
3 0 0 2 2 2 0 2  10011101100111011001010110010100100101001001010010011100100011001001110010011100100111001001110011010001100011001001010110011101100011000001010010010100100101001001010010010100100111011001001010010101 
3 0 0 2 1 2 0 2  10010101100101011001010010010100100101001001010010010100100111001001110010011100100101001001010010010000100111001001010010011100100101001001010010011101100101001001000110010100100101001001001010010100 
3 0 0 2 0 0 0 0  10010000100000001000000010000000100000001000000010000000100000001000000010000000100100001000000010000000100000001000000010000000100000001000000010000000100000001000000010000000100000001000000010000000 
4 0 0 2 0 0 0 0  10000000100100001000000010000000100000001000000010000000100000001000000010000000100000001000000010000000100000001000000010000000100000001000000010000000100000001000000010000000100000001000000010000000 
3 2 2 2 2 2 0 2  11011101110101011111010111011101101101001101010111110100101111011111110111011100110011001100110110110101110111011001110110011101110111011111110101110101010101011001010111011100111111001101010110011101 
3 0 0 2 1 2 0 2  10010101100101011001010110010100100101001001010010011100100111001001110010011100100101001001010011010000100111001001010110011100100011001001010010011101100101001001000110010101100111001001001010010100 
4 0 0 2 0 0 0 0  10000000100100001001000010000000100000001000000010000000100000001000000010000000100000001000000010000000100000001000000010000000100000001000000010000000100000001000000010000000100000001000000010000000 
3 0 0 2 0 0 0 0  10010000100000001001000010000000100100001000000010000000100000001001000010000000100100001001000010000000100000001001000010000000100000001001000010000000100000001001000010000000100000001001000010000000 
4 0 0 2 0 0 0 0  10000000100000001001000010000000100000001000000010000000100000001000000010000000100000001000000010000000100000001000000010010000100000001000000010000000100000001000000010000000100000001000000010000000 
3 0 0 2 0 0 0 0  10010000100000001000000010000000100000001000000010000000100000001000000010000000100100001001000010000000100000001001000010000000100000001000000010000000100000001001000010000000100000001001000010000000 
3 2 2 2 2 2 0 2  11111101110101011111010111011101101101001101010111111100111111011111110111011100110011001100110111110101100111011001110111011101110111011111110101110101010100011101010111011101111111001101010110011100 
3 0 0 2 0 0 0 0  10010000100000001000000010000000100100001000000010000000100000001001000010000000100100001001000010000000100000001001000010010000100000001001000010000000100000001001000010000000100000001001000010000000 
3 0 0 2 0 2 0 0  10010000100101001001010010010000100100001001000010010000100100001001000010010100100101001001000010010000100100001001000010010000100100001001000010010000100100001001000010010000100100001001000010010000 
3 0 0 2 0 2 0 0  10010000100100001001000010010100100100001001010010010100100100001001000010010100100100001001010010010000100100001001010010010000100101001001000010010000100100001001000010010100100101001001010010010100 
2 2 2 2 2 2 2 2  11111101111111111111111111111111111111101111111111111010111111111111110111111110110111011111111111011100111111011011111011111111011111111111010111111111111111111111111111111111111111001111111111111101 
4 0 0 2 0 0 0 0  10000000100000001000000010000000100000001001000010010000100000001001000010000000100100001001000010010000100000001001000010000000100000001000000010000000100000001001000010010000100000001001000010000000 
3 0 0 2 0 2 0 0  10010000100100001001010010010100100100001001010010010100100100001001000010010000100100001001000010010000100100001001000010010000100100001001000010010000100100001001000010010100100100001001000010010000 
3 0 0 2 0 0 0 0  10010000100100001001000010000000100000001000000010000000100000001000000010000000100100001000000010000000100000001000000010000000100000001000000010000000100000001001000010000000100000001000000010000000 
3 0 0 2 0 2 0 0  10010000100100001001000010010100100100001001010010010100100100001001000010010100100100001001010010010000100100001001010010010000100100001001000010010000100100001001000010010000100100001001010010010100 
3 0 0 2 0 2 0 0  10010000100101001001000010010100100100001001010010010100100100001001000010010100100100001001000010010000100100001001000010010000100100001001000010010000100100001001000010010000100100001001010010010100 
3 0 0 2 0 2 0 0  10010100100101001001000010010000100100001001000010010000100100001001000010010100100100001001000010010000100100001001000010010000100100001001000010010000100100001001000010010000100100001001010010010000 
3 0 0 2 0 2 0 0  10010100100101001001010010010000100100001001000010010000100100001001000010010100100100001001000010010000100100001001000010010000100100001001000010010000100100001001000010010000100100001001010010010000 
3 0 0 2 0 2 0 0  10010100100101001001010010010100100100001001010010010100100101001001010010010100100100001001010010010000100101001001000010010000100101001001000010010000100101001001010010010100100101001001010010010100 
3 0 0 2 0 2 0 0  10010000100100001001000010010000100100001001010010010000100100001001000010010100100100001001010010010000100100001001000010010000100100001001000010010000100100001001000010010000100100001001000010010100 
3 0 0 2 0 0 0 0  10010000100100001000000010000000100000001000000010010000100100001001000010000000100100001000000010010000100000001000000010010000100000001000000010000000100000001000000010000000100000001001000010000000 
3 0 0 2 0 0 0 0  10010000100000001001000010010000100100001000000010000000100100001001000010000000100100001001000010010000100000001001000010010000100000001001000010000000100000001001000010010000100100001001000010000000 
4 0 0 2 0 0 0 0  10000000100100001000000010010000100000001001000010010000100000001001000010000000100100001001000010000000100000001001000010010000100000001000000010000000100000001001000010000000100000001001000010000000 
4 0 0 2 0 0 0 0  10000000100100001000000010010000100000001000000010010000100000001001000010000000100000001000000010000000100000001001000010010000100000001000000010000000100000001001000010000000100000001001000010000000 
3 0 0 2 0 0 0 0  10010000100100001001000010010000100100001001000010010000100101001001000010010000100100001001000010010000100100001001000010010000100100001001000010010000100100001001000010010000100100001001000010010000 
4 0 0 2 0 0 0 0  10000000100100001001000010010000100000001000000010010000100000001001000010000000100000001000000010010000100000001001000010000000100100001001000010000000100000001001000010000000100000001000000010000000 
4 0 0 2 0 0 0 0  10000000100000001001000010000000100000001000000010010000100000001001000010000000100100001001000010010000100000001001000010010000100000001001000010000000100000001001000010000000100000001001000010000000 
4 0 0 2 0 0 0 0  10000000100000001001000010000000100000001000000010010000100000001000000010000000100000001001000010000000100000001001000010000000100000001000000010000000100000001001000010000000100000001001000010000000 
4 0 0 2 0 0 0 0  10000000100000001001000010000000100000001000000010010000100000001000000010000000100100001001000010010000100000001001000010010000100000001000000010000000100000001001000010000000100000001001000010000000 
4 0 0 2 0 0 0 0  10000000100000001000000010000000100000001000000010000000100000001001000010000000100100001001000010010000100000001001000010010000100000001001000010000000100000001001000010000000100000001001000010000000 
4 0 0 2 0 0 0 0  10000000100000001001000010010000100000001001000010010000100100001001000010000000100100001001000010010000100000001001000010010000100100001001000010000000100000001001000010000000100000001001000010000000 
3 0 0 2 0 0 0 0  10010000100100001001000010000000100100001000000010010000100100001001000010000000100100001000000010010000100000001000000010010000100000001001000010010000100000001001000010010000100000001001000010010000 
4 0 0 2 0 0 0 0  10000000100000001001000010010000100000001001000010010000100000001001000010000000100100001001000010010000100000001001000010010000100000001000000010000000100000001001000010000000100000001001000010000000 
3 0 0 2 0 2 0 0  10010000100101001001010010010100100100001001010010010100100100001001000010010100100100001001000010010100100100001001000010010000100101001001010010010000100100001001000010010100100100001001010010010100 
4 0 0 2 0 0 0 0  10000000100000001001000010000000100000001000000010000000100000001000000010000000100100001000000010000000100000001001000010010000100000001000000010000000100000001000000010000000100000001001000010000000 
4 0 0 2 0 0 0 0  10000000100100001001000010010000100000001000000010010000100000001001000010000000100000001000000010000000100000001000000010000000100000001000000010000000100000001001000010000000100000001000000010000000 
3 0 0 2 0 0 0 0  10010000100100001000000010000000100000001000000010000000100000001000000010000000100100001000000010000000100000001000000010000000100000001000000010000000100000001000000010000000100000001000000010000000 
3 0 0 2 0 2 0 0  10010000100101001001010010010000100100001001000010010100100100001001000010010100100100001001010010010000100100001001000010010000100100001001000010010000100100001001000010010000100101001001000010010100 
3 0 0 2 0 2 0 0  10010100100100001001010010010100100100001001010010010100100100001001000010010000100100001001010010010000100100001001000010010000100101001001000010010000100100001001000010010100100101001001010010010100 
3 0 0 2 0 2 0 0  10010100100100001001010010010100100100001001010010010100100100001001000010010000100100001001010010010000100100001001000010010000100100001001000010010000100100001001000010010100100100001001000010010000 
4 0 0 2 0 0 0 0  10000000100100001000000010000000100000001000000010000000100000001000000010000000100000001000000010000000100000001000000010010000100000001000000010000000100000001001000010000000100000001001000010000000 
3 0 0 2 0 2 0 0  10010100100101001001000010010100100100001001010010010100100100001001000010010100100100001001010010010000100100001001010010010000100101001001000010010000100101001001000010010100100101001001000010010100 
3 0 0 2 0 2 0 0  10010000100101001001000010010100100100001001010010010100100100001001000010010100100100001001010010010000100100001001010010010000100100001001000010010000100100001001000010010100100101001001010010010100 
4 0 0 2 0 0 0 0  10000000100000001000000010010000100000001001000010010000100000001001000010010000100100001001000010000000100000001001000010010000100000001000000010000000100000001001000010010000100000001001000010000000 
3 0 0 2 0 2 0 0  10010100100100001001000010010000100100001001000010010100100100001001000010010000100100001001000010010000100100001001000010010000100100001001000010010000100100001001000010010000100100001001000010010000 
4 0 0 2 0 0 0 0  10000000100100001001000010010000100000001001000010010000100000001001000010000000100000001001000010010000100000001001000010010000100000001000000010000000100000001001000010000000100000001001000010000000 
3 0 0 2 0 2 0 0  10010000100100001001010010010100100100001001010010010100100100001001000010010100100100001001010010010000100100001001010010010000100100001001000010010000100100001001000010010000100100001001010010010100 
4 0 0 2 0 0 0 0  10000000100100001001000010010000100100001001000010010000100100001001000010000000100000001000000010010000100000001001000010010000100100001001000010000000100000001001000010000000100000001001000010000000 
3 0 0 2 0 0 0 0  10010000100000001001000010000000100000001000000010000000100000001000000010000000100000001001000010000000100000001001000010000000100000001000000010000000100000001001000010000000100000001001000010000000 
4 0 0 2 0 0 0 0  10000000100000001000000010000000100000001000000010000000100000001001000010000000100100001000000010000000100000001001000010010000100000001001000010000000100000001000000010010000100000001001000010000000 
3 0 0 2 0 2 0 0  10010000100101001001000010010100100100001001000010010100100100001001000010010100100100001001000010010000100100001001000010010000100100001001000010010000100100001001000010010000100100001001000010010000 
3 2 0 2 2 2 0 2  10011101100111011001010110010100100101011001110010010100100011001111110010011100100111001001110011010001100011001001010110011101100011010011010110010100100101001001010010010100100101011001000010011101 
4 0 0 2 0 0 0 0  10000000100100001000000010000000100000001000000010010000100000001000000010000000100000001001000010000000100000001000000010000000100000001000000010000000100000001001000010000000100000001001000010010000 
3 0 0 2 1 2 0 0  10010101100101001001010010010100100101001001010010010100100101001001010010011100100100001001010010010000100111001001010010010100100111001001010010011000100101001001000010010100100101001001001010010100 
3 0 0 2 0 2 0 0  10010100100100001001000010010100100100001001010010010100100101001001000010010100100100001001010010010000100100001001010010010000100101001001000010010100100100001001000010010100100101001001010010010100 
1 2 2 2 2 2 2 2  11111101111111011111111111111111111111101111110011111010111111011111110011111111110111011111111111011101111111011011111111111111111111111111010111110111111111111111111111111011111111001111101111111101 
3 0 0 2 0 2 0 0  10010000100101001001010010010000100100001001010010010100100100001001000010010100100100001001010010010000100100001001000010010000100101001001000010010000100100001001000010010000100101001001000010010100 
3 0 0 2 0 2 0 0  10010100100101001001010010010100100100001001010010010000100100001001000010010000100100001001000010010000100100001001000010010000100100001001000010010000100100001001000010010100100100001001000010010100 
1 2 2 2 2 2 2 2  11111101111111011111010111011101111111001101110111111100111111111111110111011100110111001101110111111101110111011111110110110101110111011111110101110111110101111101011111111010111111001101010111111100 
3 0 0 2 0 2 0 0  10010100100101001001010010010100100100001001010010010000100100001001000010010100100101001001010010010000100100001001000010010000100100001001000010010000100100001001000010010100100101001001000010010100 
3 0 0 2 0 0 0 0  10010000100100001000000010000000100100001001000010010000100100001001000010000000100100001000000010010000100000001001000010010000100000001000000010000000100000001000000010010000100000001000000010010000 
3 0 0 2 0 2 0 0  10010100100101001001000010010100100100001001010010010100100100001001000010010000100100001001000010010000100100001001000010010000100100001001000010010000100100001001000010010000100101001001000010010000 
3 0 0 2 0 2 0 0  10010000100101001001010010010100100100001001010010010100100100001001000010010100100100001001010010010000100101001001010010010000100101001001010010010000100100001001010010010100100101001001010010010100 
3 0 0 2 0 2 0 0  10010000100101001001000010010100100100001001010010010100100101001001000010010100100100001001010010010000100101001001010010010000100101001001000010010000100101001001000010010000100101001001010010010100 
4 0 0 0 0 0 0 0  10000000100000001000000010000000100000001000000010000000100000001000000010000000100000001000000010000000100000001000000010000000100000001000000010000000100000001000000010010000100000001000000010000000 
4 0 0 2 0 0 0 0  10000000100000001000000010000000100000001000000010000000100000001000000010000000100100001000000010000000100000001001000010010000100000001000000010000000100000001001000010000000100000001001000010000000 
3 0 0 2 0 2 0 0  10010100100100001001000010010100100100001001010010010100100100001001000010010100100100001001010010010000100100001001000010010000100101001001000010010000100100001001000010010000100101001001010010010100 
3 0 0 2 0 2 0 0  10010100100101001001010010010100100101001001010110010100100100001001000010010100100100001001010010010000100100001001000010010000100101001001000010010000100100001001000010010100100101001001000010010100 
4 0 0 2 0 0 0 0  10000000100100001001000010010000100000001000000010000000100000001000000010000000100000001000000010010000100000001000000010000000100000001000000010000000100000001000000010000000100000001000000010000000 
3 0 0 2 0 2 0 0  10010100100101001001000010010100100100001001010010010100100100001001000010010100100100001001010010010000100100001001000010010000100101001001000010010000100100001001000010010000100101001001000010010000 
3 0 0 2 0 0 0 0  10010000100100001001000010000000100100001001000010010000100100001000000010000000100100001000000010000000100000001000000010000000100000001001000010000000100000001001000010010000100000001000000010000000 
3 0 0 2 0 2 0 0  10010000100101001001000010010000100100001001000010010000100100001001000010010000100100001001000010010000100100001001000010010000100101001001000010010000100100001001000010010000100100001001000010010000 
3 0 0 2 0 2 0 0  10010100100100001001000010010000100100001001010010010100100100001001000010010000100100001001000010010000100100001001000010010000100100001001000010010000100100001001000010010000100100001001000010010100 
1 2 2 2 2 2 2 2  11111101111111011111110111111101111111001111110111111100111111111111110011111110110111011101110111011101111111011011110110110101110111111111110101110111110101111111111111110010111111001101111111111100 
3 2 0 2 1 2 0 2  11010101110101001001010110010100100101001001010011010100100111001001110010010100100100001101010011010000100111011001010110011100100011011001010010010101100101011001000010011101100111001001000010010100 
3 0 0 2 0 0 0 0  10010000100000001001000010000000100000001000000010000000100000001000000010000000100000001000000010000000100000001000000010000000100000001000000010000000100000001000000010000000100000001000000010000000 
3 0 0 2 0 2 0 0  10010100100100001001000010010100100100001001010010010100100100001001000010010100100100001001000010010000100100001001000010010000100100001001000010010000100100001001000010010000100100001001010010010100 
3 0 0 2 0 2 0 0  10010000100100001001010010010100100100001001010010010100100100001001000010010100100100001001000010010100100100001001010010010000100101001001000010010000100100001001000010010100100101001001010010010100 
4 0 0 2 0 0 0 0  10000000100000001000000010000000100000001000000010000000100000001000000010000000100100001000000010010000100000001000000010000000100000001000000010000000100000001000000010000000100000001001000010000000 
3 0 0 2 0 2 0 0  10010100100101001001010010010100100100001001010010010100100101001001010010011100100100001001010010010000100111001001000010010100100111001001010010010000100101001001010010010100100101001001010010010100 
4 0 0 2 0 0 0 0  10000000100000001000000010010000100000001001000010010000100000001001000010010000100100001001000010010000100000001001000010010000100100001001000010000000100000001001000010000000100000001001000010000000 
3 0 0 2 0 0 0 0  10010000100100001001000010010000100100001001000010010000100101001001000010010100100100001001000010010000100100001001000010010000100100001001000010010000100100001001000010010000100100001001000010010000 
3 0 0 2 0 2 0 0  10010101100101001001010010010100100100001001010010010100100101001001000010010100100100001001010010010000100101001001000010010000100101001001010010010100100100001001010010010000100101001001010010010100 
3 0 0 2 0 0 0 0  10010000100000001000000010010000100100001000000010000000100100001001000010000000100100001001000010010000100000001001000010010000100000001000000010000000100000001001000010010000100100001001000010000000 
3 2 2 2 2 2 0 2  11011101110101011111010110011100100101001101010111011100100111001001110011011100110011001101110111010001110111001001010110111101110011011001010111010101100101001101010111010100110111001001000110011101 
4 0 0 2 0 0 0 0  10000000100100001001000010010000100000001001000010010000100100001001000010000000100000001001000010010000100000001001000010010000100100001001000010010000100100001001000010010000100100001001000010000000 
3 0 0 2 0 2 0 0  10010100100100001001010010010000100100001001000010010100100100001001000010010000100100001001000010010000100100001001000010010000100100001001000010010000100100001001000010010000100100001001000010010100 
