3 0 0 0 0 0 0 0  10000000100000001000000010000000100000001000000010000000100000001000000010000000100000001000000010000000100000001000000010000000100000001000000010000000100000001000000010000000100000001000000010000000 
2 0 0 2 0 0 0 0  10010000100100001001000010010000100100001001000010010000100100001001000010010000100100001001000010010000100100001001000010010000100100001001000010010000100100001001000010010000100100001001000010010000 
0 0 0 0 0 0 0 0  11111111111111111111111111111111111111111111111111111111111111111111111111111111111111111111111111111111111111111111111111111111111111111111111111111111111111111111111111111111111111111111111011111111 
3 0 0 2 0 2 0 0  10010101100101011001010110011100100101001001010010010100100101001001010010011100100100001001010010010100100100101001000010011100110101001001110110010101100101001001110010011100100101011011010010010101 
2 2 2 2 2 2 2 1  11110101111101011111010111011100110101001111110010010110111111110101111011111101110111001100110011011111110111111111010110111100100101010101010111010111111101111111101111111100010111010111110011011100 
3 2 0 2 2 2 2 1  11010101110101011101010111001100100101011001010011010100110111110101110011011100110110001001110010010101110111110111000011110010100111011001110111010101110101011101110011111001100101011101110011010111 
3 0 0 2 0 2 0 0  10010100100101001001010010010100100101001001010010010100100101001001010010010100100100001001010010010100100100001001000010010000100101001001010010010100100100001001010010010100100100001001010010010100 
3 0 0 2 0 2 0 0  10010101100101001001010010010100100101011001010010010100100101001001010010011100100100001001010010010100100100001001000010010100100101001001010010010100100101011001010110010100100100001001010010010100 
2 2 2 2 2 2 2 1  11111101111111011111110111011100111101001111110011010110111111110111110011110111111111001101110111011111111111111111010111111111110101010111010111011111111101111111101111111101110110110111110011111100 
4 0 0 2 0 0 0 0  10010000100000001000000010000000100000001000000010000000100000001000000010000000100000001000000010000000100000001000000010000000100000001000000010000000100000001000000010000000100000001000000010000000 
2 2 2 2 2 2 2 1  11111101111101011111010111011100110101001111110010010110111111110101111011111101110111001100110011011111110111111111010110111100100101010101010111010111111101111111101111111100110111010111010011011100 
3 0 0 2 0 2 0 0  10010101100101011001010010010100100101011001010010010100100101001001010010011100100100001001010010010100100100101011000010010100100101001001010010010101100100011001010110010100100101001001010010011100 
3 0 0 2 0 0 0 0  10010000100100001000000010000000100000001001000010000000100000001000000010000000100000001000000010000000100000001000000010000000100000001000000010000000100000001000000010010000100000001000000010000000 
2 2 1 2 2 2 2 1  11010101110101011101010110011100100101001101010011010110111111110101110001110100110111001000110111010101110111100111001011110010100111011001110111011111110101011111110011101101110101011111110111010011 
4 0 0 2 0 0 0 0  10000000100100001001000010000000100000001000000010000000100000001000000010000000100000001000000010000000100000001000000010000000100000001000000010000000100000001000000010000000100000001000000010000000 
2 0 0 2 0 2 0 0  10010100100100001001000010010000100100001001000010010000100100001001000010010000100100001001000010010000100100001001000010010000100100001001000010010000100100001001000010010000100100001001000010010000 
3 0 0 2 0 0 0 0  10010000100000001001000010010000100100001000000010000000100000001001000010000000100000001001000010000000100000001001000010010000100000001001000010000000100000001001000010010000100000001001000010010000 
2 2 2 2 2 2 2 1  11010101111101011101010111011100100101001111110010010110111111111101110010111101110111000101110111011111110111111111110110111110100101011101010111011111111101111111101111111100110111010111111011111111 
2 2 2 2 2 2 2 1  11111101111111111111111111111111111111101111111011111110111111111111110111110111111111101101111111011111110111111111111111111101111111011111110111011111111111111111001111111100110110101111111111110111 
4 0 0 2 0 0 0 0  10000000100100001000000010000000100000001000000010000000100000001000000010000000100000001000000010000000100000001000000010000000100000001000000010000000100000001000000010000000100000001000000010000000 
2 2 2 0 2 2 2 0  11111111111111111111111111111111111111111111111011111110111111111101111011110111111111001111101111011111111111111111111111111111110101011111110111111111111111111111001111111111111111101111111111110111 
3 2 1 2 2 2 2 1  10010101100101011101110111011100110101011001110010010110110111111001010011011110110111001011110110010100100111111101011111011110100101011101110110010101111111011111110011111100101101011101110010011111 
2 0 0 2 0 2 0 0  10010100100100001001000010010000100100001001010010010100100100001001000010010000100100001001010010010000100100001001000010010000100100001001000010010000100100001001000010010000100100001001000010010100 
2 0 0 2 0 2 0 0  10010000100100001001010010010000100100001001000010010000100100001001000010010000100100001001000010010000100100001001000010010000100100001001000010010000100100001001000010010000100100001001000010010000 
3 0 0 2 0 0 0 0  10010000100100001001000010000000100000001000000010000000100000001001000010000000100000001000000010000000100100001000000010000000100000001000000010000000100000001000000010000000100000001000000010000000 
2 0 0 2 0 2 0 0  10010000100101001001000010010000100100001001000010010000100100001001000010010000100100001001000010010000100100001001000010010000100100001001000010010000100100001001000010010000100100001001000010010000 
2 0 0 2 0 2 0 0  10010000100101001001010010010000100100001001010010010000100100001001000010010000100100001001010010010000100100001001000010010000100100001001000010010000100100001001000010010000100100001001000010010100 
2 0 0 2 0 2 0 0  10010000100100001001000010010100100101001001010010010100100100001001000010010100100100001001010010010000100100001001000010010000100101001001000010010000100100001001000010010000100100001001000010010100 
3 0 0 2 0 0 0 0  10010000100000001000000010010000100100001000000010000000100000001001000010000000100000001001000010000000100000001001000010000000100000001001000010000000100000001001000010010000100000001001000010010000 
2 0 0 2 0 2 0 0  10010100100101001001010010010000100100001001000010010000100100001001000010010000100100001001000010010000100100001001000010010000100100001001000010010000100100001001000010010000100100001001000010010000 
2 2 2 2 2 2 2 1  11111101111111011111111111111111111111101011110011111110111111111101110011110111111111001101101111011111110111111111110111111101110101011111110111010111111111111111001111111100110110101111110111110111 
2 0 0 2 0 2 0 0  10010000100101001001010010010000100100001001000010010000100100001001000010010000100100001001000010010000100100001001000010010000100100001001000010010000100100001001000010010000100100001001000010010000 
4 0 0 2 0 0 0 0  10000000100100001000000010000000100000001001000010010000100000001001000010000000100000001001000010010000100000001001000010010000100000001001000010000000100000001001000010000000100000001001000010000000 
2 0 0 2 0 2 0 0  10010100100101001001000010010000100100001001000010010000100100001001000010010000100100001001000010010000100100001001000010010000100100001001000010010000100100001001000010010000100100001001000010010000 
4 0 0 2 0 0 0 0  10000000100000001001000010000000100000001000000010000000100000001000000010000000100000001000000010000000100000001000000010000000100000001000000010000000100000001000000010000000100000001000000010000000 
3 0 0 2 0 0 0 0  10010000100000001000000010000000100100001000000010000000100000001001000010000000100000001001000010000000100000001001000010000000100000001000000010000000100000001001000010000000100000001001000010000000 
2 0 0 2 0 0 0 0  10010000100100001001000010010000100100001001010010010000100100001001000010010000100100001001000010010000100100001001000010010000100100001001000010010000100100001001000010010000100100001001000010010000 
2 0 0 2 0 2 0 0  10010000100101001001010010010100100101001001010010010000100100001001000010010000100100001001010010010000100100001001000010010000100100001001000010010000100100001001000010010000100100001001000010010100 
4 0 0 2 0 0 0 0  10000000100100001000000010000000100000001001000010010000100000001000000010000000100000001001000010000000100000001001000010000000100000001000000010000000100000001001000010010000100000001001000010000000 
2 0 0 2 0 2 0 0  10010000100100001001010010010100100101001001010010010000100100001001000010010000100100001001010010010100100100001001000010010000100101001001000010010000100100001001000010010000100100001001000010010100 
3 0 0 2 0 0 0 0  10010000100100001001000010000000100100001001000010010000100100001001000010000000100000001000000010010000100000001001000010010000100000001001000010010000100000001001000010010000100000001000000010000000 
3 0 0 2 0 0 0 0  10010000100000001001000010000000100000001000000010000000100000001000000010000000100000001000000010000000100000001000000010000000100000001000000010000000100000001000000010000000100000001000000010000000 
2 2 2 2 2 2 2 1  11111111111111111111111111111111111101101011110011111110111111011101110011110111111111001101101111011111110111111101110111111101110101011111110111010111111111111111101111111100110110101111110111110111 
3 0 0 2 0 0 0 0  10010000100100001001000010000000100100001000000010010000100000001001000010000000100000001000000010000000100000001001000010000000100000001001000010000000100000001000000010010000100000001001000010000000 
4 0 0 2 0 0 0 0  10000000100100001000000010000000100000001001000010010000100000001000000010000000100000001001000010000000100000001000000010000000100000001000000010000000100000001001000010000000100000001000000010000000 
2 0 0 2 0 2 0 0  10010000100101001001000010010100100101001001010010010100100100001001000010010100100100001001010010010100100100001001000010010000100100001001000010010000100100001001000010010000100100001001000010010000 
2 0 0 2 0 2 0 0  10010100100101001001010010010000100101001001010010010000100100001001000010010000100100001001000010010000100100001001000010010000100100001001000010010000100100001001000010010000100100001001000010010000 
3 0 0 2 0 0 0 0  10010000100000001001000010000000100100001000000010000000100000001001000010000000100000001001000010000000100000001001000010000000100000001000000010000000100000001001000010000000100000001001000010000000 
2 0 0 2 0 2 0 0  10010000100100001001010010010000100101001001000010010100100100001001000010010000100100001001000010010000100100001001000010010000100100001001000010010000100100001001000010010000100100001001000010010000 
2 0 0 2 0 2 0 0  10010000100101001001000010010000100101001001000010010000100100001001000010010000100100001001000010010000100100001001000010010000100100001001000010010000100100001001000010010000100100001001000010010100 
2 0 0 2 0 2 0 0  10010000100100001001010010010000100101001001010010010100100100001001000010010000100100001001000010010000100100001001000010010000100100001001000010010000100100001001000010010000100100001001000010010100 
2 0 0 2 0 2 0 0  10010000100100001001000010010000100101001001010010010000100100001001000010010000100100001001000010010000100100001001000010010000100100001001000010010000100100001001000010010000100100001001000010010100 
2 0 0 2 0 2 0 0  10010000100101001001000010010000100101001001010010010100100100001001000010010000100100001001000010010000100100001001000010010000100100001001000010010000100100001001000010010000100100001001000010010100 
3 2 0 2 2 2 2 1  10010101100111011001010110011100100101011001010010010100100101111001010011011100100100001001010010010100100111101101010010011100110101001001110110011101100101011101110011011100100101011111010010011111 
2 0 0 2 0 2 0 0  10010100100101001001000010010000100100001001010010010000100100001001000010010000100100001001010010010000100100001001000010010000100100001001000010010000100100001001000010010000100100001001000010010100 
4 0 0 2 0 0 0 0  10000000100100001001000010000000100100001001000010010000100000001001000010000000100000001001000010010000100000001001000010010000100000001001000010000000100000001001000010000000100000001001000010000000 
2 0 0 2 0 2 0 0  10010100100101001001010010010000100101001001010010010100100100001001000010010000100100001001010010010100100100001001000010010000100100001001000010010000100100001001000010010000100100001001000010010100 
4 0 0 2 0 0 0 0  10000000100000001001000010010000100100001001000010010000100100001001000010000000100000001001000010000000100000001001000010010000100000001001000010000000100000001001000010010000100000001001000010000000 
4 0 0 2 0 0 0 0  10000000100100001000000010000000100000001001000010000000100000001000000010000000100000001000000010000000100000001000000010000000100000001000000010000000100000001000000010010000100000001000000010000000 
4 0 0 2 0 0 0 0  10000000100000001000000010000000100000001001000010010000100000001001000010010000100100001001000010000000100000001001000010000000100000001001000010000000100000001001000010000000100000001001000010000000 
2 0 0 2 0 2 0 0  10010000100101001001000010010100100101001001010010010100100100001001000010010100100100001001010010010100100100001001000010010100100101001001000010010000100100001001000010010000100100001001000010010100 
2 0 0 2 0 2 0 0  10010000100101001001010010010100100101001001010010010100100111001001000010010100100100001001010010010100100100001001000010010000100100001001010010010000100100001001000010010100100100001001010010010000 
4 0 0 2 0 0 0 0  10000000100100001001000010000000100100001001000010010000100100001001000010000000100100001000000010010000100000001001000010010000100000001001000010010000100000001001000010010000100100001001000010000000 
3 2 0 2 2 2 2 1  10010101100111011001110110011100100101011001010010010100100101111001010011011100100110001001010010010100100111111101011011011100110101001101110110011101100101011101110011111100100101011111010010011111 
4 0 0 2 0 0 0 0  10010000100000001000000010000000100000001001000010000000100000001000000010000000100000001000000010000000100000001001000010010000100000001000000010000000100000001000000010000000100000001000000010000000 
2 0 0 2 0 2 0 0  10010100100101001001000010010100100101001001010010010000100100001001000010010100100100001001010010010000100100001001000010010000100100001001000010010000100100001001000010010000100100001001000010010000 
2 0 0 2 0 2 0 0  10010100100100001001000010010000100101001001010010010100100100001001000010010000100100001001010010010100100100001001000010010000100100001001000010010000100100001001000010010100100100001001000010010100 
4 0 0 2 0 0 0 0  10000000100000001001000010000000100000001000000010010000100000001001000010000000100000001001000010000000100000001001000010000000100000001001000010000000100000001001000010000000100000001001000010000000 
4 0 0 2 0 0 0 0  10000000100000001000000010000000100000001000000010010000100000001001000010000000100000001001000010000000100000001001000010000000100000001000000010000000100000001001000010000000100000001001000010000000 
3 0 0 2 0 0 0 0  10010000100100001000000010000000100000001001000010010000100000001001000010000000100000001000000010000000100000001001000010000000100000001000000010000000100000001000000010010000100000001001000010000000 
2 0 0 2 0 2 0 0  10010000100100001001000010010000100101001001010010010000100100001001000010010000100100001001010010010100100100001001000010010000100101001001000010010000100100001001000010010000100100001001000010010100 
4 0 0 2 0 0 0 0  10000000100000001000000010000000100000001000000010000000100000001000000010000000100000001000000010000000100000001000000010000000100000001001000010000000100000001001000010000000100000001001000010000000 
4 0 0 2 0 0 0 0  10000000100100001001000010000000100000001001000010010000100000001001000010000000100000001000000010000000100000001001000010000000100000001000000010000000100000001001000010000000100000001001000010000000 
2 0 0 2 0 2 0 0  10010100100101001001010010010100100101001001010010010000100100001001000010010100100100001001010010010100100100001001000010010000100101001001000010010000100100001001000010010100100100001001000010010100 
4 0 0 2 0 0 0 0  10000000100100001001000010000000100000001001000010010000100000001001000010000000100000001000000010010000100000001001000010010000100000001001000010000000100000001001000010000000100000001001000010000000 
2 0 0 2 0 2 0 0  10010100100101001001000010010100100101001001010010010000100100001001010010010100100100001001010010010000100100001001000010010000100101001001000010010000100100001001000010010100100100001001000010010000 
4 0 0 2 0 0 0 0  10000000100000001000000010000000100000001000000010010000100000001000000010000000100000001001000010000000100000001000000010000000100000001000000010000000100000001001000010000000100000001001000010000000 
2 0 0 2 0 2 0 0  10010100100100001001010010010000100100001001000010010000100100001001000010010000100100001001000010010000100100001001000010010000100100001001000010010000100100001001000010010000100100001001000010010000 
4 0 0 2 0 0 0 0  10000000100000001001000010000000100000001000000010000000100000001000000010000000100000001001000010000000100000001000000010000000100000001000000010000000100000001001000010000000100000001000000010000000 
4 0 0 2 0 0 0 0  10000000100000001001000010000000100000001001000010010000100000001001000010000000100000001001000010010000100000001001000010010000100000001001000010000000100000001001000010000000100000001001000010000000 
3 0 0 2 0 2 0 0  10010101100101001001010010010100100101011001010010010100100101001001000010010100100100001001010010010000100100001001000010010100100101001001010010010100100101011001010010010000100100001001000010010100 
4 0 0 2 0 0 0 0  10000000100000001001000010000000100000001000000010010000100000001000000010000000100000001001000010000000100000001001000010000000100000001000000010000000100000001001000010000000100000001001000010000000 
4 0 0 2 0 0 0 0  10000000100000001001000010000000100000001001000010010000100000001001000010010000100000001001000010010000100000001001000010010000100000001001000010010000100000001001000010000000100000001001000010000000 
2 0 0 2 0 2 0 0  10010100100100001001010010010000100101001001010010010100100100001001010010010000100100001001010010010100100100001001000010010000100100001001000010010000100100001001000010010000100100001001000010010100 
2 0 0 2 0 2 0 0  10010100100100001001000010010100100101001001010010010100100100001001000010010100100100001001010010010100100100001001000010010000100101001001000010010000100100001001000010010100100100001001000010010000 
3 0 0 2 0 2 0 0  10010101100101001001010010010100100101011001010010010100100101001001010010011100100100001001010010010100100100101001000010010100100101001001010010010100100101011001010110010100100100001001010010011100 
4 0 0 2 0 0 0 0  10000000100000001001000010000000100000001001000010010000100000001001000010000000100000001001000010000000100000001001000010000000100000001001000010000000100000001001000010000000100000001001000010000000 
4 0 0 2 0 0 0 0  10000000100000001001000010000000100000001000000010000000100000001000000010000000100000001001000010000000100000001001000010000000100000001000000010000000100000001001000010000000100000001001000010000000 
3 0 0 2 0 0 0 0  10010000100100001000000010000000100100001001000010010000100000001001000010000000100000001000000010010000100000001001000010000000100000001001000010000000100000001001000010010000100000001001000010000000 
2 0 0 2 0 2 0 0  10010000100101001001010010010100100101001001010010010000100100001001010010010100100100001001010010010100100100001001000010010000100100001001000010010000100100001001000010010000100100001001000010010100 
4 0 0 2 0 0 0 0  10000000100100001001000010000000100000001000000010010000100000001001000010000000100000001000000010000000100000001001000010000000100000001000000010000000100000001001000010000000100000001000000010000000 
2 0 0 2 0 2 0 0  10010100100100001001010010010000100101001001010010010100100100001001000010010000100100001001010010010000100100001001000010010000100100001001000010010000100100001001000010010000100100001001000010010000 
3 0 0 0 0 0 0 0  10000000100000001000000010000000100000001000000010000000100000001000000010000000100000001000000010000000100000001001000010000000100000001000000010000000100000001000000010000000100000001000000010000000 
4 0 0 2 0 0 0 0  10000000100000001000000010000000100100001001000010010000100000001001000010000000100000001001000010010000100000001001000010010000100000001001000010000000100000001001000010010000100000001001000010000000 
3 0 0 2 0 0 0 0  10010000100000001001000010000000100000001000000010010000100000001001000010000000100000001000000010000000100000001000000010000000100000001000000010000000100000001001000010000000100000001000000010000000 
4 0 0 2 0 0 0 0  10000000100000001000000010000000100000001001000010010000100000001001000010010000100100001001000010010000100000001001000010010000100000001001000010000000100000001001000010000000100000001001000010000000 
2 0 0 2 0 2 0 0  10010100100101001001010010010100100101001001010010010100100101001001010010010100100100001001010010010100100100001001000010010000100101001001010010010000100100001001000010010100100100001001010010010000 
4 0 0 2 0 0 0 0  10000000100100001001000010000000100000001000000010010000100000001001000010000000100000001000000010000000100000001000000010000000100000001000000010000000100000001000000010000000100000001000000010000000 
2 0 0 2 0 2 0 0  10010100100100001001010010010000100101001001000010010000100100001001000010010000100100001001010010010000100100001001000010010000100100001001000010010000100100001001000010010000100100001001000010010000 
4 0 0 2 0 0 0 0  10000000100000001000000010000000100000001001000010000000100000001001000010000000100000001000000010010000100000001001000010010000100000001001000010000000100000001001000010000000100000001001000010000000 
