5 0 0 0 0 0 0 0  10000000100000001000000010000000100000001000000010000000100000001000000010000000100000001000000010000000100000001000000010000000100000001000000010000000100000001000000010000000100000001000000010000000 
3 0 0 0 2 0 0 0  10001000100010001000100010001000100010001000100010001000100010001000100010001000100010001000100010001000100010001000100010001000100010001000100010001000100010001000100010001000100010001000100010001000 
1 0 0 2 0 0 0 1  11111111111111111111111111111111111111111111111111111111111111111101111111111110111111111111111111111111111111111111111111111111111111111111111111111111111111111111111111111111111111111111111111111111 
2 0 0 0 2 2 0 0  10001101100011001000110010001100100011001000110010001000100010001000100010001100100011001000100010001000100010001000110010001000100011001000100010001000100011001000100010001100100011001000110010001100 
1 2 2 2 2 2 2 1  11111111111111111111111111111111111111001111111011111111111101111101111111111110111111101111111111111111111111111111110111111111111111011101011111111111111111011111110111111111111111111111010111111101 
1 2 2 2 2 2 2 1  11010101110111011101010111011100111101011101011101011101111101001111110111011111110111001111010110010100111111011111010111011110101111011101011011111111100101011111110111110111100101000111010111111101 
3 0 0 2 2 2 0 0  10001101100011001000110010001100100011001000110010001000100010001000100010001100100011001000110110001000100010001000110010001100100011001000110110001100100011001000100010001100100111001000110110001100 
2 0 0 0 2 2 0 0  10001100100011001000100010001100100010001000110010001000100010001000100010001000100010001000100010001000100010001000100010001000100011001000100010001000100010001000100010001000100010001000100010001000 
1 2 2 2 2 2 2 1  11111101111111011111110111011111111111011111011001111101111101111111111111111110111111001111011011011100111111111111110111111111111111111101011111111111110111111111110111110111110110100111011011111100 
2 0 0 2 2 1 0 0  10011100100111001000110010001100100011001000110010001000100010001000110010001000100010001000100010001000100010001000110010001000100011001001100010011000100011001000100010001100100011001000110010001100 
2 0 0 0 2 2 0 0  10001100100011001000100010001100100011001000110010001000100010001000100010001000100010001000100010001000100010001000100010001000100011001000100010001000100011001000100010001000100010001000110010001100 
4 2 1 2 2 2 0 1  10011101100111011001110010011100110011001000110110011010111111011100110010011100100111011011100110001100100011001000110110011100100111001100110010011001100101001101111110010100110111001001110111001100 
2 0 0 0 2 2 0 0  10001100100011001000110010001100100011001000110010001000100010001000100010001000100010001000100010001000100010001000110010001000100011001000110110001000100011001000100010001100100011001000110010001100 
3 0 0 0 2 0 0 0  10000000100010001000000010000000100000001000000010000000100000001000000010000000100000001000000010000000100000001000000010000000100000001000000010000000100000001000000010000000100000001000000010000000 
2 0 0 0 2 1 0 0  10001000100010001000110010001000100010001000100010001000100010001000100010001000100010001000100010001000100010001000100010001000100010001000100010001000100010001000100010001000100010001000100010001000 
3 0 0 0 2 0 0 0  10000000100010001000100010000000100000001000000010000000100000001000000010000000100000001000000010000000100000001000000010000000100000001000000010000000100000001000000010000000100000001000000010000000 
2 0 0 0 2 2 0 0  10001000100010001000100010001100100011001000110010001000100010001000110010001100100010001000100010001000100010001000100010001000100011001000100010001000100010001000100010001000100010001000100010001100 
2 0 0 0 2 2 0 0  10001100100010001000110010001000100010001000100010001000100010001000100010001000100010001000100010001000100010001000100010001000100010001000100010001000100010001000100010001000100010001000100010001000 
2 0 0 0 2 2 0 0  10001100100011001000110010001100100010001000100010001000100010001000100010001000100010001000100010001000100010001000100010001000100010001000100010001000100010001000100010001000100010001000100010001000 
3 0 0 0 2 0 0 0  10001000100000001000000010000000100000001000000010000000100000001000000010000000100000001000000010000000100000001000000010000000100000001000000010000000100000001000000010000000100000001000000010000000 
2 0 0 0 2 1 0 0  10001000100011001000100010001000100010001000100010001000100010001000100010001000100010001000100010001000100010001000100010001000100010001000100010001000100010001000100010001000100010001000100010001000 
2 0 0 0 2 1 0 0  10001100100010001000100010001000100010001000100010001000100010001000100010001000100010001000100010001000100010001000100010001000100010001000100010001000100010001000100010001000100010001000100010001000 
2 0 0 0 2 2 0 0  10001000100011001000110010001100100011001000110010001000100010001000100010001000100011001000100010001000100010001000110010001000100011001000100010001000100011001000100010001100100011001000100010001100 
3 0 0 0 2 0 0 0  10000000100010001000000010001000100010001000100010001000100000001000100010000000100000001000000010000000100000001000000010001000100000001000000010000000100000001000000010001000100000001000100010000000 
2 0 0 0 2 2 0 0  10001000100010001000110010001000100011001000110010001000100010001000100010001000100010001000100010001000100010001000110010001000100010001000100010001000100010001000100010001000100010001000100010001100 
5 0 0 0 0 0 0 0  10000000100000001001000010000000100000001000000010000000100000001000000010000000100000001000000010000000100000001000000010000000100000001000000010000000100000001000000010000000100000001000000010000000 
1 2 1 2 2 2 2 1  10011101100111011101110111011100111101011111111111011110111101011111111110011111110111001111111110010101100111011111010110011100111111011101111011111111100101001111110111110100100101001001010110111101 
3 0 0 0 2 0 0 0  10001000100010001000100010000000100010001000100010001000100000001000100010001000100000001000000010000000100000001000000010000000100000001000100010001000100010001000000010001000100000001000100010000000 
2 0 0 0 2 2 0 0  10001000100010001000110010001100100011001000110010001000100010001000100010001000100010001000100010001000100010001000110010001000100011001000100010001000100011001000100010001000100010001000110010001100 
1 2 2 2 2 2 2 1  11111101111111011101110111011100111101011111011101011101111101001111110111011111110111001111010110010100111111011111010111111100111111011101011011111111110101011111110111110111110111001111010011111101 
2 0 0 0 2 2 0 0  10001100100010001000110010001100100011001000110010001000100010001000100010001000100010001000100010001000100010001000110010001000100011001000100010001000100011001000100010001100100010001000110010001100 
2 0 0 0 2 2 0 0  10001000100011001000110010001000100010001000100010001000100010001000100010001000100010001000100010001000100010001000100010001000100010001000100010001000100010001000100010001000100010001000100010001000 
4 0 0 0 2 0 0 0  10000000100000001000100010001000100000001000100010001000100000001000100010000000100010001000000010001000100000001000000010000000100000001000100010000000100000001000100010000000100000001000100010000000 
4 0 0 0 2 0 0 0  10000000100010001000100010000000100010001000100010001000100000001000100010000000100010001000000010001000100000001000000010001000100000001000100010000000100000001000000010001000100000001000100010000000 
3 0 0 0 2 0 0 0  10001000100000001000100010000000100000001000000010001000100000001000000010000000100000001000000010000000100000001000000010000000100000001000000010000000100000001000100010000000100000001000000010000000 
2 0 0 2 2 2 0 0  10011101100111011001110010001100100011001000110010011000110010001100100010001100100011001011100010001100100011001000110110001100100011001001100010011001100111001001110110001100100011001000110110001100 
1 2 2 2 2 2 2 1  11111101110111011101110111111100111101011111011001011101111101001111110111011111110111001111010110010100111111011111010111011100111111011101011011011111100101011111110111110111100101001111010011011101 
1 2 1 2 2 2 2 1  11111101111111111111111111111111111111011111111011111101111101111111111111111111111111001111011111111101111111111111110111111111111111111111111111111111111111111111110111111111111111111111011111111101 
5 0 0 0 2 0 0 0  10000000100000001000000010001000100000001000100010001000100000001000100010000000100010001000100010001000100000001000100010000000100000001000000010000000100010001000100010000000100000001000100010000000 
2 0 0 0 2 2 0 0  10001000100011001000100010001000100010001000110010001000100010001000100010001100100010001000110010001000100010001000100010001000100011001000100010001000100010001000100010001000100010001000110010001100 
5 0 0 0 2 0 0 0  10000000100000001000000010000000100000001000100010001000100000001000100010001000100010001000100010001000100000001000000010000000100000001000000010000000100000001000100010000000100000001000100010000000 
3 0 0 0 2 0 0 0  10000000100010001000100010001000100010001000100010001000100000001000100010000000100010001000000010001000100000001000000010001000100010001000100010000000100000001000100010000000100000001000100010000000 
5 0 0 0 2 0 0 0  10000000100000001000100010001000100010001000100010001000100000001000100010000000100010001000000010001000100000001000100010001000100010001000000010000000100000001000100010000000100000001000100010001000 
3 0 0 0 2 0 0 0  10001000100000001000000010001000100010001000000010000000100000001000100010000000100000001000100010001000100000001000000010000000100000001000100010000000100000001000100010000000100000001000100010000000 
3 0 0 0 2 0 0 0  10001000100000001000100010001000100010001000100010001000100000001000100010000000100010001000100010001000100000001000100010000000100000001000000010000000100000001000100010000000100000001000100010000000 
2 0 0 2 2 2 0 0  10011101100111011001110010001100100011001000110010011000100010001000100010001100100011001010110010001100100010001000110010001000100011001001100010011000100011001001110110001100100011001000110110001100 
3 0 0 0 2 0 0 0  10001000100000001000100010001000100010001000000010000000100000001000100010000000100000001000100010001000100000001000000010000000100000001000100010000000100000001000100010000000100000001000000010000000 
5 0 0 0 2 0 0 0  10000000100000001000100010000000100000001000000010000000100000001000100010000000100000001000000010000000100000001000000010000000100000001000000010000000100000001000000010000000100000001000100010000000 
2 0 0 0 2 2 0 0  10001000100011001000110010001100100011001000100010001000100010001000100010001000100010001000100010001000100010001000100010001000100011001000100010001000100010001000100010001000100010001000100010001100 
3 0 0 0 2 0 0 0  10001000100000001000000010000000100000001000000010001000100000001000100010000000100010001000000010001000100000001000000010000000100000001000000010000000100000001000000010000000100000001000100010000000 
3 0 0 0 2 0 0 0  10001000100010001000100010001000100000001000000010000000100000001000100010000000100000001000000010001000100000001000000010000000100000001000100010000000100000001000000010000000100000001000000010000000 
4 2 1 2 2 2 2 0  10011101100111011001110110011100101111011001110110011110111111011101110010011110100101011111101110011000100011001000110110011100101111001100110010011011100101101101111110010100110111001001110110011100 
4 0 0 0 2 0 0 0  10000000100000001000100010001000100000001000000010001000100000001000100010000000100000001000000010000000100000001000000010000000100000001000000010000000100000001000100010000000100000001000100010000000 
3 0 0 0 2 0 0 0  10001000100010001000000010000000100000001000100010001000100000001000100010000000100000001000000010000000100000001000100010000000100000001000000010000000100000001000000010000000100000001000000010000000 
2 0 0 0 2 2 0 0  10001100100010001000100010001100100010001000110010001000100010001000100010001000100010001000100010001000100010001000100010001000100010001000100010001000100010001000100010001000100010001000100010001000 
2 0 0 0 2 2 0 0  10001100100010001000110010001000100011001000110010001000100010001000100010001000100010001000100010001000100010001000100010001000100010001000100010001000100010001000100010001000100010001000100010001000 
3 0 0 0 2 0 0 0  10001000100010001000000010000000100010001000100010001000100000001000100010000000100010001000100010000000100000001000000010000000100000001000100010000000100000001000100010000000100000001000000010000000 
2 2 1 2 2 2 0 0  10011101100111011001110010011100100011001000110010011010100010011100110010001100100011001001100010001000100011001000110010001100100011001100100010011001100111001001111110011100100111001001110011011100 
4 0 0 0 2 0 0 0  10000000100010001000100010000000100010001000000010001000100000001000100010000000100000001000000010000000100000001000000010000000100000001000100010000000100000001000100010000000100000001000100010000000 
4 0 0 0 2 0 0 0  10000000100010001000000010000000100000001000100010001000100000001000100010000000100000001000000010000000100000001000000010000000100000001000100010000000100000001000100010000000100000001000000010000000 
5 0 0 0 0 0 0 0  10000000100000001000000010000000100000001000000010000000100000001000000010000000100000001000000010000000100000001000000010000000100000001000000010000000100000001000000010001000100000001000000010000000 
3 0 0 0 2 0 0 0  10001000100010001000100010000000100010001000100010000000100010001000100010001000100010001000000010001000100010001000100010000000100010001000100010001000100010001000100010001000100000001000100010001000 
3 0 0 0 2 0 0 0  10000000100010001000000010000000100000001000000010000000100000001000100010000000100000001000000010000000100000001000000010000000100000001000000010000000100000001000100010000000100000001000100010000000 
4 0 0 0 2 0 0 0  10000000100010001000100010000000100000001000000010001000100000001000100010000000100000001000000010001000100000001000100010000000100000001000000010000000100000001000100010000000100000001000000010000000 
2 0 0 0 2 2 0 0  10001100100010001000100010001000100011001000110010001000100010001000110010001100100010001000100010001000100010001000110010001000100011001000100010001000100010001000100010001000100010001000110010001100 
2 0 0 0 2 2 0 0  10001000100011001000110010001100100011001000100010001000100010001000100010001000100011001000100010001000100010001000110010001000100011001000100010001000100010001000100010001100100010001000110010001100 
5 0 0 0 2 0 0 0  10000000100000001000100010001000100000001000100010001000100000001000100010000000100010001000100010001000100000001000100010000000100000001000000010000000100010001000100010000000100000001000100010000000 
2 0 0 0 2 2 0 0  10001100100010001000110010001000100011001000100010001000100010001000100010001100100010001000110010001000100010001000110010001000100011001000100010001000100010001000100010001000100010001000110010001100 
5 0 0 0 2 0 0 0  10000000100000001000000010000000100000001000000010000000100000001000100010000000100000001000000010000000100000001000000010000000100000001000000010000000100000001000100010000000100000001000100010000000 
3 0 0 0 2 0 0 0  10001000100000001000000010001000100010001000100010001000100000001000100010000000100010001000100010001000100000001000000010000000100000001000000010000000100010001000100010000000100000001000000010000000 
2 0 0 0 2 2 0 0  10001000100011001000110010001000100011001000100010001000100010001000100010001000100010001000100010001000100010001000100010001000100010001000100010001000100010001000100010001000100010001000100010001000 
5 0 0 0 2 0 0 0  10000000100000001000100010000000100000001000000010001000100000001000100010000000100000001000000010000000100000001000100010000000100000001000000010000000100000001000000010000000100000001000100010000000 
2 0 0 0 2 1 0 0  10001000100010001000110010001000100010001000110010001000100010001000100010001000100010001000100010001000100010001000100010001000100010001000100010001000100010001000100010001000100010001000110010001000 
3 0 0 0 2 0 0 0  10001000100010001000000010000000100000001000000010000000100000001000000010000000100000001000000010000000100000001000000010000000100000001000000010000000100000001000000010000000100000001000000010000000 
2 0 0 0 2 2 0 0  10001100100011001000110010001100100011001000110010001000100010001000100010001000100010001000100010001000100010001000110010001000100011001000100010001000100011001000100010001000100011001000110010001100 
5 0 0 0 2 0 0 0  10000000100000001000100010000000100010001000100010001000100000001000100010000000100000001000000010000000100000001000000010000000100000001000000010000000100000001000100010000000100000001000100010000000 
2 0 0 0 2 1 0 0  10001000100010001000100010001000100010001000110010001000100010001000100010001000100010001000100010001000100010001000110010001000100010001000100010001000100011001000100010001100100010001000110010001100 
3 0 0 2 2 2 0 0  10011101100111001000110010001100100011001000110010001000100010001000100010001100100011001000100010001000100010001000110010001100100011001000110010001000100011001000100010001100100111001000110110001100 
2 0 0 0 2 1 0 0  10001000100010001000100010001000100010001000110010001000100010001000100010001000100010001000100010001000100010001000100010001000100010001000100010001000100011001000100010001000100010001000110010001100 
2 0 0 0 2 1 0 0  10001000100010001000100010001000100010001000110010001000100010001000100010001000100010001000100010001000100010001000100010001000100010001000100010001000100010001000100010001000100010001000100010001000 
5 0 0 0 2 0 0 0  10000000100000001000000010001000100010001000100010001000100000001000100010000000100010001000100010001000100000001000100010000000100000001000000010000000100010001000100010000000100000001000100010000000 
2 0 0 0 2 1 0 0  10001000100011001000100010001000100010001000100010001000100010001000100010001000100010001000100010001000100010001000100010001000100010001000100010001000100010001000100010001100100010001000110010001100 
1 2 1 2 2 2 2 0  11111101111111011111111111111111111111111111011011111101111101111111111111111111111111001111011110111101111111111111110011111111111111111111111111111111111111111111110111111111110111101111111111111111 
2 0 0 0 2 2 0 0  10001100100010001000100010001100100011001000110010001000100010001000100010001000100010001000100010001000100010001000100010001000100011001000100010001000100011001000100010001000100010001000100010001000 
5 0 0 0 2 0 0 0  10000000100000001000000010000000100000001000100010001000100000001000100010000000100010001000000010001000100000001000000010000000100000001000000010000000100000001000000010001000100000001000100010000000 
2 0 0 0 2 2 0 0  10001100100011001000110010001100100010001000110010001000100010001000100010001100100011001000100010001000100010001000110010001000100010001000100010001000100011001000100010001000100010001000100010001100 
3 0 0 0 2 0 0 0  10001000100010001000100010000000100000001000000010000000100000001000000010000000100000001000000010000000100000001000000010000000100000001000000010000000100000001000000010000000100000001000000010000000 
5 0 0 0 2 0 0 0  10000000100000001000000010000000100000001000000010001000100000001000100010000000100000001000000010000000100000001000000010000000100000001000000010000000100000001000100010000000100000001000100010000000 
4 2 2 2 2 2 2 1  10011101100101011001110111011100111111011101111111011110111111011111110110011110111111011111101110010100100111011110110111011100111111001100111010111011100101011101110111010100100101011011010111111101 
2 0 0 0 2 2 0 0  10001100100011001000110010001100100010001000100010001000100010001000100010001000100010001000100010001000100010001000110010001000100011001000100010001000100010001000100010001000100010001000100010001100 
5 0 0 0 2 0 0 0  10000000100000001000000010000000100000001000100010000000100000001000100010000000100010001000000010001000100000001000000010000000100000001000000010000000100000001000000010001000100000001000100010000000 
3 0 0 0 2 0 0 0  10000000100010001000100010000000100000001000000010001000100000001000000010000000100000001000000010000000100000001000100010000000100000001000000010000000100000001000000010000000100000001000000010000000 
2 0 0 2 2 2 0 0  10011101100111001000110010001100100011001000110010011000100010001000100010001100100011001000100010001000100010001000110010001000100011001001100010011000100011001000100010001100100011001000110010001100 
2 0 0 2 2 2 0 0  10011101100111011001110010001100100011001000110010011000100010001100100010001100100010001001100010001000100010001000110010001100100011001001100010011000100011001000110110001100100011001000110010001100 
1 2 2 2 2 2 2 1  11110101110111011101010111011100111111011101011101011101111101001111110111011111110111001111010110010100111111001111010111011100111111011101011011111111100101011111110111110111100101000111010011111101 
3 0 0 0 2 0 0 0  10001000100000001000000010000000100000001000100010000000100000001000000010000000100000001000000010000000100000001000000010000000100000001000000010000000100000001000000010000000100000001000000010000000 
3 0 0 0 2 0 0 0  10000000100010001000000010000000100010001000100010000000100000001000100010000000100000001000000010000000100000001000000010001000100000001000000010000000100000001000000010001000100000001000100010000000 
1 2 2 2 2 2 2 1  11110101110111011101110111111100111101011111011001011101111101001111110111111111110111001111010110010100110111011111010111011100111111011101011011111111100101011111110111110111100101000111010011011101 
3 0 0 0 2 0 0 0  10001000100000001000100010000000100000001000000010001000100000001000100010000000100010001000000010001000100000001000000010000000100000001000100010000000100000001000000010000000100000001000000010000000 
2 0 0 0 2 2 0 0  10001000100011001000100010001100100011001000110010001000100010001000100010001000100011001000100010001000100010001000100010001000100011001000100010001000100011001000100010001000100010001000110010001100 
