5 0 0 0 0 0 0 0  10000000100000001000000010000000100000001000000010000000100000001000000010000000100000001000000010000000100000001000000010000000100000001000000010000000100000001000000010000000100000001000000010000000 
2 0 0 2 0 0 0 0  10010000100100001001000010010000100100001001000010010000100100001001000010010000100100001001000010010000100000001000000010010000100100001001000010010000100100001001000010010000100100001001000010010000 
2 2 2 1 2 2 2 2  11111111111111111111111111111111111111111111111011111111111111111111111111111111111111011011101011111111111111111111111011111101111111011111111111111111111111111101110111111111111111011011111111111111 
0 0 0 0 0 0 0 0  11111111111111111111111111111111111111111111111111111111111111111111111111111111111111111111111011111111111111111111111111111111111111111111111111111111111111111111111111111111111111111111111111111111 
2 2 0 2 0 2 0 1  11010101110101011001010111010100111101011001010011010101111111001001010011010100100101011001010010010100110100001001110010010100100101001001010010010100110100001001010010010100110101001101110010010100 
2 2 2 1 2 2 0 1  11111101111111011111110111011101111111011111110111111101111101001111010011010101111111111101010011011100111111001101110111110101110111001111110111010101111111001001010111111101111101001111110111011100 
2 0 0 2 0 2 0 0  10010101100101001001010010010100100101001001010010010100100101001001010010010100100101001001010010010100100100001001110010010100100101001001010010010100100100001001000010010100100100001001000010010100 
2 2 2 2 2 2 0 1  11010101111111011101110111010101111111011111010011010101111111001011010110010101110111011101010011011100111111001001110111110100110101011111110010010100111111001001010010010100111101001101110111010100 
2 2 2 2 2 2 0 1  11011101111111011101110111011101111111011111010011010101111101001111010010010101110111011101010011010100111111001001110111110100110101011111110110010100111111001001010010010100111101001101110111010100 
4 0 0 2 0 0 0 0  10010000100000001000000010000000100000001000000010000000100000001000000010000000100000001000000010000000100000001000000010000000100000001000000010000000100000001000000010000000100000001001000010000000 
2 0 0 2 0 2 0 0  10010100100101001001010010010100100101001001010010010100100101001001010010010100100101001001010010010100100100001001010010010000100101001001010010010100100100001001000010010100100101001001000010010100 
2 2 0 2 2 2 0 1  10010101100101011001110111011100111111011001110010010101110111001011010010010100100101011101010010010100100100001001110010010100100101001001010010010100100011001001010010010100101101001101110010010100 
2 0 0 2 0 2 0 0  10010000100100001001010010010000100100001001000010010000100100001001000010010000100100001001010010010000100100001001000010010000100100001001000010010000100100001001000010010000100100001001000010010000 
4 0 0 2 0 0 0 0  10000000100100001001000010000000100000001000000010000000100000001000000010000000100000001000000010000000100000001000000010000000100000001000000010000000100000001000000010000000100000001000000010000000 
2 0 0 2 0 0 0 0  10010000100100001001000010000000100100001000000010010000100000001001000010000000100100001000000010000000100000001000000010000000100000001001000010000000100000001000000010000000100000001001000010000000 
2 0 0 2 0 2 0 0  10010000100100001001010010010100100101001001000010010000100100001001000010010000100100001001010010010000100100001001000010010000100100001001000010010000100100001001000010010100100100001001000010010000 
2 2 0 2 1 2 0 1  11010101110101011111010111010101111111011011110111010101111111001011010110010100100101011001010010010100110111001001110110010101100101001111010010010100110111001001010010010100111101001101110110010100 
2 0 0 2 0 0 0 0  10010000100100001001000010000000100000001000000010000000100000001000000010000000100000001000000010000000100000001000000010000000100000001001000010000000100000001000000010000000100000001000000010000000 
2 2 0 2 2 2 0 1  10011101100101011001110111011100111111011001110010010101110111001011110010010100100101011101010010011100100100001001110010010100100101001001010010010100100011001001010010010100101101001101110010010100 
2 2 2 2 2 2 0 1  11111101110111011111110111011101111111011111110111110101111101001111010011010101111111111101010011010100111111001001110111110101110101001111010110010101111111001001010111111101111101001111110111010100 
2 0 0 2 0 0 0 0  10010000100100001001000010010000100100001001000010010000100100001001000010010000100101001001010010010000100100001001000010010000100100001001000010010000100100001001000010010000100100001001000010010000 
4 0 0 2 0 0 0 0  10010000100000001001000010000000100000001000000010000000100000001000000010000000100000001000000010000000100000001000000010000000100000001000000010000000100000001000000010000000100000001000000010000000 
4 0 0 2 0 0 0 0  10000000100000001001000010000000100000001000000010000000100000001000000010000000100000001000000010000000100000001000000010000000100000001000000010000000100000001000000010000000100000001000000010000000 
2 2 2 1 2 2 2 1  11111101111111011111110111111101111111111111111011111110111111111111011011111101111011111111011011011111111111011111101111110111111111010111110111111101111111011101010011111111111101001111111111111111 
2 0 0 2 0 2 0 0  10010100100100001001010010010100100101001001010010010100100100001001000010010100100100001001000010010000100100001001000010010000100100001001000010010000100100001001000010010100100100001001000010010100 
4 0 0 2 0 0 0 0  10000000100000001001000010000000100000001000000010000000100000001000000010000000100100001000000010000000100000001001000010000000100000001000000010000000100000001000000010000000100000001001000010000000 
2 0 0 2 0 2 0 0  10010100100100001001000010010000100100001001000010010000100100001001000010010000100100001001010010010000100100001001000010010000100100001001000010010000100100001001000010010000100100001001000010010000 
2 0 0 2 0 2 0 0  10010000100101001001010010010000100101001001010010010100100100001001000010010100100100001001010010010000100100001001000010010000100101001001000010010000100100001001000010010100100100001001000010010100 
4 0 0 2 0 0 0 0  10010000100000001001000010010000100100001000000010000000100100001001000010000000100100001001000010010000100000001000000010000000100100001001000010010000100100001001000010010000100100001001000010010000 
2 0 0 2 0 2 0 0  10010100100101001001000010010000100100001001000010010000100100001001000010010000100100001001010010010000100100001001000010010000100100001001000010010000100100001001000010010100100100001001000010010000 
4 0 0 2 0 0 0 0  10010000100000001000000010010000100100001000000010010000100100001001000010000000100000001000000010000000100000001000000010000000100000001000000010000000100000001000000010000000100000001001000010000000 
2 0 0 2 0 2 0 0  10010101100101001001010110010100100101001001010010011100100101001001010010010100100101001001010010010100100100001001110010010100100101001001010010010100100110001001000010010100100111001001100010010100 
2 0 0 2 0 2 0 0  10010100100101001001010010010100100101001001010010010100100100001001000010010100100100001001000010010000100100001001000010010000100100001001000010010000100100001001000010010100100100001001000010010100 
2 2 0 2 1 2 0 1  11010101110101011001010111011101111101011101110111010101111111001001010010010100100101011101010010010100111111001001110011010101110101011111010110010100110110001001010010010100111101001101110111010100 
4 0 0 2 0 0 0 0  10000000100100001000000010000000100000001000000010000000100000001000000010000000100000001000000010000000100000001000000010000000100000001000000010000000100000001000000010000000100000001000000010000000 
2 0 0 2 0 2 0 0  10010000100101001001010010010100100101001001010010010100100101001001000010010100100101001001010010010100100100001001010010010000100100001001010010010000100100001001000010010100100101001001000010010000 
2 0 0 2 0 2 0 0  10010100100100001001010010010000100101001001010010010100100100001001000010010000100100001001010010010000100100001001000010010000100100001001000010010000100100001001000010010000100100001001000010010000 
2 0 0 2 0 2 0 0  10010000100101001001010010010000100101001001010010010100100100001001000010010000100100001001010010010000100100001001000010010000100100001001000010010000100100001001000010010000100100001001000010010100 
4 0 0 2 0 0 0 0  10000000100000001001000010000000100000001000000010000000100000001001000010010000100100001001000010000000100000001000000010000000100000001000000010000000100000001000000010000000100000001001000010000000 
2 0 0 2 0 2 0 0  10010000100100001001010010010100100101001001010010010000100100001001000010010000100100001001010010010000100100001001010010010000100100001001000010010000100100001001000010010100100100001001000010010100 
2 0 0 2 0 2 0 0  10010101100101011001010110011100110111011001010010010100100101001001010010010100100101011001010010010100100100001001110010010100100101001001010010010100100110001001010010010100100101001101000010010100 
2 0 0 2 0 2 0 0  10010000100100001001000010010100100101001001010010010000100100001001000010010100100101001001010010010100100100001001010010010000100100001001010010010000100100001001000010010100100100001001000010010100 
4 0 0 2 0 0 0 0  10010000100000001001000010010000100100001000000010000000100000001001000010000000100100001001000010010000100000001000000010000000100000001001000010010000100100001001000010000000100000001001000010000000 
2 0 0 2 0 2 0 0  10010000100100001001000010010000100101001001010010010100100100001001000010010100100100001001010010010000100100001001000010010000100100001001000010010000100100001001000010010100100100001001000010010100 
2 0 0 2 0 2 0 0  10010100100101001001010010010000100100001001000010010000100100001001000010010100100100001001010010010000100100001001000010010000100100001001000010010000100100001001000010010000100100001001000010010000 
2 0 0 2 0 2 0 0  10010100100101001001010010010100100101001001010010010100100100001001000010010100100101001001010010010000100100001001000010010000100101001001000010010100100100001001000010010100100101001001000010010100 
2 0 0 2 0 2 0 0  10010000100101001001000010010100100100001001010010010000100100001001000010010000100100001001010010010000100100001001000010010000100100001001000010010000100100001001000010010000100100001001000010010100 
2 2 2 1 2 2 2 2  11111101111111111111111111111111111111111111111011111111111111111111111111111111111111101011101011111111111111111111111111111101111111011111111111111111111111111101110111111111111111001111111111111110 
2 0 0 2 0 2 0 0  10010100100101001001000010010100100101001001010010010100100100001001000010010100100101001001010010010000100100001001010010010000100100001001010010010000100100001001000010010100100100001001000010010100 
4 0 0 2 0 0 0 0  10000000100000001001000010000000100000001000000010010000100000001001000010000000100100001000000010010000100000001000000010000000100000001001000010000000100100001000000010000000100000001001000010000000 
2 0 0 2 0 2 0 0  10010000100101001001000010010000100100001001000010010000100100001001000010010000100100001001010010010000100100001001000010010000100100001001000010010000100100001001000010010100100100001001000010010000 
2 0 0 2 0 2 0 0  10010100100100001001010010010000100100001001000010010000100100001001000010010100100100001001010010010000100100001001000010010000100100001001000010010000100100001001000010010000100100001001000010010000 
2 0 0 2 0 2 0 0  10010000100101001001000010010100100101001001010010010100100100001001000010010000100100001001010010010000100100001001000010010000100100001001000010010000100100001001000010010000100100001001000010010100 
2 0 0 2 0 2 0 0  10010100100101001001010010010100100101001001000010010100100100001001000010010000100100001001010010010000100100001001000010010000100100001001000010010000100100001001000010010000100100001001000010010000 
2 0 0 2 0 2 0 0  10010100100101001001010110010100100101001001010010010100100101001001010010010100100101001001010010010100100100001001110010010100100101001001010010010100100100001001000010010100100101001001000010010100 
4 0 0 2 0 0 0 0  10000000100000001001000010000000100100001000000010010000100000001001000010000000100100001000000010000000100000001001000010000000100000001001000010000000100100001001000010010000100000001001000010000000 
2 2 2 1 2 2 2 1  11111101111111111111110111111101111111111111111011111110111111111111011111111101110111011111101011011111111111011111110111110101111111011111110111111101111111011101110111111111111101011111111111111101 
4 0 0 2 0 0 0 0  10000000100100001001000010010000100000001001000010010000100100001001000010000000100100001000000010010000100000001000000010000000100000001000000010010000100100001001000010000000100100001001000010010000 
4 0 0 2 0 0 0 0  10000000100000001001000010010000100000001001000010010000100100001001000010000000100100001001000010000000100000001000000010000000100000001001000010000000100100001001000010010000100000001001000010000000 
2 0 0 2 0 2 0 0  10010000100101001001010010010000100100001001010010010000100100001001000010010000100100001001010010010000100100001001000010010000100100001001000010010000100100001001000010010000100100001001000010010100 
5 0 0 2 0 0 0 0  10000000100000001000000010000000100000001000000010010000100000001001000010000000100100001000000010000000100000001001000010000000100000001000000010000000100000001000000010010000100000001001000010000000 
2 0 0 2 0 2 0 0  10010000100100001001000010010000100100001001010010010100100100001001010010010000100100001001010010010000100100001001000010010000100100001001000010010000100100001001000010010000100100001001000010010100 
2 0 0 2 0 2 0 0  10010100100101001001000010010100100101001001010010010100100100001001000010010000100100001001010010010000100100001001000010010000100100001001000010010000100100001001000010010000100100001001000010010100 
5 0 0 2 0 0 0 0  10000000100000001000000010000000100000001000000010000000100000001001000010000000100000001000000010000000100000001001000010000000100000001000000010000000100000001000000010010000100000001001000010000000 
4 0 0 2 0 0 0 0  10010000100000001000000010000000100000001000000010010000100000001001000010000000100000001000000010000000100000001000000010000000100000001000000010000000100000001000000010000000100000001001000010000000 
2 0 0 2 0 2 0 0  10010000100101001001000010010100100101001001010010010000100100001001000010010100100101001001010010010100100100001001010010010000100100001001000010010000100100001001000010010100100101001001000010010000 
4 0 0 2 0 0 0 0  10010000100000001001000010010000100000001000000010010000100000001001000010000000100000001000000010000000100000001000000010000000100000001000000010000000100000001000000010000000100000001000000010000000 
2 2 0 2 0 2 0 1  10010101100101011001010010010100111101011001010010010100110100001001010011010100100101001001010010010100100100001001110010010100100101001001010010010100110100001001010010010100110101001101010010010100 
2 0 0 2 0 0 0 0  10010000100100001001000010010000100100001001000010010000100100001001000010010000100101001001000010010000100100001001000010000000100100001001000010010000100100001001000010010000100100001001000010010000 
4 0 0 2 0 0 0 0  10000000100100001001000010000000100100001001000010010000100000001001000010000000100000001000000010000000100100001001000010000000100000001000000010000000100100001000000010000000100000001001000010010000 
4 0 0 2 0 0 0 0  10010000100000001001000010010000100100001000000010000000100000001001000010000000100100001001000010000000100000001000000010000000100000001000000010000000100000001001000010010000100000001000000010000000 
4 0 0 2 0 0 0 0  10010000100000001000000010010000100100001000000010010000100000001001000010000000100100001001000010000000100000001001000010000000100000001000000010000000100000001001000010010000100000001001000010000000 
4 0 0 2 0 0 0 0  10000000100000001001000010010000100000001000000010010000100000001001000010000000100000001000000010010000100100001000000010000000100000001001000010000000100000001001000010000000100000001001000010000000 
4 0 0 2 0 0 0 0  10000000100100001001000010010000100000001000000010010000100000001000000010000000100000001000000010000000100000001000000010000000100000001000000010000000100000001000000010000000100000001000000010000000 
4 0 0 2 0 0 0 0  10000000100100001000000010010000100000001000000010010000100000001001000010000000100000001000000010000000100100001000000010000000100000001000000010000000100000001001000010000000100000001001000010000000 
2 0 0 2 0 2 0 0  10010100100100001001000010010100100101001001010010010100100100001001000010010100100100001001010010010000100100001001000010010000100100001001000010010000100100001001000010010100100100001001000010010100 
4 0 0 2 0 0 0 0  10000000100000001001000010010000100100001000000010010000100100001001000010010000100100001001000010010000100000001000000010000000100000001001000010010000100100001000000010010000100000001001000010010000 
2 0 0 2 0 2 0 0  10010000100100001001010010010100100101001001010010010000100100001001000010010100100100001001010010010100100100001001010010010000100101001001000010010000100100001001000010010100100100001001000010010100 
4 0 0 2 0 0 0 0  10010000100100001000000010000000100000001000000010010000100000001001000010000000100000001000000010000000100100001000000010000000100000001000000010000000100000001000000010000000100000001001000010000000 
4 0 0 2 0 0 0 0  10000000100100001000000010000000100000001000000010010000100000001000000010000000100000001000000010000000100000001000000010000000100000001000000010000000100000001001000010000000100000001000000010000000 
4 0 0 2 0 0 0 0  10000000100000001000000010000000100000001000000010010000100000001001000010000000100100001001000010000000100000001001000010000000100000001001000010000000100000001000000010010000100000001001000010000000 
4 0 0 2 0 0 0 0  10000000100100001001000010010000100000001000000010010000100000001001000010000000100100001001000010000000100000001000000010000000100000001000000010010000100000001000000010000000100000001001000010000000 
4 0 0 2 0 0 0 0  10000000100100001000000010000000100000001000000010010000100000001001000010000000100000001000000010000000100000001000000010000000100000001000000010000000100000001000000010010000100000001001000010000000 
4 0 0 2 0 0 0 0  10000000100100001001000010010000100000001000000010000000100000001001000010000000100100001001000010000000100000001000000010000000100000001001000010000000100000001000000010000000100000001000000010000000 
2 0 0 2 0 2 0 0  10010100100101001001000010010100100100001001010010010000100100001001000010010000100100001001010010010000100100001001000010010000100100001001000010010000100100001001000010010100100100001001000010010000 
5 0 0 0 0 0 0 0  10000000100000001000000010000000100000001000000010000000100000001000000010000000100100001000000010000000100000001000000010000000100000001000000010000000100000001000000010000000100000001000000010000000 
4 0 0 2 0 0 0 0  10000000100100001001000010010000100100001001000010010000100100001001000010000000100100001001000010000000100100001001000010010000100000001000000010000000100100001000000010000000100100001001000010010000 
2 0 0 2 0 2 0 0  10010100100100001001000010010100100101001001010010010100100101001001000010010100100100001001010010010000100100001001000010010000100101001001000010010000100100001001000010010100100101001001000010010100 
2 0 0 2 0 2 0 0  10010100100100001001000010010000100100001001010010010100100100001001000010010100100100001001010010010000100100001001000010010000100100001001000010010000100100001001000010010000100100001001000010010000 
4 0 0 2 0 0 0 0  10000000100100001000000010010000100000001000000010010000100000001001000010000000100100001000000010000000100000001001000010000000100000001001000010010000100100001001000010010000100000001001000010000000 
4 0 0 2 0 0 0 0  10000000100100001000000010010000100000001000000010010000100000001001000010000000100100001000000010000000100100001001000010000000100000001000000010000000100000001001000010010000100000001001000010000000 
2 0 0 2 0 0 0 0  10010000100100001001000010010000100100001001010010010000100100001001000010010000100101001001010010010000100100001001000010010000100100001001000010010000100100001001000010010000100100001001000010010000 
4 0 0 2 0 0 0 0  10000000100000001000000010010000100000001001000010010000100000001001000010000000100100001000000010010000100000001001000010000000100000001000000010000000100000001001000010000000100000001001000010010000 
2 0 0 2 0 2 0 0  10010000100101001001010010010000100100001001000010010000100100001001000010010000100100001001010010010000100100001001000010010000100100001001000010010000100100001001000010010000100100001001000010010000 
2 0 0 2 0 2 0 0  10010100100100001001000010010000100101001001010010010100100100001001000010010100100100001001010010010000100100001001000010010000100100001001000010010000100100001001000010010000100100001001000010010000 
5 0 0 2 0 0 0 0  10000000100000001000000010000000100000001000000010000000100000001001000010000000100000001000000010000000100000001000000010000000100000001000000010000000100000001000000010000000100000001001000010000000 
4 0 0 2 0 0 0 0  10000000100000001000000010000000100000001001000010010000100000001001000010000000100100001001000010000000100000001001000010000000100000001001000010000000100000001000000010010000100000001001000010000000 
4 0 0 2 0 0 0 0  10000000100000001000000010010000100000001001000010010000100000001001000010000000100100001001000010000000100000001001000010000000100000001001000010000000100000001001000010010000100000001001000010010000 
4 0 0 2 0 0 0 0  10010000100100001000000010000000100000001000000010000000100000001000000010000000100000001000000010000000100000001000000010000000100000001000000010000000100000001000000010000000100000001001000010000000 
2 0 0 2 0 2 0 0  10010000100101001001000010010100100101001001010010010100100101001001000010010100100101001001010010010100100100001001010010010000100101001001000010010000100100001001000010010100100101001001000010010000 
