5 0 0 0 0 0 0 0  10000000100000001000000010000000100000001000000010000000100000001000000010000000100000001000000010000000100000001000000010000000100000001000000010000000100000001000000010000000100000001000000010000000 
2 0 0 2 0 0 0 0  10010000100100001001000010010000100100001001000010010000100100001001000010010000100100001001000010010000100100001001000010010000100100001001000010010000100100001001000010010000100100001001000010010000 
2 2 1 2 2 2 2 1  11111111111111111111111111111111111111111111111111111111111110111101110111111110111111111111111011111110111111111111111111111101111111110111111111110110110111011111110111111110111111111111111111111111 
0 0 0 0 0 0 0 0  11111111111111111111111111111111111111111111111111111111111111111111111111111111111111111111111111111111111111111111111111111111111111111111111111111111111111111111111111111111111111111111111111111111 
2 0 0 2 0 0 0 0  10010000100100001001000010000000100000001001000010010000100100001001000010000000100100001000000010000000100000001000000010000000100000001000000010000000100000001000000010000000100000001000000010000000 
2 0 0 2 0 2 0 0  10010100100101001001010010010100100101001001010010010101100100001001010010010100100100001001010010010100100101001001010110010100100101001001000010010100100100001001010010010100100101001001010110010100 
4 0 0 2 0 0 0 0  10010000100000001000000010000000100000001000000010000000100000001000000010000000100000001000000010000000100000001000000010000000100000001000000010000000100000001001000010000000100000001000000010000000 
2 2 1 2 2 2 0 1  11111101110111011101010111011100111111001101110011011101110111011101010011010100111100101101110011011100111111011101110011011101011111010101010111010111110111011111010011001100110111011101110011011100 
2 2 0 2 0 2 0 1  11010101110101011101010010010100100101001001010010011100100111001001010010010100100100001101010010010100100101011001010011010100110101001001000110010000110101011001010010010100100101011001010010011100 
2 2 0 2 2 2 0 1  11011101110101011101010111010100110111001001010011010100100111011101010010010100110100101101110011011100100111011001110011011101010111000101010111010100110111011001010011011100110101011001110011011100 
2 2 0 2 0 2 0 1  10010101100101011001010010010100100101001001110010010100100101001001010010010100100100001101010011010100110101011001010011011100100101001001000010010100110111001001010010010100100101001001010010011100 
2 2 1 2 2 2 2 1  11111101111111011111110111111111111111111111110111111111111110111111110111111100111111111111111011111110111111111111111111111101111111010111111111111110111111011111110111111101111111111111111111111101 
2 2 0 2 2 2 0 1  10011101100101011001010110010100100101001001110010010100100101001001010010010100100100001001110010010100100101001101110011011100100101001001000010010100110111011001010010010100100101001001110010011100 
2 2 1 2 2 2 2 1  11111101111111011111010111011100111111001101110011011101111111011101010011010100111100111101110011011100111111011101110011011101011111010101010111010110110111011111010011111100110111111101110011111100 
4 0 0 2 0 0 0 0  10010000100100001000000010000000100000001001000010010000100100001001000010000000100000001000000010000000100000001000000010000000100000001000000010000000100000001001000010000000100000001000000010000000 
4 0 0 2 0 0 0 0  10010000100000001001000010010000100100001001000010010000100000001001000010010000100000001001000010010000100100001001000010010000100000001001000010000000100100001001000010010000100000001001000010010000 
2 2 0 2 2 2 0 1  11010101110101011101010111011100110111001101110011011100100111001001010010010100110100101101110011010100110111011001110011111100010111011001010111010100110111011001010010011100100101011001110010011100 
4 0 0 2 0 0 0 0  10010000100000001001000010000000100000001000000010000000100100001000000010000000100000001000000010000000100000001000000010000000100000001000000010000000100000001000000010000000100000001000000010000000 
4 0 0 2 0 0 0 0  10000000100100001001000010000000100000001000000010000000100100001000000010000000100000001000000010000000100000001000000010000000100000001000000010000000100000001000000010000000100000001000000010000000 
2 0 0 2 0 2 0 0  10010000100101001001000010010100100101001001010010010100100100001001010010010000100100001001010010010000100100001001010010010000100100001001000010010000100100001001000010010100100100001001000010010100 
2 0 0 2 0 2 0 0  10010000100101001001010010010100100101001001010010010100100100001001010010010100100100001001010010010000100100001001010010010100100100001001000010010000100100001001000010010100100101001001010010010100 
4 0 0 2 0 0 0 0  10010000100000001001000010000000100100001001000010010000100000001001000010010000100000001001000010010000100000001001000010010000100000001000000010000000100000001001000010010000100000001001000010000000 
2 0 0 2 0 2 0 0  10010000100101001001000010010100100101001001010010010100100100001001010010010100100100001001010010010000100100001001010110010100100100001001000010010000100100001001000010010100100101001001010010010100 
4 0 0 2 0 0 0 0  10010000100000001001000010000000100100001000000010000000100100001001000010000000100100001001000010000000100000001000000010010000100000001000000010000000100000001001000010000000100000001001000010000000 
2 0 0 2 0 2 0 0  10010100100100001001000010010100100101001001010010010000100100001001000010010100100100001001000010010000100100001001010010010100100100001001000010010000100100001001000010010100100101001001010010010000 
2 0 0 2 0 2 0 0  10010000100100001001010010010000100100001001000010010000100100001001000010010000100100001001000010010000100100001001000010010000100100001001000010010000100100001001000010010000100100001001000010010100 
2 2 0 2 2 2 0 1  11011101110111011101010111011100110111001101110011011100100111001101010111010100111110101101110011011100110111011001110001111100010111010101010111010100110111011101010010011100110111011001110011011100 
4 0 0 2 0 0 0 0  10010000100000001000000010010000100100001000000010010000100000001001000010000000100000001001000010000000100000001001000010010000100000001000000010000000100000001001000010000000100000001001000010000000 
4 0 0 2 0 0 0 0  10000000100100001000000010000000100000001000000010000000100000001000000010000000100000001000000010000000100000001000000010000000100000001000000010000000100000001001000010000000100000001000000010000000 
2 0 0 2 0 2 0 0  10010000100101001001000010010100100100001001000010010000100100001001000010010000100100001001000010010000100100001001010110010000100100001001000010010000100100001001000010010100100100001001000010010100 
2 0 0 2 0 2 0 0  10010100100100001001000010010100100100001001000010010000100100001001000010010000100100001001000010010000100100001001010110010100100100001001000010010000100100001001000010010000100100001001010010010000 
2 0 0 2 0 2 0 0  10010000100101001001000010010100100100001001010010010100100100001001000010010000100100001001000010010000100100001001010010010000100100001001000010010000100100001001000010010100100100001001000010010100 
2 0 0 2 0 2 0 0  10010000100100001001000010010000100100001001010010010000100100001001010010010100100100001001010010010000100100001001010010010000100100001001000010010000100100001001000010010000100100001001000010010100 
2 2 1 2 2 2 2 1  11111101111111111111110111111111111111111111111111111110111110111111111011111100111111111111111011111100111111111111110111111101111111011111111111111110111111011111111111111100111111111111111111111101 
2 0 0 2 0 2 0 0  10010000100100001001000010010100100101001001000010010100100100001001010010010000100100001001000010010000100100001001010110010000100100001001000010010000100100001001000010010100100101001001000010010100 
4 0 0 2 0 0 0 0  10000000100000001001000010000000100000001000000010010000100000001000000010000000100100001000000010000000100000001001000010000000100000001001000010000000100000001001000010000000100000001001000010000000 
2 0 0 2 0 2 0 0  10010000100100001001010010010000100101001001010010010000100100001001000010010000100100001001000010010000100100001001000010010000100100001001000010010000100100001001000010010000100100001001000010010100 
2 0 0 2 0 2 0 0  10010100100100001001000010010100100101001001010010010100100100001001010010010101100100001001010010010000100100001001010010010100100100001001000010010000100100001001000010010100100101001001010010010100 
2 2 0 2 0 2 0 1  11010101110101011101010010010100100101001001110010010100100101001101010010010100100100011101110011011100100101011101010011011100100111001001010010010100110111011001010010010100110101001101110111010100 
4 0 0 2 0 0 0 0  10000000100000001000000010000000100000001000000010010000100000001000000010000000100100001000000010000000100000001001000010000000100000001000000010000000100000001001000010000000100000001001000010000000 
2 0 0 2 0 2 0 0  10010100100101001001010010010000100100001001010010010000100100001001000010010000100100001001000010010000100100001001010110010100100100001001000010010000100100001001000010010000100100001001010010010000 
2 2 2 2 2 2 2 1  11111111111111011111110111111111111111111111111111111111111110111111110111111100111111111111111011111110111111111111111111111101111111010111111111111110111111011111110111111101111111111111111111111111 
2 0 0 2 0 2 0 0  10010000100100001001000010010100100101001001010010010100100100001001010010010100100100001001010010010000100100001001010010010000100100001001000010010000100100001001000010010100100101001001000010010100 
2 0 0 2 0 2 0 0  10010100100100001001010010010000100100001001010010010000100100001001000010010100100100001001000010010000100100001001000010010100100100001001000010010000100100001001000010010000100100001001000010010000 
2 0 0 2 0 2 0 0  10010100100101001001010010010000100101001001010010010100100100001001010010010100100100001001000010010000100100001001010010010100100100001001000010010000100100001001000010010100100101001001000010010100 
4 0 0 2 0 0 0 0  10000000100000001000000010000000100000001000000010000000100000001000000010000000100000001000000010000000100000001001000010000000100000001000000010000000100000001001000010000000100000001001000010000000 
2 0 0 2 0 2 0 0  10010100100101001001000010010000100100001001010010010000100100001001000010010000100100001001010010010000100100001001000010010100100100001001000010010000100100001001000010010000100100001001000010010000 
2 0 0 2 0 2 0 0  10010100100101001001000010010000100101001001010010010000100100001001000010010100100100001001000010010000100100001001000010010100100100001001000010010000100100001001000010010000100100001001000010010100 
2 0 0 2 0 2 0 0  10010100100101001001010010010100100101001001000010010100100100001001000010010000100100001001010010010000100100001001010010010100100100001001000010010000100100001001000010010000100100001001010010010000 
2 0 0 2 0 2 0 0  10010100100101001001000010010100100101001001010010010100100100001001010010010000100100001001010010010000100100001001010010010000100100001001000010010000100100001001000010010100100100001001000010010100 
2 0 0 2 0 2 0 1  10010101100101001001010010010100100101001001110010010100100100001001010010010100100100001001010010010100100101001001010010011100100101001001000010010100100011011001010010010100100101001101010110010100 
4 0 0 2 0 0 0 0  10000000100100001001000010010000100000001001000010010000100000001001000010000000100100001000000010010000100000001001000010010000100100001001000010010000100100001001000010010000100000001001000010000000 
2 0 0 2 0 2 0 0  10010100100100001001000010010000100100001001010010010000100100001001010010010100100100001001010010010000100100001001010010010000100100001001000010010000100100001001000010010000100100001001000010010100 
2 0 0 2 0 2 0 0  10010000100101001001010010010000100100001001000010010000100100001001000010010000100100001001010010010000100100001001010110010100100100001001000010010000100100001001000010010000100100001001000010010100 
4 0 0 2 0 0 0 0  10000000100000001001000010010000100000001001000010010000100100001001000010000000100100001001000010010000100000001001000010010000100000001001000010010000100100001001000010000000100000001001000010000000 
4 0 0 2 0 0 0 0  10000000100000001001000010000000100000001000000010000000100000001000000010000000100100001000000010000000100000001001000010000000100000001000000010000000100000001001000010000000100000001001000010000000 
4 0 0 2 0 0 0 0  10000000100100001000000010000000100000001001000010010000100000001001000010000000100100001001000010010000100000001001000010000000100000001000000010000000100000001001000010000000100000001001000010000000 
2 0 0 2 0 2 0 0  10010100100101001001010010010100100101001001010010010100100100001001010010010101100100001001010010010000100100001001010010010100100100001001010010010000100100001001000010010100100101001001010010010100 
2 0 0 2 0 2 0 0  10010000100100001001010010010100100101001001010010010100100100001001000010010100100100001001000010010000100100001001010010010100100100001001000010010000100100001001000010010000100101001001000010010100 
2 0 0 2 0 2 0 0  10010000100100001001010010010000100101001001010010010100100100001001000010010000100100001001000010010000100100001001010010010100100100001001000010010000100100001001000010010000100100001001000010010100 
2 0 0 2 0 2 0 0  10010000100100001001010010010100100101001001010010010100100100001001010010010100100100001001010010010000100100001001010010010100100100001001000010010000100100001001000010010000100101001001010010010100 
2 0 0 2 0 0 0 0  10010000100100001001000010010000100100001001000010010000100100001001000010010000100100001001000010010000100100001001010010010000100100001001000010010000100100001001000010010100100100001001000010010100 
2 0 0 2 0 2 0 0  10010000100101001001010010010000100101001001010010010000100100001001000010010000100100001001000010010000100100001001000010010100100100001001000010010000100100001001000010010000100100001001000010010100 
4 0 0 2 0 0 0 0  10000000100000001000000010010000100000001001000010010000100100001001000010000000100100001000000010000000100000001001000010010000100000001001000010010000100100001001000010000000100000001001000010000000 
4 0 0 2 0 0 0 0  10000000100000001001000010000000100000001000000010010000100000001001000010000000100100001000000010000000100000001001000010010000100000001001000010000000100000001001000010000000100000001001000010000000 
2 2 0 2 2 2 0 1  10011101100101011001010110010100100101001100110010010100100101001101010010010100100100101101110010011100100101011101110011011100100101001001000110010100100111011101010010010101110101001101110010011100 
2 0 0 2 0 2 0 0  10010000100101001001010010010100100101001001000010010100100100001001000010010000100100001001010010010000100100001001010010010100100100001001000010010000100100001001000010010000100101001001000010010100 
5 0 0 0 0 0 0 0  10000000100000001000000010000000100000001000000010000000100000001000000010000000100000001000000010000000100000001000000010000000100000001000000010000000100000001000000010010000100000001000000010000000 
2 0 0 2 0 2 0 0  10010100100101001001000010010100100101001001010010010100100100001001010010010100100100001001010010010000100100001001010010010100100100001001000010010000100100001001000010010100100101001001010010010100 
4 0 0 2 0 0 0 0  10010000100000001000000010000000100000001000000010010000100000001001000010000000100000001000000010000000100000001000000010000000100000001000000010000000100000001001000010000000100000001001000010000000 
5 0 0 2 0 0 0 0  10000000100000001001000010000000100000001000000010000000100000001000000010000000100000001000000010000000100000001000000010000000100000001000000010000000100000001000000010000000100000001000000010000000 
2 0 0 2 0 2 0 0  10010000100101001001010010010100100101001001010010010100100100001001000010010100100100001001000010010000100100001001000010010100100100001001000010010000100101001001000010010100100100001001000010010100 
4 0 0 2 0 0 0 0  10000000100100001000000010000000100000001001000010010000100000001001000010000000100100001000000010010000100000001001000010010000100000001001000010010000100100001001000010000000100000001001000010000000 
2 0 0 2 0 2 0 1  10010101100101001001010010010100100101001001110010010100100100001001010010010100100100001001010010010000100100001001010010011100100101001001000010010100100101011001000010010100100101001001010010010100 
4 0 0 2 0 0 0 0  10000000100000001000000010000000100000001001000010000000100000001001000010000000100100001000000010000000100000001001000010000000100000001001000010000000100000001001000010000000100000001001000010000000 
2 2 0 2 2 2 0 1  11111101110101011101010111010100110111001001010011010100100101011101010010010100111100101101110111011100100111010101110011011101010111001001010110010100110111011101010010001100110101011101110011011100 
4 0 0 2 0 0 0 0  10000000100100001001000010000000100000001000000010010000100000001000000010000000100000001000000010000000100000001000000010000000100000001001000010000000100000001001000010000000100000001000000010000000 
4 0 0 2 0 0 0 0  10000000100100001000000010000000100000001001000010010000100000001001000010000000100000001000000010000000100000001001000010000000100000001000000010000000100000001001000010000000100000001001000010000000 
4 0 0 2 0 0 0 0  10000000100000001001000010000000100000001001000010010000100100001001000010000000100100001001000010010000100000001001000010010000100000001001000010010000100000001001000010000000100000001001000010000000 
4 0 0 2 0 0 0 0  10000000100000001000000010000000100000001001000010010000100000001001000010000000100100001000000010010000100000001001000010010000100000001000000010000000100100001001000010000000100000001001000010000000 
4 0 0 2 0 0 0 0  10000000100000001001000010000000100000001001000010010000100000001001000010000000100100001000000010010000100000001001000010000000100000001001000010000000100000001001000010000000100000001001000010000000 
4 0 0 2 0 0 0 0  10010000100000001001000010010000100000001000000010000000100000001000000010000000100000001000000010000000100000001000000010010000100000001001000010000000100000001001000010000000100000001000000010000000 
4 0 0 2 0 0 0 0  10000000100000001001000010000000100000001001000010010000100100001001000010000000100100001000000010010000100000001001000010000000100000001001000010010000100000001001000010000000100000001001000010000000 
4 0 0 2 0 0 0 0  10000000100100001001000010000000100000001001000010010000100000001001000010000000100100001000000010010000100000001001000010010000100000001001000010000000100000001001000010000000100000001001000010000000 
4 0 0 2 0 0 0 0  10010000100000001000000010000000100100001000000010010000100000001000000010000000100000001000000010000000100000001000000010010000100000001000000010010000100000001001000010000000100000001001000010000000 
2 0 0 2 0 0 0 0  10010000100100001001000010010000100000001001000010010000100100001001000010010000100000001001000010010000100000001000000010010000100100001001000010000000100000001001000010000000100000001001000010000000 
4 0 0 2 0 0 0 0  10000000100100001001000010000000100100001001000010010000100100001001000010000000100100001000000010010000100000001001000010010000100000001000000010000000100000001001000010010000100000001001000010000000 
4 0 0 2 0 0 0 0  10000000100100001001000010000000100000001001000010010000100000001000000010000000100000001000000010000000100000001001000010000000100000001001000010010000100000001001000010000000100000001001000010000000 
4 0 0 2 0 0 0 0  10000000100000001000000010000000100000001001000010010000100100001001000010000000100100001001000010010000100000001001000010010000100000001001000010000000100000001001000010000000100000001001000010000000 
2 0 0 2 0 2 0 0  10010100100100001001010010010000100100001001010010010000100100001001010010010100100100001001000010010000100100001001010110010100100100001001000010010000100100001001000010010000100101001001010010010000 
4 0 0 2 0 0 0 0  10000000100000001001000010000000100000001000000010000000100000001000000010000000100000001000000010000000100000001000000010010000100000001000000010000000100000001000000010000000100000001001000010000000 
2 0 0 2 2 2 0 1  10011101100101001001010110010100100101001001110010010100100100001001010010010100100100001001110010010100100101001001010011011100100101001001000010010100100111011001010010010100100101001001010010010100 
2 0 0 2 0 2 0 0  10010101100101001001010010010100100101001001110010010100100100001001010010010100100100001001010010010100100101001001010010011100100100001001000010010100100111001001010010010100100101001001010110010100 
4 0 0 2 0 0 0 0  10000000100100001001000010000000100000001000000010010000100000001001000010000000100000001000000010000000100000001001000010000000100000001001000010000000100000001000000010000000100000001001000010000000 
4 0 0 2 0 0 0 0  10000000100000001000000010000000100000001001000010010000100000001001000010000000100100001000000010000000100000001001000010000000100000001001000010000000100000001001000010000000100000001001000010000000 
2 0 0 2 0 2 0 0  10010100100100001001010010010000100101001001010010010000100100001001010010010100100100001001010010010000100100001001010010010100100100001001000010010000100100001001000010010000100100001001010010010100 
2 0 0 2 0 0 0 0  10010000100100001001000010010000100100001001000010010000100100001001000010010000100100001001000010010000100100001001000010010000100100001001000010010000100100001001000010010000100100001001000010010100 
2 0 0 2 0 2 0 0  10010100100100001001010010010100100101001001010010010100100100001001010010010100100100001001010010010000100100001001010010010100100100001001000010010000100100001001000010010100100100001001010010010000 
4 0 0 2 0 0 0 0  10000000100100001000000010000000100000001000000010000000100100001000000010000000100000001000000010000000100000001000000010000000100000001000000010000000100000001001000010000000100000001001000010000000 
4 0 0 2 0 0 0 0  10000000100100001000000010000000100000001000000010010000100000001000000010000000100100001000000010000000100000001001000010000000100000001000000010000000100000001001000010000000100000001001000010000000 
