0 0 0 0 0 0 0 0  10000000100000001000000010000000100000001000000010000000100000001000000010000000100000001000000010000000100000001000000010000000100000001000000010000000100000001000000010000000100000001000000010000000 
2 0 0 3 0 0 0 0  10010000100100001001000010010000100100001001000010010000100100001001000010010000100100001001000010010000100100001001000010010000100100001001000010010000100100001001000010010000100100001001000010010000 
0 0 0 0 0 0 0 0  11111111111111111111111111111111111111111111111111111111111101111111111111111111111111111111111111111111111111111111111111111111111111111111111111111111111111111111111111111110111111111111111011111111 
2 1 1 2 2 2 2 2  11111111111111111111111111111111111111111111111011111111110111011111110111111100111111101111111111111110111011110111111111111111111111111111111111111101111101111111110111111111110111111111111101111111 
2 2 1 2 2 2 0 2  11010101110101011101010101010100110101001111010110010110110101010101110011011100111111011101110011111100110011111101010010010100101111011111110011111101110111011101010110010100110111011111011011011100 
2 0 0 2 2 2 0 0  10011101100101011001010010010100100101001001010010011100100100001001010010010100100100001001000010010000100101001001000010010100100101001001010010010100100101001001010010010100100101001001000010010100 
2 0 0 2 0 1 0 0  10010000100100001001010010010000100100001001000010010000100100001001000010010000100100001001000010010000100100001001000010010000100100001001000010010000100100001001000010010000100100001001000010010000 
3 0 0 2 0 0 0 0  10000000100100001001000010000000100000001000000010000000100000001000000010000000100000001000000010000000100000001000000010000000100000001000000010000000100000001000000010000000100000001000000010000000 
2 0 0 2 0 2 0 0  10010101100101001001010010010100100101001001010010010100100100001001010010010100100101001001000010010000100100001001000010010000100101001001010010011100100100001001010010010100100101001001000010010100 
2 2 1 2 0 2 0 0  11010101100101011001010101010100110101001011010010010100100100001001010010010100100111001001100010110100110110001101010011010000100111001011010010010101100111001101010110010100110101011101000011010100 
2 0 0 2 2 2 0 0  10011101100111011001110010010100100101001001010010010100100100001001010010010100100101011011000010110000100101001001000010010100100101001001010010011100100101001001010010010100100101001001001010011101 
3 0 0 2 0 0 0 0  10010000100000001000000010000000100000001000000010000000100000001000000010000000100000001000000010000000100000001000000010000000100000001000000010000000100000001000000010000000100000001000000010000000 
2 0 0 2 0 2 0 0  10010101100101001001010010010100100101001001010010010100100100001001010010010100100101011001000010010000100100001001000010010100100101001001000010011100100101001001010010010100100101001001001010011101 
3 0 0 2 0 0 0 0  10010000100000001000000010010000100100001000000010010000100000001001000010000000100000001000000010010000100000001000000010000000100000001000000010010000100000001001000010000000100000001001000010000000 
3 0 0 2 0 0 0 0  10000000100100001000000010000000100100001001000010000000100000001001000010010000100000001000000010010000100000001000000010010000100100001000000010000000100000001001000010000000100000001001000010000000 
3 0 0 2 0 0 0 0  10010000100000001001000010000000100000001000000010000000100000001000000010000000100000001000000010000000100000001000000010000000100000001000000010000000100000001000000010000000100000001000000010000000 
2 1 1 2 2 2 2 2  11111101111111111111111111111111111111111111111111111111110111011111110111111110110111101111111111111110111011110111110111111111111111111111111111111101011101111111110111111111111111111111111101111111 
2 0 0 2 0 2 0 0  10010100100101001001000010010100100101001001010010010100100100001001000010010100100100001001000010010000100100001001000010010000100100001001000010010000100100001001000010010000100101001001000010010100 
2 0 0 2 0 2 0 0  10010100100101001001010010010000100100001001000010010000100100001001000010010000100100001001000010010000100100001001000010010000100100001001000010010000100100001001000010010000100100001001000010010000 
3 0 0 2 0 0 0 0  10010000100100001000000010000000100000001001000010000000100000001001000010000000100000001000000010010000100000001000000010000000100000001000000010000000100000001001000010000000100000001001000010000000 
3 0 0 2 0 0 0 0  10010000100100001001000010000000100000001000000010000000100000001001000010000000100000001000000010000000100000001000000010000000100000001001000010000000100000001000000010000000100000001000000010000000 
2 2 1 2 2 2 2 2  11111101110101011101010111010110111111001111010011110110110101010101110011111100111111011101111011111100110010111101010011011101100111011111111111110101111101011101010111010100110111111111011011111100 
3 0 0 2 0 0 0 0  10010000100100001001000010000000100100001000000010010000100100001001000010000000100100001000000010010000100100001001000010000000100000001001000010010000100100001001000010010000100000001001000010000000 
5 0 0 2 0 0 0 0  10000000100000001000000010010000100100001001000010010000100000001001000010000000100100001001000010010000100000001000000010010000100000001000000010000000100000001001000010000000100100001001000010000000 
2 0 0 2 0 2 0 0  10010100100101001001000010010100100101001001010010010000100100001001000010010000100100001001000010010000100100001001000010010000100100001001000010010000100100001001000010010000100100001001000010010000 
2 0 0 2 0 2 0 0  10010000100100001001010010010100100101001001000010010000100100001001000010010000100100001001000010010000100100001001000010010000100100001001000010010000100100001001000010010000100100001001000010010000 
2 0 0 2 0 2 0 0  10010000100101001001000010010100100101001001010010010100100100001001000010010100100100001001000010010000100100001001000010010000100100001001000010010000100100001001000010010000100101001001000010010000 
2 0 0 2 0 2 0 0  10010100100100001001000010010100100101001001010010010100100100001001000010010100100100001001000010010000100100001001000010010000100101001001000010010000100100001001000010010000100101001001000010010100 
5 0 0 2 0 0 0 0  10000000100000001001000010000000100000001000000010010000100000001000000010000000100000001000000010010000100000001000000010000000100000001000000010000000100000001001000010000000100000001001000010000000 
2 0 0 2 0 2 0 0  10010000100101001001010010010000100100001001000010010000100100001001000010010000100100001001000010010000100100001001000010010000100100001001000010010000100100001001000010010000100100001001000010010000 
2 0 0 2 0 2 0 0  10010100100101001001000010010000100100001001000010010100100100001001000010010000100100001001000010010000100100001001000010010000100100001001000010010000100100001001000010010000100100001001000010010000 
5 0 0 2 0 0 0 0  10000000100000001001000010000000100000001000000010000000100000001000000010000000100000001000000010010000100000001000000010000000100000001000000010000000100000001000000010000000100000001001000010000000 
3 0 0 2 0 0 0 0  10000000100100001000000010000000100000001000000010000000100000001000000010000000100000001000000010000000100000001000000010000000100000001000000010000000100000001000000010000000100000001000000010000000 
2 0 0 2 0 2 0 0  10010100100101001001010010010100100101001001010010010100100100001001010010010100100100001001000010010000100100001001000010010000100101001001010010010100100100001001010010010100100101001001000010010100 
2 0 0 2 0 2 0 0  10010000100101001001010010010100100101001001010010010100100100001001010010010100100101001001000010010000100100001001000010010000100100001001000010010100100100001001000010010100100101001001000010010100 
2 0 0 2 0 2 0 0  10010100100100001001000010010000100101001001010010010100100100001001000010010100100100001001000010010000100100001001000010010000100100001001000010010000100100001001000010010000100101001001000010010000 
2 0 0 2 0 2 0 0  10010100100100001001010010010000100100001001000010010000100100001001000010010000100100001001000010010000100100001001000010010000100100001001000010010000100100001001000010010000100100001001000010010000 
2 0 0 2 0 2 0 0  10010000100101001001010010010100100101001001010010010100100100001001000010010100100100001001000010010000100100001001000010010000100100001001000010010000100100001001000010010000100101001001000010010100 
2 2 0 2 0 2 0 2  11010101110101001001010001010100101111001101010010011100100101001001110011010100111101011001010011011100110010111001010010010100100111001011000011111100110101001001010110010100110111001101001011011100 
2 1 1 2 2 2 2 2  11111101111111011111110111111111111111011111110111110111110111011101110111011110110111001111111111111110111011110111110111111111111011111111111111111101011111111101111101111110110111111111111111111100 
2 0 0 2 0 2 0 0  10010100100101001001010010010100100101001001010010010100100100001001000010010100100100001001000010010000100100001001000010010000100100001001000010010000100100001001000010010000100100001001000010010000 
5 0 0 2 0 0 0 0  10000000100000001001000010010000100000001001000010010000100000001000000010000000100000001000000010010000100000001001000010000000100000001000000010000000100000001001000010000000100000001001000010000000 
5 0 0 2 0 0 0 0  10000000100000001000000010000000100000001000000010000000100000001001000010000000100000001000000010000000100000001000000010000000100000001000000010000000100000001000000010000000100000001001000010000000 
5 0 0 2 0 0 0 0  10000000100000001000000010000000100000001000000010010000100000001000000010000000100000001000000010010000100000001000000010000000100000001000000010000000100000001001000010000000100000001001000010000000 
2 0 0 2 0 2 0 0  10010000100101001001010010010000100101001001000010010100100100001001000010010000100100001001000010010000100100001001000010010000100100001001000010010000100100001001000010010000100100001001000010010000 
5 0 0 2 0 0 0 0  10000000100000001000000010000000100000001001000010010000100000001001000010010000100000001001000010010000100000001000000010010000100100001000000010010000100000001001000010000000100000001001000010000000 
2 0 0 2 0 2 0 0  10010000100101001001000010010000100101001001010010010100100100001001000010010000100100001001000010010000100100001001000010010000100100001001000010010000100100001001000010010000100100001001000010010000 
2 0 0 2 0 2 0 0  10010000100101001001010010010100100101001001010010010100100100001001000010010000100100001001000010010000100100001001000010010000100100001001000010010000100100001001000010010000100100001001000010010000 
2 0 0 2 0 2 0 0  10010000100101001001000010010100100101001001010010010100100100001001010010010100100101001001000010010000100100001001000010010000100100001001000010010100100100001001000010010000100101001001000010010100 
3 0 0 2 0 0 0 0  10010000100000001000000010010000100000001000000010010000100000001000000010000000100000001000000010010000100000001000000010000000100000001000000010000000100000001001000010000000100000001001000010000000 
3 0 0 2 0 0 0 0  10000000100100001001000010000000100000001001000010010000100000001001000010000000100000001000000010000000100000001000000010010000100100001000000010010000100000001001000010010000100000001001000010000000 
3 0 0 2 0 0 0 0  10000000100100001000000010010000100000001000000010010000100000001001000010000000100000001000000010010000100000001000000010000000100000001000000010000000100000001001000010000000100000001001000010000000 
5 0 0 2 0 0 0 0  10000000100000001001000010000000100000001000000010010000100000001001000010000000100000001000000010000000100000001001000010000000100000001000000010000000100000001001000010010000100000001001000010000000 
5 0 0 2 0 0 0 0  10000000100000001001000010010000100000001001000010010000100000001001000010000000100000001001000010010000100000001001000010000000100000001000000010000000100000001001000010000000100000001001000010000000 
2 0 0 2 0 2 0 0  10010100100100001001000010010000100101001001000010010100100100001001000010010000100100001001000010010000100100001001000010010000100100001001000010010000100100001001000010010000100100001001000010010000 
2 0 0 2 0 2 0 0  10010000100100001001010010010100100101001001010010010100100100001001000010010000100100001001000010010000100100001001010010010000100100001001000010010000100100001001000010010000100100001001000010010000 
2 0 0 2 0 2 0 0  10010100100101001001010010010100100101001001010010010100100100001001010010010100100100001001000010010000100100001001000010010000100100001001000010010000100100001001000010010100100101001001000010010100 
2 0 0 2 0 2 0 0  10010100100100001001000010010000100100001001000010010000100100001001000010010000100100001001000010010000100100001001000010010000100100001001000010010000100100001001000010010000100100001001000010010000 
5 0 0 2 0 0 0 0  10000000100000001001000010010000100100001001000010010000100000001001000010000000100100001001000010010000100000001000000010000000100000001001000010010000100000001001000010000000100100001001000010000000 
3 0 0 2 0 0 0 0  10000000100100001001000010010000100000001001000010010000100000001001000010000000100000001000000010010000100000001001000010000000100100001001000010010000100000001001000010010000100000001001000010000000 
2 0 0 2 0 2 0 0  10010100100101001001010010010100100101001001000010010000100100001001000010010000100100001001000010010000100100001001000010010000100100001001000010010000100100001001000010010000100100001001000010010000 
3 0 0 2 0 0 0 0  10000000100100001000000010000000100000001000000010010000100000001001000010000000100000001000000010010000100000001000000010000000100000001000000010000000100000001001000010000000100000001000000010000000 
3 0 0 2 0 0 0 0  10010000100100001001000010000000100100001000000010010000100000001001000010000000100000001000000010000000100000001000000010000000100000001000000010000000100000001001000010010000100000001001000010000000 
3 0 0 2 0 0 0 0  10010000100100001000000010000000100000001000000010000000100000001000000010000000100000001000000010000000100000001000000010000000100000001000000010000000100000001000000010000000100000001000000010000000 
2 0 0 2 0 2 0 0  10010100100100001001010010010000100101001001010010010100100100001001000010010100100100001001000010010000100100001001000010010000100100001001000010010000100100001001000010010000100101001001000010010000 
3 0 0 2 0 0 0 0  10010000100100001000000010000000100100001001000010010000100000001001000010000000100000001000000010010000100000001000000010000000100100001001000010000000100100001001000010010000100000001000000010000000 
2 0 0 2 0 2 0 0  10010100100100001001010010010100100101001001000010010000100100001001000010010000100100001001000010010000100100001001000010010000100100001001000010010000100100001001000010010000100100001001000010010000 
2 2 1 2 2 2 0 2  11011101110101011101010101010100110111001111010011010110110101010101110011111100111111011101110011111100110011111101010011111100101111011111110011010101110101011101010110010100110100110111011011111100 
3 0 0 2 0 0 0 0  10000000100100001001000010010000100000001000000010010000100000001001000010000000100000001000000010000000100000001001000010000000100000001001000010000000100000001001000010000000100000001000000010000000 
5 0 0 2 0 0 0 0  10000000100000001001000010010000100000001001000010010000100000001001000010000000100000001001000010010000100000001000000010000000100000001001000010010000100000001001000010000000100100001001000010000000 
2 1 1 2 2 2 2 2  11111101111111011111111111111111111111101111111111111111110111011111110111111110110111101011111111111110110011110111111111111111111111111111111111111101011101111111110111111011111111110111111101111111 
5 0 0 2 0 0 0 0  10000000100000001000000010000000100000001001000010010000100000001001000010010000100000001001000010000000100000001000000010010000100100001000000010000000100000001001000010000000100000001001000010000000 
2 0 0 2 0 2 0 0  10010000100101001001000010010000100100001001000010010000100100001001000010010000100100001001000010010000100100001001000010010000100100001001000010010000100100001001000010010000100100001001000010010000 
2 2 1 2 2 2 2 2  11011101111101011101010101011100110101001111010111011100110101010101010011011100111011011101110011111100100011111101010011011101111111011111110111110100011111011011010011010100110111111111011011111100 
3 0 0 2 0 0 0 0  10010000100000001001000010010000100000001000000010010000100000001000000010000000100000001000000010010000100000001000000010000000100000001000000010000000100000001000000010000000100000001000000010000000 
2 0 0 2 0 2 0 0  10010000100100001001010010010100100101001001010010010100100100001001000010010100100100001001000010010000100100001001000010010000100100001001000010010000100100001001000010010000100101001001000010010100 
5 0 0 2 0 0 0 0  10000000100000001000000010000000100000001000000010010000100000001001000010000000100000001000000010010000100000001001000010000000100000001000000010000000100000001001000010000000100000001001000010000000 
2 0 0 2 0 1 0 0  10010000100100001001000010010000100100001001010010010100100100001001000010010000100100001001000010010000100100001001000010010000100100001001000010010000100100001001000010010000100101001001000010010000 
2 0 0 2 2 2 0 0  10011101100111011001010010010100100101001001010010011100100100001001010010010100100101001011000010110000100101001001000010010100100101001001010010011100100101001001010010010100100101001001000010001100 
2 0 0 2 0 2 0 0  10010000100100001001000010010100100101001001010010010100100100001001000010010100100100001001000010010000100100001001000010010000100100001001000010010000100100001001000010010100100101001001000010010100 
3 0 0 2 0 0 0 0  10000000100100001000000010000000100000001000000010000000100000001001000010000000100000001000000010000000100000001000000010000000100000001000000010000000100000001001000010000000100000001000000010000000 
3 0 0 2 0 0 0 0  10010000100000001000000010000000100000001000000010000000100000001000000010000000100000001000000010010000100000001001000010000000100000001000000010000000100000001001000010000000100000001000000010000000 
2 0 0 2 0 2 0 0  10010100100100001001010010010100100101001001010010010100100100001001000010010100100100001001000010010100100100001001000010010000100100001001000010010000100100001001000010010100100101001001000010010000 
5 0 0 2 0 0 0 0  10000000100000001000000010000000100000001001000010000000100000001000000010010000100000001001000010010000100000001000000010010000100100001000000010000000100000001001000010000000100000001001000010000000 
3 0 0 2 0 0 0 0  10000000100000001001000010000000100000001000000010000000100000001000000010000000100000001000000010000000100000001000000010000000100000001000000010000000100000001000000010000000100000001000000010000000 
2 0 0 2 0 0 0 0  10010000100100001001000010010000100100001001000010010100100100001001000010010000100100001001000010010000100100001001000010010000100100001001000010010000100100001001000010010000100101001001000010010000 
3 0 0 2 0 0 0 0  10010000100000001001000010010000100100001000000010010000100000001001000010000000100000001000000010010000100000001000000010000000100000001000000010010000100000001001000010000000100000001001000010000000 
2 0 0 2 0 2 0 0  10010000100101001001000010010000100101001001000010010000100100001001000010010000100100001001000010010000100100001001000010010000100100001001000010010000100100001001000010010000100100001001000010010000 
2 2 1 2 2 2 2 2  11111101111111011101010111011101111111001111110101111110110101010101110011111100111111011101111011111100110011111101010011111101111011111111111111110101011111011111010111010100110111111111011011111101 
3 0 0 2 0 0 0 0  10010000100000001001000010010000100100001001000010010000100000001001000010000000100100001001000010010000100000001001000010010000100000001000000010000000100000001001000010000000100000001001000010000000 
2 0 0 2 0 2 0 0  10010100100101001001010010010100100101001001010010010100100100001001010010010100100100001001000010010100100100001001000010010000100101001001010010010100101100001001010010010100100101001001000010010100 
2 0 0 2 0 2 0 0  10010000100100001001000010010000100101001001010010010100100100001001000010010100100100001001000010010000100100001001000010010000100100001001000010010000100100001001000010010000100100001001000010010000 
3 0 0 2 0 0 0 0  10000000100100001001000010010000100100001001000010010000100000001001000010000000100000001001000010010000100000001001000010010000100100001000000010010000100000001001000010010000100000001001000010000000 
3 0 0 2 0 0 0 0  10000000100100001001000010000000100000001000000010010000100000001001000010000000100000001000000010000000100000001000000010000000100000001000000010000000100000001000000010000000100000001000000010000000 
2 0 0 2 0 2 0 0  10010000100100001001000010010100100101001001010010010100100100001001000010010100100100001001000010010000100100001001000010010000100100001001000010010000100100001001000010010000100101001001000010010000 
2 2 1 2 2 2 2 2  11111101111111011101010101011100110111001111010111111110110101010101010001011100111011011101110011111100110011111101010011011101111111011111110111110100011111011011010111010101110111111111011011111100 
3 0 0 2 0 0 0 0  10010000100000001001000010010000100000001000000010010000100000001001000010000000100000001000000010010000100000001000000010000000100000001000000010000000100000001001000010000000100000001001000010000000 
3 0 0 2 0 0 0 0  10000000100100001001000010000000100000001000000010010000100000001001000010000000100000001000000010000000100000001001000010000000100000001000000010000000100000001001000010000000100000001000000010000000 
2 2 1 2 2 2 2 2  11010101111101011101010101011100110101001111010111011100110101010101010011011100111111011101110011111100100011111101010011011101111111011111110111110100011111011011010111010100110111111111011011111100 
2 0 0 2 0 2 0 0  10010101100101011001010010010100100101001001010010010100100100101001010010010100100101011001000010110000100100001001000010010100100101001001000010011100100101001001010010010100100101001001001010011101 
