4 0 0 0 0 0 0 0  10000000100000001000000010000000100000001000000010000000100000001000000010000000100000001000000010000000100000001000000010000000100000001000000010000000100000001000000010000000100000001000000010000000 
2 2 0 2 2 2 0 0  01010100010101001101010001011100010101010101110001010101110111001101010111011100110111001101010011010100010101001101110001010100110101000101110011010100010101000101010001110100010111000101110001011101 
0 0 2 0 0 0 2 0  11111111111111111111111111111111111111111111111111111111111111111111111111111111111111111111111111111111111111111111111011111111111111111111111111111111111111111111111111111111111111111111111111111111 
3 0 0 2 0 2 0 0  10010000100101001001010010010000100101001001010010010000100100001001010010010100100100001001000010010100100100001001000010010100100100001001000010010000100100001001000010010000100100001001000010010000 
3 0 0 3 0 2 0 0  10010101100101001001110010010000100101001001010010010000100000001001010011010000100100001001000010010100100100001001000010010100100100001001010010010000100100001001000010010000100100001001000010010000 
2 2 0 2 2 2 0 0  11010100110101001101010001011100010111011101110001010101110111001101010111011100010111001101010011010100010101001101110001010100010101000101110011010101010101000101010001110100010111001101110001011101 
3 0 0 3 0 0 0 0  10010000100100001001000010010000100100001001000010010000100000001001000010010000100100001001000010010000100100001001000010010000100100001001000010010000100100001001000010010000100000001001000010010000 
3 0 0 2 0 2 0 0  10010000100101001001010010010000100100001001000010010000100000001001000010010000100100001001000010010000100100001001000010010000100100001001000010010000100100001001000010010000100100001001000010010000 
3 0 0 2 0 2 0 0  10010100100101001001010010010000100101001001010010010000100000001001010010010000100100001001000010010100100100001001010010010100100100001001000010010000100100001001000010010000100100001001000010010000 
3 0 0 2 0 2 0 0  10010100100100001001000010010000100101001001010010010000100100001001010010010000100100001001000010010100100100001001000010010100100100001001000010010000100100001001000010010000100101001001000010010000 
2 2 2 2 2 2 2 2  11111111111111111111111111111110111111111111111111111111111111110111110111111111111111111101111111111101111101011111111011111111011111111111111111110111111111111111110111111011111111111101111110111110 
3 0 0 2 0 2 0 0  10010100100100001001000010010000100100001001000010010000100100001001000010010000100100001001000010010000100100001001000010010000100100001001000010010000100100001001000010010000100100001001000010010000 
3 0 0 1 0 0 0 0  10010000100000001000000010000000100000001000000010000000100000001000000010000000100000001000000010000000100000001000000010000000100000001000000010000000100000001000000010000000100000001000000010000000 
3 0 0 3 0 2 0 0  10010000100101001001000010010000100101001001010010010000100100001001000010010000100100001001000010010100100100001001000010010100100100001001000010010000100100001001000010010000100100001001000010010000 
2 2 0 2 2 2 0 0  11010101110101001101010001011100010111011101010001010101010111001101010111011100010111001101010011010100110101001101110001010100010101000101110011010101010101000101010011110100010111001101110001011101 
3 0 0 2 0 2 0 0  10010100100101001001000010010000100101001001010010010000100100001001000010010100100100001001000010010100100100001001000010010100100100001001000010010000100100001001000010010000100101001001000010010000 
3 0 0 3 0 2 0 0  10010000100101001001010010010000100101001001000010010000100101001001000010010000100100001001000010010000100100001001000010010000100100001001000010010000100100001001000010010000100100001001000010010000 
3 0 0 3 0 0 0 0  10010000100100001001010010010000100100001001000010010000100000001001000010010000100100001001000010010000100100001001000010010000100100001001000010010000100100001001000010010000100100001001000010010000 
3 0 0 2 0 2 0 0  10010100100101001001010010010000100100001001000010010000100100001001000010010000100100001001000010010000100100001001000010010000100100001001000010010000100100001001000010010000100100001001000010010000 
3 0 0 2 0 2 0 0  10010000100100001001010010010000100101001001000010010000100101001001000010010000100100001001000010010000100100001001000010010000100100001001000010010000100100001001000010010000100100001001000010010000 
4 0 0 1 0 0 0 0  10000000100100001000000010000000100000001000000010000000100000001000000010000000100000001000000010000000100000001000000010000000100000001000000010000000100000001000000010000000100000001000000010000000 
3 0 0 3 0 2 0 0  10010000100100001001010010010000100101001001010010010000100000001001010010010000100100001001000010010100100100001001000010010100100100001001000010010000100100001001000010010000100100001001000010010000 
2 2 0 2 2 2 0 2  11010101110101011101110111011100010101011101010011010101110111011101010101001100110111001101010011010100110101001111110001010100110101000101110111010101110111001101010011010100010111000101110111011101 
3 0 0 3 0 2 0 0  10010101100101001001010010010000100100001001000010010000100100001001010010010000100100001001000010010100100100001001000010010100100100001001000010010000100100001001000010010000100100001001000010010000 
3 0 0 2 0 0 0 0  10010000100100001001000010000000100000001001000010000000100000001000000010000000100000001000000010000000100000001000000010000000100000001001000010000000100000001000000010000000100000001001000010000000 
3 0 0 2 0 0 0 0  10010000100000001000000010000000100100001000000010010000100000001001000010000000100100001000000010010000100000001001000010000000100000001000000010000000100100001001000010000000100000001001000010010000 
2 2 1 2 2 2 0 2  11011101110111011101110111011101110111010101010001010101010111001101010101011100110111001101010011010100110101001101110001011100110101000101110111010101010101001111010011010100010111010101110001011100 
3 0 0 2 0 0 0 0  10010000100100001001000010000000100100001001000010000000100000001000000010000000100000001000000010010000100000001001000010000000100000001001000010010000100100001001000010000000100000001001000010010000 
3 0 0 2 0 2 0 0  10010100100100001001010010010000100101001001010010010000100101001001000010010100100100001001000010010100100100001001000010010000100100001001000010010000100100001001000010010000100101001001000010000000 
2 2 1 2 2 2 0 2  01010101010101010101010111011100110111011101010001010101010111011101010001011100011101001101110011010100110101001111110001011100110101000101010011010101110101000101010011010100010111000101110001011101 
3 0 0 2 0 2 0 0  10010100100100001001010010010000100100001001000010010000100000001001000010010000100100001001000010010000100100001001000010010100100100001001000010010000100100001001000010010000100100001001000010010000 
4 0 0 2 0 0 0 0  10000000100100001001000010000000100000001000000010000000100000001000000010000000100000001000000010000000100000001000000010000000100000001000000010000000100000001000000010000000100000001000000010000000 
4 0 0 2 0 0 0 0  10000000100100001001000010010000100000001001000010010000100000001001000010010000100100001001000010010000100000001001000010010000100000001001000010010000100000001000000010010000100000001001000010000000 
3 0 0 2 0 0 0 0  10010000100000001000000010000000100000001001000010000000100000001000000010000000100100001000000010000000100000001001000010000000100000001000000010000000100100001001000010000000100000001001000010000000 
3 0 0 3 0 0 0 0  10010000100100001001000010010000100101001001000010010000100000001001000010010000100100001001000010010000100100001001000010010000100100001001000010010000100100001001000010010000100100001001000010010000 
3 0 0 2 0 2 0 0  10010100100100001001000010010000100101001001000010010000100100001001010010010000100100001001000010010000100100001001000010010000100100001001000010010000100100001001000010010000100100001001000010010000 
2 2 2 2 2 2 0 2  11111101111111011111110111011101111101010101110111110101110111011101010101101100111111100101010011010100110101001111110011010101110111001101010111010101100111011101010111011100010111001101110111111100 
2 2 0 2 2 2 0 2  01010101010101010101010001011100010111010101010001010101010111001101010001011100010111001001010001010100010101001111110001010101110101000101010011010101110101000101010011110100010111000101110001011101 
4 0 0 2 0 0 0 0  10000000100000001001000010000000100000001000000010000000100000001000000010000000100000001000000010000000100000001000000010000000100000001000000010000000100000001000000010000000100000001000000010000000 
3 0 0 2 0 0 0 0  10010000100000001001000010000000100100001000000010000000100000001001000010000000100100001001000010010000100000001001000010000000100000001001000010000000100100001001000010000000100000001000000010010000 
3 0 0 3 0 0 0 0  10010000100100001001000010010000100100001001000010010000100000001001000010010000100100001001000010010000100100001001000010010000100100001001000110010000100100001001000010010000100100001001000010010000 
3 0 0 2 0 0 0 0  10010000100100001000000010000000100000001000000010000000100000001000000010000000100000001000000010000000100000001000000010000000100000001000000010000000100000001000000010000000100000001000000010000000 
4 0 0 1 0 0 0 0  10000000100000001000000010000000100000001000000010010000100000001000000010000000100000001000000010000000100000001000000010000000100000001000000010000000100000001000000010000000100000001000000010000000 
4 0 0 2 0 0 0 0  10000000100000001000000010000000100000001000000010000000100000001000000010010000100000001001000010010000100000001001000010010000100000001000000010000000100000001001000010000000100000001001000010000000 
4 0 0 2 0 0 0 0  10000000100000001000000010010000100000001001000010000000100000001000000010000000100100001000000010000000100000001000000010010000100000001001000010000000100100001001000010000000100000001001000010000000 
4 0 0 2 0 0 0 0  10000000100100001001000010010000100000001001000010010000100000001001000010000000100000001001000010010000100000001001000010000000100000001001000010000000100000001001000010000000100000001001000010000000 
3 0 0 2 0 0 0 0  10010000100000001001000010000000100000001000000010010000100000001000000010000000100000001000000010010000100000001001000010000000100000001000000010000000100000001001000010000000100000001001000010000000 
3 0 0 2 0 2 0 0  10010000100100001001000010010000100101001001010010010000100100001001010010010000100100001001000010010100100100001001000010010000100100001001000010010000100100001001000010010000100101001001000010010000 
3 0 0 2 0 2 0 0  10010000100101001001000010010000100100001001000010010000100100001001000010010000100100001001000010010000100100001001000010010100100100001001000010010000100100001001000010010000100100001001000010010000 
2 2 1 2 2 2 0 2  11011101110101011101010111011101110111001101010001010101010111001101010101111101111111001101010011010100010101001111110001011100110101001101010011010100110101001101010011010101010111010101110001011101 
4 0 0 2 0 0 0 0  10000000100000001001000010000000100000001000000010000000100000001000000010000000100000001000000010000000100000001001000010000000100000001000000010000000100000001000000010000000100000001001000010000000 
2 2 2 2 2 2 0 2  11011101111101011111110111011101110101001111110001110101110111011101110101101101111111101101010111010100110101011111010011010100110101001101010111010101101111011001010111011101010111001101110111011100 
3 0 0 2 0 0 0 0  10010000100100001000000010000000100000001001000010000000100000001000000010000000100000001000000010000000100000001001000010000000100000001000000010000000100000001001000010010000100000001001000010000000 
4 0 0 2 0 0 0 0  10000000100000001000000010010000100000001001000010010000100000001001000010000000100100001001000010010000100000001001000010010000100000001000000010010000100000001001000010000000100000001000000010000000 
4 0 0 2 0 0 0 0  10000000100100001001000010000000100000001000000010010000100000001000000010000000100000001000000010000000100000001000000010000000100000001000000010000000100000001001000010000000100000001000000010000000 
3 0 0 2 0 2 0 0  10010100100101001001010010010000100100001001000010010000100100001001010010010100100100001001000010010000100100001001000010010100100100001001000010010000100100001001000010010000100100001001000010010000 
3 0 0 2 0 2 0 0  10010100100100001001010010010000100101001001000010010000100001001001000010010000100100001001000010010000100100001001000010010000100100001001000010010000100100001001000010010000100100001001000010010000 
2 2 0 2 2 2 0 2  11010101110101011101010101011100110101010101110001010101110111000101010101011100110111001001010011010100110101001111110001011100010101000101110011010101010101000101010011110100010111000101110001011101 
3 0 0 2 0 0 0 0  10010000100100001000000010000000100100001001000010000000100000001000000010000000100000001000000010010000100000001001000010000000100000001000000010000000100100001001000010010000100000001001000010000000 
4 0 0 2 0 0 0 0  10000000100000001000000010000000100000001000000010010000100000001000000010000000100000001000000010010000100000001000000010000000100000001000000010000000100000001001000010000000100000001001000010000000 
4 0 0 2 0 0 0 0  10000000100000001000000010010000100000001001000010010000100000001000000010000000100100001001000010010000100000001001000010010000100000001001000010010000100000001001000010010000100000001001000010000000 
3 0 0 2 0 2 0 0  10010000100101001001000010010000100100001001000010010000100000001001000010010000100100001001000010010000100100001001000010010000100100001001000010010000100100001001000010010000100100001001000010010000 
4 0 0 2 0 0 0 0  10000000100000001001000010000000100000001000000010000000100000001000000010000000100000001001000010000000100000001001000010000000100000001000000010000000100000001001000010000000100000001001000010000000 
4 0 0 2 0 0 0 0  10000000100000001001000010010000100000001001000010010000100000001001000010010000100100001001000010010000100000001001000010010000100000001001000010010000100000001001000010000000100000001001000010000000 
3 0 0 3 0 0 0 0  10010000100100001001000010010000100100001001000010010000100000001001000010000000100100000001000010010000100100001001000010010000100100001001000010010000100100001001000010000000100000001000000010010000 
4 0 0 2 0 0 0 0  10000000100000001000000010010000100000001001000010010000100000001000000010000000100100001001000010000000100000001001000010000000100000001000000010010000100000001000000010010000100000001001000010000000 
4 0 0 2 0 0 0 0  10000000100100001000000010000000100000001000000010010000100000001000000010000000100000001000000010000000100000001000000010000000100000001000000010000000100000001001000010000000100000001000000010000000 
2 2 0 2 2 2 0 0  01010101010101000101010001011100010111011101010001010101110111001101010001011100010111001101110001010100010101001111110001010100110101000101010011010101110101000101010011010100010111000101110001011101 
2 2 2 2 2 2 2 2  11111101111111011111110111111101110111001111110111111101111111011101110001111101111111111111011111010111111101011111111011111101110111011111011111110101111111011111110111011101110111011101101111111101 
4 0 0 2 0 0 0 0  10000000100000001001000010000000100000001000000010010000100000001000000010000000100000001001000010000000100000001001000010000000100000001000000010000000100000001001000010000000100000001001000010000000 
4 0 0 2 0 0 0 0  10010000100000001000000010000000100000001001000010000000100000001000000010000000100100001000000010000000100000001001000010000000100000001000000010000000100000001000000010000000100000001000000010000000 
4 0 0 2 0 0 0 0  10000000100100001000000010010000100000001000000010010000100000001001000010000000100000001000000010000000100000001001000010000000100000001001000010000000100000001001000010000000100000001001000010000000 
4 0 0 2 0 0 0 0  10000000100000001001000010000000100000001001000010010000100000001000000010000000100000001001000010010000100000001000000010000000100000001000000010000000100000001001000010000000100000001001000010000000 
3 0 0 2 0 0 0 0  10010000100000001001000010000000100100001001000010010000100000001001000010000000100100001001000010010000100000001001000010000000100000001001000010000000100100001001000010000000100000001000000010010000 
4 0 0 2 0 0 0 0  10000000100100001000000010010000100000001001000010010000100000001001000010000000100100001000000010000000100000001001000010000000100000001000000010010000100000001001000010000000100000001001000010000000 
3 0 0 2 0 2 0 0  10010100100101001001000010010000100101001001000010010000100100001001000010010000100100001001000010010000100100001001000010010100100100001001000010010000100100001001000010010000100100001001000010010000 
4 0 0 2 0 0 0 0  10000000100000001001000010010000100000001001000010010000100000001001000010000000100000001001000010010000100000001001000010000000100000001001000010000000100000001001000010000000100000001001000010000000 
3 0 0 2 0 2 0 0  10010100100101001001000010010000100100001001000010010000100000001001000010010000100100001001000010010000100100001001000010010000100100001001000010010000100100001001000010010000100100001001000010010000 
2 2 2 2 2 2 2 2  11111101111111011111111111111101111111001111111111111101111111011101010111111110111111111111111011010111111111010111111011111101010111111111110111110101111111011111010111011100110111111111111010111101 
4 0 0 2 0 0 0 0  10000000100100001001000010010000100000001000000010010000100000001001000010000000100000001001000010010000100000001001000010000000100000001000000010000000100000001001000010000000100000001001000010000000 
2 2 2 2 2 2 0 2  11111101111111011111110111111101110101001111110111110101111111011101110101101100111111111111110111010100110101011111010011110100010111111111010111010101111111011001010111011101010111011101110111111100 
4 0 0 2 0 0 0 0  10000000100000001001000010000000100000001001000010010000100000001001000010000000100000001001000010010000100000001001000010000000100000001001000010000000100000001001000010000000100000001001000010000000 
4 0 0 2 0 0 0 0  10000000100100001001000010010000100000001000000010010000100000001001000010000000100000001000000010000000100000001000000010000000100000001000000010000000100000001001000010000000100000001000000010000000 
3 0 0 2 0 0 0 0  10010000100000001001000010000000100000001000000010000000100000001000000010000000100000001000000010000000100000001000000010000000100000001000000010000000100000001000000010000000100000001000000010000000 
4 0 0 2 0 0 0 0  10000000100000001000000010000000100000001000000010000000100000001000000010000000100000001000000010000000100000001000000010000000100000001001000010000000100000001001000010000000100000001001000010000000 
2 2 2 2 2 2 2 2  11111111111111011111110111111101110111001111110111111101111101011111110001111111111111111111111111010111111101011111111011111101010111011111110111110101111111011111110111011101110111011111101111111101 
3 0 0 2 0 2 0 0  10010000100100001001000010010000100101001001010010010000100100001001010010010000100100001001000010010100100100001001000010010000100100001001000010010000100100001001000010010000100100001001000010010000 
4 0 0 2 0 0 0 0  10000000100000001001000010000000100000001001000010010000100000001000000010000000100100001001000010000000100000001001000010000000100000001001000010000000100000001001000010000000100000001001000010000000 
3 0 0 3 0 0 0 0  10010000100100001000000010010000100100001001000010010000100000001000000010000000100000001001000010000000100100001001000010010000100000001001000010010000100100001000000010000000100000001000000010000000 
4 0 0 2 0 0 0 0  10000000100100001000000010000000100000001000000010010000100000001000000010000000100000001000000010000000100000001001000010000000100000001000000010000000100000001001000010000000100000001001000010000000 
4 0 0 2 0 0 0 0  10000000100100001001000010010000100000001000000010010000100000001001000010000000100000001000000010010000100000001001000010000000100000001000000010000000100000001001000010000000100000001000000010000000 
2 2 2 2 2 2 2 2  11111101111111111111110111111111111111111111111011111101111111110101110111111111111111111101011111011111111101011111111011011101111111011111111111110111111111111111110111111111111111111111111111111101 
4 0 0 2 0 0 0 0  10000000100100001000000010010000100000001000000010010000100000001000000010000000100000001001000010000000100000001000000010000000100000001000000010000000100000001001000010000000100000001001000010000000 
4 0 0 2 0 0 0 0  10000000100000001001000010010000100000001000000010010000100000001001000010010000100100001001000010010000100000001001000010010000100000001001000010010000100000001001000010000000100000001001000010000000 
2 2 2 2 2 2 2 2  11111111111111011111111111111101111111001111111111111101111111011101010111111110111111111111111011010111111111010111111011111101010111111111110111110101111111011111010111011100110111111111111010111101 
4 0 0 2 0 0 0 0  10000000100100001000000010010000100000001001000010010000100000001001000010000000100100001001000010010000100000001000000010010000100000001000000010010000100000001001000010000000100000001001000010000000 
3 0 0 2 0 0 0 0  10010000100000001001000010000000100000001000000010000000100000001000000010000000100000001000000010000000100000001000000010000000100000001000000010010000100000001001000010000000100000001000000010000000 
3 0 0 2 0 2 0 0  10010000100101001001000010010000100100001001010010010000100000001001000010010100100100001001000010010100100100001001000010010100100100001001000010010000100100001001000010010000100100001001000010010000 
3 0 0 2 0 2 0 0  10010100100101001001000010010000100100001001000010010000100100001001000010010000100100001001000010010000100100001001000010010000100101001001000010010000100100001001000010010000100100001001000010010000 
2 2 2 2 2 2 0 2  11011101111111011111110111111101110101001111110111110101110111011101010111101101111111101101010111010101110101011111110011010101110111001101010111010101111111011001010111011101010111011101110111111100 
