4 0 0 0 0 0 0 0  10000000100000001000000010000000100000001000000010000000100000001000000010000000100000001000000010000000100000001000000010000000100000001000000010000000100000001000000010000000100000001000000010000000 
3 0 0 2 0 0 0 0  10010000100100001001000010010000100100001001000010010000100100001001000010010000100100001001000010010000100100001001000010010000100100001001000010010000100100001001000010010000100100001001000010010000 
3 2 0 2 0 2 0 0  10010101100101011101010110010100100101001001010011010100110101001001010010010100100100001001010011010100100101001101000010010100100101001001010010011100100101011001010010010100100101001001010110010100 
2 2 2 2 2 2 3 0  11111111111111111111111111111101111111111111111111111111111101111111011011111110111111111111111111111111111111111111001111111111111111011111110111111111111110111111111111111111111111111111111011111111 
2 2 2 2 2 2 0 0  11111101110111011101010111110100111101011101110011111100110101001111010011111100101111001101110101011100110101011001010011111100111111011001010111110100110101011001010011110100111101011011011010111100 
3 2 2 2 0 2 0 0  10010101100101011101010110010100100101001101010011110100100101001101010011011101101111011001010011010100100101011101110011010100100101001101010010011100110101011001010011110100100101001011010010110100 
0 0 0 0 0 0 0 0  11111111111111111111111111111111111111111111111111111111111111111111111011111110111111111111111111111111111111111111111111111111111111111111111111111111111111111111111111111111111111111111111111111110 
4 0 0 2 0 0 0 0  10010000100000001000000010000000100000001000000010000000100000001000000010000000100000001000000010000000100000001000000010000000100000001000000010000000100000001000000010000000100000001000000010000000 
4 0 0 2 0 0 0 0  10000000100000001001000010000000100000001000000010000000100000001000000010000000100000001000000010000000100000001000000010000000100000001000000010000000100000001000000010000000100000001000000010000000 
2 2 2 2 0 2 0 0  11010101110101011101010110010100101101001101010011010100110101001101010010011101100111011001010011010100100101001001010011010100100111001001000011010100110101011001010011010100111101011011010110110100 
4 0 0 2 0 0 0 0  10000000100100001001000010000000100000001000000010000000100000001000000010000000100000001000000010000000100000001000000010000000100000001000000010000000100000001000000010000000100000001000000010000000 
4 0 0 2 0 0 0 0  10000000100100001000000010000000100000001000000010000000100000001000000010000000100000001000000010000000100000001000000010000000100000001000000010000000100000001000000010000000100000001000000010000000 
3 0 0 2 0 0 0 0  10010000100100001001000010000000100000001000000010000000100100001001000010000000100000001000000010000000100000001000000010000000100000001000000010000000100000001000000010000000100000001000000010000000 
3 0 0 2 0 2 0 0  10010100100101001001010010010100100101001001010010010100100101001001010010010100100100001001010010010100100100001001000010010101100101001001010010010100100101001001010010010000100101001001010010010100 
2 2 2 2 2 2 1 0  11111111111111011111110111111101111111011111111111111111111101011111011011111100111111111111111111111101110111011111001111111111111111011111110111111111111110111111111111111111111111011111111011111111 
2 2 2 2 0 2 0 0  11110101110101011111010110010100101101001101010011111101101101001101010010011100101111011101010011010100110101011001110011010100101101011101010110010101110101011001000011110100111101011011011010110100 
4 0 0 2 0 0 0 0  10000000100000001000000010010000100000001001000010010000100100001001000010010000100100001000000010010000100000001001000010000000100000001001000010000000100000001001000010000000100000001001000010000000 
3 0 0 2 0 0 0 0  10010000100100001000000010000000100000001000000010000000100000001001000010000000100100001000000010000000100000001000000010000000100000001000000010000000100000001000000010010000100000001000000010010000 
4 0 0 2 0 0 0 0  10000000100100001000000010000000100000001000000010010000100000001000000010000000100000001000000010000000100000001000000010000000100000001000000010000000100000001001000010000000100000001001000010000000 
3 0 0 2 0 2 0 0  10010100100100001001000010010000100100001001000010010100100100001001000010010000100100001001000010010000100100001001000010010000100100001001000010010000100100001001000010010000100100001001000010010000 
2 2 2 2 0 2 0 0  11010101110101011101010110010100101101001101010011011100110101001101010011011100101111011001010011010100110101011001110011010100100111001001010110010100110101011001010011110100111101011011011110110100 
2 2 2 2 2 2 1 0  11111101111111011111010110011101101101011111010001111101101111001111010011111101101111011111010011010100110111011111010011101100111101011011010110011101110111101101010111110100111101011011010010110100 
2 2 2 2 0 2 0 0  11110101111101011101010110010100101101011111010011111100100101001111010010011101101111011101110011010100100101111101110011011100101101011101010110010100110101011001010011110100111101011011011010110100 
3 0 0 2 0 0 0 0  10010000100100001000000010010000100100001000000010010000100000001001000010000000100000001000000010000000100000001000000010000000100000001000000010000000100000001000000010010000100000001001000010010000 
3 0 0 2 0 2 0 0  10010000100100001001010010010000100101001001000010010000100100001001000010010000100100001001000010010000100100001001000010010000100100001001000010010000100100001001000010010000100100001001000010010000 
4 0 0 2 0 0 0 0  10000000100000001001000010000000100000001000000010000000100000001000000010000000100000001000000010010000100000001000000010000000100000001000000010000000100000001001000010000000100000001001000010000000 
3 0 0 2 0 2 0 0  10010000100101001001010010010000100101001001000010010000100100001001000010010000100100001001010010010000100100001001000010010000100100001001000010010000100100001001000010010000100101001001000010010000 
3 0 0 2 0 2 0 0  10010100100100001001010010010000100101001001010010010000100100001001000010010000100100001001010010010000100100001001000010010000100100001001000010010000100100001001000010010000100100001001000010010000 
3 0 0 2 0 2 0 0  11010101110101001001010110010100100101001101010010010100110101001001010011010100100101011001010010010100110100001001010011010100100101001001010010010100100101011001010011110100101101011001011110010100 
3 0 0 2 0 2 0 0  10010000100101001001010010010000100100001001000010010000100100001001000010010000100100001001000010010000100100001001000010010000100100001001000010010000100100001001000010010000100100001001000010010000 
3 0 0 2 0 2 0 0  10010000100100001001000010010100100101001001010010010100100100001001010010010100100100001001000010010100100100001001000010010000100101001001000010010000100100001001000010010000100101001001010010010100 
3 0 0 2 0 2 0 0  10010000100101001001000010010000100101001001000010010100100100001001000010010000100100001001000010010000100100001001000010010000100100001001000010010000100100001001000010010000100100001001000010010000 
4 0 0 2 0 0 0 0  10000000100100001001000010000000100000001000000010010000100000001001000010000000100000001000000010000000100000001001000010000000100000001000000010000000100000001000000010000000100000001000000010000000 
3 0 0 2 0 2 0 0  10010100100100001001010010010000100100001001000010010000100100001001000010010000100100001001000010010000100100001001000010010000100100001001000010010000100100001001000010010000100100001001000010010000 
4 0 0 2 0 0 0 0  10000000100000001001000010010000100000001001000010010000100000001001000010000000100100001000000010000000100000001001000010000000100000001000000010000000100000001001000010000000100000001001000010000000 
3 0 0 2 0 2 0 0  10010000100101001001010010010100100101001001010010010100100100001001000010010000100100001001010010010000100100001001000010010000100100001001000010010000100100001001000010010000100100001001000010010000 
4 0 0 2 0 0 0 0  10000000100000001001000010000000100000001001000010010000100000001001000010000000100100001000000010000000100000001000000010000000100000001000000010000000100000001001000010000000100000001001000010000000 
3 0 0 2 0 2 0 0  10010000100101001001010010010100100101001001010010010100100100001001010010010000100100001001010010010100100100001001000010010000100100001001000010010000100100001001000010010000100100001001010010010100 
4 0 0 2 0 0 0 0  10000000100100001001000010010000100100001001000010010000100100001001000010000000100000001000000010000000100000001001000010000000100000001001000010000000100000001001000010010000100000001001000010010000 
3 0 0 2 0 2 0 0  10010100100101001001000010010000100100001001000010010000100100001001000010010000100100001001000010010000100100001001000010010000100100001001000010010000100100001001000010010000100100001001000010010000 
3 0 0 2 0 2 0 0  10010000100101001001010010010100100101001001010010010100100101001001010010010100100100001001000010010100100100001001000010010000100101001001000010010000100100001001000010010000100101001001010010010100 
3 0 0 2 0 2 0 0  10010000100101001001000010010000100101001001010010010100100100001001000010010000100100001001010010010000100100001001000010010000100100001001000010010000100100001001000010010000100101001001000010010000 
3 0 0 2 0 2 0 0  10010100100100001001000010010000100101001001010010010000100100001001000010010100100100001001000010010000100100001001000010010000100100001001000010010000100100001001000010010000100100001001000010010000 
2 2 2 2 1 2 1 0  11111101111111011111111111111101101111111111111011111111111101111111011011111101111111111111110111011110111111111111001111111111111111011111110111111011111111111111111111111101111111011111111011110111 
3 0 0 2 0 2 0 0  10010100100100001001010010010100100101001001010010010100100100001001000010010100100100001001000010010100100100001001000010010000100100001001000010010000100100001001000010010000100100001001000010010000 
4 0 0 2 0 0 0 0  10000000100000001000000010010000100000001001000010010000100000001001000010010000100100001001000010000000100000001000000010000000100000001000000010000000100000001001000010000000100000001001000010000000 
4 0 0 2 0 0 0 0  10000000100000001001000010000000100000001000000010010000100000001000000010000000100100001000000010010000100000001000000010000000100000001000000010000000100000001001000010000000100000001001000010000000 
3 0 0 2 0 1 0 0  10010000100100001001000010010000100101001001010010010000100100001001000010010000100100001001000010010000100100001001000010010000100100001001000010010000100100001001000010010000100100001001000010010000 
3 0 0 2 0 2 0 0  10010100100101001001000010010000100101001001010010010100100100001001000010010000100100001001010010010000100100001001000010010000100100001001000010010000100100001001000010010000100100001001000010010100 
3 0 0 2 0 0 0 0  10010000100000001001000010000000100000001000000010010000100000001000000010000000100000001000000010000000100000001000000010000000100000001000000010000000100000001001000010000000100000001001000010000000 
4 0 0 2 0 0 0 0  10000000100100001000000010000000100000001000000010010000100000001001000010000000100000001000000010010000100000001001000010000000100000001000000010000000100000001001000010000000100000001001000010000000 
3 0 0 2 0 0 0 0  10010000100000001001000010010000100100001000000010010000100000001001000010000000100000001000000010000000100000001001000010000000100000001000000010000000100000001000000010000000100000001001000010000000 
3 2 0 2 0 2 0 0  10010101100101001001010010010100100101001001010011110100100100000101010010010101100100101001010011010100100101011001000010010100100101011101010010011101100101011001010011010100100101001001010010010101 
3 0 0 2 0 2 0 0  10010100100101001001010010010000100100001001000010010000100100001001000010010000100100001001000010010000100100001001000010010000100100001001000010010000100100001001000010010000100100001001000010010000 
3 0 0 2 0 2 0 0  10010101100101001001010010010100100101001001010010010100100101001001010010010100100100001001010010010100100100001001000010010101100101001001010010010100100101001001010010010000100101001001010010010100 
3 0 0 2 0 2 0 0  10010100100101001001000010010000100101001001010010010000100100001001010010010100100100001001010010010000100100001001000010010000100100001001000010010000100101001001000010010100100101001001000010010100 
2 2 2 2 2 2 1 0  11111101111111011111110111111101111101011111110011111111111101011111011011111101111111111111111111111100110111011111010111111111111011011111110111111101111111111111111111110110111111011111111011111111 
3 0 0 2 0 0 0 0  10010000100100001001000010000000100100001000000010010000100100001001000010000000100100001000000010000000100000001000000010000000100100001000000010010000100100001001000010010000100000001001000010010000 
3 0 0 2 0 2 0 0  10010000100101001001000010010000100100001001000010010000100100001001000010010000100100001001000010010000100100001001000010010000100100001001000010010000100100001001000010010000100100001001000010010000 
3 0 0 2 0 0 0 0  10010000100000001000000010000000100000001000000010010000100000001001000010000000100000001000000010010000100000001001000010000000100000001000000010000000100000001001000010000000100000001001000010000000 
3 0 0 2 0 2 0 0  10010000100100001001000010010100100101001001010010010100100100001001000010010100100100001001000010010100100100001001000010010000100100001001000010010000100100001001000010010000100100001001010010010100 
3 0 0 2 0 2 0 0  10010000100100001001000010010000100101001001010010010100100100001001000010010100100100001001000010010000100100001001000010010000100100001001000010010000100100001001000010010000100100001001000010010100 
4 0 0 2 0 0 0 0  10010000100000001000000010000000100000001000000010000000100000001000000010000000100000001000000010000000100000001001000010000000100000001000000010000000100000001001000010000000100000001001000010000000 
3 0 0 2 0 2 0 0  10010000100100001001010010010000100101001001010010010100100100001001000010010000100100001001000010010000100100001001000010010000100100001001000010010000100100001001000010010000100100001001000010010000 
4 0 0 2 0 0 0 0  10000000100100001000000010010000100000001001000010010000100100001001000010000000100000001000000010010000100000001001000010000000100000001001000010000000100000001001000010000000100000001001000010000000 
3 0 0 2 0 0 0 0  10010000100000001001000010000000100000001000000010000000100000001000000010000000100000001000000010000000100000001000000010000000100000001000000010000000100000001000000010000000100000001000000010000000 
3 0 0 2 0 2 0 0  10010100100100001001000010010100100101001001010010010100100100001001000010010100100100001001000010010100100100001001000010010000100100001001000010010000100100001001000010010100100101001001000010010100 
3 0 0 2 0 2 0 0  10010100100101001001000010010000100101001001000010010100100100001001000010010000100100001001000010010000100100001001000010010000100100001001000010010000100100001001000010010000100100001001000010010000 
3 0 0 2 0 2 0 0  10010000100101001001000010010100100101001001010010010100100100001001000010010100100100001001000010010000100100001001000010010000100100001001000010010000100100001001000010010000100101001001000010010100 
3 0 0 2 0 2 0 0  10010100100101001001010010010000100101001001010010010100100100001001000010010000100100001001010010010000100100001001000010010000100100001001000010010000100100001001000010010000100100001001000010010100 
3 0 0 2 0 2 0 0  10010100100100001001000010010100100101001001010010010100100100001001000010010100100100001001000010010100100100001001000010010000100100001001000010010000100100001001000010010000100100001001000010010000 
4 0 0 2 0 0 0 0  10000000100000001001000010010000100000001001000010010000100000001001000010010000100100001001000010010000100000001000000010000000100000001000000010000000100000001001000010000000100000001001000010000000 
3 0 0 2 0 2 0 0  10010100100101001001010010010100100101001001010010010100100100001001000010010100100100001001010010010100100100001001000010010000100100001001000010010000100100001001000010010000100100001001000010010100 
4 0 0 2 0 0 0 0  10000000100100001001000010010000100000001001000010010000100000001001000010000000100000001000000010010000100000001000000010000000100000001000000010000000100000001001000010000000100000001001000010000000 
4 0 0 2 0 0 0 0  10000000100100001001000010000000100000001001000010010000100000001000000010000000100000001000000010000000100000001001000010000000100000001000000010000000100000001001000010000000100000001001000010000000 
4 0 0 2 0 0 0 0  10000000100100001000000010010000100000001001000010010000100000001001000010000000100000001000000010010000100000001000000010000000100000001000000010000000100000001001000010000000100000001001000010000000 
3 0 0 2 0 2 0 0  10010100100101001001010010010000100101001001000010010100100100001001000010010000100100001001000010010000100100001001000010010000100100001001000010010000100100001001000010010000100100001001000010010000 
3 0 0 2 0 0 0 0  10010000100100001001000010010000100100001001010010010000100100001001000010010000100100001001000010010000100100001001000010010000100100001001000010010000100100001001000010010000100100001001000010010000 
3 0 0 2 0 2 0 0  10010000100100001001010010010000100101001001010010010100100100001001000010010100100100001001010010010000100100001001000010010000100100001001000010010000100100001001000010010000100101001001000010010000 
3 0 0 2 0 2 0 0  10010000100101001001000010010100100101001001010010010100100100001001010010010100100100001001000010010000100100001001000010010000100101001001000010010000100100001001000010010000100101001001010010010100 
4 0 0 2 0 0 0 0  10000000100000001001000010010000100100001001000010010000100000001001000010000000100000001000000010000000100100001001000010000000100000001000000010000000100100001001000010010000100000001001000010000000 
4 0 0 2 0 0 0 0  10000000100100001001000010010000100100001001000010010000100000001001000010000000100000001000000010010000100000001001000010000000100000001000000010000000100000001001000010000000100000001001000010000000 
3 0 0 2 0 0 0 0  10010000100100001001000010000000100000001001000010010000100100001001000010000000100000001000000010000000100000001000000010000000100000001000000010000000100000001001000010000000100000001001000010000000 
4 0 0 2 0 0 0 0  10000000100000001001000010010000100100001001000010010000100100001001000010010000100100001000000010010000100000001001000010000000100000001000000010010000100000001001000010000000100000001001000010010000 
3 0 0 2 0 0 0 0  10010000100000001001000010010000100100001000000010010000100100001001000010000000100000001001000010010000100000001001000010000000100000001000000010000000100000001001000010000000100000001001000010000000 
4 0 0 2 0 0 0 0  10000000100000001000000010000000100000001001000010010000100000001000000010010000100100001001000010010000100000001000000010000000100000001000000010000000100000001001000010000000100000001001000010000000 
3 0 0 2 0 2 0 0  10010101100101001001010010010100100101001001010010010100100101001001010010010100100100101001010010010100100100001001000010010101100101001001010010010100100101001001010010010000100101001001010010010100 
3 0 0 2 0 0 0 0  10010000100100001001000010010000100100001001000010010000100100001001000010010000100000001000000010000000100000001001000010000000100100001000000010010000100100001001000010010000100100001001000010010000 
4 0 0 2 0 0 0 0  10000000100000001000000010000000100000001000000010010000100000001000000010010000100100001001000010010000100000001000000010000000100000001000000010000000100000001001000010000000100000001001000010000000 
4 0 0 2 0 0 0 0  10000000100000001000000010000000100000001000000010000000100000001000000010000000100000001000000010010000100000001001000010000000100000001000000010000000100000001001000010000000100000001001000010000000 
2 2 2 2 2 2 1 0  11111101111111011111110111111101111101011111110011111111111111011111011011111101101111011101110101111100110111011111010011101101111101011111110111111101110110101111011011110100111101011011011010111101 
3 0 0 2 0 0 0 0  10010000100000001001000010010000100100001001000010010000100100001001000010010000100000001001000010010000100000001001000010000000100000001000000010000000100000001001000010010000100000001001000010000000 
4 0 0 0 0 0 0 0  10000000100000001000000010000000100000001000000010000000100000001000000010000000100000001000000010000000100000001001000010000000100000001000000010000000100000001000000010000000100000001000000010000000 
3 0 0 2 0 2 0 0  10010000100100001001010010010100100101001001010010010100100100001001000010010100100100001001010010010000100100001001000010010000100100001001000010010000100100001001000010010000100101001001000010010100 
3 0 0 2 0 2 0 0  10010100100101001001010010010100100101001001010010010100100101001001010010010100100100001001010010010100100100001001000010010100100101001001010010010100100100001001000010010000100101001001010010010100 
4 0 0 2 0 0 0 0  10000000100000001000000010000000100000001000000010010000100000001000000010000000100000001000000010010000100000001001000010000000100000001000000010000000100000001001000010000000100000001001000010000000 
3 0 0 2 0 0 0 0  10010000100000001000000010010000100100001000000010010000100100001001000010000000100000001000000010010000100000001000000010000000100000001000000010000000100000001001000010000000100000001001000010000000 
4 0 0 2 0 0 0 0  10000000100000001000000010000000100000001000000010000000100000001000000010000000100000001000000010010000100000001000000010000000100000001000000010000000100000001000000010000000100000001001000010000000 
3 0 0 2 0 0 0 0  10010000100000001000000010000000100100001001000010010000100000001001000010010000100000001001000010010000100000001001000010000000100000001000000010000000100000001001000010000000100000001001000010000000 
3 0 0 2 0 2 0 0  10010100100101001001010010010100100101001001010010010100100101001001010010010100100100001001010010010100100100001001000010010000100100001001010010010000100100001001000010010000100101001001000010010100 
