4 0 0 0 0 0 0 0  10000000100000001000000010000000100000001000000010000000100000001000000010000000100000001000000010000000100000001000000010000000100000001000000010000000100000001000000010000000100000001000000010000000 
2 0 0 2 0 0 0 0  10010000100100001001000010010000100100001001000010010000100100001001000010010000100100001001000010010000100000001001000010010000100100001001000010010000100100001001000010010000100100001001000010010000 
2 0 0 2 0 2 0 0  11010101100101001001010010010100100101001001010110010100100101001001010010010101100101101001010010010100100101001001010010010100100101001001010010010100100101001101010010010100100111001001010010010100 
3 0 0 2 0 0 0 0  10010000100000001000000010000000100000001000000010000000100000001000000010000000100000001000000010000000100000001000000010000000100000001000000010000000100000001000000010000000100000001000000010000000 
2 0 0 2 0 2 0 0  10010100100101001001010010010100100101001001010110010100100101001001010010010101100101001001010010010101100101001001010010011100100101001001000010010100100101001001000010010100100101011001010010011100 
2 0 0 2 0 2 0 0  10010101100101011001010010010100100101001001010010010100100101001001010010010101100101101001010010010100100101001001010010010000100101001001110010010100100111001001010010010100100111011001010010010100 
2 0 0 2 0 2 0 0  10010101100101001001010010010100100101001001010010010100100101011001010010010101100101001001010010010100100101001001010010010000100100001001000010010100100101001001010010010100100101001001010010010100 
4 0 0 2 0 0 0 0  10000000100100001000000010000000100000001000000010000000100000001000000010000000100000001000000010000000100000001000000010000000100000001000000010000000100000001000000010000000100000001001000010000000 
3 0 0 2 0 0 0 0  10010000100000001000000010000000100000001000000010010000100000001001000010000000100100001000000010010000100000001000000010000000100000001000000010000000100000001000000010000000100000001001000010000000 
2 1 0 2 0 2 0 0  11010101110101011101010011010101100101001101110010010100100100001001110010010101100101001101010010010100100101001001010010010101100100011001000010010100100101001101010011010100110101001001110010010100 
2 0 0 2 0 2 0 0  10010000100100001001010010010100100101001001010010010100100100001001010010010100100100001001000010010100100100001001000010010000100100001001000010010000100100001001010010010000100101001001010010010000 
5 0 0 2 0 0 0 0  10000000100000001000000010000000100000001001000010010000100000001001000010000000100100001001000010010000100000001001000010000000100000001000000010000000100000001001000010000000100000001001000010000000 
2 0 0 2 0 2 0 0  10010000100101001001000010010000100100001001000010010000100100001001000010010100100100001001000010010100100100001001000010010000100100001001000010010000100100001001000010010000100101001001000010010000 
2 0 0 2 0 2 0 0  10010000100100001001010010010100100101001001000010010100100100001001000010010100100100001001000010010100100100001001000010010000100100001001000010010000100100001001000010010000100101001001010010010000 
2 0 0 2 0 2 0 0  10010000100101001001010010010100100101001001010010010000100100001001010010010101100101001001000010010100100100001001000010010000100100001001000010010000100100001001000010010000100101001001000010010000 
2 0 0 2 0 2 0 0  10010100100101001001010010010000100101001001010010010100100100001001000010010100100100001001000010010100100100001001000010010000100100001001000010010000100100001001000010010000100101001001000010010000 
2 0 0 2 2 2 0 0  10010101100101011001010010011100100101001001010010010100100101001001010010010101100101101001010010010100100101001001110010011010100101001001110010010100101111001001010010011100100111001001010010010100 
2 1 1 2 2 2 0 2  11111101110111011101010111001101100111001101110011011101111111001101110111010101110101101101010011011100110101011111010011010101111101011111010111111101111111011101110111111110110111001101110111111110 
2 0 0 2 0 2 0 0  10010000100100001001010010010000100100001001000010010100100100001001000010010100100101001001000010010100100100001001000010010000100100001001000010010000100100001001000010010000100101001001000010010000 
2 0 0 2 0 2 0 0  10010100100101001001010010010100100101001001010010010100100101001001010010010101100101001001010010010100100100001001000010010000100100001001000010010100100101001001000010010100100101001001000010010100 
3 0 0 2 0 0 0 0  10010000100100001001000010000000100100001001000010010000100000001001000010000000100100001000000010010000100000001000000010000000100000001001000010000000100000001001000010010000100000001001000010000000 
3 0 0 2 0 0 0 0  10010000100100001000000010000000100000001000000010000000100000001001000010000000100100001000000010000000100000001000000010000000100000001000000010000000100000001000000010010000100000001000000010000000 
2 0 0 2 0 0 0 0  10010000100100001001000010010000100100001001010010010000100100001001000010010000100100001001010010010000100100001001000010010000100100001001000010010000100100001001000010010000100100001001000010010000 
4 0 0 2 0 0 0 0  10000000100000001001000010000000100000001000000010000000100000001000000010000000100000001000000010000000100000001000000010000000100000001000000010000000100000001000000010000000100000001000000010000000 
4 0 0 2 0 0 0 0  10000000100100001001000010010000100100001001000010010000100000001001000010000000100100001000000010010000100000001000000010000000100000001000000010000000100000001001000010010000100000001001000010000000 
5 0 0 2 0 0 0 0  10000000100000001000000010010000100000001001000010010000100000001001000010000000100100001001000010010000100000001001000010000000100000001001000010000000100000001001000010000000100000001001000010000000 
2 0 0 2 0 2 0 0  10010000100101001001010010010000100100001001000010010000100100001001000010010100100100001001000010010100100100001001000010010000100100001001000010010000100100001001000010010000100101001001000010010000 
2 0 0 2 0 2 0 0  10010000100101001001010010010100100100001001010010010000100100001001000010010101100100001001000010010100100100001001000010010000100100001001000010010000100100001001000010010000100101001001000010010000 
4 0 0 2 0 0 0 0  10000000100000001001000010000000100000001001000010010000100000001001000010000000100100001001000010010000100000001001000010000000100000001001000010000000100000001001000010000000100000001001000010000000 
2 1 1 2 2 2 2 2  11111101111111011111110111111111111111111111110011111110111111011111111110111100111101111111110111011101111111111111111011111111111111011111110111111111111111011111111111111110111111111111111111111110 
4 0 0 2 0 0 0 0  10000000100100001001000010000000100000001000000010010000100000001001000010000000100000001000000010000000100000001000000010000000100000001000000010000000100000001000000010000000100000001000000010000000 
2 0 0 2 0 2 0 0  10010100100100001001000010010000100100001001000010010000100100001001000010010100100101001001000010010100100100001001000010010000100100001001000010010000100100001001000010010000100101001001000010010000 
4 0 0 2 0 0 0 0  10000000100100001001000010000000100000001001000010010000100000001000000010000000100000001000000010010000100000001000000010000000100000001000000010000000100000001001000010000000100000001001000010000000 
2 0 0 2 0 2 0 0  10010100100101001001000010010000100100001001000010010000100100001001000010010100100101001001000010010100100100001001000010010000100100001001000010010000100100001001000010010000100101001001000010010000 
3 0 0 2 0 0 0 0  10010000100000001001000010000000100100001000000010010000100000001000000010000000100000001000000010010000100000001000000010000000100000001000000010000000100000001000000010000000100000001000000010000000 
2 0 0 2 0 2 0 0  10010100100100001001010010010000100100001001000010010000100100001001000010010101100101001001000010010100100100001001000010010000100100001001000010010000100101001001000010010000100100001001000010010000 
2 0 0 2 0 2 0 0  10010100100100001001000010010100100101001001010010010100100100001001000010010100100100001001010010010100100100001001000010010000100100001001000010010000100100001001000010010000100101001001010010010000 
2 0 0 2 0 2 0 0  10010100100101001001010010010000100100001001000010010100100100001001000010010100100100001001000010010100100100001001000010010000100100001001000010010000100100001001000010010000100101001001000010010000 
3 0 0 2 0 0 0 0  10010000100100001000000010000000100100001001000010010000100000001001000010000000100100001000000010010000100000001000000010000000100000001000000010000000100000001001000010010000100000001001000010000000 
4 0 0 2 0 0 0 0  10000000100100001000000010000000100100001001000010010000100000001001000010000000100100001001000010010000100000001000000010000000100000001001000010000000100000001001000010000000100000001001000010000000 
2 1 1 2 2 2 2 2  11111101111111111111110111111111111111111111111011111110111111011111111111111100111101111111111111011100111111111111111011111111111111011111110111111111111111111111101111111110111111101111111011111110 
4 0 0 2 0 0 0 0  10000000100000001001000010000000100000001001000010010000100000001001000010000000100100001000000010010000100000001001000010000000100000001000000010000000100000001001000010000000100000001001000010000000 
2 0 0 2 0 2 0 0  10010100100101001001000010010000100101001001010010010000100100001001000010010100100101001001000010010100100100001001000010010000100100001001000010010000100100001001000010010000100101001001000010010000 
3 0 0 2 0 0 0 0  10010000100000001000000010000000100100001000000010000000100000001001000010000000100100001001000010000000100000001001000010010000100000001000000010000000100000001001000010010000100000001001000010000000 
2 0 0 2 0 2 0 0  10010100100101001001010010010100100101001001010010010100100100001001010010010100100100001001010010010100100100001001000010010000100100001001000010010000100101001001000010010100100101001001000010010000 
2 1 0 2 2 2 0 2  11011101110111011101010111010101100111001101010111011100111101001101110111010101100101101101010011011100100101011111010010010101111101011111010010011101110101011101110111111110110111001101010111011100 
4 0 0 2 0 0 0 0  10000000100000001001000010000000100000001001000010000000100000001001000010000000100100001000000010000000100000001001000010000000100000001000000010000000100000001001000010000000100000001001000010000000 
5 0 0 2 0 0 0 0  10000000100000001000000010000000100000001001000010000000100000001001000010000000100100001000000010000000100000001001000010000000100000001000000010000000100000001001000010010000100000001001000010000000 
4 0 0 2 0 0 0 0  10000000100100001000000010000000100000001000000010000000100000001000000010000000100100001000000010000000100000001001000010000000100000001000000010000000100000001001000010000000100000001001000010000000 
2 0 0 2 0 2 0 0  10010000100101001001010010010100100101001001010010010100100101001001000010010100100101001001010010010100100100001001000010010100100100001001000010010000100101001001000010010000100101001001010010010000 
4 0 0 2 0 0 0 0  10000000100000001001000010000000100000001000000010000000100000001000000010000000100100001000000010000000100000001001000010000000100000001000000010000000100000001001000010000000100000001000000010000000 
2 0 0 2 0 2 0 0  10010100100100001001000010010000100101001001010010010100100100001001000010010000100100001001000010010100100100001001000010010000100100001001000010010000100101001001000010010000100100001001000010010000 
2 1 0 2 2 2 0 2  11010101110101011101010111010101100111001101110111011100111101001101110010011101100101101101010011011100100101011101010010010101110101011111010010011101110111011101110111111110110111001001010111011100 
4 0 0 2 0 0 0 0  10000000100000001001000010000000100100001001000010010000100000001001000010000000100100001001000010010000100000001001000010000000100100001000000010000000100000001001000010010000100000001001000010000000 
3 0 0 2 0 0 0 0  10010000100000001001000010010000100100001001000010000000100000001001000010000000100100001000000010010000100000001001000010010000100000001000000010000000100000001001000010010000100000001001000010000000 
2 0 0 2 0 2 0 0  10010100100101001001000010010100100101001001010010010000100100001001010010010101100101001001010010010100100100001001000010010000100100001001000010010000100101001001000010010000100101001001000010010000 
2 0 0 2 0 2 0 0  10010000100101001001000010010100100101001001010010010100100100001001010010010100100100001001010010010100100100001001000010010000100100001001000010010000100101001001000010010100100101011001010010010100 
4 0 0 2 0 0 0 0  10000000100100001001000010000000100000001001000010010000100000001001000010000000100000001001000010010000100000001000000010000000100000001001000010000000100000001001000010000000100000001001000010000000 
3 0 0 2 0 0 0 0  10010000100000001001000010010000100100001000000010010000100000001001000010000000100100001000000010010000100000001000000010000000100000001000000010000000100000001000000010000000100000001001000010000000 
2 0 0 2 0 2 0 0  10010100100100001001000010010100100101001001010010010100100100001001010010010101100101001001010010010100100100001001000010010000100100001001000010010000100101001001000010010100100101001001010010010000 
3 0 0 2 0 0 0 0  10000000100100001001000010000000100000001000000010000000100000001000000010000000100000001000000010000000100000001000000010000000100000001000000010000000100000001000000010000000100000001000000010000000 
4 0 0 2 0 0 0 0  10000000100100001000000010010000100000001000000010010000100000001000000010000000100100001000000010000000100000001001000010000000100000001000000010000000100000001001000010000000100000001001000010000000 
2 1 1 2 2 2 2 2  11111101111111011111110111010101110101011111110011111101111111011101110111010101111111111111010111011101111101011111111011010101111101011111010111111101111111011111011111111100111111000111110111011110 
2 0 0 2 0 2 0 0  10010101100101011001010010010100100101001001010010010100100101011001010010010101100101101001010010010100100101001001010010010000100101001001000010010000100111001001010010010100100101001001010010010100 
3 0 0 2 0 0 0 0  10010000100000001001000010000000100000001000000010000000100000001000000010000000100000001000000010000000100000001000000010000000100000001000000010000000100000001000000010000000100000001000000010000000 
2 0 0 2 0 2 0 0  10010000100101001001000010010100100101001001010010010100100100001001000010010100100101001001010010010100100100001001000010010000100100001001000010010000100101001001000010010000100101001001000010010000 
2 0 0 2 0 2 0 0  10010000100100001001000010010000100100001001010010010000100100001001000010010100100101011001010010010100100100001001000010010000100100001001000010010000100100001001000010010000100101001001000010010000 
3 0 0 2 0 0 0 0  10010000100100001001000010000000100000001000000010000000100000001001000010000000100000001000000010000000100000001000000010000000100000001000000010000000100000001000000010010000100000001000000010000000 
4 0 0 2 0 0 0 0  10000000100100001001000010010000100100001001000010010000100100001001000010000000100100001001000010010000100000001001000010000000100100001000000010010000100000001001000010000000100000001001000010000000 
4 0 0 2 0 0 0 0  10000000100000001001000010000000100000001000000010000000100000001000000010000000100100001000000010000000100000001001000010000000100000001000000010000000100000001001000010010000100000001001000010000000 
2 0 0 2 0 2 0 0  10010000100101001001000010010000100101001001010010010100100100001001000010010100100100001001010010010100100100001001000010010000100100001001000010010000100100001001000010010000100101001001000010010000 
5 0 0 2 0 0 0 0  10000000100000001000000010000000100000001001000010000000100000001001000010000000100100001000000010000000100000001000000010000000100000001000000010000000100000001000000010010000100000001001000010000000 
5 0 0 2 0 0 0 0  10000000100000001000000010000000100000001000000010000000100000001000000010000000100100001000000010000000100000001001000010000000100000001000000010000000100000001000000010010000100000001001000010000000 
2 0 0 2 0 2 0 0  10010000100100001001000010010100100101001001000010010100100100001001000010010100100100001001000010010100100100001001000010010000100100001001000010010000100100001001010010010000100101001001010010010000 
4 0 0 2 0 0 0 0  10000000100100001000000010000000100000001001000010010000100000001001000010000000100100001001000010010000100000001000000010000000100000001000000010000000100000001001000010000000100000001001000010000000 
2 0 0 2 0 2 0 0  10010000100101001001000010010100100100001001000010010100100100001001000010010100100101001001000010010100100100001001000010010000100100001001000010010000100100001001000010010000100101001001000010010000 
2 1 1 2 2 2 2 2  11111111111111011111110111111111111111111111110011111111111111011111111110111100111101111111110111011101111111111111111011110111111101010111110111111111111111011111111111111110111111111111111111111110 
2 1 0 2 2 2 0 2  11011101110101011101010011010101100101001101110010011100111101001101110011011101110101101101010011011100100101011001010011010101110101011111011010011101110111011101110011101100110111001001110011001100 
2 0 0 2 0 2 0 0  10010000100100001001000010010100100101001001010010010100100100001001010010010101100101001001010010010100100100001001000010010000100100001001000010010100100101001001000010010100100101011001010010010100 
2 0 0 2 0 2 0 0  10010100100100001001010010010000100101001001010010010000100100001001000010010100100101001001000010010100100100001001000010010000100100001001000010010000100100001001000010010000100101001001000010010000 
2 0 0 2 0 2 0 0  10010100100101001001000010010100100101001001010010010100100100001001010010010101100101001001010010010100100100001001000010010000100100001001000010010000100101001001010010010100100101001001010010010000 
2 1 1 2 2 2 2 2  11011101110111011101010111011101110111001101110011011111111111011101110111011101110111101101010011011100111101111111111011010101111101011111010111111101111111011101110111111110110111001111110111111110 
5 0 0 2 0 0 0 0  10000000100000001001000010010000100100001001000010010000100000001001000010000000100100001001000010010000100000001001000010010000100000001000000010000000100000001001000010010000100000001001000010000000 
2 0 0 2 0 2 0 0  10010000100101001001010010010100100101001001010010010100100100001001000010010101100101001001010010010100100100001001010010010100100100001001000010010100100101001001010010010100100101001001010010010000 
2 1 0 2 2 2 0 2  11010101110101011101010011010101100101011101110010011100110101001101110011010101110101001101010011011100100101011001010011010101110101011101000110010101110111011101110011101100110101001001110011001100 
2 0 0 2 0 2 0 0  10010000100100001001000010010100100101001001010010010100100100001001010010010100100100001001000010010100100100001001000010010000100100001001000010010000100100001001010010010000100101001001010010010000 
5 0 0 2 0 0 0 0  10000000100000001000000010010000100100001001000010010000100000001001000010000000100100001001000010010000100000001000000010000000100000001001000010000000100000001001000010010000100000001001000010000000 
3 0 0 2 0 0 0 0  10010000100100001000000010000000100100001000000010010000100000001001000010000000100100001000000010000000100000001000000010000000100000001000000010000000100000001000000010010000100000001000000010000000 
2 1 1 2 2 2 2 2  11111101111111011101010111011101100101001101110011011101111111001101110111010101110101101101010111011100111101011111010011010101111101011111010111111101111111011101110111111010110111000111110111011110 
2 0 0 2 0 0 0 0  10010000100100001001000010010000100100001001000010010000100100001001000010010000100101001001000010010100100000001001000010010000100100001001000010010000100100001001000010010000100100001001000010010000 
3 0 0 2 0 0 0 0  10010000100100001001000010000000100100001001000010010000100000001001000010000000100000001000000010010000100000001000000010000000100000001000000010000000100000001000000010000000100000001000000010000000 
2 0 0 2 0 2 0 0  10010100100100001001010010010100100101001001010010010100100100001001010010010101100101001001010010010100100100001001000010010000100100001001000010010100100100001001000010010000100101001001000010010000 
5 0 0 0 0 0 0 0  10000000100000001000000010000000100000001000000010000000100000001000000010000000100100001000000010000000100000001000000010000000100000001000000010000000100000001000000010010000100000001000000010000000 
3 0 0 2 0 0 0 0  10010000100000001000000010000000100100001001000010010000100000001001000010000000100100001001000010000000100000001001000010010000100000001000000010000000100000001001000010010000100000001001000010000000 
2 0 0 2 0 2 0 0  10010100100100001001010010010100100101001001010010010100100100001001000010010100100100001001000010010100100100001001000010010000100100001001000010010000100100001001000010010000100101001001010010010000 
5 0 0 0 0 0 0 0  10000000100000001000000010000000100000001000000010000000100000001000000010000000100100001000000010000000100000001000000010000000100000001000000010000000100000001000000010000000100000001000000010000000 
2 0 0 2 0 2 0 0  10010000100100001001000010010100100101001001010010010100100100001001000010010100100101001001010010010100100100001001000010010100100100001001000010010000100101001001010010010000100101001001010010010000 
2 1 0 2 2 2 0 2  11011101110111011101010111010101100111001101010011011100111111001101110010010101110101101101010011011100100101011111110011010101110101011111010010011101111111011101110011101000110111001101110111011100 
2 1 0 2 2 2 0 2  11010101110101011101010011010101100101001101110010011100100101001101110011011101110101001101010011011100100101001001010011010101110101011101000010010101110111001101110011101100110101001001110011010100 
2 1 1 2 2 2 2 2  11111111111111111111111111111111111111101111111011111110111111111111111111111110111111101111111111011110111111111111111011111111111111111111111111111111111111111111101111111110111111101111111011111111 
