3 0 0 0 0 0 0 0  10000000100000001000000010000000100000001000000010000000100000001000000010000000100000001000000010000000100000001000000010000000100000001000000010000000100000001000000010000000100000001000000010000000 
2 0 0 2 0 0 0 0  10010000100100001001000010010000100100001001000010010000100100001001000010010000100100001001000010010000100100001001000010010000100100001001000010010000100100001001000010010000100100001001000010010000 
0 0 0 0 0 0 0 0  11111111111111111111111111111111111111111111111111111111111111111111111111111111111111111111111111111110111111111111111111111111111111111111111111111111111111111111111111111111111111111111111111111111 
2 2 0 2 0 2 0 0  11010101110101011101010110011100100101001101010010010100110101001001010110010100100111001001010110010101110101001111000010010100100101011011010010010101110101011101010010010100110101001001010010011100 
2 2 2 2 2 2 1 0  11111111111111111111111111111111111111011111111111111111111111111101011111111101110111011111110111010110111111111111101111111011101111111111111111110111100111111111111111011100111111011111110011111101 
2 0 0 2 0 2 0 0  10010100100101001001010010010100100101001001010010010100100101001001010010010100100101001001000010010000100100001001000010010100100101011001010010010100100101001001000010010100100101001001010010010100 
2 0 0 2 0 2 0 0  10010101110101011001010110010100100101001001010010010100100101001001010110010100100101001001010110010101110100001101000010010100100101011001010010010100110101011001010010010100100101001001010010010100 
2 2 0 2 0 2 0 0  11010101110101001101010010010100100101011101010010010100110101001001010110010100100101001001010110010101110100001111000110010100100101011001010010010101110111001001010010010100100101001001010010111100 
2 0 0 2 0 2 0 0  10010101100101011001010110010100100101001001010010010100100101001001010110010100100101001001010110010101110100001001000010010100100101011001010010010100110101001001000010010100100101001001010010010100 
3 0 0 2 0 0 0 0  10010000100000001000000010000000100000001000000010000000100000001000000010000000100000001000000010000000100000001000000010000000100000001000000010000000100000001000000010000000100000001000000010000000 
2 2 2 2 2 2 2 0  11111101111111011111110111110101101111011111111111011111111111011101010111111101110111011111110111010111111101111111101111010110110111011110110111010111110111011011111111111100110111001111110011111101 
4 0 0 2 0 0 0 0  10000000100100001000000010000000100100001001000010010000100000001001000010000000100000001000000010010000100000001000000010000000100000001001000010010000100000001001000010000000100000001001000010000000 
4 0 0 2 0 0 0 0  10000000100100001001000010000000100000001000000010000000100000001000000010000000100000001001000010000000100000001000000010000000100000001000000010000000100000001000000010000000100000001000000010000000 
2 2 2 2 2 2 1 0  11111101111111111111111111111111111111011111111111111111111111111111111111111101110111011111110111010110111111111111111111111011101111111111111111111111110111111111111111111100111111001111110011111101 
2 0 0 2 0 2 0 0  10010101100101001001010010010100100101001001010010010000100100001001010110010100100101001001010010010000100100001001000010010100100101011001010010010100100101001001000010010100100101001001010010010100 
4 0 0 2 0 0 0 0  10000000100100001000000010000000100000001000000010000000100000001000000010000000100000001000000010000000100000001000000010000000100000001000000010000000100000001000000010000000100000001000000010000000 
2 2 2 2 2 2 2 0  11111101111111011111111111111111111111011111111011111111111111111111011110111101110111011111110111011110111101111111101111011011110111111111111111110111110111111111110111111100110111001111110001111101 
4 0 0 2 0 0 0 0  10000000100000001000000010000000100000001001000010010000100000001000000010000000100100001001000010010000100000001000000010010000100000001001000010000000100000001001000010000000100000001001000010000000 
3 0 0 2 0 0 0 0  10010000100100001000000010000000100000001001000010000000100000001001000010000000100000001000000010000000100000001000000010000000100000001000000010000000100000001000000010000000100000001000000010000000 
2 0 0 2 0 2 0 0  10010000100101001001010010010000100101001001010010010000100100001001000010010000100100001001000010010000100100001001000010010000100100001001000010010000100100001001000010010000100100001001000010010000 
2 0 0 2 0 2 0 0  10010100100101001001010010010000100100001001000010010000100100001001000010010000100100001001000010010000100100001001000010010000100100001001000010010000100100001001000010010000100100001001000010010000 
4 0 0 2 0 0 0 0  10000000100100001000000010000000100100001000000010010000100000001001000010000000100000001000000010010000100000001000000010000000100000001000000010000000100000001001000010000000100000001001000010000000 
2 0 0 2 0 2 0 0  10010000100100001001000010010000100101001001010010010100100100001001000010010100100100001001000010010000100100001001000010010000100100001001000010010000100100001001000010010000100101001001000010010100 
4 0 0 2 0 0 0 0  10000000100000001001000010000000100000001000000010000000100000001000000010000000100000001000000010000000100000001000000010000000100000001000000010000000100000001000000010000000100000001000000010000000 
2 0 0 2 0 2 0 0  10010100100100001001000010010000100100001001000010010100100100001001000010010000100100001001000010010000100100001001000010010000100100001001000010010000100100001001000010010000100100001001000010010000 
4 0 0 2 0 0 0 0  10000000100000001001000010000000100000001001000010010000100000001001000010000000100000001001000010000000100000001001000010000000100100001001000010000000100100001001000010000000100000001001000010000000 
4 0 0 2 0 0 0 0  10000000100100001001000010010000100100001001000010010000100100001001000010000000100100001000000010010000100000001001000010000000100000001001000010010000100000001001000010000000100000001001000010010000 
2 0 0 2 0 2 0 0  10010000100101001001010010010000100100001001000010010000100100001001000010010000100100001001000010010000100100001001000010010000100100001001000010010000100100001001000010010000100100001001000010010000 
4 0 0 2 0 0 0 0  10000000100000001000000010000000100000001000000010010000100000001001000010000000100000001000000010010000100000001000000010000000100000001001000010000000100000001001000010000000100000001001000010000000 
2 2 2 2 0 2 1 1  11010101110101011111010111010100101101011101010010010111111101001101010110110100110101000111010110010101111101101111001110010100110101011011010010011101110111010011011110010100110101101101010011110100 
3 0 0 2 0 0 0 0  10010000100000001000000010000000100100001000000010000000100000001001000010000000100000001001000010010000100000001000000010000000100000001000000010000000100000001001000010000000100000001001000010000000 
2 0 0 2 0 2 0 0  10010000100100001001010010010000100100001001000010010000100100001001000010010000100100001001000010010000100100001001000010010000100100001001000010010000100100001001000010010000100100001001000010010000 
2 0 0 2 0 2 0 0  10010000100101001001000010010000100100001001000010010000100100001001000010010000100100001001000010010000100100001001000010010000100100001001000010010000100100001001000010010000100100001001000010010000 
2 2 0 2 0 2 0 0  10010101100101011001010110010100100111001101010010010100100101001001010110010100100101001001010110010001110100001001010010010100100101011011010010010100110101001001010010010100100111001101010010010100 
2 2 2 2 0 2 1 0  11010101111101011111010111010100111101011101010011010111111111111101010111110100110101000111010110010101111101101001010110010100110101011111010010011111110111010011011111111100110101001101010011110101 
2 0 0 2 0 2 0 0  10010000100101001001010010010100100101001001010010010100100100001001010010010100100100001001000010010000100100001001000010010000100101001001000010010000100100001001000010010100100101001001010010010100 
2 0 0 2 0 2 0 0  10010000100100001001000010010100100101001001010010010100100100001001010010010100100100001001000010010000100100001001000010010100100100001001000010010000100100001001000010010100100100001001000010010100 
4 0 0 2 0 0 0 0  10000000100100001001000010000000100100001001000010010000100100001001000010000000100000001000000010010000100000001000000010010000100000001000000010010000100000001001000010000000100000001001000010000000 
4 0 0 2 0 0 0 0  10000000100000001001000010000000100000001000000010010000100000001000000010000000100100001001000010010000100000001001000010010000100000001001000010000000100000001001000010000000100000001001000010000000 
2 0 0 2 0 2 0 0  10010000100100001001010010010100100101001001010010010000100100001001000010010000100100001001000010010000100100001001010010010000100100001001000010010000100100001001000010010000100100001001000010010000 
3 0 0 2 0 0 0 0  10010000100000001000000010000000100100001001000010010000100000001001000010000000100000001001000010010000100000001000000010010000100000001000000010000000100000001001000010000000100000001001000010000000 
2 0 0 2 0 2 0 0  10010000100100001001010010010100100101001001010010010000100100001001010010010000100100001001000010010000100100001001010010010000100100001001000010010000100100001001000010010100100100001001010010010100 
2 0 0 2 0 0 0 0  10010000100100001001000010010000100101001001000010010000100100001001000010010000100100001001000010010000100100001001000010010000100100001001000010010000100100001001000010010000100100001001000010010000 
2 0 0 2 0 2 0 0  10010100100101001001010010010100100101001001010010010100100100001001010010010100100100001001010010010000100100001001000010010000100100001001000010010100100100001001000010010100100101001001010010010100 
2 0 0 2 0 2 0 0  10010100100101001001000010010100100101001001010010010100100100001001010010010100100100001001010010010000100100001001000010010000100100001001010010010000100100001001000010010000100100001001000010010000 
2 2 2 2 0 2 1 0  11111101111101011111010111010100101101011101010011010111111111111101010110110100110111001011010110010101111101101111001110010100110101011111010110010101110111011011010110010100110101001101010011110100 
2 0 0 2 0 2 0 0  10010000100101001001010010010000100101001001010010010100100100001001000010010000100100001001000010010000100100001001000010010000100100001001000010010000100100001001000010010100100100001001000010010100 
2 0 0 2 0 2 0 0  10010100100100001001000010010100100101001001010010010100100100001001010010010100100100001001010010010000100100001001000010010000100100001001000010010000100100001001000010010100100101001001000010010000 
3 0 0 2 0 0 0 0  10010000100000001001000010000000100000001000000010000000100000001000000010000000100000001000000010000000100000001000000010000000100000001000000010000000100000001000000010000000100000001000000010000000 
2 0 0 2 0 2 0 0  10010000100101001001010010010000100101001001010010010100100100001001010010010100100100001001000010010000100100001001000010010000100100001001000010010000100100001001000010010100100101001001000010010100 
4 0 0 2 0 0 0 0  10000000100000001000000010000000100100001001000010010000100000001001000010000000100100001001000010010000100000001000000010010000100000001001000010010000100000001001000010000000100000001001000010000000 
2 0 0 2 0 2 0 0  10010100100100001001000010010000100101001001010010010100100100001001000010010100100100001001000010010000100100001001000010010000100100001001000010010000100100001001000010010000100100001001010010010100 
4 0 0 2 0 0 0 0  10000000100000001000000010000000100100001001000010010000100000001001000010000000100100001000000010010000100000001000000010010000100000001001000010000000100000001001000010000000100000001001000010000000 
2 0 0 2 0 2 0 0  10010000100101001001000010010000100101001001010010010100100100001001010010010100100100001001000010010000100100001001000010010000100100001001000010010000100100001001000010010100100101001001000010010000 
2 0 0 2 0 2 0 0  10010000100101001001000010010000100101001001000010010100100100001001000010010000100100001001000010010000100100001001000010010000100100001001000010010000100100001001000010010000100100001001000010010000 
2 0 0 2 0 2 0 0  10010000100101001001000010010000100101001001010010010100100100001001000010010000100100001001000010010000100100001001000010010000100100001001000010010000100100001001000010010000100100001001000010010100 
2 0 0 2 0 2 0 0  10010000100100001001000010010100100101001001000010010100100100001001000010010000100100001001000010010000100100001001000010010000100100001001000010010000100100001001000010010000100100001001000010010000 
4 0 0 2 0 0 0 0  10000000100100001001000010000000100000001000000010010000100000001000000010000000100100001000000010010000100000001001000010000000100000001001000010000000100000001001000010000000100000001000000010000000 
4 0 0 2 0 0 0 0  10000000100100001001000010000000100000001001000010010000100000001001000010000000100100001000000010010000100000001000000010000000100000001001000010000000100000001001000010000000100000001001000010000000 
2 2 2 2 0 2 1 0  11110101111101011111010111010100101101011101010011011111111111111101010110110100110101001111010110010101111101111101001110010100110101011011010110011101110111011011011111010100110101011101010011110100 
2 0 0 2 0 2 0 0  10010101100101001001010010010100100101001001010010010100100100001001010110010100100101001001010010010100110100001001000010010100100101011001010010010100100101001001000010010100100101001001010010010100 
2 0 0 2 0 2 0 0  10010000100101001001000010010100100101001001010010010100100100001001010010010100100100001001000010010000100100001001000010010000100100001001000010010000100100001001000010010100100101001001010010010100 
2 0 0 2 0 2 0 0  10010000100100001001010010010000100101001001000010010100100100001001000010010000100100001001000010010000100100001001000010010000100100001001000010010000100100001001000010010000100100001001000010010000 
3 0 0 2 0 0 0 0  10010000100100001001000010000000100100001001000010010000100100001001000010000000100100001000000010010000100000001000000010000000100100001001000010010000100000001001000010000000100000001000000010000000 
4 0 0 2 0 0 0 0  10000000100000001001000010000000100100001001000010010000100000001001000010000000100100001001000010010000100000001000000010010000100000001001000010010000100000001001000010000000100000001001000010000000 
2 0 0 2 0 2 0 0  10010100100100001001000010010000100101001001000010010100100100001001000010010100100100001001000010010000100100001001000010010000100100001001000010010000100100001001000010010000100100001001000010010000 
4 0 0 2 0 0 0 0  10000000100000001000000010000000100000001000000010000000100000001000000010000000100100001000000010010000100000001000000010000000100000001000000010010000100000001001000010000000100000001001000010000000 
2 0 0 2 0 2 0 0  10010100100101001001010010010000100101001001010010010000100100001001000010010000100100001001000010010000100100001001000010010000100100001001000010010000100100001001000010010000100100001001000010010000 
3 0 0 2 0 0 0 0  10010000100000001000000010000000100000001000000010010000100000001000000010000000100000001000000010010000100000001000000010000000100000001000000010000000100000001000000010000000100000001001000010000000 
2 0 0 2 0 2 0 0  10010100100100001001010010010000100101001001010010010100100100001001000010010100100100001001000010010000100100001001000010010000100100001001000010010000100100001001000010010000100100001001000010010000 
3 0 0 2 0 0 0 0  10010000100100001001000010000000100000001000000010000000100000001001000010000000100000001000000010000000100000001000000010000000100000001001000010000000100000001000000010000000100000001000000010000000 
4 0 0 2 0 0 0 0  10000000100100001000000010000000100000001000000010010000100000001001000010000000100000001000000010000000100000001000000010000000100000001000000010000000100000001001000010000000100000001001000010000000 
2 0 0 2 0 2 0 0  10010100100101001001000010010100100101001001010010010100100100001001000010010000100100001001000010010000100100001001000010010000100100001001000010010000100100001001000010010000100100001001000010010000 
2 0 0 2 0 2 0 0  10010100100101001001000010010000100100001001000010010000100100001001000010010000100100001001000010010000100100001001000010010000100100001001000010010000100100001001000010010000100100001001000010010000 
3 0 0 2 0 0 0 0  10010000100100001000000010000000100100001001000010010000100000001001000010000000100000001000000010000000100000001000000010000000100000001000000010000000100000001000000010000000100000001001000010000000 
3 0 0 2 0 0 0 0  10010000100100001001000010000000100000001000000010010000100000001001000010000000100000001001000010010000100000001000000010000000100000001001000010000000100000001001000010000000100000001000000010000000 
2 2 2 2 0 2 1 0  11110101111101011111010111010100101101011101010011010111111111111101010110110100110101000111010110010101111101101001001110010100110101011011010010011101110111010011011111110100110101011101010011110100 
2 0 0 2 0 2 0 0  10010100100100001001010010010000100100001001000010010000100100001001000010010000100100001001000010010000100100001001000010010000100100001001000010010000100100001001000010010000100100001001000010010000 
4 0 0 2 0 0 0 0  10000000100000001000000010000000100000001000000010000000100000001000000010000000100100001000000010010000100000001000000010000000100000001000000010000000100000001000000010000000100000001001000010000000 
2 0 0 2 0 2 0 0  10010100100101001001000010010000100101001001000010010100100100001001000010010000100100001001000010010000100100001001000010010000100100001001000010010000100100001001000010010000100100001001000010010000 
4 0 0 2 0 0 0 0  10000000100000001001000010000000100000001000000010010000100000001000000010000000100100001000000010010000100000001001000010010000100000001001000010000000100000001001000010000000100000001000000010000000 
2 0 0 2 0 2 0 0  10010100100101001001010010010100100101001001010010010100100100001001010010010000100100001001010010010000100100001001000010010000100100001001000010010000100100001001000010010100100100001001000010010100 
2 0 0 2 0 2 0 0  10010100100101001001010010010100100101001001010010010100100100001001000010010000100100001001010010010000100100001001000010010000100100001001000010010000100100001001000010010000100100001001000010010000 
3 0 0 2 0 0 0 0  10010000100000001001000010000000100100001001000010010000100000001001000010000000100000001001000010000000100000001000000010010000100000001000000010000000100000001001000010000000100000001001000010000000 
3 0 0 2 0 0 0 0  10010000100100001001000010000000100100001001000010010000100100001001000010000000100100001000000010010000100000001000000010010000100100001001000010010000100100001001000010010000100100001001000010010000 
4 0 0 2 0 0 0 0  10000000100100001001000010000000100000001000000010010000100000001000000010000000100000001000000010000000100000001001000010000000100000001000000010000000100000001001000010000000100000001000000010000000 
2 0 0 2 0 2 0 0  10010100100100001001010010010100100101001001010010010100100100001001000010010100100100001001000010010000100100001001000010010000100100001001000010010000100100001001000010010000100101001001000010010100 
3 0 0 2 0 0 0 0  10010000100100001000000010000000100100001001000010010000100100001001000010000000100000001000000010010000100000001000000010000000100000001001000010010000100000001001000010000000100000001001000010000000 
4 0 0 2 0 0 0 0  10000000100100001000000010000000100000001000000010010000100000001001000010000000100000001000000010000000100000001000000010000000100000001000000010000000100000001000000010000000100000001000000010000000 
3 0 0 2 0 0 0 0  10010000100000001001000010000000100000001000000010010000100000001000000010000000100000001000000010000000100000001000000010000000100000001000000010000000100000001001000010000000100000001001000010000000 
3 0 0 2 0 0 0 0  10010000100000001001000010000000100100001000000010010000100000001000000010000000100000001000000010010000100000001000000010000000100000001000000010000000100000001001000010000000100000001001000010000000 
4 0 0 2 0 0 0 0  10000000100000001001000010000000100100001001000010010000100100001001000010000000100100001000000010010000100100001001000010010000100000001001000010000000100100001001000010000000100000001001000010010000 
2 0 0 2 0 2 0 0  10010100100100001001010010010000100100001001010010010000100100001001000010010100100100001001000010010000100100001001000010010000100100001001000010010000100100001001000010010000100100001001000010010000 
2 2 2 2 2 2 1 0  11111101111111011111010111110100101101011101010111011111111011011101010111110101110111011111010111010101111111111111101110010000110111011011010110010111110111011011111111011100110111001111110011110100 
4 0 0 2 0 0 0 0  10000000100000001001000010000000100000001000000010000000100000001000000010000000100100001000000010010000100000001000000010000000100000001000000010000000100000001001000010000000100000001001000010000000 
3 0 0 2 0 0 0 0  10010000100000001001000010000000100100001001000010010000100000001001000010000000100000001001000010010000100000001000000010010000100000001001000010010000100100001001000010000000100000001001000010000000 
4 0 0 2 0 0 0 0  10000000100000001001000010000000100000001000000010000000100000001000000010000000100000001000000010010000100000001000000010000000100000001000000010000000100000001001000010000000100000001000000010000000 
4 0 0 2 0 0 0 0  10000000100000001001000010000000100000001000000010010000100000001000000010000000100100001000000010010000100000001000000010000000100000001000000010000000100000001001000010000000100000001001000010000000 
3 0 0 0 0 0 0 0  10000000100000001000000010000000100000001000000010000000100000001000000010000000100000001000000010010000100000001000000010000000100000001000000010000000100000001000000010000000100000001000000010000000 
2 0 0 2 0 2 0 0  10010101100101011001010110010100100101001001010010010000100101001001010110010100100101001001010010010101100100001001000010010100100101011001010010010100110101001001000010010100100100001001010010010100 
