218.21503870268177 2.32809707769491 
219.95859565819327 2.2058150910426892 
223.35670234452985 1.888366930977392 
221.95048513631522 2.0064763784295017 
234.116924240292 1.3168833379733915 
222.21242683580172 1.992974014888487 
232.75716938341705 1.3391245124050897 
231.78840621155234 1.3699820636501077 
231.11082847014512 1.3991101388230434 
232.26527311477517 1.3610369673095266 
225.63126994828252 1.834993609465377 
226.52479421019146 1.7336999687408692 
229.34069235077712 1.490763052729922 
227.20921299001597 1.6614912245121092 
233.36521125565355 1.3192102843609042 
228.93289537059403 1.5123232742659094 
230.34622337828438 1.4340530443168904 
225.8069262807751 1.8177705091428213 
232.6055660089233 1.3535852347525128 
226.79579340928015 1.7061491037710454 
218.48190539295533 2.31619039168207 
233.60968818853289 1.3171933022897317 
229.4902795902418 1.484237551789269 
230.1118068692792 1.4498100543801562 
226.1194305464435 1.783811960162408 
227.6848256053857 1.6234864172435883 
225.99768397293508 1.8044231387134244 
227.8185341989519 1.6145198725691985 
218.361334858669 2.3168946998304802 
228.44447131534625 1.552076172386722 
229.6329632657853 1.4751380222962172 
228.3182012163741 1.5647440763252125 
230.01145789258854 1.454081703909847 
229.05740349788934 1.5068077251105736 
230.7141421656317 1.4169722348467026 
225.26406613181047 1.8797422108175381 
226.23821222644267 1.7760994707209643 
227.38258242717262 1.6472585125985013 
228.55207024789618 1.5429030296362756 
225.54251278531373 1.8552692594967857 
227.0268323147146 1.6877755967769563 
227.49855687658774 1.639273821704425 
225.33599359967926 1.871141782186516 
225.464357609111 1.8613666910747892 
228.36500733797297 1.558733054690522 
229.17512872369906 1.503940356106615 
226.41732571061587 1.7525611796589609 
228.61376914285498 1.5383216911894713 
227.30684135400142 1.6564546331427896 
229.91902938405758 1.46056078339256 
230.4460535674281 1.430083550192866 
228.69797297886655 1.5330976794321305 
233.16038509548068 1.3360706964716045 
230.61258415352484 1.4245413931192492 
231.53330100054453 1.3887868936531604 
226.9159875707027 1.6970962779193297 
226.64053231941992 1.7239248776291423 
228.24582238254942 1.5788541606408772 
226.35050876266763 1.7604066057461543 
230.79767517540958 1.41485198599703 
232.13457292229694 1.36801537986431 
218.31177373548633 2.3229483607272337 
225.39306074551007 1.8675999132132846 
226.95256923593178 1.6937776763084573 
226.70916271345965 1.7153358154592566 
227.96211089163702 1.5992061358182132 
227.15596180924044 1.6798355017202298 
227.58676070198928 1.6326263999619208 
228.85661210679586 1.5224468234387707 
226.05771266901704 1.7992695747487366 
228.1760418826019 1.5832352882954392 
231.69870533998906 1.384772541818235 
226.67390320709256 1.718076962342108 
231.58267087527466 1.3870739052481627 
227.62165548747475 1.6294987305927 
228.109404794886 1.5887498582207538 
231.4746337644914 1.3958268226176656 
229.71147800406334 1.4708069431202817 
231.02231396015284 1.4097537894554755 
225.77027679603054 1.823764429931007 
225.7409943740706 1.8288017268885388 
227.89999423601898 1.608182142284993 
229.88533350147534 1.464650155778274 
228.76778830576447 1.5275135452662987 
231.07051595562493 1.4060584610334936 
230.53995563949059 1.428071872394478 
226.32690611667735 1.76995451912776 
230.3045965522853 1.4463407108989224 
229.75540455262936 1.469703011901031 
227.1166675610298 1.6842737529928928 
228.00987811992766 1.5978318824012925 
233.29041758743594 1.3250072687487455 
227.92817276269042 1.6041696126854978 
228.7948055775422 1.5254381582345944 
226.3831379142486 1.7566666622284757 
230.92936151356147 1.4136430107981903 
233.27847315854754 1.326833799669095 
227.44676336428842 1.645150754578419 
226.10138356909073 1.7934650074286869 
228.13074826859238 1.5864399649696406 
