494.5521708611748 820.397148943912 
666.5622728836687 120.35981713331489 
666.5622728836687 120.35981713331489 
494.5521708611748 820.397148943912 
531.0745480743911 487.51980833145893 
531.7737762563554 452.22770929108555 
604.2575076336003 159.12965630201055 
564.3057503706518 277.03505730301634 
523.741667675755 625.4730727249535 
507.13407566753773 763.211936708967 
557.2997172675878 296.24519873487304 
620.6618842554599 147.6833733559966 
510.54582042514915 745.9037493279484 
645.9767116559932 129.77580526223687 
613.7314461180953 150.56496851221857 
655.6706479479581 125.20821680099421 
658.6614693085905 122.82512840165997 
521.180463035102 654.7433029889971 
553.6053819506494 306.45634057899525 
520.0262245947854 669.9773849769407 
664.0770940159606 122.68075191227759 
626.1761587222979 145.08805982803 
502.55145664068743 794.7650420347842 
506.0180596168719 771.8058852178203 
566.4437718366852 269.3376695714565 
499.6599279263482 809.8800550452037 
629.7717997774822 140.33404837303289 
650.2866860147758 125.59793275915946 
576.8665329748571 232.31055493685471 
532.3778077718813 417.1922589958942 
584.3055862980686 205.81460182616567 
575.1306733951891 247.04088100259946 
514.6181594914257 722.7218792055415 
518.0724214303722 689.375813564227 
598.3250730350813 159.3611013143645 
549.6230688139437 320.72124718929496 
542.8881662664085 338.6188367725835 
583.7151393893739 216.15421187549876 
515.9022104682989 709.0019723833199 
547.0721897262699 327.84900977329454 
534.7061212556214 360.1625901951165 
528.0829833156521 560.4582158615675 
537.7887398566314 358.5763230568723 
517.8088462452534 706.5221347134018 
588.8500737861289 185.23945535269564 
594.3213720406304 169.26160866751272 
544.6044344228627 329.25529781016655 
532.3857578442905 396.083868528542 
538.2836378822118 346.1262262246099 
518.9680681741428 681.2430313461375 
560.6188381268771 290.71959947647844 
586.256528884498 196.32089792898645 
500.3958393711464 800.5231452069833 
631.8631435300714 137.59457838974475 
639.7810122404974 130.93561302537552 
580.4196384679917 219.2746316775619 
540.5452856770572 342.13075115685746 
528.2544054963823 552.444150806773 
622.9172371055914 146.6812520571098 
532.9319837817844 367.6787647485063 
513.6298109681428 729.7661427649621 
612.5472416106232 153.3206002357118 
532.7204798486681 376.96669298255756 
529.6670713622939 525.1235419978375 
569.7852378777322 264.1031198087538 
608.4225148516612 155.30065700889602 
526.0639444446953 595.3899097071824 
527.1108561495323 576.647655928516 
571.60378227252 251.79087125917903 
592.0131222972175 179.02874962379357 
530.1355428511139 519.8087419260527 
648.4178496926125 126.24483827595321 
522.2789578044056 642.6706984289796 
588.2381754778717 194.90895841093558 
530.5303424983616 500.62193461058826 
530.4114399854802 506.3087875174099 
635.4059251982599 136.63976003673005 
596.436146140811 169.18715493269045 
560.6188381268771 290.71959947647844 
532.5953085793185 390.39701562172064 
525.0266036440997 609.2195201467073 
527.1108561495323 576.647655928516 
504.07957903970214 782.3229791165287 
532.0064340150749 434.7753141028574 
512.1700713881579 737.631864040707 
550.8545011544049 313.5559087004457 
574.1362409820945 251.36684339059934 
532.2074720093182 425.7173462731151 
591.3253728835228 179.2983456477879 
525.0266036440997 609.2195201467073 
568.8230471058614 264.14587075162433 
580.1298285444179 227.91013881403268 
608.5647542402219 153.66225167541955 
531.9963725434997 444.84944729249617 
497.06410363443376 818.0324412605058 
551.9725396800334 310.78230296699496 
526.0639444446953 595.3899097071824 
522.2789578044056 642.6706984289796 
638.590944707152 131.9377343242624 
578.1138584415239 228.71198265580668 
