6 0 0 0 0 0 0 0  10000000100000001000000010000000100000001000000010000000100000001000000010000000100000001000000010000000100000001000000010000000100000001000000010000000100000001000000010000000100000001000000010000000 
2 2 0 3 2 2 2 2  11111111111111111111111111111111111111101111111111111110111101111111111011111110111111101111111111111110111111111111111011111111111111111111111111111111111111111111111111111110111111101111111011111110 
2 2 0 3 2 2 2 2  11111111111111111111111111111111111111101111111111111110111101111111111011111110111111101111111111111110111111111111111011111111111111111111111111111111111111111111111111111110111111101111111011111110 
6 0 0 0 0 0 0 0  10000000100000001000000010000000100000001000000010000000100000001000000010000000100000001000000010000000100000001000000010000000100000001000000010000000100000001000000010000000100000001000000010000000 
5 0 0 3 0 0 0 0  10010000100000001001000010010000100100001001000010000000100000001000000010000000100000001000000010000000100000001001000010010000100100001001000010010000100100001001000010010000100100001001000010010000 
5 0 0 3 0 0 0 0  10010000100100001000000010010000100000001000000010000000100000001000000010000000100000001000000010000000100000001001000010010000100000001000000010000000100100001001000010000000100000001001000010010000 
2 0 0 3 0 2 0 2  10010101100101011001010110010101100101001001010110110100100101011001010010011110100101001001010010010100100101001001110010010100100101001001010010010000100100001001010110010100100100001001010010010111 
4 0 0 3 0 2 0 0  10010000100101001001010010010000100101001001010110010100100101001001010010010100100101011001010010010000100100001001000010000000100100001001000010010000100100001001000010010000100100001001000010010000 
6 0 0 2 0 0 0 0  10000000100100001001000010010000100000001000000010010000100100001001000010010000100000001001000010000000100000001000000010000000100100001001000010000000100100001001000010000000100000001000000010000000 
6 0 0 2 0 0 0 0  10000000100000001001000010000000100000001000000010000000100100001001000010000000100000001000000010000000100000001000000010000000100000001000000010000000100000001000000010000000100000001000000010000000 
3 0 0 3 0 2 0 0  10010000100101001001000010010000100101011001010110010100100100001001010010010100100101011001010010010000100000001001000010010000100100001001000010010000100100001001010010010100100100001001000010010100 
4 0 0 3 2 2 2 2  10011101100111011001010110011101100101001001110110011100100101011001010010010100100111101001010010010100100101101001110010011100111011011111111111111111111111111111111111111110111101101111111011111100 
6 0 0 2 0 0 0 0  10000000100000001001000010000000100100001000000010000000100100001001000010000000100000001001000010000000100000001000000010000000100000001001000010000000100100001001000010000000100000001000000010000000 
2 2 0 3 2 2 2 2  11111101111101011111111111111111111111101111111111111110111101111011111111111110100101001001010010010100110101001001110010011100111111011011110101011011100111001101010010000101100101001001010010010101 
2 0 0 3 2 2 0 2  10011101100101011001010110010101100101001001110110011100100101011001010010010100100111001001010010010100100101001001110010010100111011011011110101011011100111011101010010010101100101001001010010010101 
2 2 0 3 2 2 2 2  11111101111111111111111111111111111011101111111111111110111101111111010111111110010101101111010010010100100101001001110010011100111011011111111111111110111111111111111111111110111101101001010010010101 
2 2 0 3 2 2 2 2  11111101111111111111111111111111111111101111111111111110111101111111111111111110111111101111111111111111111111111111111011111111111111111111111111111111111111111111111111111110111111101111111011111110 
6 0 0 2 0 0 0 0  10000000100100001001000010000000100000001000000010000000100000001000000010000000100000001000000010000000100000001000000010000000100000001001000010000000100000001000000010000000100000001000000010000000 
4 0 0 3 0 2 0 0  10010000100100001001010010010100100101001001010110010100100100001001010010010100100101111001010010010000100101001001110010010100100101001001000010010000100100001001010010010100100100001001000010010100 
6 0 0 2 0 0 0 0  10000000100100001000000010010000100100001001000010010000100100001000000010010000100000001000000010000000100000001000000010010000100100001000000010010000100000001001000010010000100000001000000010000000 
2 2 0 3 2 2 2 2  11111111111111111111011110010111111101001111111011111110111101101111010111111110010101101111011111111101111111111111111111111111111111011111010101011010110111011101001011010101111111101111110111110101 
2 2 0 3 0 2 0 2  11110101111101011111010110010101100101001101010110010100100101011001010010010100000101001001010010010100100101001001010010010100100101001000010010010000100100001001010110010100100100001001010010010101 
6 0 0 2 0 0 0 0  10000000100000001000000010000000100100001000000010000000100000001000000010000000100000001000000010000000100000001000000010000000100000001000000010010000100100001101000010010000100100001001000010010000 
6 0 0 2 0 0 0 0  10000000100000001000000010010000100100001000000010000000100000001000000010010000100100001001000010000000100000001001000010010000100100001001000010010000100100001001000010010000100100001001000010010000 
4 0 0 3 0 2 0 0  10010000100101001001010010010000100101001001010110010100100101001001010010010100100101011001010010010000100100001001000010010000100100001001000010010000100100001001010110010100100100001001010010010100 
6 0 0 3 0 0 0 0  10000000100000001000000010000000100000001000000010000000100000001000000010000000100000001000000010000000100000001001000010010000100100001001000010000000100000001000000010000000100000001000000010000000 
2 2 0 3 0 2 0 2  11010101111101011111010110010101100101001001010110010100100101011111111111111110100101001001010010010100110101001001110010011100111111011011110101011011100111001101010010010101100100001001010010010101 
2 2 0 3 2 2 2 2  11111101111101011111111111111111111111101111111111111110111101111111111111111110111111101111111111101110111111111111111011111111111111111111111111111111111111111111111111111110111111101111111011111110 
4 0 0 3 0 2 0 0  10010100100100001001010010010000100100001001000010010100100101001001010010010100100101011001010010010000100100001001000010010000100100001001000010010000100100001001000010010000100100001001000010010000 
5 0 0 3 0 0 0 0  10010000100100001001000010000000100000001000000010000000100000001000000010000000100000001000000010000000100100001000000010000000100000001001000010000000100000001000000010000000100000001000000010000000 
4 0 0 3 0 2 0 0  10010100100101001001000010010000100101011001010110010100100100001001010010010100100101011001010010010000100000001001000010010000100100001001000010010000100100001001010010010100100100001001000010010100 
4 0 0 3 0 2 0 0  10010100100100001001000010010000100101011001010110010100100101001001010010010100100101011001010010010000100100011000000010010000100100001001000010010000100100001001010010010100100100001001000010010100 
6 0 0 2 0 0 0 0  10000000100000001001000010010000100100001001000010000000100000001000000010000000100000001000000010000000100000001001000010010000100100001001000010010000100100001001000010010000100100001001000010010000 
6 0 0 2 0 0 0 0  10000000100100001000000010000000100000001000000010000000100000001000000010000000100000001001000010000000100000001001000010010000100100001000000010010000100000001001000010010000100000001000000010000000 
2 0 0 3 0 2 0 2  10010101100101011001010110010101100101001001010110010100100101011001010010010100100101001001010010010100100101001001110010010100100101001001010010010000100100001001010110010100100100001001010010010101 
4 0 0 3 0 2 0 0  10010000100100001001010010010000100100001001000010010100100101001001010010010100100101011001010010010000100000001001000010010000100100001001000010010000100100001011010010010100100100001001000010010100 
4 0 0 3 0 0 0 0  10010000100100001001000010010000100101001001010110010100100101001001010010010100100101011001010010010000100100001001110010010000100100001001000010010000100100001001000010010000100100001001000010010000 
4 0 0 3 0 2 0 0  10010100100101001001000010010000100101011001010110010100100101001001010010010100100101011001010010010000100000001001000010010100100100000001000010010000100100001001000010000000100000001001000010010000 
6 0 0 2 0 0 0 0  10000000100100001000000010000000100000001000000010000000100000001000000010000000100000001000000010000000100000001000000010000000100000001000000010000000100000001000000010000000100000001000000010000000 
4 0 0 3 0 2 0 0  10010000100100001001000010010000100101001001010110010100100101001001010010010100100101011001010010010000100101001001010010010100100101001001010010010000100100001001010010010101100100101001000010010100 
4 0 0 2 0 0 0 0  10010000100100001001000010010000100100001001000010010000100100001011000010010000100000001001000010000000100000001001000010010000100100001001000010010000100100001001000010010000100100001001000010010000 
5 0 0 2 0 0 0 0  10010000100000001000000010010000100100001000000010000000100000001000000010010000100000001001000010000000100000001000000010000000100000001001000010000000100100001001000010000000100000001000000010000000 
4 0 0 2 0 2 0 0  10010000100100001001000010010000100100001001000010010000100100001011000010010000100000001001000010000000100000001001000010010000100100001001000010010000100100001001000010010000100100001001000010010100 
6 0 0 2 0 0 0 0  10000000100100001000000010000000100000001000000010000000100000001000000010000000100000001000000010000000110100001000000010000000100000001000000010000000100000001000000010000000100000001000000010000000 
4 0 0 3 0 2 0 0  10010100100101001001010010010000100100001001000010010000100100001001010010010100100101011001010010010000100101001001010010010100100101001001010010010000100100001001010110010000100100001001000010010000 
2 0 0 3 0 2 0 0  10010100100101001001010010010101100101001001010110010100100101011001010010010100100101001001010010010100100101001001110010010100100101001001010010010000100100001001110110010100100100001001010010010100 
4 0 0 3 0 2 0 0  10010000100100001001000010010000100101001001010110010100100101001001010010010100100101011001010010010000100101001001010010010100100101001001010010010000100100001001010010010100100100001001000010010100 
4 0 0 3 0 0 0 0  10010000100100001001000010010000100000001000000010010000100100001001000010010000100000001001000010000000100000001000000010000000100100001001000010000000100000001000000010000000100000001000000010000000 
4 0 0 3 0 2 0 0  10010000100100001001000010010000100100001001000010010000100100001001000010010100100101011001010010010000100101001001010010010000100100001001000010010000100101001001000010010000100100001001000010010000 
6 0 0 2 0 0 0 0  10000000100100001000000010000000100000001000000010000000100000001000000010000000100000001001000010000000100000001001000010010000100100001001000010010000100100001001000010010000100100001000000010000000 
3 0 0 3 0 2 0 0  10010000100101001001000010010000100101001001010110010100100101001000010010010100100100011001010010010000100100001001010010010100100101001001010010010000100100001001010010010100100100001001000010010100 
4 0 0 3 0 2 0 0  10010100100101001001010010010000100100001001000010010000100101011001000010010000100100001001000010010000100100001001000010010000100100001001000010010000100100001001000010010000100100001001000010010000 
6 0 0 2 0 0 0 0  10000000100000001000000010000000100000001000000010000000100000001000000010000000100000001000000010000000100000001000000010000000100000001000000010010000100100001001000010010000100100001001000010010000 
2 2 0 3 2 2 2 2  11010101111101011111010110010101100101001001010110010100100101011111111111111110100101001001010010010100110101001001110010011100111111011011110101111111111111111111111111111110111111101111111011111110 
2 2 0 3 2 2 2 2  11110101111101011111010110010100111111101111111111111110111101111111111111111110111111101111111111111111111111111111111011111111111111111111111111111111111111111111111111111110111111101111111011111110 
4 0 0 3 0 2 0 0  10010100100100001001010010010000100100001001010110010100100101001001010010010100100101011001010010010000100101001001010010010100100101001001010010010000100100001001010010010100100100001001000010010100 
4 0 0 3 0 2 0 0  10010000100100001001000010010000100101001001010110010100100101001001010010010100100101011001010010010000100100001001000010000000100100001001000010010000100100001001000010010000100100001001000010010000 
5 0 0 3 0 0 0 0  10010000100000001000000010010000100100001000000010000000100000001000000010010000100000001001000010000000100000001001000010010000100100001001000010010000100000001001000010000000100000001000000010000000 
4 0 0 3 2 2 2 2  10011101100111011001010110011101100101001001110110011100100101011001010010010100100111101001010010010100100101111111111011111111111111111111111111111111111111111111111111111110111111101111111011111110 
4 0 0 3 0 0 0 0  10010000100100001001000010010000100100001001000010010000100100001001000000010000100000001001000010000000100000001001000010000000100100001001000010010000100100001001000010010000100100001001000010000000 
6 0 0 2 0 0 0 0  10000000100000001001000010000000100000001000000010000000100100001001000010000000100000001001000010000000100000001001000010010000100100001001000010010000100100001001000010010000100100001001000010010000 
5 0 0 3 0 2 2 2  10011101100111011001010110010101100101011001110110011100100101011001010010010100100111001001010010010100100101001001110010011100100101001001010010010000100100011101010010000101100101001001010010010101 
4 0 0 3 0 0 0 0  10010000100100001001000010010000100100001001000010010000100100001001000010010000100000001000000010000000100000001001000010010000100000001000000010000000100100001001000010000000100000001001000010010000 
5 0 0 3 0 0 0 0  10010000100000001001000010000000100000001000000010000000100000001000000010000000100000001000000010000000100000001000000010000000100000001001000010000000100100001001000010000000100000001000000010000000 
4 0 0 3 0 2 0 0  10010000100101001001010010010000100101001001010110010100100101001001010010010100100101111001010010010000100101001001010010010100100101001001010010011000100100001001010010010100100100001001000010010100 
2 0 0 3 0 2 0 2  10011101100101011001010110010111100101001001010110010100100101011001010010010100100101001001010010010100100101001001110010010100100101001001010010010000100100001001010110010100100100001001110010010101 
6 0 0 2 0 0 0 0  10000000100100001001000010010000100100001001000010010000100100001001000010010000100000001001000010000000100000001001000010010000100100001001000010010000100100001001000010010000100100001001000010010000 
5 0 0 3 0 0 0 0  10010000100000001000000010000000100000001000000010000000100000001000000010000000100000001000000010000000100000001000000010000000100000001001000010000000100100001001000010000000100000001000000010000000 
4 0 0 3 0 2 0 0  10010100100100001001000010010000100101011001010010010100100101001001000010010100100101011001000010010000100100001001000010010000100100001001000010010000100100001001000010010000100100001001000010010000 
4 0 0 3 0 2 0 0  10010100100101001001010010010000100101001001010010010100100101001001000010010100100101011001010010010000100101001001010010010000100100001101000010010000100100001001010010010100100100001001000010010100 
5 0 0 2 0 0 0 0  10010000100000001001000010000000100000001000000010000000100100001001000010010000100000001001000010000000100000001000000010000000100000001000000010000000100000001000000010000000100100001000000010000000 
2 2 0 3 2 2 2 2  11111101111101011111111111111111111111101111111111111110111101101111111111111110111111101111111111111111111111111111111011111111111111011111010101011011110111011101011011010100111111101111111011111100 
6 0 0 2 0 0 0 0  10000000100100001001000010000000100000001000000010000000100000001001000010010000100000001001000010000000100000001000000010000000100000001000000010000000100000001000000010000000100000001001000010010000 
4 0 0 3 0 2 0 0  10010100100101001001010010010000100100001001000010010000100100011001000010010000100000001001000010010000100100001001000010010000100100001001000010010000100100001001010010010100100100001001000010010100 
5 0 0 3 0 0 0 0  10010000100000001001000010010000100100001001000010000000100000001000000010000000100000001001000010000000100000001000000010000000100000001001000010000000100100001001000010000000100000001001000010010000 
5 0 0 3 0 0 0 0  10010000100000001001000010010000100100001001000010000000100000001000000010000000100000001001000010000000100000001000000010000000100000001001000010000000100100001001000010000000100000001000000010000000 
2 2 0 3 2 2 2 2  11110101111101011111010110010100111111101111111111111110111101111111111111111110111111101111111010010100100101001001110010011100100101001001010010010000100110111101010010000101100101001001010010010101 
2 0 0 3 0 2 0 0  10010100100101001001010010010101100101001001010110010100100101011001010010010100100101001001010010010100100101001001110010010100100101001101010010010000100100001001110110010100100100001001010010010100 
3 0 0 3 0 2 0 0  10010000100101001001000010010000100101001001010110010100100101001000010010010100100100011001010010010000100100001001010010010100100101001001010010010000100100001001010010010100100100001001000010010100 
4 0 0 3 0 0 0 0  10010000100100001001000010010000100000001000000010010000100100001001000010010000100000001001000010000000100000001000000010000000100100001001000010000000100000001000000010000000100000001001000010010000 
6 0 0 2 0 0 0 0  10000000100100001001000010010000100100001001000010010000100100001001000010010000100000001001000010000000100000001001000010010000100100001001000010010000100000001001000010000000100000001000000010000000 
5 0 0 3 0 0 0 0  10010000100000001000000010000000100000001000000010000000100000001000000010000000100000001000000010000000100000001000000010000000100000001001000010000000100100001001000010000000100000001000000010000000 
6 0 0 2 0 0 0 0  10000000100000001000000010010000100100001000000010000000100000001000000010010000100100001001000010000000100000001000000010000000100000001000000010010000100100001001000010010000100100001001000010010000 
4 0 0 3 0 0 0 0  10010000100100001000000010010000100100001001000010010000100100001000000010010000100000001000000010000000100000001000000010010000100100001000000010010000100000001001000010010000100000001000000010000000 
6 0 0 2 0 0 0 0  10000000100000001001000010000000100100001000000010000000100100001001000010000000100000001000000010000000100000001000000010000000100000001000000010010000100100001001000010010000100100001001000010010000 
4 0 0 3 0 2 0 0  10010000100100001001010010010100100101001001010110010100100100001001010010010100100101111001010010010000100101001001110010010000100100001001000010010000100100001001000010010000100100001001000010010000 
4 0 0 4 0 2 0 0  10010100100100001001000010010000100101011001010110010100100101001001010010010100100101011001010010010000100100011000000010010000100100001001000010010000100100001001000010010000100100001001000010010000 
4 0 0 3 0 0 0 0  10010000100100001000000010010000100100001001000010010000100100001000000010000000100000001000000010000000100000001001000010000000100100001001000010010000100100001001000010010000100100001001000010000000 
4 0 0 3 0 2 0 0  10010100100101001001010010010000100101001001010110010100100101001001010010010100100101011001010010010000100100011001000010010000100100001001000010010000100100001001010010010100100100001001000010010100 
6 0 0 2 0 0 0 0  10000000100100001001000010010000100100001001000010010000100100001001000010010000100000001001000010000000100000001001000010010000100100001001000010010000100000001001000010000000100000001000000010000000 
4 0 0 3 0 2 0 0  10010000100101001001010010010000100101001001010110010100100101001001010010010100100101111001010010010000100101001001010010010100100101001001010010010000100100001001010010010100100100001001000010010100 
4 0 0 3 0 2 0 0  10010100100100001001010010010000100100001001000010010100100101001001010010010100100101011001010010010000100100001001000010010000100100001101000010010000100100001001010010010100100100001001000010010100 
2 0 0 3 0 2 0 2  10011101100111011001010110010101100101001001110110011100100101011001010010010100100111001001010010010100100101001001110010011100100101001001010010010000100100001001010110010100100100001001010010010101 
5 0 0 3 0 0 0 0  10010000100100001000000010010000100000001000000010000000100000001000000010000000100100001000000010000000100000001001000010010000100000001000000010000000100100001001000010010000100100001001000010010000 
6 0 0 2 0 0 0 0  10000000100000001000000010000000100000001000000010000000100000001000000010000000100000001000000010000000100000001000000010000000100000001000000010000000100000001000000010000000100000001000000010010000 
4 0 0 3 0 2 0 0  10010000100100001001010010010100100101001001010110010100100100001001010010010100100101111001010010010000100101001001110010010100100101001001000010010000100100001001000010010000100100001001000010010000 
6 0 0 2 0 0 0 0  10000000100100001001000010010000100100001001000010010000100100001001000010010000100000001001000010000000100000001001000010010000100100001001000010010000100100001001000010010000100100001001000010010000 
6 0 0 2 0 0 0 0  10000000100100001001000010000000100000001000000010000000100000001001000010010000100000001001000010000000100000001000000010000000100000001000000010000000100000001000000010000000100000001001000010010000 
2 2 0 3 2 2 2 2  11110101111101011111010110010100111111101111111111111110111101111111111111111110111111101111111111111111111111101001110010011100111011011111111111111111111111111111111111111110111101101111111011111100 
4 0 0 3 0 2 0 0  10010100100100001001010010010000100100001001000010010000100100001001010010010100100101011001010010010000100100001001010010010100100101001001010010010000100100001001010110010000100100001001000010010000 
