495.7633335220513 819.2918898559749 
584.9377288804961 206.2203834167952 
597.8602262374749 172.12438205682923 
505.590325137656 769.6706184255509 
673.9504907071001 120.35981713331489 
593.0008809272218 178.27914070683624 
611.7967924160147 160.54009019110634 
548.0074489138851 324.7568586062053 
630.701139076827 146.25045934331175 
590.3341158098452 183.30440890587917 
540.7737530454638 346.4021644946174 
553.350258591328 310.76313151758455 
524.9686685968107 612.2964776154294 
531.7432294678683 463.7683650154717 
576.5549669942093 240.560555087664 
539.6328380263031 354.24260097905386 
514.5748331931796 719.3298538751446 
555.651556735698 304.21660986472153 
497.9277369965517 812.1243495896571 
652.6955167414532 124.91919478880426 
535.0919429741864 373.1259010464361 
532.8525486743902 384.9652472712687 
579.3418098671609 229.1114651153284 
538.2136508737198 365.59072754322875 
532.1538989914999 446.1845218116795 
551.462655985127 316.956227683676 
526.1268824508446 598.2590362140174 
557.5609399901018 298.1706161046093 
513.0087164063129 732.1077162964875 
574.3404616494388 247.17257641004173 
519.884474699659 671.9757689380169 
589.6311014364674 190.15661570073013 
510.560003575868 744.7014489505538 
633.9872234181324 141.54943015082543 
543.0431881211841 341.4151369659803 
665.1554762704131 122.72523262634013 
607.9987408606789 164.39001699654668 
544.7944710864601 338.76946895681647 
529.8925558008086 537.0206885476559 
566.4299288321258 275.38075193110285 
534.0993395199986 376.77977375019367 
516.510705040296 703.59292779872 
499.5546146062087 804.8616325530005 
562.1222303039287 285.32578587734946 
620.2203213969831 155.24105652430043 
511.79184085622927 738.3472537834655 
521.0763534612083 660.4263359659011 
501.91543347427563 792.2773218075127 
519.1108820134202 679.9356758254406 
530.4829851855927 518.4027025646393 
528.1475690766148 569.3862819342121 
500.66152974482657 798.9816087173228 
503.928946772147 782.7295791269025 
515.5624957980484 711.8260850361264 
604.9755864325831 166.63696016798096 
581.7717635161131 222.59878035371014 
507.56647745235915 761.6917248670985 
617.2529151929186 158.296203698569 
529.0718305503786 550.9303002440836 
649.539894179665 126.69075635662726 
622.8110492721872 154.17511829847854 
509.3584598994445 752.1208396510845 
559.1988610278194 293.20642547774645 
570.4377984846855 262.15302601944995 
659.2656254762857 123.95052891453832 
578.5289323529604 233.55955536394342 
603.2054851454723 168.9174833006437 
518.2082127987958 689.755549674774 
532.7464891298024 394.0274059694646 
517.491657704823 696.0112096261743 
523.6726886347356 631.312580031337 
522.9489538853286 640.1342871036807 
587.6841326999082 203.49923052692208 
524.2780614782473 623.7047092284959 
568.6018921655382 269.5843489789307 
647.3598575796302 128.72598408135224 
573.6067776383989 251.54544751288077 
549.4496173318771 322.3321359000771 
565.0272986136606 279.14041224093995 
582.8113201292127 220.33915163703975 
527.442711299494 584.7201025819096 
530.8880175029826 502.6726841114016 
503.0599253504694 787.0368112039376 
528.6384369804051 558.8868565536231 
563.4028138312152 282.6142897754765 
628.5840149192762 152.09930971201138 
569.4829773322768 265.0185738311884 
508.4056997070506 757.1207674610998 
637.5703683121022 137.2028006542465 
572.5101619073192 258.32673943753133 
526.8474230299603 591.4835082700141 
635.8781341833326 139.17517274898842 
521.7438074639842 653.5066684107522 
531.1842928894301 495.6149249718813 
672.1460802163523 120.60426436941283 
522.3207264854343 647.5028385377501 
645.0009970816542 131.06534706185712 
560.3984798415024 291.56309591781786 
639.7660466869372 135.12219243610002 
642.4694632530156 132.5151413214685 
