7 0 0 1 0 0 0 0  1000000010000000100000001000000010000000100000001000000010000000100000001000000010000000100000001000000010000000100000001000000010000000100000001000000010000000100000001001000010000000100000001000000010000000100000001000000010000000100000001000000010000000100000001000000010000000100000001000000010000000100000001000000010000000100000001000000010000000100000001000000010000000100000001000000010000000 
5 0 0 3 0 2 0 0  1001010010010100100101001001000010010100100100001001010010010000100101001001010010010000100100001001000010010000100100001001000010010100100101001001000010010100100101101001110000010100100100001001000010010000100100001001000010010100100100001001000010010000100101001001000010010100100100001001000010010000100101001001000010010000100101001001000010010000100111001001110010010100100101011001010010010100 
5 0 0 3 0 2 0 0  1001010110010100100101001001010010010100100100001001010010010000100101001001010010010100100101001001100010010100100100101001100010010100100101001001000010010100100101001001110110010100100100001001000010010000100011001001000010010100100101001001000010010000100101001001000010010100100100001001010110010100100111111001000010010000100101001001010010010000100101001001110010010100100101001001010010010100 
7 0 0 1 0 0 0 0  1000000010000000100000001001000010000000100000001000000010000000100000001000000010000000100000001000000010000000100000001000000010000000100000001000000010000000100000001001000010000000100000001000000010000000100000001000000010000000100000001000000010000000100000001000000010000000100000001000000010000000100000001000000010000000100000001000000010000000100000001000000010000000100000001000000010000000 
0 0 1 0 0 0 0 0  1111111111111111111111111111111111111111111111111111111111111111111111111111111111111111111111111111111111111111111111111111111111111111111111111111111111111111111111111111111111111111111111111111111111111111111111111111111111111110111111111111111111111111111111111111111111111111111111111111111111111111111111111111111111111111111111111111111111111111111111111111111111111111111111111111111111111111 
5 0 0 3 0 2 0 0  1001010010010100100101001001010010010100100100001001010010010000100101001001010010010100100101001001100010010100100100001001000010010100100101001001000010010100100101001001110110010100100100001001000010010000100011001001000010010100100101001001000010010000100100001001000010010100100100001001000010010100100111001001000010010100100101001001010010010000100101001001110010010100100101001001010010010100 
2 3 2 1 0 2 0 0  1001010110010100100111001001010010010101100101001101010010010100100101001001010010010100110101001011100110011100100100101001100010010100101111001001010010011101101101101001110011111100111100001001010010110000100011001001001010011100111101001001010010010100100101011111010010111100011110001001010110010100100111011001110010011100100101001001010010010100101110101101110000110100100101001000110010010100 
5 0 0 3 0 2 0 0  1001000010010000100100001001000010010100100100001001000010010000100100001001000010010100100101001001000010010000100100001001000010010100100101001001000010010100100101011001110000010100100100001001000010010000100000001001000010011100100100000001000010010000100101011001000010010000100100001001000010010000100100001001000010010000100101001001000010010000100101001001110010010000100101001001000010010100 
2 3 0 3 0 0 2 0  1101010111010100110101011101010011010100100101101111010111011110010111000111011011011100110111001100111001011100110110100111100011110001100101001011010111111101110100101101011011111100111101011111011000110111111011100101010111011111111111011001101011110010111101001111101010110100011100101101111011111101110111111001100011011100010110101101101011111100110110101011110110011110110011010011110111110010 
5 0 0 3 0 2 0 0  1001010010010100100101001001010010010100100100001001010010010000100101001001010010010100100100001001000010010000100100001001000010010100100101001001000010010100100101001001110000010100100100001001000010010000100100001001000010010100100100001001000010010000100101001001000010010100100100001001010010010000100101001001000010010000100101001001000010010000100111001001110010010100100101001001010010010100 
2 0 0 3 0 2 0 0  1001000010010000100100001001000010010000100100001001000010010000100100001001000010010100100101001001000010010000100100001001000010010100100101001001000010010100100101011001110000010100100100001001000010010000100000001001000010010000100100000001000010010000100101011001000010011000100100001001000010010000100100001001000010010000100101001001000010010000100100001001110010010100100101001001000010010100 
2 0 0 3 0 2 0 0  1001000010010100100100001001000010010000100100001001000010010000100101001001000010010000100101001001000010010000100100001000000010010100100101001001000010010000100101001001010000010100100100001001000010010000100000001001000010010000100100001001000010010000100100001001000010010100100100001001000010010000100100001001000010010100100101001001000010010000100101001001110010010100100101001001010010010000 
5 0 0 1 0 0 0 0  1000000010010000100000001001000010010000100000001000000010000000100100001000000010010000100100001001000010010000100000001000000010010000100000001000000010000000100000001001000010000000100100001000000010000000100000001000000010010000100000001001000010010000100000001000000010000000100000001000000010000000100100001000000010000000100000001000000010000000100000001000000010000000100100001000000010000000 
4 0 0 4 0 0 0 0  1001000010010000100000001001000010010000100000001000000010000000100100001000000010000000100000001001000010000000100000001000000010010000100000001000000010000000100000001001000010010000100100001000000010010000100000001000000010000000100000001001000010010000100000001000000010000000100000001000000010000000100100001000000010000000100000001001000010010000100000001000000010010000100100001000000010000000 
5 0 0 3 0 2 0 0  1001010010010000100100001001010010010100100100001001010010010000100101001001000010010100100101001001000010010000100100001001000010010100100101001001000010010100100101001001110000010100100100001001000010010000100000001001000010010000100100001001000010010100100101001001000010011100100100001001000010010000000101001001000010010000100101001001000010010000100101001001110010010100100101001001010010010100 
5 0 0 4 0 2 0 0  1001000010010000100100001001000010010000100000001001000010010000100100001001000010010000100101001001000010010000100100001001000010010100100101001001000010010100100101011001100000010100100100001001000010010000100000001001000010010000100000000001000010010000100101001001000010010000100000001001000010010000100100001001000010010000100101001001000010010000100100001001010010010100100101001001000010010000 
7 0 0 1 0 0 0 0  1000000010000000100000001001000010010000100000001000000010000000100000001000000010000000100000001000000010000000100000001000000010000000100000001000000010000000100000001001000010000000100000001000000010000000100000001000000010000000100000001000000010000000100000001000000010000000100000001000000010000000100000001000000010000000100000001000000010010000100000001000000010000000100000001000000010000000 
5 0 0 3 0 2 0 0  1001000010010000100100001001010010010100100100001001010010010000100100001001000010010100100101001001000010010000100100001001000010010100100101001001000010010000100101011001110000010100100100001001000010010000100000001001000010011100100100000001000010010000100100001001000010010000100100001001000010010000100100001001000010010000100101001001000010010000100101001001110010010000100101001001000010010100 
7 0 0 1 0 0 0 0  1000000010000000100000001000000010000000100000001000000010000000100000001000000010000000100000001000000010010000100000001000000010000000100000001000000010000000100000001001000010000000100000001000000010000000100000001000000010000000100000001000000010010000100000001000000010000000100000001000000010000000100100001000000010000000100000001000000010000000100000001000000010000000100100001000000010000000 
2 3 1 0 1 0 0 0  1111110111111101111111011111110111111101111101111111111111111111111111011111111111111101111111101111111111111111111111111111111110111111111111111111111111111100111011111111111111111101111111111111111111111111110111111111111111111110111111011111111111010111111111111111111111110111111111111111111111111111111111111111111111101111011110111111111111111101111111111111111111011111111111111111111111111111 
2 0 0 4 0 0 0 0  1001000010010000100100001001000010010000100000001001000010010000100100001000000010010000100100001001000010010000100100001000000010010000100100001001000010010000110100001001000010010000100100001001000010010000100000001001000010010000100000001001000010010000100000001001000010000000100000001000000010010000100100001000000010000000100100001001000010010000100100001000000010010000100101001000000010000000 
4 0 0 4 0 0 0 0  1001000010010000100100001001000010010000100000001001000010010000100100001000000010010000100100001001000010010000100100001000000010010000100000001000000010000000100000001001000010010000100100001001000010010000100000001000000010000000100000001001000010010000100000001000000010000000100000001000000010000000100100001000000010000000100100001001000010010000100000001000000010010000100100001000000010000000 
5 0 0 3 0 2 0 0  1001010010010100100100001001000010010100100100001001000010010000100101001001000010010000100100001001000010010000100100001001000010010100100101001001000010010100100101001001110000010100100100001001000010010000100101001001000010010100100100001001000010010000100101001001000010010100100100001001000010010000100101001001000010010000100101001001000010010000100111001001110010010100100101011001010010010100 
2 0 0 4 0 2 0 0  1001000010010000100100001001000010010000100000001001010010010000100100001000000010010000100100001001000010010000100100001001000010010000100101001001000010010100100101011001110000010000100100001001000010010000100000001001000010010000100000001001000010010000100000001001000010010000100000001000000010010000100100001001000010000000100100001001000010010000100100001001010010010100100100001000000010000000 
4 0 0 4 0 0 0 0  1001000010010000100100001000000010010000100000001001000010000000100100001001000010010000100100001001000010000000100000001000000010000000100000001000000010000000100000001001000010000000100100001000000010000000100000001000000010000000100000001001000010010000100000001000000010000000100000001000000010000000100100001000000010010000100000001001000010010000100000001000000010000000100100001000000010000000 
2 0 0 3 0 2 0 0  1001000010010000100100001001000010010100100100001001000010010000100101001001010010010100100101001001000010010000100100001000000010010100100101001001000010010100100101001001110000010100100100001001000010010000100110001001000010010000100100001001000010010000100101001001000010010100100100001001000010010000100101001001000010010000100101011001000010010000100101001001110010010100100101001001010010010100 
5 0 0 1 0 0 0 0  1000000010010000100000001001000010010000100000001001000010000000100100001000000010010000100100001001000010010000100000001000000010010000100100001000000010000000100000001001000010000000100100001001000010000000100000001000000010010000100000001001000010000000100000001001000010000000100000001000000010010000100100001000000010010000100100001000000010010000100000001000000010010000100100001000000010000000 
2 0 0 3 0 2 0 0  1001000010010000100100001001010010010100100100001001000010010000100101001001010010010100100101001001000010010000100100001001000010010100100101001001000010010100100101001001010000010100100100001001000010010000100000001001000010010000100100001001000010010000100100001001000010010000100100001001000010010000100100001001000010010100100101001001000010010000100101001001110010010100100101001001010010010100 
7 0 0 1 0 0 0 0  1000000010010000100000001000000010000000100000001000000010000000100000001000000010000000100000001000000010000000100000001000000010000000100000001000000010000000100000001000000010000000100000001000000010000000100000001000000010000000100100001000000010000000100000001000000010000000100000001000000010000000100000001000000010010000100000001000000010000000100000001000000010000000100000001000000010000000 
5 0 0 3 0 2 0 0  1001010010010100100100001001000010010000100100001001010010010000100101001001010010010100100101001001000010010000100100001001000010010100100101001001000010010000100101011001110000010100100100001001000010010000100100001001000010010100100100001001000010010100100101001001000010010100100100001001000010010000000101001001000010010100100101001001000010010000100101001001110010010100100101001001000010010100 
7 0 0 1 0 0 0 0  1000000010010000100000001000000010010000100000001000000010000000100000001000000010000000100000001000000010010000100000001000000010010000100000001000000010000000100000001001000010000000100100001000000010000000100000001000000010010000100100001001000010000000100000001000000010000000100000001000000010000000100000001000000010010000100000001000000010000000100000001000000010000000100100001000000010000000 
2 0 0 3 0 2 0 0  1001010010010100100101001001010010010100100100001001010010010000100101001001000010010000100101001001000010010000100100001001000010010100100101001001000010010100000101001001110000010100100100001001000010010000100000001001000010010100100100001001000010010000100100001001000010010100100100001001000010010000100100001001000010010000100101001001000010010000100111001001110010010000100101001001010010010100 
7 0 0 1 0 0 0 0  1000000010000000100000001001000010000000100000001000000010000000100000001000000010010000100000001001000010010000100000001000000010010000100100001000000010010000100000001001000010000000100100001000000010000000100000001000000010000000100100001001000010000000100000001001000010000000100000001000000010000000100100001000000010010000100000001000000010000000100000001000000010010000100100001000000010000000 
2 3 0 3 1 0 2 0  1101010111110101110101011101010011010100100101101111010110111110110111000111011011011100110101001000110101111110111110100111101011010101111101000011110101111100111101111101011011111110111101011111010011110111100011111101111111111101110011111001101010010001111101001111111010011101011101101101111010111111110111011001111011111101010110111101101011111100110110101011110110011110010101011110110111110010 
2 0 0 3 0 2 0 0  1001000010010000100100001001000010010000100100001001000010010000100101001001010010010000100101001001000010010000100100001000000010010100100101001001000010000100100101011001110000010100100100001001000010010000100000001001000010010000100100001001000010010000100101001001000010010100100100001001000010010000100101001001000010010000100101001001000010010000100111001001110010010100100101001000010010010100 
2 3 1 0 1 3 0 0  1111111111111101111111011111110111111111111111111111111111111111111111011111111111111101111111101111111111111111111100111111111110111111111111111111110111111100111011111111111111111110111111111111111111111101110111111111111111111110111111011111111111110111111111111111111111110111111111111111111111111111111111111111110111101111011010111111111111111111111101111111111111011111111111111111111111111111 
2 3 2 3 0 2 0 0  1001010110010100100111001001010010010100100101001101010010010000100101001001010010010100110101001001100110011100100100101001100010010100101101001001010010011101100101101001110110011100100100001001000010010000100011001001001010010100111101001001000010010100100101001101010010010100010110001001010110010100100111011001010010010100100101001001010010010100100111001101110010110100100101001001010010010100 
2 0 0 3 0 2 0 0  1001000010010000100100001001000010010000100100001001000010010000100101001001010010010100100101001001000010010000100100001001000010010100100101001001000010010100100101011001110000010100100100001001000000010000100010001001000010010000100100001001000010010000100101001001000010010100100100001001000010010000100101001001000010010000100101011001000010010000100111001001110010010100100101001001010010010100 
4 0 0 1 0 0 0 0  1001000010000000100100001000000010010000100000001000000010010000100000001001000010000000100000001001000010000000100000001000000010000000100000001000000010000000100000001001000010000000100100001000000010000000100000001000000010010000100100001001000010010000100000001000000010000000100000001000000010010000100100001000000010000000100000001001000010010000100000001000000010000000100100001000000010000000 
5 0 0 3 0 2 0 0  1001000010010000100101001001010010010100100100001001010010010000100101001001010010010100100101001001000010010000100100001001000010010100100101001001000010010100100101001001110000010100100100001001000010010000100000001001000010010100100100001001000010010000000100001001000010010100100100001001000010010000100101001001000010010101100101001001000010010000100101001001110010010100100101001001010010010100 
5 0 0 1 0 0 0 0  1001000010010000100100001001000010010000100000001001000010010000100100001000000010010000100100001001000010010000100100001000000010010000100100001001000010010000100100001001000010010000100100001000000010010000100000001001000010010000100000001001000010010000100000001001000010000000100000001000000010010000100100001000000010000000100100001000000010010000100000001000000010010000100101001000000010000000 
7 0 0 1 0 0 0 0  1000000010000000100000001001000010010000100000001000000010000000100000001000000010010000100000001001000010010000100000001000000010010000100000001000000010000000100000001001000010000000100000001000000010000000100000001000000010000000100100001001000010000000100000001000000010000000100000001000000010000000100100001000000010000000100000001000000010000000100000001000000010010000100100001000000010000000 
7 0 0 1 0 0 0 0  1000000010000000100000001000000010000000100000001000000010000000100000001000000010000000100000001001000010010000100000001000000010010000100000001000000010000000100000001001000010000000100000001000000010000000100000001000000010000000100000001001000010000000100000001000000010000000100000001000000010000000100100001000000010000000100100001001000010000000100000001000000010000000100100001000000010000000 
5 0 0 3 0 2 0 0  1001000010010100100100001001000010010100100100001001010010010000100101001001000010010000100101001001000010010000100100001000000010010100100101001001000010010100100101001001110000010100100100001001000010010000100100001001000010011000100100001001000010010000100101001001000010010100100100001001000010010000100100001001000010010000100101001001000010010000100101001001110010010100100100001001010010010100 
2 3 0 3 1 2 1 0  1001010110010101100111001001010110010101110101001111110111111110101101001111011010011100111101001011110110011110101111101011100011010100111111101001011111111110111101011001111111111000111111001101110010110000100011011001011011111101011101011011111011010111110101111111011011110100001101001001010111011101101011111000100010011100010100101001110010010100101110101101110010011101110101011101110111110100 
7 0 0 1 0 0 0 0  1000000010000000100000001001000010000000100000001001000010000000100000001000000010010000100100001001000010010000100000001000000010010000100100001000000010010000100000001001000010000000100100001001000010000000100000001000000010000000100100001001000010000000100000001001000010000000100000001000000010000000100100001000000010010000100000001000000010000000100000001000000010010000100100001000000010000000 
7 0 0 1 0 0 0 0  1000000010010000100000001001000010000000100000001000000010000000100000001000000010000000100000001001000010010000100100001000000010010000100000001000000010000000100000001001000010010000100100001001000010000000100000001000000010000000100100001001000010010000100000001001000010000000100000001000000010010000100000001000000010000000100000001001000010010000100000001000000010000000100100001000000010000000 
7 0 0 1 0 0 0 0  1000000010000000100000001000000010000000100000001001000010000000100100001000000010010000100000001001000010010000100000001000000010010000100000001000000010010000100000001001000010000000100100001001000010000000100000001000000010000000100000001001000010000000100000001000000010000000100000001000000010000000100100001000000010000000100100001000000010000000100000001000000010010000100100001000000010000000 
7 0 0 1 0 0 0 0  1000000010010000100000001000000010010000100000001000000010000000100000001000000010000000100000001000000010000000100000001000000010010000100000001000000010000000100000001000000010000000100000001000000010000000100000001000000010000000100100001000000010000000100000001000000010000000100000001000000010000000100000001000000010010000100000001000000010000000100000001000000010000000100100001000000010000000 
4 0 0 1 0 0 0 0  1001000010010000100000001001000010000000100000001000000010000000100000001001000010000000100000001001000010000000100000001000000010000000100000001000000010000000100000001001000010010000100100001000000010010000100000001000000010000000100000001000000010000000100000001001000010000000100000001000000010000000100000001000000010000000100000001000000010010000100000001000000010010000100100001000000010000000 
4 0 0 1 0 0 0 0  1000000010010000100100001001000010010000100000001000000010000000100000001000000010000000100000001000000010000000100000001000000010000000100000001000000010000000100000001001000010000000100000001000000010000000100000001000000010000000100000001000000010000000100000001000000010000000100000001000000010000000100000001000000010000000100000001001000010010000100000001000000010000000100100001000000010000000 
7 0 0 1 0 0 0 0  1000000010000000100000001000000010000000100000001000000010000000100000001000000010000000100000001001000010010000100100001000000010010000100000001000000010000000100000001001000010000000100100001000000010000000100000001000000010010000100000001001000010000000100000001000000010000000100000001000000010000000100100001000000010000000100100001001000010000000100000001000000010010000100100001000000010000000 
7 0 0 1 0 0 0 0  1000000010000000100000001000000010000000100000001001000010000000100100001000000010010000100100001001000010010000100000001000000010010000100100001000000010010000100100001001000010000000100100001000000010010000100000001000000010010000100000001001000010000000100000001000000010000000100000001000000010000000100100001000000010010000100100001001000010010000100000001000000010000000100100001000000010000000 
7 0 0 1 0 0 0 0  1000000010000000100000001001000010010000100000001000000010000000100000001000000010000000100000001001000010000000100000001000000010010000100000001000000010000000100000001001000010000000100000001000000010000000100000001000000010000000100000001001000010000000100000001000000010000000100000001000000010000000100100001000000010000000100000001000000010000000100000001000000010000000100100101000000010000000 
5 0 2 3 0 2 0 0  1001010110010101100101001001010010010101100100001011010010110000101101001001010010010100100101001001100110011100100100101001100010010100100101001001010011110100100101001001110110110100101100001001010010110000100011001001000010011100101101001001100010010000100101001001010010110100001100001001010010010100100111011000010010011000100101001001010010010100100001001001110010010100100101101001010010010100 
5 0 0 3 0 2 0 0  1001010010010100100100001001000010010100100100001001010010010000100101001001010010010100100101001001000010010100100100001001000010010000100101001001000010010100100101001001110100010100100100001001000010010000100011001001000010010100100101001001000010010000100101001001000010011100100100001001000010010000100101001001000010010100100101001001000010010000100111001001110010010100100101001001010010010100 
7 0 0 1 0 0 0 0  1000000010000000100000001000000010010000100000001000000010000000100000001000000010000000100000001000000010010000100000001000000010000000100000001000000010000000100000001001000010000000100100001000000010000000100000001000000010000000100000001000000010000000100000001000000010000000100000001000000010010000100000001000000010010000100000001000000010000000100000001000000010000000100100011000000010000000 
2 3 2 3 0 2 1 0  1001010110010101100111001001010010010101100101001111110111110100101101001101011010011100111101001011100110011110101111101011100011010100101111101001011111110100111101001001110111111000111111001001010010110000100011011001010011111100111101011011110011010101100101111111011011110100001101001001010011011101101011111000110010011100000100101001010010010100101110101101110010011101100101011101110111010100 
5 0 0 1 0 0 0 0  1000000010010000100100001001000010010000100000001001000010000000100100001000000010010000100100001000000010010000100000001000000010010000100000001000000010000000100000001001000010000000100100001000000010000000100000001000000010010000100000001001000010000000100000001000000010000000100000001000000010000000100100001000000010000000100000001000000010000000100000001000000010000000100100001000000010000000 
2 3 1 1 1 0 1 0  1111110111111101111111011101010111111101111101101111111111111111011111011111111111111111111111101011110111111111111110111111111011111101111111111101111111111110111111111111111111111110111101111111111111111101110111111101111111111101111111011111111111110111111111111111111011110111111111111101111111011111111011111101110011111111010010111101111010111100111101101101111111011111111111011111111111101111 
2 3 2 3 0 2 2 0  1001010110010101100111011001010011010101101101001111110110110101001101001111011011011100110101001011110111011110111110100111100011010100101111111001010111110000111101001001110011111110111111111001010011110001100011111101010111101101111011111011110110010101110101011111011011111101001101001101011011011101111111111100111011111101000100111101010011011100111110101001110010011110110101011101110101110100 
7 0 0 1 0 0 0 0  1000000010000000100000001000000010010000100000001000000010000000100000001000000010000000100100001001000010010000100000001000000010010000100000001000000010000000100000001001000010000000100100001000000010000000100000001000000010000000100100001001000010000000100000001000000010000000100000001000000010010000100000001000000010010000100000001000000010000000100000001000000010000000100100001000000010000000 
2 0 0 3 0 2 0 0  1001000010010000100101001001010010010000100100001001010010010000100101001001010010010100100101001001000010010100100100001001000010010100100101001001000010010100100101001001110000010100100100001001000010010000100100001001000010010000100100001001000010010100100101001001000010011100100100001001000010010000000101001001000010010000100101001001000010010000100101001001110010010100100101001001010010010100 
2 0 0 3 0 2 0 0  1001010010010000100100001001000010010100100100001001000010010000100101001001000010010100100101001001000010010000100100001000000010010100100101001001000010010100100101001001010000010100100100001001000010010000100100001001000010010000100100001001000010010000100101001001000010010100100100001001000010010000100101001001000010010000100101001001000010010000100101001001110010010100100101001001010010010100 
2 3 1 0 0 0 0 0  1111110111111111111111011111110111111101111111111111111111111111111111111111111111111101111111111111111111111111111111111101101110111111111111111111111011111100111011111111111111111111111111111111111111111111110111111111111011111110111111111111111111010111111111111111111111110111111111111111111111111111111111111110111111101101111110111111111111111111111111111111111111111111111111111111111111111111 
2 0 0 3 0 2 0 0  1001010010010100100100001001000010010100100100001001000010010000100101001001000010010000100101001001000010010000100100001001000010010100100101001001000010010000100101001001110000010100100100001001000000010000100000001001000010010000100100001001000010010000100101011001000010010100100100001001000010010000100100001001000010010000100101001001000010010000100100001001110010010100100101001001010010010100 
5 3 0 3 0 2 0 0  1001010110010100100111001001010010010100100100001001010010010000100101001001010010010100100101001001100010011100100100111001100010010100100101001001010010010100100101001001110110010100100100001001000010010000100011001001000010010100110101001001000010010000100101001101000010010100010100001001010110010100100111111001000010010000100101001001010010010100100101001001110010010100100101001001010010010100 
7 0 0 1 0 0 0 0  1000000010000000100000001001000010010000100000001001000010000000100000001000000010000000100100001001000010010000100100001000000010010000100100001000000010010000100000001001000010000000100100001001000010000000100000001000000010010000100000001001000010000000100000001001000010000000100000001000000010010000100100001000000010010000100000001001000010000000100000001000000010000000100100001000000010000000 
4 0 0 4 0 0 0 0  1001000010010000100100001001000010010000100000001001000010000000100100001000000010010000100100001001000010000000100000001000000010010000100100001001000010000000100000001001000010000000100100001000000010000000100000001000000010010000100000001001000010000000100000001000000010000000100000001000000010000000100100001000000010000000100000001000000010010000100100001000000010010000100100001000000010000000 
7 0 0 1 0 0 0 0  1000000010000000100000001001000010010000100000001001000010000000100000001000000010000000100100001001000010010000100100001000000010010000100000001000000010000000100000001001000010000000100100001000000010000000100000001000000010010000100100001001000010000000100000001000000010000000100000001000000010010000100000001000000010010000100000001001000010000000100000001000000010000000100100001000000010000000 
7 0 0 1 0 0 0 0  1000000010010000100000001001000010010000100000001000000010000000100000001000000010000000100000001000000010010000100000001000000010000000100000001000000010000000100000001001000010000000100000001000000010000000100000001000000010000000100000001000000010000000100000001000000010000000100000001000000010000000100000001000000010000000100000001000000010000000100000001000000010000000100100001000000010000000 
7 0 0 1 0 0 0 0  1000000010000000100100001001000010010000100000001000000010000000100000001000000010010000100100001000000010010000100100001000000010010000100000001000000010000000100000001001000010000000100100001000000010000000100000001000000010010000100000001001000010000000100000001000000010000000100000001000000010000000100100001000000010000000100000001000000010000000100000001000000010000000100100001000000010000000 
5 0 0 4 0 2 0 0  1001010010010100100100001001010010010100100100001001010010010000100101001001000010010100100101001001000010010000100100001001000010010100100101001001000010010100100101001001110000010100100100001001000010010000100010001001000010010100100100001001000010010100100101001001000010011100100100001001010010010000100101001001000010010000100101001001000010010000100111001001110010010100100101001001010010010100 
7 0 0 1 0 0 0 0  1000000010010000100000001001000010010000100000001000000010000000100000001000000010010000100000001000000010010000100000001000000010000000100000001000000010000000100000001001000010000000100100001000000010000000100000001000000010000000100000001001000010000000100000001000000010000000100000001000000010000000100100001000000010000000100000001000000010000000100000001000000010000000100100001000000010000000 
5 0 0 3 0 2 0 0  1001000010010100100100001001010010010100100100001001010010010000100101001001000010010000100101001001000010010000100100001001000010010100100101001001000010000000100101011001110000010100100100001001000010010000100000001001000010011000100100001001000010010000100100001001000010010100100100001001000010010000100100001001000010010000100101001001000010010000100101001001110010010100100100001001000010010000 
2 3 1 1 1 0 1 0  1111110111111101110101011101010111111101111101101111111111111111011111011111111111111111111111101011110111111111111110111111111011111101111111111101111111111110011111111111111111111110111101111111111111111101110111111101111111111101111111011111111111110111111111111111111011110111111111111101111111011101111011111101110011111111010010111101111010111100111101101101111110011111111111111111111111111111 
5 0 0 3 0 2 0 0  1001010010010100100100001001000010010000100100001001010010010000100101001001000010010000100101001001000010010000100100001001000010010100100101001001000010000000100100001001110000010100100100001001000010010000100100001001000010011000100100001001000010010000100101001001000010010100100100001001000010010000100101001001000010010000100101001001000010010000100101001001110010010100100100001001010010010100 
5 0 0 3 0 2 0 0  1001000010010000100100001001000010010100100100001001010010010000100100001001000010010000100101001001000010010000100100001001000010010100100101001001000010000100100101011001110000010100100100001001000010010000100000001001000010010100100100001001000010010000100101001001000010010100100100001001000010010000100100001001000010010000100101001001000010010000100111001001110010010100100101001000010010010100 
2 0 0 3 0 2 0 0  1001000010010000100101001001010010010100100100001001010010010000100101001001000010010100100101001001000010010000100100001001000010010100100101001001000010010100100101001001110000010100100100001001000010010000100000001001000010010000100100001001000010010000000100001001000010010100100100001001000010010000100100001001000010010100100101001001000010010000100101001001110010010000100101001001010010010100 
5 0 0 3 0 2 0 0  1001010010010000100101001001010010010100100100001001010010010000100101001001000010010000100101001001000010010100100100001001000010010100100101001001000010010100100101001001110000010100110100001001000010010000100000001001000010010100100100001001000010010000100100001001000010010100100100001001000010010000100101001001000010010100100101001001000010010000100111001001110010010000100101001001010010010100 
7 0 0 1 0 0 0 0  1000000010010000100100001001000010000000100000001001000010000000100100001000000010010000100100001001000010010000100000001000000010010000100100001000000010010000100000001001000010010000100100001001000010010000100000001000000010000000100100001001000010000000100000001000000010000000100000001000000010010000100100001000000010000000100000001000000010010000100000001000000010010000100100001000000010000000 
4 0 0 4 0 0 0 0  1001000010010000100000001000000010010000100000001001000010000000100100001000000010010000100100001001000010010000100000001000000010010000100000001000000010010000100000001001000010000000100100001000000010010000100000001000000010000000100000001001000010000000100000001000000010000000100000001000000010000000100100001000000010010000100000001001000010010000100000001000000010010000100100001000000010000000 
7 0 0 1 0 0 0 0  1000000010000000100000001000000010000000100000001001000010000000100000001000000010010000100100001001000010010000100000001000000010010000100100001000000010010000100000001001000010000000100100001001000010000000100000001000000010010000100000001001000010000000100000001000000010000000100000001000000010000000100100001000000010010000100100001001000010010000100000001000000010000000100100001000000010000000 
4 0 0 1 0 0 0 0  1000000010010000100100001001000010010000100000001001000010000000100000001000000010010000100100001000000010000000100000001000000010010000100000001000000010000000100000001001000010000000100100001000000010000000100000001000000010010000100000001000000010000000100000001000000010000000100000001000000010000000100000001000000010000000100000001001000010000000100000001000000010000000100100001000000010000000 
5 0 0 3 0 2 0 0  1001010010010000100100001001000010010000100100001001010010010000100101001001000010010100100101001001000010010000100100001001000010010100100101001001000010010000100101001001110000010100100100001001000010010000100100001001000010010000100100001001000010010100100101001001000010010100100100001001000010010000000101001001000010010000100101001001000010010000100101001001110010010100100101001001010010010100 
2 3 0 1 1 2 1 0  1001010110010101100111001101010110110101110101001111110110111110111101001111011011011100111101001011110011011110101111101011100011010101111111101001011111111110111101111001111111111000111101101101111010110101100011111101011011111101011101011011111011011111110101110111011010111100011101011101111111011101111011111100101010011101010110101001111010010100101110101101110010011101110101011101110111100010 
5 0 0 3 0 2 0 0  1001000010010100100100001001010010010100100100001001010010010000100100001001000010010100100101001001000010010000100100001001000010010100100101001001000010010100100101011001110000010100100100001001000010010000100000001001000010011100100100001001000010010100100100001001000010010000100100001001010010010000100100001001000010010000100101001001000010010000100101001001110010010100100101001001010010010100 
7 0 0 1 0 0 0 0  1000000010000000100000001000000010010000100000001000000010000000100000001000000010000000100000001000000010010000100000001000000010010000100000001000000010000000100000001001000010000000100100001000000010000000100000001000000010010000100100001001000010000000100000001000000010000000100000001000000010010000100000001000000010000000100000001000000010000000100000001000000010000000100100001000000010000000 
2 3 0 3 1 0 2 0  1111010111110101110101011101010011010101111101101111110111111111011111000101011011110100111101001010110111111110111111100111110011110101111111101001110101111011111101111111111011111110111101111111010011110111111111011101111011111101011011111001111110111001111101101111111010111101011101101101111011111111110111111101111011111101010010111101111010111100111110101101110110011111111101010110110111010010 
2 0 0 3 0 2 0 0  1001010010010100100100001001000010010000100100001001000010010000100100001001000010010000100101001001000010010000100100001001000010010100100101001001000010010100100101011001100000010100100100001001000000010000100000001001000010010000100100000001000010010000100101011001000010010000100100001001000010010000100100001001000010010000100101001001000010010000100100001001110010010100100101001001000010010100 
7 0 0 1 0 0 0 0  1001000010000000100000001001000010000000100000001001000010010000100100001000000010000000100000001001000010010000100000001000000010010000100000001000000010000000100100001001000010000000100100001000000010000000100000001000000010010000100000001001000010010000100000001000000010000000100000001000000010010000100100001000000010000000100100001001000010000000100000001000000010000000100100001000000010000000 
2 3 0 3 1 1 1 0  1101010111110101110101011101010111010101111101101111110110111110011101001111011001110110111101001011010011111110111111100111100010110101100111101011110111111111101101111111111111111100111100111101010011011011111011111101101011111100011110111011111111011001111101111011111010111100111100111101111110011111100011001100111010011101010010111100111011011100111111001001110110110111110011010110110111010010 
7 0 0 1 0 0 0 0  1000000010010000100000001001000010000000100000001001000010010000100100001000000010010000100100001001000010000000100000001000000010010000100000001000000010010000100000001001000010000000100100001001000010010000100000001000000010000000100000001001000010000000100000001001000010000000100100001000000010000000100100001000000010000000100000001000000010000000100000001000000010000000100100001000000010000000 
5 0 0 1 0 0 0 0  1001000010010000100000001001000010000000100000001001000010010000100100001000000010010000100100001001000010010000100100001000000010010000100000001001000010010000100000001001000010010000100100001000000010010000100000001001000010000000100000000001000010010000100000001001000010000000100100001000000010010000100100001000000010000000100000001000000010000000100000001000000010000000100101001000000010000000 
2 3 1 0 0 0 0 0  1111111111111111111111111111111111111111111111111111111111111101111111011111111111111101111111111111111111111111111111111101101011111111111111111111111111111100111011111111111111111111111111111111111111111111111111111111111111111110111111111111111111110111111111111111111111110111111111111111110111111111111111111111111111101111111110111111111111111111111111111111111111111111111111111111111111111111 
7 0 0 1 0 0 0 0  1000000010000000100100001001000010010000100000001000000010000000100000001000000010010000100000001001000010000000100000001000000010010000100000001000000010000000100000001001000010000000100000001000000010000000100000001000000010000000100000001001000010000000100000001000000010000000100000001000000010000000100100001000000010000000100000001000000010000000100000001000000010000000100100101000000010000000 
2 3 0 1 1 0 1 0  1111010111111101110111011101010111110101111101101111110111111111011111011111011101111110111101001011110011111110111111111111110001111101111011111001110101111110101101111111111111111110111100111101111011011101110111111101101011111101011111111011111111011011111101111111111010111101111100101101111110011111111011111101101010111111010010101101111010011100111110101101111110011111111111011111111111110111 
5 0 0 3 0 2 0 0  1001000010010100100100001001000010010100100100001001010010010000100101011001000010010000100100001001000010010000100100001001000010010100100101001001000010000000100101101001110000010100100100001001000010010000100000001001000010011100100100001001000010010000100100001001000010010100100100001001000010010000100100001001000010010000100101001001000010010000100101001001110010010100100101001001000010010100 
2 3 0 1 1 0 1 0  1111010111110101110101011101010111010101111101101111110111111111011111011111011011110110111101001011110111111110111111100111110011111101111011001001110101111111111101101111111111111110111101111111011011111111111111111101111011111101011110111011111111111011111101111111111010111100111100101101111011011101110011111100111010111101010010111101111010011100011110101101110110011111111011010110110111010010 
2 3 1 1 1 0 1 0  1111010111111101110101011101010111010101111101101111111111111111011111011111011111111110111101001011110111111111111110111111111011111101111011111101111111111110111111111111111111111110111101111111111111111111111111111101111111111101111111011111111111110111111111111111111011111100111110101101111111011111110011111101101010111111010010111101111010011100011100101101111111011111111110011110111111011011 
