41.89961894602042 5.888654312049612 
39.88172104185376 7.151707904675472 
39.88634983352042 7.020791987409192 
41.8167529453133 5.922665890287009 
41.7556194050482 5.9514461151071405 
41.024708080793374 6.3455818075531525 
40.74802232060819 6.503007149279733 
40.72061149023339 6.518517499999163 
40.99384451134893 6.363279689747396 
41.78307721592783 5.9391061600711685 
40.776460532645224 6.486047495502758 
40.43530202935374 6.682618340826441 
40.30792859607116 6.756203799459469 
41.63659233444635 6.009748102517213 
40.69246432588153 6.53439822392003 
40.12784564671486 6.862493844423535 
40.02685837703894 6.92303593525091 
41.10438650828894 6.300064577337312 
40.490807647872266 6.653062544963145 
39.89411525551116 7.00892910971135 
41.24055264445077 6.2206680665459215 
40.15999484532597 6.843617423560225 
40.28474566592782 6.770228749999041 
41.478244589307465 6.090789046761742 
40.90188101291857 6.4160569379488175 
40.01043811158042 6.936714159171775 
41.7199449212519 5.968371029675482 
40.092759318474116 6.887943304855195 
40.87881359375634 6.428701551258183 
41.12691053490931 6.287113062049568 
40.6562539550482 6.554971537768956 
40.40628577778411 6.699982297660957 
41.858180120788944 5.904244941545998 
40.626544141853756 6.573253601617883 
41.21736783941844 6.23518510791286 
41.60619129370561 6.025448498200656 
41.58851656361301 6.033786677157474 
40.17678072032597 6.832756897481085 
40.06846860273338 6.900802720322832 
41.368067722409315 6.1495309892077605 
40.5671242911593 6.60780404226535 
40.839891291673005 6.44918307104235 
41.679039882363014 5.989387266186269 
41.50182820990931 6.077936389387636 
39.93523619532597 6.984644811150203 
41.56132537449265 6.047847985610712 
41.049965940747086 6.3306859802150175 
41.51951060810819 6.069399685250961 
41.54503601736745 6.056041321941636 
41.6601912025019 5.9982869064740365 
40.813922486117455 6.463368057553134 
40.9253978342656 6.4038779091718405 
41.26318443421486 6.208959491905652 
39.922144372409306 6.992865112409196 
40.335413032825976 6.740901492804795 
40.519324666324195 6.638738426258123 
40.11377575203893 6.873623723020662 
39.96242198583523 6.970079001797683 
40.85629471829337 6.440414199639472 
41.185987234728564 6.253640368704216 
41.70504245296487 5.976331776078359 
40.19958333722412 6.818724105214891 
41.16157546528411 6.267143201438037 
41.351802009446345 6.15891450989122 
41.454845529122274 6.103625728416407 
40.800936229173004 6.471588358812119 
40.05296041986301 6.910988970322831 
41.39433443305746 6.136266704135816 
41.298286888724 6.190700557553133 
40.260867431900046 6.783473534171705 
41.07854368681189 6.315087567445226 
41.31932819740931 6.178423655574699 
40.974121030974125 6.377002958632265 
40.94274744810375 6.393244401977582 
41.147410013895225 6.275027661869692 
40.670667441793505 6.547172324639444 
41.28119496279808 6.199566025179038 
40.472244839935314 6.664830265286888 
40.23431259861745 6.8004677293156055 
40.58413772981671 6.597889478416427 
41.846034079122276 5.91058201438772 
40.387971126163755 6.709042720322807 
40.533590772923 6.629580332732933 
40.2134039737982 6.811783201437919 
41.42193986898781 6.1201383947832895 
40.45764315012049 6.672900903776098 
41.33388222089992 6.170578300358861 
40.54947047588153 6.621677194243735 
39.9761562624556 6.961858700538688 
40.372968839538935 6.716989815646548 
41.43994044115931 6.111684060250943 
39.9927505425482 6.954738808452362 
40.24754552449264 6.791063911869557 
41.200583864358194 6.246317787768968 
41.0647001567193 6.3220284712222075 
41.408416871302634 6.128022855214937 
40.612562876807445 6.5820379451430515 
40.959179963150056 6.386000134891265 
40.599062772640785 6.589922405574708 
40.34891313699264 6.733017032373153 
