614.6491320919894 2.02306342338292 
660.5208994953166 1.2338308703678031 
625.5042026933202 1.6531054130436724 
616.990065964964 1.9414968273533721 
618.9223875536119 1.8922294709156953 
614.6878275464162 2.0081073995465695 
655.8404221276467 1.2466572933510873 
621.8438673632596 1.7916200872225754 
634.4467092794345 1.4332092710589255 
637.3601683463262 1.3718490137813162 
636.3090654205168 1.3919664246641406 
639.9505814256258 1.3438964663239026 
616.2304819559009 1.9845514321286095 
633.9706967738545 1.470954259841969 
641.7983174152381 1.3215450911155002 
642.6656485324185 1.315402153633534 
622.8689811673552 1.7687125941117532 
644.661997828183 1.2989291143950588 
638.5845804173242 1.3590423201534816 
647.7338620611628 1.2864781368633231 
629.1452201556045 1.600497662942274 
652.7989665718478 1.2562379395153223 
659.6651654555664 1.2374908635728408 
626.203537788728 1.6419110676740227 
632.8600346204399 1.4994533720777448 
634.2461420893953 1.4517668346781714 
643.5866859253608 1.3081743159876957 
619.9198879030399 1.8675884070477276 
631.7582195049713 1.5257900039715295 
627.7573991600392 1.6142516641244844 
624.1263153063368 1.7394913126804508 
654.2900250940678 1.253466433597191 
635.1656023549806 1.4156327950832244 
630.6170774468393 1.552072873782616 
640.9026687927806 1.3299554922193835 
630.4350200010349 1.566226117767105 
644.0898076852498 1.3039701630458858 
635.4370142468839 1.4099612120717635 
623.7789980987787 1.7481472496479706 
629.5249520135869 1.5977013944292096 
632.0730059546834 1.5170733935464662 
621.153289161778 1.8550651844506372 
652.2517500214645 1.264852098796488 
618.4120898643549 1.9178308925359808 
623.2434640929933 1.760552623500881 
646.9755487464158 1.2916877122212589 
650.5343481007445 1.2743398989998307 
617.3407392994742 1.9349308061207218 
617.7995372504986 1.9270927830420155 
639.4929844983626 1.3522767008150705 
621.5468031378832 1.8387542028749928 
623.4920045303529 1.7545633919587305 
620.4781667851264 1.8642119316804795 
632.3158474805385 1.5130903470391022 
631.5155790472306 1.5365827152119285 
645.7450630129559 1.2964302878740368 
615.5690129909924 2.001646532074974 
655.4158587901854 1.2497122334555402 
650.2148417808435 1.2762401973186006 
638.1414779629705 1.3675708935971325 
631.1709129011737 1.543307101050652 
636.8197249625847 1.3896159300777897 
626.584973485908 1.6408423393507563 
646.3931081045663 1.2943333160582804 
619.5178944225918 1.8843914478369894 
625.225301349055 1.7052329095989345 
624.8140709731509 1.7261363711435385 
641.184749193315 1.3281116175810157 
648.9496474161598 1.2806514143938037 
635.0046598723071 1.4264199990809598 
625.3471908618827 1.6984697633556987 
622.12334231609 1.7838152800952252 
648.7383546450642 1.281528184045269 
651.9716816817258 1.2694547892604027 
632.73732619372 1.505273166276425 
630.2852940286813 1.5913902309501924 
630.9913318507289 1.5471861874623807 
615.909568354802 1.9932826209349257 
619.6713710830833 1.8804905186533916 
639.2223816930741 1.3562604393841016 
633.6525633253367 1.4920633060109538 
624.7251666414187 1.7291602103585144 
659.4969071419428 1.2425685842172938 
621.4818142954937 1.8447879899437365 
618.21497220243 1.9239219202184425 
640.7656699058389 1.3398621655186924 
618.7480561541328 1.91479840179468 
615.817970811893 1.995932574983994 
617.6405209347772 1.931648966277058 
652.7077441478634 1.2592784578471454 
627.8849360820483 1.6138484568808882 
651.5774101862713 1.2730642000999401 
620.978734794309 1.8614652608508617 
630.5419766752822 1.5598776809099713 
624.5176411243909 1.7372004387214786 
633.5593111796353 1.4943950885343371 
625.1927442383538 1.7150222563371718 
619.8654908433715 1.873852284655616 
637.8661283536644 1.3706240976388342 
622.0708861520378 1.7852245582996387 
