665.6382443503477 1.1933192511959347 
603.5532256757295 2.3940694042604975 
604.3778972535949 2.380488627312274 
604.394969756961 2.273214720675859 
650.3434244847759 1.2847836430792776 
642.3389796048606 1.3662199089830416 
640.7622596133219 1.3828108833605488 
643.9163762043785 1.3527227984811252 
653.3564049143099 1.2801491074879057 
645.7292053810162 1.323987402097683 
649.210803045705 1.2934806956556648 
610.7903463636533 2.1297823890816585 
645.0416662152141 1.33543768125311 
657.9918207949713 1.2338591043260319 
647.2199685327914 1.3101384565272578 
621.8393775419561 1.8520628644498642 
626.0579884770823 1.7302473311798472 
659.4982504428153 1.223702090256413 
618.995766862732 1.951262580999305 
622.6760299454337 1.8288267179487456 
630.9795996391892 1.6005409951658218 
648.0974767640737 1.3083560433721526 
617.1595362420838 1.992335530645115 
612.8219795002962 2.0894684284973213 
654.8943458141918 1.273055394856882 
635.1969766808721 1.4706399932038385 
626.5920906376374 1.7065572524868347 
631.8982545194946 1.5750631096721308 
606.3171089100896 2.2425251453636097 
632.9580744721159 1.5397689748905055 
610.1568501101513 2.1486831157408597 
619.8479465925778 1.9111260412943571 
639.4284861675527 1.395726500288833 
660.0259357345712 1.2160083230264425 
657.4873300862262 1.2474903733955134 
617.9546021391075 1.9658388949200432 
625.012863962298 1.7434371029142703 
624.249596382054 1.7660869278526947 
605.1977656115013 2.2482077216962857 
661.8517306658714 1.2058806203936225 
611.6426279010639 2.112833828639714 
663.2553334690468 1.2014427812272768 
661.3791219676234 1.2114536953054487 
613.2671422131933 2.0648112107233527 
628.0852647159455 1.6612100551728417 
628.4051286013656 1.6548787511628034 
633.159669701221 1.5225411491052578 
627.6464064636851 1.6852445044906323 
623.7786358648084 1.7985029541273962 
604.465259305236 2.2725584774754055 
620.532513029848 1.9007099859198906 
664.8608066927434 1.1964501041003286 
606.6180552722286 2.2183985984536343 
629.3086281713707 1.6401526805899156 
653.6167573744818 1.2772207258681012 
655.5060554942452 1.2627818563315896 
638.9179164091755 1.4200659413991699 
663.868797886392 1.1989820458821205 
615.9007548329574 2.037202349807679 
632.6339802959022 1.5615553395590678 
613.6278170089884 2.05970145832306 
609.1206705855508 2.188198060992314 
618.0333014929778 1.9622581135129467 
614.436523609103 2.052389990610523 
656.220776676306 1.2477149457762837 
623.3329939963838 1.8187935575451402 
638.9908322552362 1.397239379371394 
608.079058299119 2.198098464685164 
612.5047016583134 2.101611871462422 
629.588306724323 1.6375955095884573 
625.4178799938479 1.7417766589606147 
629.9762522460729 1.6145094897542058 
609.7112830492199 2.158056985054612 
624.052771666324 1.790697925683586 
634.6631091417869 1.4864866913829486 
627.2938464894437 1.7048327425184944 
615.0525046012715 2.0398841910839702 
634.1938284201584 1.494121931588753 
637.0320411038191 1.4478795339960477 
619.1158084444987 1.9260604453454293 
635.9906656854367 1.461791196788693 
621.3025151820119 1.8618977570183106 
636.0541039063145 1.456233657639932 
608.6036380473352 2.188626572341798 
637.6587632457035 1.4323822007228737 
603.9943038150388 2.3866737602402424 
619.2857637445218 1.925553020304334 
616.3544102132979 2.0082100046212643 
624.1350345888075 1.7730585522504378 
620.988343892368 1.866285769352161 
611.9584458876257 2.1063838013213343 
633.6391210547052 1.5088031293916169 
605.565606604739 2.247298554442092 
636.8661109111262 1.4483953909212963 
620.6834365647932 1.8782421961532443 
609.169181467171 2.1648508780307263 
627.4535632553678 1.6913208799601074 
633.840677476678 1.5082092715800381 
620.5772488218429 1.8852193860256141 
638.4092066323825 1.4234734450413304 
