7 0 0 0 0 0 0 0  10000000100000001000000010000000100000001000000010000000100000001000000010000000100000001000000010000000100000001000000010000000100000001000000010000000100000001000000010000000100000001000000010000000 
0 0 0 0 0 0 0 0  11111111111111111111111111111111111111101111111011111111111111111111111111111111111111101111111111111110111111111111111111111111111111111111111111111111111111111111111111111110111111111111111111111110 
5 0 0 3 0 0 0 0  10010000100100001001000010010000100100001001000010010000100100001001000010010000100100001001000010010000100100001001000010010000100100001001000010010000100100001001000010010000100100001001000010010000 
4 0 0 3 0 0 0 0  10010000100100001001000010010000100100001001000010010000100100001001000010010000100100001000000010010000100100001000000010010000100100001001000010010000100100001001000010000000100100001001000010010000 
4 0 0 2 0 2 0 0  10010101100101011001010010010100100101001001010010010100100101001001010010010101100101001001010010010100100101001001010010010100100101001001010010010100100101001001010010010100100100001001000010010100 
3 2 0 2 2 2 0 2  11010101110101011101010110010100110101011101110111011100100111011101110010010100110101011101110010010100110111011001010010010101111101011111010110011101100101001001110111010100110111001101010010010101 
4 0 0 2 0 2 0 0  10010100100101001001010010010100100101001001010010010100100101001001010010010101100101001001010010010100100101001001010010010100100101001001010010010100100101001001010010010100100100001001000010010100 
4 0 0 3 0 0 0 0  10010000100100001001000010000000100000001000000010010000100100001001000010000000100000001001000010000000100000001001000010010000100000001000000010010000100100001001000010000000100000001001000010000000 
3 2 2 2 2 2 0 2  11111101111111011111010111011100110101001101110111111101110111011101110011011100110111001101110011010100010111011101010010011101111101011111010111011101001111011101010111110100110111001101110010111101 
5 0 0 2 0 0 0 0  10000000100100001001000010010000100100001001000010010000100100001001000010010000100000001001000010010000100000001001000010010000100100001001000010010000100100001001000010000000100000001001000010010000 
3 2 2 2 2 2 1 2  11111101111111011111110111011101110111001111110111111101110111011101110111011100110111011101110011010100110111011101010111111111111111011111010111011101101111011101111111110100111111001101110111111101 
3 2 0 2 2 2 0 2  10010101100101011001010110010100110101011001110010011100100111011101010010011100100101011001010010010100110111011001010010010101110101011101010110011101100101001001110111010100110111001101010010010101 
3 2 0 2 0 2 0 2  10010101100101011001010010010100100101011001010010011100100111001001010010010100100101011001010010010100110101011001010010010101100101001001010010011100100101001001010110010100100101001001010010010101 
3 2 2 2 2 2 1 2  11111111111111111111111111111110111111101111111111111101111111011101111111111111110111011111110011010110111111111111111011111111111111010111111111111111101111111111110111111111111111111101110111111111 
7 0 0 2 0 0 0 0  10000000100100001000000010010000100000001001000010010000100100001001000010000000100000001000000010010000100000001001000010010000100000001001000010010000100100001001000010000000100000001001000010000000 
5 0 0 3 0 0 0 0  10010000100100001000000010000000100000001000000010000000100000001000000010000000100000001000000010000000100000001000000010000000100000001000000010000000100000001000000010000000100000001001000010000000 
5 0 0 3 0 0 0 0  10010000100000001001000010000000100000001000000010010000100000001001000010000000100000001000000010000000100000001001000010000000100000001000000010000000100000001000000010000000100000001001000010000000 
5 0 0 3 0 0 0 0  10010000100000001000000010000000100000001000000010010000100100001001000010000000100000001000000010000000100000001000000010010000100100001001000010010000100000001001000010000000100000001001000010000000 
4 0 0 3 0 2 0 0  10010100100100001001000010010100100100001001010010010000100100001001000010010000100100001001000010010100100100001001000010010000100100001001000010010000100100001001000010010000100100001001000010010000 
3 2 2 2 2 2 1 2  11111101111111011111111111111110111111001111111011111101111111011101110111111111110111011111110011010100111111111111110011111101111111011111011111111111111111111101110111111110111111111101110011111111 
4 0 0 3 0 2 0 0  10010000100101001001000010010000100101001001010010010000100100001001000010010000100101001001010010010100100100001001000010010000100100001001000010010000100100001001000010010000100100001001000010010000 
4 0 0 2 0 2 0 0  10010100100101001001000010010100100101001001010010010100100100001001010010010100100101001001010010010100100100001001000010010000100101001001000010010000100100001001010010010000100100001001010010010100 
4 0 0 3 0 2 0 0  10010000100101001001000010010100100101001001010010010100100100001001000010010000100101001001010010010100100100001001000010010000100100001001000010010000100100001001000010010000100100001001000010010100 
4 0 0 3 0 2 0 0  10010100100100001001010010010100100101001001010010010100100100001001000010010000100101001001010010010000100100001001000010010000100100001001000010010000100100001001000010010000100100001001000010010000 
4 0 0 2 0 2 0 0  10010100100101001001010010010100100101001001010010010100100100001001010010010100100101001001010010010100100100001001000010010000100100001001000010010000100100001001000010010000100100001001000010010100 
7 0 0 2 0 0 0 0  10000000100100001000000010000000100000001001000010010000100100001000000010010000100100001000000010000000100000001001000010010000100000001001000010000000100000001001000010000000100000001001000010000000 
4 0 0 3 0 2 0 0  10010000100101001001000010010101100101001001010010010100100100001001010010010100100101001001010010010100100100001001000010010000100100001001000010010000100100001001000010010100100100001001000010010100 
4 0 0 3 0 2 0 0  10010000100101001001010010010100100101001001010010010100100100001001000010010100100101001001010010010100100100001001000010010000100100001001000010010000100100001001000010010000100100001001000010010100 
4 0 0 3 0 0 0 0  10010000100100001000000010010000100100001001000010010000100000001001000010000000100100001000000010000000100100001000000010000000100000001000000010010000100100001000000010000000100100001001000010000000 
4 0 0 2 0 2 0 0  10010100100101001001010010010100100101001001010010010100100101001001010010010101100101001001010010010100100100001001000010010000100101001001000010010000100100001001010010010100100100001001010010010100 
4 0 0 3 0 2 0 0  10010100100100001001000010010000100101001001010010010000100100001001000010010100100101001001010010010100100100001001000010010000100100001001000010010000100100001001000010010000100100001001000010010100 
4 0 0 3 0 2 0 0  10010100100100001001010010010100100101001001010010010100100100001001010010010100100101001001010010010000100100001001000010010000100100001001000010010000100100001001000010010000100101001001000010010100 
4 0 0 3 0 2 0 0  10010100100101001001000010010000100101001001010010010000100100001001010010010000100100001001010010010100100100001001000010010000100100001001000010010000100100001001010010010100100100001001010010010100 
7 0 0 2 0 0 0 0  10000000100000001000000010000000100000001000000010010000100000001000000010000000100000001000000010010000100000001001000010000000100000001001000010000000100000001001000010000000100000001001000010000000 
4 0 0 3 0 2 0 0  10010000100100001001000010010100100101001001010010010000100100001001000010010100100101001001010010010100100100001001000010010000100100001001000010010000100100001001000010010000100100001001000010010100 
4 0 0 3 0 2 0 0  10010000100101001001010010010000100100001001000010010000100100001001000010010000100100001001000010010100100100001001000010010000100100001001000010010000100100001001000010010000100100001001000010010000 
4 0 0 3 0 2 0 0  10010000100100001001000010010100100101001001010010010000100100001001000010010000100100001001000010010100100100001001000010010000100100001001000010010000100100001001000010010000100100001001000010010000 
4 0 0 3 0 2 0 0  10010000100101001001010010010000100101001001000010010000100100001001000010010000100101001001010010010100100100001001000010010000100100001001000010010000100100001001000010010000100100001001000010010000 
4 0 0 2 0 2 0 0  10010100100101001001010010010100100101001001010010010000100100001001000010010000100101001001010010010100100100001001000010010000100100001001000010010000100100001001000010010000100100001001000010010000 
4 0 0 2 0 2 0 0  10010100100101001001010010010000100100001001010010010000100100001001000010010000100101001001000010010000100100001001000010010000100100001001000010010000100100001001000010010000100100001001000010010100 
4 0 0 3 0 2 0 0  10010100100100001001010010010100100101001001010010010100100100001001010010010100100101001001010010010100100100001001000010010100100101001001000010010000100100001001010010010100100100001001010010010100 
4 0 0 3 0 2 0 0  10010000100101001001010010010100100101001001010010010000100100001001000010010000100101001001010010010100100100001001000010010000100100001001000010010000100100001001000010010000100100001001000010010000 
5 0 0 2 0 0 0 0  10000000100100001001000010000000100100001001000010010000100100001001000010000000100000001000000010010000100000001001000010010000100000001001000010010000100100001001000010000000100000001001000010010000 
4 0 0 3 0 2 0 0  10010000100101001001010010010101100101001001010010010100100100001001010010010100100101001001010010010100100100001001000010010000100100001001000010010000100100001001010010010100100100001001010010010100 
4 0 0 3 0 2 0 0  10010100100100001001010010010000100101001001000010010100100100001001000010010000100101001001000010010000100100001001000010010000100100001001000010010000100100001001000010010000100100001001000010010000 
4 0 0 3 0 2 0 0  10010000100101001001000010010000100101001001000010010000100100001001000010010000100101001001000010010000100100001001000010010000100100001001000010010000100100001001000010010000100100001001000010010000 
7 0 0 2 0 0 0 0  10000000100000001000000010010000100000001000000010010000100000001000000010000000100000001000000010010000100000001001000010010000100000001001000010000000100000001001000010000000100000001001000010000000 
4 0 0 3 0 2 0 0  10010000100100001001010010010000100101001001000010010000100100001001000010010000100100001001010010010100100100001001000010010000100100001001000010010000100100001001000010010000100100001001000010010000 
7 0 0 2 0 0 0 0  10000000100000001000000010000000100000001000000010000000100000001001000010000000100000001000000010010000100000001000000010000000100000001000000010000000100000001001000010000000100000001001000010000000 
3 2 0 2 2 2 0 2  10011101100101011001010110010100100101011001010010011100100111001101010010011100100101011001010010010100110111011001010010010101110101011101010110011101100101001001010111010100100101001001010010010101 
7 0 0 2 0 0 0 0  10000000100000001000000010000000100000001001000010010000100000001001000010000000100100001000000010010000100000001001000010010000100000001001000010000000100000001001000010000000100000001001000010000000 
3 2 0 2 2 2 0 2  11010101110101011001010010010100100101011001010010011100100111001101010010010100100101011101010010010100110111011001010010010101110101011101010110011100100101001001010111010100100101001001010010010101 
5 0 0 2 0 0 0 0  10000000100100001001000010000000100000001000000010000000100000001000000010000000100000001000000010010000100000001000000010000000100000001000000010000000100000001000000010000000100000001000000010000000 
3 2 2 2 2 2 1 2  11111101111111111111111111111110111111001111111011111101111111011101110011111111111111011111110011110100111111111111110011111111111111011111011111111111111111011101110111111111111111111101110011111111 
7 0 0 2 0 0 0 0  10000000100000001000000010010000100000001001000010010000100100001001000010000000100100001000000010010000100000001001000010010000100000001001000010000000100000001001000010000000100000001001000010000000 
4 0 0 3 0 2 0 0  10010100100100001001000010010100100101001001010010010100100100001001010010010100100101001001010010010000100100001001000010010000100100001001000010010000100100001001000010010000100101001001000010010100 
7 0 0 2 0 0 0 0  10000000100100001000000010000000100000001000000010000000100000001000000010000000100000001000000010000000100000001000000010000000100000001000000010000000100000001000000010000000100000001000000010000000 
4 0 0 3 0 2 0 0  10010000100100001001010010010000100101001001010010010100100100001001000010010000100100001001010010010000100100001001000010010000100100001001000010010000100100001001000010010000100100001001000010010100 
5 0 0 3 0 0 0 0  10010000100000001000000010000000100000001000000010010000100000001001000010000000100000001000000010000000100000001000000010000000100000001000000010000000100000001001000010000000100000001001000010000000 
4 0 0 3 0 2 0 0  10010000100100001001010010010000100100001001000010010000100100001001000010010000100101001001000010010000100100001001000010010000100100001001000010010000100100001001000010010000100100001001000010010000 
7 0 0 2 0 0 0 0  10000000100000001000000010000000100000001000000010000000100000001000000010000000100000001000000010000000100000001000000010000000100000001000000010000000100100001000000010000000100000001001000010000000 
4 0 0 3 0 2 0 0  10010000100100001001010010010100100101001001010010010100100100001001010010010100100101001001010010010100100100001001000010010000100100001001000010010000100100001001000010010100100100001001000010010100 
5 0 0 3 0 0 0 0  10010000100000001001000010010000100100001000000010010000100100001001000010000000100000001000000010010000100000001001000010010000100000001001000010000000100100001001000010000000100000001001000010000000 
5 0 0 2 0 0 0 0  10000000100100001001000010000000100000001001000010010000100100001001000010000000100000001000000010010000100000001001000010010000100000001000000010010000100100001001000010000000100000001001000010010000 
5 0 0 3 0 0 0 0  10010000100000001000000010000000100000001000000010000000100000001000000010000000100000001000000010000000100000001000000010000000100000001000000010000000100000001000000010000000100000001001000010000000 
4 0 0 3 0 2 0 0  10010000100100001001000010010100100101001001010010010100100100001001010010010100100101001001010010010100100100001001000010010000100100001001000010010000100100001001000010010100100100001001000010010100 
4 0 0 3 0 2 0 0  10010100100100001001010010010000100100001001000010010000100100001001000010010000100100001001000010010000100100001001000010010000100100001001000010010000100100001001000010010000100100001001000010010000 
4 0 0 2 0 2 0 0  10010100100101011001010010010100100101001001010010010100100101001001010010010101100101001001010010010100100101001001010010010100100101001001010010010100100101001001010010010100100100001001000010010100 
4 0 0 3 0 2 0 0  10010000100100001001010010010100100101001001010010010100100100001001000010010100100101001001010010010000100100001001000010010000100100001001000010010000100100001001000010010000100100001001000010010100 
4 0 0 3 0 2 0 0  10010000100100001001000010010000100100001001010010010000100100001001000010010000100101001001000010010100100100001001000010010000100100001001000010010000100100001001000010010000100100001001000010010000 
4 0 0 3 0 2 0 0  10010100100100001001000010010000100100001001000010010000100100001001000010010000100100001001000010010000100100001001000010010000100100001001000010010000100100001001000010010000100100001001000010010000 
5 0 0 2 0 0 0 0  10000000100100001001000010000000100000001000000010010000100100001001000010000000100100001000000010010000100000001001000010000000100000001001000010000000100000001001000010000000100000001001000010000000 
7 0 0 2 0 0 0 0  10000000100100001000000010000000100000001001000010010000100100001000000010010000100000001000000010000000100000001000000010010000100000001000000010000000100000001001000010000000100000001001000010000000 
7 0 0 2 0 0 0 0  10000000100000001001000010000000100000001000000010000000100000001000000010000000100000001000000010000000100000001000000010000000100000001000000010000000100000001000000010000000100000001000000010000000 
3 2 0 2 2 2 0 2  10011101100111011001010110010100110101011001110010011100100111001101010010011100100111001001010010011100110111011001010010010101110101011101010110011101100101001001110111010100110101001001010010010101 
4 0 0 2 0 2 0 0  10010100100101001001000010010000100101001001000010010100100100001001010010010000100100001001000010010000100100001001000010010000100100001001000010010000100100001001010010010100100100001001000010010000 
7 0 0 2 0 0 0 0  10000000100000001001000010000000100000001001000010010000100100001001000010000000100100001000000010010000100000001001000010010000100000001001000010010000100000001001000010000000100000001001000010000000 
7 0 0 2 0 0 0 0  10000000100000001000000010010000100000001001000010010000100100001001000010000000100100001000000010010000100000001001000010010000100000001001000010010000100100001001000010000000100000001001000010000000 
5 0 0 3 0 0 0 0  10010000100000001000000010010000100000001000000010010000100100001001000010000000100000001001000010010000100000001000000010010000100100001001000010010000100100001001000010000000100000001001000010000000 
5 0 0 3 0 0 0 0  10010000100000001001000010010000100000001000000010010000100100001000000010000000100100001000000010010000100000001001000010000000100000001000000010000000100000001001000010000000100000001001000010000000 
7 0 0 2 0 0 0 0  10000000100000001001000010000000100000001000000010010000100000001000000010000000100000001000000010010000100000001001000010000000100000001000000010000000100000001001000010000000100000001001000010000000 
7 0 0 2 0 0 0 0  10000000100100001000000010000000100000001000000010010000100000001000000010000000100000001000000010000000100000001000000010000000100000001000000010000000100000001000000010000000100000001001000010000000 
7 0 0 2 0 0 0 0  10000000100000001001000010010000100000001001000010010000100100001001000010000000100100001000000010010000100000001001000010010000100000001001000010010000100100001001000010000000100000001001000010000000 
7 0 0 2 0 0 0 0  10000000100100001000000010000000100000001000000010010000100000001001000010000000100000001000000010000000100000001000000010000000100000001000000010000000100000001001000010000000100000001001000010000000 
7 0 0 2 0 0 0 0  10000000100000001001000010000000100000001000000010000000100000001000000010000000100000001000000010000000100000001001000010000000100000001000000010000000100000001000000010000000100000001001000010000000 
7 0 0 2 0 0 0 0  10000000100000001001000010000000100000001000000010010000100100001001000010000000100000001000000010010000100000001001000010000000100000001000000010000000100000001001000010000000100000001001000010000000 
5 0 0 3 0 0 0 0  10010000100100001000000010000000100000001001000010010000100100001001000010000000100000001000000010000000100000001000000010000000100000001000000010000000100000001000000010000000100000001001000010000000 
5 0 0 2 0 0 0 0  10000000100100001001000010000000100000001000000010010000100000001000000010000000100100001000000010010000100000001001000010000000100000001000000010000000100000001001000010000000100000001001000010000000 
7 0 0 2 0 0 0 0  10000000100000001001000010000000100000001000000010010000100000001000000010000000100000001000000010000000100000001000000010000000100000001000000010000000100000001001000010000000100000001001000010000000 
5 0 0 2 0 0 0 0  10000000100100001001000010000000100000001000000010000000100100001000000010000000100000001000000010000000100000001001000010000000100000001000000010000000100000001001000010000000100000001001000010000000 
7 0 0 2 0 0 0 0  10000000100000001001000010000000100000001000000010010000100100001001000010000000100100001000000010010000100000001001000010010000100000001001000010000000100100001001000010000000100000001001000010000000 
7 0 0 2 0 0 0 0  10000000100000001001000010000000100000001000000010010000100000001001000010000000100100001000000010010000100000001001000010010000100000001001000010000000100000001001000010000000100000001001000010000000 
3 2 2 2 2 2 0 2  11010101110111011111010111011100110101001101110111111101100111011101010011011100110101001101110011010100010111011111010010011101101101011111010111011101101101001101010011110100110111001101110010011101 
3 2 2 2 2 2 0 2  11110101111101011111010111010100110101001101110111011100100111011101110010011100110101011101110010010100110111011001010010010101111101011111010110011101100111011101110111010100110111001101010010011101 
7 0 0 2 0 0 0 0  10000000100000001001000010010000100100001001000010010000100100001001000010000000100100001000000010010000100000001001000010010000100000001001000010010000100100001001000010000000100000001001000010000000 
3 2 2 2 2 2 1 2  11111111111111011111111111111110111111001111111011111101111111011101110111111100110111011111110011010100111111111111110011111111111111011111011111011111111111111101110111111110111111111101110011111101 
5 0 0 3 0 0 0 0  10010000100000001000000010010000100100001000000010010000100100001001000010000000100000001001000010010000100000001001000010010000100100001001000010010000100100001001000010000000100000001001000010000000 
3 2 0 2 2 2 0 2  10011101100111011001010110010100110101001101110110011100110111001101110010011100100101001101010011010100010111011101010010010101111101011111010101011101100111011101110111110100110101001001010010011101 
3 2 2 2 2 2 0 2  11110101110101011111010111010100110101001001110111011100110111011101110010011100110101011101110011010100110111011001010010010101111101011111010111011101100111011101110111110100110111001101110010011101 
3 2 2 2 2 2 0 2  11111101110101011111010111010100110101001101110111011101110111011101110010011100110101001101110011010100010111011101010010011101111101011111010111011101100111011101110111110100110111001101110010011101 
