12830.607077280489 7.522719157350578 
13834.708573948456 4.326144467061234 
13992.741880057512 4.157254922910716 
13640.446458623446 4.575294354157768 
12868.103552377575 7.339450354552908 
13445.878943455382 5.05178685195903 
13544.098143132886 4.757681960791296 
13953.568209719988 4.190163135478981 
13156.151987541552 6.379969402771398 
13663.042929655248 4.538728286361025 
13173.048398204566 6.299391794163729 
13722.313155372209 4.486164868720612 
13146.095961821102 6.434010178364187 
12892.352918799139 7.285156192920697 
13517.987369152901 4.834773510636179 
13085.441486967835 6.6359642890789505 
13073.388331153612 6.711569609486393 
13489.328462694142 4.900842037428332 
13357.491526077547 5.502205266625216 
13594.775970116343 4.67950754170087 
13182.934763587407 6.244738595230748 
13749.568603512751 4.459758860642602 
12979.72464783691 7.067245547359303 
13023.907535925144 6.878037416019619 
13563.47379223186 4.732143866945894 
13431.935551988872 5.142425881513778 
13768.802656711185 4.4332577447194685 
12957.536593135284 7.1246973582849655 
13102.29597813919 6.5976208102245 
13529.23826312608 4.8065062336165 
13620.90070524872 4.628594880328733 
13213.423667344181 6.119016523492546 
13329.595812517464 5.6204208515667755 
12855.931525597583 7.406228636314954 
13340.643600660362 5.57644390390288 
13791.544876631584 4.399364301125117 
13372.525846233468 5.4560166834865385 
12912.596900907492 7.2151894698676164 
12925.176542052983 7.18921886810228 
13272.210436660986 5.895176133602359 
13425.812828205091 5.209990931989341 
12838.165675670158 7.481593256987351 
13418.864058268338 5.267971654960158 
13201.27099141049 6.194479063426318 
13129.41114678687 6.499780032279705 
12904.367787075538 7.245110864895797 
13582.047973276438 4.706501780933863 
13826.140268099798 4.3466847817905565 
13478.876476599662 4.957052856570044 
13224.308284151488 6.082254069355615 
13349.644186725833 5.539361806288134 
13703.468630144456 4.514138618086431 
13401.96982342063 5.316762263981859 
13438.546522191891 5.104179220279979 
13232.424318994801 6.04365567667578 
13248.938633846705 6.005225224121717 
13463.956563419726 5.002832453573543 
13315.302437189664 5.6914738976999635 
13113.464617884476 6.536468666953612 
12846.739500742846 7.456144141216784 
13942.469673600986 4.2191703524584465 
13037.839203632728 6.85452830203431 
12994.066894549085 7.024875405041943 
12969.94044848134 7.102435662389398 
13004.58885045134 6.974991639435754 
13813.947256496675 4.382322055937373 
13393.130998784693 5.371736276667979 
13940.101802542136 4.239816070067081 
13117.415603861202 6.519615035717044 
13259.895712977252 5.964800661769327 
13323.76793184647 5.6570129197758785 
13283.489280048349 5.834960728816246 
13499.565539053288 4.891140833950708 
13614.944156739133 4.649895879638383 
13301.676298301136 5.742563695928019 
12946.98707490458 7.15956380569019 
13686.042962310079 4.529573762896749 
13308.14543403583 5.720316045501888 
13469.393289746158 4.986064867530197 
13290.771043191151 5.785087691778806 
13264.872665632312 5.943422901492907 
13380.826520495777 5.430441380760981 
13398.100761555981 5.333612381668423 
13985.463447613321 4.169898480160934 
13050.958297546047 6.799972707468822 
13013.450778812094 6.928548663511583 
13279.620185488931 5.860761456323289 
12999.372276492915 6.99951220421913 
13047.490894512594 6.8168103091162235 
13293.927304972607 5.768210384533155 
13239.545376689373 6.0301334203364725 
13210.101561044015 6.156958271106939 
13016.34954411656 6.913494279131144 
13386.669479296746 5.413346333838062 
12939.48538644767 7.174698778503381 
12863.915554981073 7.380756035562649 
13192.428119718716 6.232693368837857 
13785.472638808964 4.416825379819767 
13083.4673751145 6.672159036229384 
13059.632446600825 6.772365441071011 
