5 1 0 0 0 0 0 0  10000000100000001000000010000000100000001000000010000000100000001000000010000000100000001000000010000000100000001000000010000000100000001000000010000000100000001000000010000000100000001000000010000000 
5 1 0 0 0 0 0 0  10000000100000001000000010000000100000001000000010000000100000001000000010000000100000001000000010000000100000001000000010000000100000001000000010000000100000001000000010000000100000001000000010010000 
5 1 0 0 2 0 0 0  10000000100000001000100010000000100000001000000010000000100000001000000010000000100000001001100010000000100000001000000010000000110110001000000010000000100000001000000010000000100000001000000010000000 
2 1 1 0 2 3 2 0  11111111111111111111111111111111111111111111111111111111111111111111111111111111111111111111111111111111111111111111111111111111111111111111111111111111111111111111111111111111111111111111111111111110 
5 1 0 0 0 0 0 0  10000000100000001000000010000000100000001000000010000000100000001000000010000000100000001000000010000000100000001000000010000000100000001000000010000000100000001000000010000000100000001000000010011110 
5 1 0 0 3 0 0 0  10001000100010001000000010000000100000001000000010000000100000001000000010000000100000001000000010000000100000001000000010000000100000001000000010000000100000001000000010000000100000001000000010000000 
5 1 0 0 2 0 0 0  10000000100000001000100010011000100000001000000010000000100000001000000010000000100000001000100010000000100000001001110010000000100000001000000010000000100000001000000010000000100000001000000010000000 
5 1 0 0 2 0 0 0  10000000100010001000100010011000100010001000000010000000100000001000000010000000100000001000000010000000100000001000000010000000100000001000000010000000100000001000000010000000100000001000000010000000 
5 1 0 0 3 3 0 0  10001100100011001000100010011101100011011001110010011100100100001000000010000000100000001000100010000000100010001001110010000000100010001000100010001000100000001001110010001101100110001001110010001100 
5 1 0 0 2 3 2 0  10001000100011001000110010011101100011011001110010011100100100001000111010011000100011111001100010001111100011001001110010001110100101001000101010001000100110101001110010001101100110001001110010011100 
5 1 0 0 3 0 0 0  10001000100010001000100010000000100000001000000010000000100000001000000010000000100000001000000010000000100000001000000010000000100000001000000010000000100000001000000010000000100000001000000010000000 
2 1 1 0 2 3 2 0  11111101111111111111111111111111111111111111111111111111111111111111111111111111111111111111111111111111111111111111111111111111111111111111111111111111111111111111111111111111111111111111111111111110 
5 1 0 0 2 3 2 0  10011100100111001000110010011101100011011001110010011100100100001000111010011000100011111001100010001111100011001001110010001110100101001000101010001000100110101001110010001101100110001001110010011000 
5 1 0 0 3 0 0 0  10001000100000001000000010000000100000001000000010000000100000001000000010000000100000001000000010000000100000001000000010000000100000001000000010000000100000001000000010000000100000001000000010000000 
5 1 0 0 2 3 2 0  10011100100111001000110010011101100011011001110010011100100100001000111010011000100011111001100010001111100011001001110010001110100101001000101010001000100110101001110011111101100111101001110010011100 
5 1 0 0 3 3 2 0  10001000100010001000110010011101100011011001110010011100100100001000111010011000100011111001100010001111100011001001110010001110100101001000101010001000100110101001110010001101100110001001110010011100 
5 1 0 0 2 0 0 0  10000000100000001000000010000000100000001000000010000000100000001000000010000000100000001000100010001100100010001000000010000000100010001000100010001000100010001000000010001100100000001000000010000000 
5 1 0 0 2 0 0 0  10000000100000001000100010011000100000001000000010000000100000001000000010000000100000001000100010000000100010001000000010000000100010001000100010001000100010001000000010000000100000001000000010001000 
5 1 0 0 2 0 0 0  10000000100000001000000010000000100000001000000010000000100000001000000010000000100000001000100010000000100010001000000010000000100010001000100010001000100000001000000010000000100000001000000010000000 
5 1 0 0 3 0 0 0  10001000100010001000100010011000100010001001100010000000100000001000000010000000100000001000100010000000100010001000000010000000100010001000100010001000100010001000000010001101100110001001110010001000 
5 1 0 0 3 0 0 0  10001000100010001000100010011000100010001001100010011100100000001000000010000000100000001000100010000000100010001000000010000000100010001000100010001000100010001000000010001101100110001001110010001000 
5 1 0 0 3 0 0 0  10000000100010001000100010011000100010001000000010000000100000001000000010000000100000001000000010000000100000001000000010000000100000001000000010000000100000001000000010000000100000001000000010001000 
5 1 0 0 2 3 2 0  10011101100111001000110010011101100011011001110010011100100100001000111010011000100011111001100010001111100011001001110010001110100101001000110010001110100110101001110010001101100111101001110010011100 
5 1 0 0 2 3 2 0  10001100100011001000110010011101100011011001110010011100100100001000111010011110100111111111111010001111100011001001110010001110100101001111110010001110100110101001110010001101100111101001110010011100 
5 1 0 0 2 0 0 0  10001000100000001000000010000000100000001000000010000000100000001000000010000000100000001000100010000000100010001000000010000000100010001000100010001000100000001000000010000000100000001000000010000000 
5 1 0 0 2 0 2 0  10001000100010001000110010011101100011011001110010011100100100001000111010011000100011111001100010001111100011001001110010001000100010001000100010001000100010001001110010001101100111001000110010000000 
5 1 0 0 2 3 0 0  10000000100000001000100010011000100000001001100010011100100000001000000010000000100000001000100010000000100000001001110010000000100010001000100010001000100000001001110010001101100110001001110010011100 
5 1 0 0 3 0 0 0  10001000100010001000100010001000100010001001100010000000100000001000000010000000100000001000100010000000100010001000000010000000100010001000100010001000100010001000000010000000100000001000000010001000 
5 1 0 0 3 0 0 0  10001000100010001000100010001000100010001001100010000000100000001000000010000000100000001000100010000000100010001000000010000000100010001000100010001000100010001000000010000000100000001000000010011100 
5 1 0 0 2 0 2 0  10001000100010001000110010011101100011011001110010011100100100001000111010011000100011111001100010001111100011001001110010001000100010001000100010001000100010001001110010001101100111111101110010011100 
5 1 0 0 3 0 0 0  10001000100010001000100010000000100000001000000010000000100000001000000010000000100000001000000010000000100010001000000010000000100010001000100010001000100010001000000010000000100000001000000010000000 
5 1 0 0 2 3 2 0  10001100100010001000110010011101100011011001110010011100100100001000110010011000100000001000100010001111100011001001110010001110100101001000100010001000100010001001110010001101100111111101110010011100 
5 1 0 0 2 0 0 0  10001000100010001000100010001000100000001000000010000000100000001000000010000000100000001000000010000000100010001000000010000000100010001000100010001000100010001000000010000000100000001000000010001000 
2 1 1 0 2 3 2 0  11111101111111001111110111111111111111111111111111111111111111111111111111111111111111111111111111111111111111111111111111111111111111111111111111111111111111111111111111111111111111111111111111111110 
5 1 0 0 3 0 0 0  10001000100010001000000010000000100000001000000010000000100000001000000010000000100000001000000010000000100000001000000010000000100000001000000010000000100000001000000010000000100000001000000010001000 
5 1 0 0 3 0 0 0  10001000100010001000000010000000100000001000000010000000100000001000000010000000100000001000000010000000100010001000000010000000100010001000100010001000100010001000000010000000100000001000000010001000 
5 1 1 0 2 3 2 0  10011100100111001000110010011101100011011001110010011100100100001000111010011000100011111001111010001111100011001001110010001110100101111111110010001110100110101001110010001101100111111101110010011110 
5 1 0 0 3 3 2 0  10001000100010001000100010001101100011011001110010011100100100001000111010011000100011111001100010001111100011001001110010001110100101001000100010001000100010001001110010001101100111111101110010011100 
2 1 1 0 2 0 2 0  10011101100111001111110111111101100011011001110010011100100100001011111111011110100111111111111111111111111111111111111110001110100101111111110010001110100110101001110010001101100111111101110010011100 
5 1 0 0 2 0 0 0  10000000100000001000000010000000100000001000000010000000100000001000000010000000100000001000100010001100100010001000000010000000100010001000100010001000100010001000000010001100100000001000010010000000 
5 1 0 0 3 0 0 0  10001000100010001000110010011101100011011001110010011100100000001000110010011000100011111001100010001100100010001000110010000000100010001000100010001000100010001000000010001101100110001001110010000000 
5 1 0 0 2 3 2 0  10001100100011001000110010011101100011011001110010011100100100001000111010011000100011111001100010001111100011001001110010001110100101001111110010001110100110101001110010001101100111101001110010011100 
5 1 0 0 2 3 2 0  10011100100111001000110010011101100011011001110010011100100100001000111010011000100011111001100010001111100011001001110010001110100010001000100010001000100010001001110010001101100111001000110010000000 
2 1 1 0 2 3 2 0  10011101100111001111110111111101100011011001110010011100100100001011111111111111111111111111111111111111111111111111111111111111111111111111111111111111111111111111111111111101100111101001110010011100 
5 1 0 0 3 3 2 0  10001000100010001000100010001000100010001001110010011100100100001000111010011000100011111001111010001111100011001001110010001110100101001000100010001000100010001001110010001101100111101001110010011100 
5 1 0 0 3 0 0 0  10001000100010001000100010011000100000001000000010000000100000001000000010000000100000001000100010000000100010001000000010000000100010001000100010001000100010001000000010000000100000001000000010001000 
2 1 1 0 2 3 2 0  10011101100111001111110111111101100011011001110010011100100100001000111010011000100011111001100010001111100011001001110010001110100101001111110010001110100110101001110010001101100111101001110010011100 
5 1 0 0 2 3 0 0  10001100100010001000110010011000100010001001110010011100100100001000000010011000100011001000100010000000100010001001110010001000100010001000100010001000100010001000000010001101100111001000110010000000 
5 1 0 0 3 0 0 0  10001100100010001000110010011101100011011001110010011100100100001000110010011000100000001000100010000000100010001000000010000000100010001000100010001000100010001001110010001101100111001000110010000000 
5 1 0 0 2 3 0 0  10001100100010001000110010011000100010001001110010011100100100001000000010011000100011001000100010000000100010001001110010001000100010001000100010001000100010001000000010000000100000001000000010011100 
5 1 0 0 2 0 0 0  10001100100010001000110010011101100011011001110010011100100100001000111010010000100000001000100010001100100010001000000010000000100010001000100010001000100010001001110010001101100111001000110010000000 
5 1 0 0 3 0 0 0  10000000100000001000000010000000100000001000000010000000100000001000000010000000100011001000100010000000100010001000000010000000100010001000100010001000100010001000000010000000100000001000000010001000 
2 1 1 0 2 3 2 0  10011101100111001000110010011101100011011001110010011100100100001000111010011110100111111111111010001111100011001001110010001110100101001111110010001000100010001001110010001101100111111101110010011100 
2 1 1 0 2 3 2 0  10011101100111001000110010011101100011011001110010011100100100001000111010011110100111111111111010001111100011001001110010001110100101001111110010001110101111111111111010001101100111101001110010011100 
5 1 1 0 2 3 2 0  10011101100111001111110111111101100011011001110010011100100100001000111010011110100111111111111010001111100011001001110010001110100101001111110010001110101111111111111010001101100111101001110010011100 
5 1 0 0 3 3 2 0  10001000100011001000110010011101100011011001110010011100100000001000110010011000100011111001100010001111100011001001110010001000100010001000100010001000100110101001110010001101100111101001110010011100 
5 1 0 0 2 3 0 0  10001100100011001000110010011101100011011001110010011100100100001000000010011000100011001000100010000000100010001001110010001000100010001000100010001000100010001000000010001101100111001000110010000000 
5 1 0 0 2 3 0 0  10001100100011001000110010011101100011011001110010011100100000001000110010011000100011111001100010001100100010001000110010000000100010001000100010001000100010001001110010001101100111001101110010011100 
5 1 0 0 3 0 0 0  10001000100010001000100010001000100010001001100010000000100000001000110010011000100011111001100010001100100010001000110010000000100010001000100010001000100010001000000010001101100111001000110010011100 
5 1 0 0 2 0 0 0  10001000100011001000100010011101100011011001110010011100100100001000111010011000100011111001100010001100100010001000110010000000100010001000100010001000100010001000000010001101100111001000110010000000 
5 1 0 0 2 3 0 0  10001000100011001000110010011101100011011001110010011100100000001000110010011000100011111001100010001100100010001000110010000000100010001000100010001000100010001001110010001101100111001101110010011100 
5 1 0 0 2 0 2 0  10001000100011001000100010011101100011011001110010011100100100001000111010011000100011111001100010001100100010001000110010000000100010001000100010001110100110101001110010001101100111111101110010011100 
5 1 0 0 3 0 0 0  10001000100010001000100010011101100011011001110010011100100000001000110010011000100011111001100010001100100010001000110010001000100010001000100010001000100010001001110010001101100111001000110010000000 
5 1 0 0 2 0 0 0  10000000100000001000000010000000100000001000000010000000100000001000000010000000100000001000100010001100100010001000000010000000100010001000100010001000100010001000000010001101100111001000110010000000 
5 1 0 0 3 0 0 0  10001000100011001000110010011101100011011001110010011100100000001000110010011000100011111001100010001100100010001000110010000000100010001000100010001000100010001001110010001101100111001000110010001000 
5 1 0 0 2 0 0 0  10000000100000001000100010000000100000001000000010000000100000001000000010000000100000001000100010000000100010001001110010001000100010001000100010001000100010001000000010001100100000001000000010000000 
5 1 0 0 2 0 0 0  10001000100010001000100010001000100010001001100010000000100000001000110010011000100000001000100010000000100010001000000010000000100010001000100010001000100000001000000010000000100000001000110010000000 
5 1 0 0 3 3 0 0  10001000100010001000100010001000100010001001100010011100100000001000110010011000100011111001100010001100100010001000110010000000100010001000100010001000100010001001110010001101100111001000110010000000 
5 1 0 0 3 0 0 0  10001000100010001000100010011000100010001001110010011100100000001000110010011000100011111001100010001100100010001000110010000000100010001000100010001000100010001001110010001101100111001000110010001000 
5 1 0 0 2 3 0 0  10001000100011001000110010011101100011011001110010011100100000001000110010011000100011111001100010001111100011001001110010001000100010001000100010001000100100001001110010001101100110001001110010011100 
5 1 0 0 3 0 0 0  10001000100010001000100010001000100010001001100010011100100000001000110010011000100011111001100010001100100010001000110010000000100010001000100010001000100010001001100010000000100000001000000010001000 
5 1 0 0 2 3 2 0  10001000100011001000100010011101100011011001110010011100100100001000111010011000100011111001100010001100100010001000110010000000100010001000100010001000100010001001110010001101100111001000110010011000 
5 1 0 0 3 0 2 0  10001100100011001000110010011101100011011001110010011100100000001000110010011000100011111001111010001111100011001001110010001110100101001000100010001000100010001001110010001101100111101001110010011100 
5 1 0 0 2 0 0 0  10000000100000001000100010011000100000001000000010000000100000001000000010000000100000001000100010000000100010001000000010000000100010001000100010001000100010001000000010000000100011001000110010001000 
2 1 1 0 2 3 2 0  11111101111111001111110110011101100011011001110010011100100100001000111111111111111111111111111111111111111111111111111111111111111101001111110010001110100110101001110010001101100111101001110010011100 
5 1 0 0 2 3 2 0  10001100100010001000110010011000100010001001110010011100100100001000111010011000100011111001100010001111100011001001110010001000100010001000100010001000100010001001110010001101100111001001110010001000 
2 1 1 0 2 3 2 0  11111101111111001111110111111111111111111111111111111111111111111111111111111111111111111111111111111111111111111111111010001110100101001111110010001110100110101001110010001101100111101001110010011100 
5 1 0 0 2 3 0 0  10000000100000001000100010000000100000001000000010000000100000001000000010000000100000001000100010000000100010001001110010001000100010001000100010001000100010001000000010001101100111001000110010000000 
5 1 0 0 2 3 0 0  10000000100000001000100010011000100000001000000010000000100000001000000010000000100000001000100010001100100010001000110010000000100010001000100010001000100010001001110010001101100111001000110010000000 
5 1 0 0 3 0 0 0  10001000100000001000000010000000100000001000000010000000100000001000000010000000100011001000100010000000100010001000000010000000100010001000100010001000100010001000000010000000100000001000000010001000 
2 1 1 0 2 3 2 0  10011101100111001111110111111111111111111111111111111111111111111111111111111111111111111111111111111111111111111111111111111111111111111111111010001110100110101001110010001101100111111101110010011100 
5 1 0 0 3 0 0 0  10001000100010001000110010011101100011011001110010011100100000001000110010011000100011111001100010001100100010001000110010000000100010001000100010001000100010001001110010001101100111001101110010011100 
2 1 1 0 2 3 2 0  11111111111111111111111111111111111111111111111111111111111111111111111111111111111111111111111111111111111111111111111111111111111101001111110010001100100110101001110010001101100111101001110010011100 
5 1 0 0 2 0 0 0  10001100100011001000110010011101100011011001110010011100100000001000110010011000100011111001100010001100100010001000110010000000100010001000100010001000100010001000000010001101100111001000110010000000 
2 1 1 0 2 3 2 0  10011101100111011111111111111111111111111111111111111111111111111111111111111111111111111111111111111111111111111111111111111111111101001111110111111111111111101001110010001101100111101001110010011100 
5 1 0 0 3 0 0 0  10001000100010001000100010011101100011011001110010011100100000001000110010011000100011111001100010001100100010001000110010001000100010001000100010001000100010001001110010001101100111101001110010011100 
5 1 0 0 2 3 2 0  10001100100011001000110010011101100011011001110010011100100100001000111010011000100011111001100010001111100011001001110010001000100010001000100010001000100110101001110010001101100111001000110010000000 
5 1 0 0 3 0 0 0  10000000100000001000100010011000100000001001100010011100100000001000000010000000100000001000100010000000100000001001110010000000100010001000100010001000100010001001100010000000100000001000000010001000 
2 1 1 0 2 3 2 0  11111101111111001111110110011101100011011001110010011100100100001000110010011000100011111001111010001111100011001001110010001110100101001000100010001000100010001001110010001101100111101001110010011100 
2 1 1 0 2 3 2 0  11111101111111001111110110011101100011011001110010011100100100001000111010011000100011111001100010001111111111111111110010001110100101001111111010001110100110101001110010001101100111111101110010011100 
5 1 0 0 2 3 0 0  10001100100011001000110010011101100011011001110010011100100000001000110010000000100000001000100010000000100010001000000010000000100010001000100010001000100010001000000010000000100111001001110010011100 
5 1 0 0 3 0 0 0  10001000100010001000110010011101100011011001110010011100100000001000110010011000100011111001100010001100100010001000110010000000100010001000100010001000100010001001110010001101100111001000100010001000 
5 1 0 0 2 3 0 0  10001000100011001000110010011101100011011001110010011100100000001000110010011000100011111000100010000000100010001001110010001000100010001000100010001000100010001000000010001101100111001000110010000000 
5 1 0 0 2 3 0 0  10001100100010001000110010011000100010001001110010000000100000001000000010000000100011001000100010000000100010001001110010001000100010001000100010001000100010001000000010001101100111001000110010000000 
5 1 0 0 2 3 0 0  10001100100011001000110010011101100011011001110010011100100000001000110010000000100011001000100010000000100010001000000010000000100010001000100010001000100010001000000010000000100000001000000010001000 
2 1 1 0 2 3 2 0  11111101111111111111111111111111111111111111111111111111111111111111111110011110100111111111111010001111100011001001110010001110100101001111110010001110100110101001110010001101100111001000110010011100 
5 1 0 0 2 0 0 0  10000000100000001000000010000000100000001000000010000000100000001000000010000000100011001000100010000000100010001000000010000000100010001000100010001000100010001001110010001101100111001000110010001000 
2 1 1 0 2 3 2 0  10011101100111011111111111111111111111111111111111111111111111111111111111111111111111111111111111111111111111111111110010001110100101001111110010001110100110101001110010001101100111001000110010011100 
2 1 1 0 2 3 2 0  11011101100111001111110111111111111111111111111111111111111111111100111010011110100111111111111010001111100011001001110010001110100101001111110010001110100110101001110010001101100111001000110010011100 
5 1 0 0 2 0 0 0  10000000100000001000000010000000100000001000000010000000100000001000000010000000100011001000100010000000100010001000000010000000100010001000100010001000100010001000000010000000100000001000000010000000 
