7 0 0 2 0 0 0 0  10000000100000001000000010000000100000001000000010000000100000001000000010000000100000001000000010010000100000001000000010000000100000001000000010000000100000001000000010000000100000001000000010000000 
4 0 0 4 0 0 0 0  10010000100100001001000010010000100100001001000010010000100100001001000010010000100100001001000010010000100100001001000010010000100100001001000010010000100100001001000010010000100100001001000010010000 
4 0 0 2 0 2 0 0  10010100100101001001010010010100100101001001010010010101100101001001010010010100100101001001010010010100100101001001010010010100100101011001000010010100100101001001010010010100100101001001010010010101 
4 0 0 2 0 2 0 1  10010101100101011001010110010100100101001001010010010101100101001001010010010100100101001001010010010100100101001001010010010100100101011001010010010100100101001001010010010100100101001001010010010101 
4 0 0 2 0 2 0 1  11010101110101011101010111010101100101001001010010010100110101011001010011010100100101001001010010010100100101011001010011010101100101011001010010010100110101001001010010010100100101001001010010010100 
0 0 0 0 0 0 0 0  11111111111111111111111111111111111111111111111111111111111111111101111111111111111111101111111111111111111111111111111111111111111111111111111111111111111111111111111111111111111111111111111111111111 
0 1 0 2 0 2 0 1  11111101111111011111110111111101110111011101010011111101100101011111010111011101111101101111110011010101111111011111010110010101110101011110110111111100110101010111110011110100110111000111010010011100 
4 0 0 3 0 0 0 0  10010000100100001001000010000000100000001000000010010000100000001001000010000000100000001000000010010000100000001001000010010000100000001000000010010000100000001001000010000000100000001001000010000000 
5 0 0 3 0 0 0 0  10010000100100001000000010000000100000001000000010010000100000001000000010000000100000001000000010010000100000001000000010000000100000001000000010000000100000001000000010000000100000001001000010000000 
0 1 0 2 0 2 2 1  11111101111111011111110111111111111111011111111111111110111101011111110011111100111111101011111011111111111111111111111011111101111111111111110111111101111111111111111111111111111111001111111111111111 
0 1 0 2 0 2 0 1  11110101110101011111010110110101110101001101010011110101110111011111010010010101110101101101010010010100111101011011010010010101100101011111010011011100110101011011010011110100110101001011010010011100 
4 0 0 2 0 2 0 0  10010100100101001001010010010100100101001001010010010100100100001001010010010100100101001001000010010100100100001001010010010000100101001001000010010100100100001001010010010100100100001001010010010100 
0 1 0 2 0 2 2 1  11111111111111111111111111111111111111111111111111111111111101111111111111111110111111101011111011111110111111111111111111111101111111111111011111111101111111111101101111111111111111101111111111111111 
0 1 0 2 0 2 0 1  11110101111101011111010110010101110111011101010011110101110111011111010011010101110101101111010010010100111101011111010010010101100101011111010111111100110101011011010011110100110111000111010010011100 
4 1 0 2 0 2 0 1  10010101110101011001010110010101100101001001010010010101100101011001010010011100100101001001010010010100100101001001010010010100100101011001010010010100100101001001010010010100100101001001010010010100 
4 0 0 3 0 0 0 0  10010000100100001000000010000000100100001001000010010000100100001001000010000000100100001000000010010000100000001001000010010000100000001001000010010000100000001000000010000000100000001001000010000000 
4 1 0 2 0 2 0 1  10010101100101011101010110010100100101001001010010010101100101001001010011010100100101001001010010010100110101011001010010011100100101011001010010010100100101001001010010010100100101001001010010010101 
7 0 0 2 0 0 0 0  10000000100100001000000010000000100000001000000010000000100000001000000010000000100000001000000010010000100000001000000010000000100000001000000010000000100000001000000010000000100000001000000010000000 
5 0 0 2 0 0 0 0  10000000100100001001000010000000100000001001000010010000100100001001000010000000100100001000000010010000100000001001000010000000100000001000000010010000100000001001000010000000100000001001000010000000 
4 0 0 2 0 2 0 0  10010100100101001001010010010100100101001001010010010100100100001001000010010000100100001001000010010100100100001001000010010000100100001001000010010000100100001001000010010000100100001001000010010000 
4 0 0 2 0 2 0 0  10010100100101001001010010010100100101001001010010010100100100001001000010010100100100001001010010010100100100001001000010010000100100001001000010010000100100001001000010010100100100001001000010010100 
7 0 0 2 0 0 0 0  10000000100000001001000010000000100000001000000010010000100100001001000010000000100100001001000010010000100000001001000010010000100000001001000010010000100000001001000010000000100000001001000010000000 
4 0 0 2 0 2 0 1  10010101100101001001010110010100100101001001010010010101100101001001010010010100100101001001010010010100100101001001010010010000100101011001010010010000100101001001010010010100100101001001010010010100 
5 0 0 3 0 0 0 0  10010000100000001000000010010000100000001000000010010000100000001001000010000000100000001000000010000000100000001001000010000000100000001000000010010000100100001001000010000000100000001001000010000000 
7 0 0 2 0 0 0 0  10000000100000001001000010010000100100001000000010010000100100001001000010000000100100001001000010010000100000001001000010010000100000001001000010010000100100001001000010000000100100001001000010000000 
7 0 0 2 0 0 0 0  10000000100000001001000010000000100000001000000010010000100000001001000010000000100000001001000010010000100000001001000010010000100000001001000010000000100000001001000010000000100000001001000010000000 
4 0 0 2 0 2 0 0  10010100100101001001000010010000100101001001010010010000100100001001010010010000100100001001010010010100100100001001000010010000100101001001000010010000100101001001000010010100100100001001000010010100 
7 0 0 2 0 0 0 0  10000000100000001001000010010000100000001000000010010000100100001001000010000000100100001001000010010000100000001001000010010000100000001001000010010000100100001001000010000000100000001001000010000000 
5 0 0 2 0 0 0 0  10000000100100001001000010000000100000001000000010010000100000001001000010000000100000001000000010010000100000001001000010000000100000001000000010000000100000001001000010000000100000001001000010000000 
5 0 0 2 0 0 0 0  10000000100100001001000010000000100000001000000010000000100000001000000010000000100000001000000010010000100000001000000010000000100000001000000010000000100000001000000010000000100000001000000010000000 
4 0 0 4 0 2 0 0  10010000100100001001010010010100100100001001000010010000100100001001000010010000100100001001000010010100100100001001000010010000100100001001000010010000100100001001000010010000100100001001000010010000 
0 1 0 2 0 2 0 1  11010101110101011111010110110101110101001001010010110101110111011111010010110100110101101101010010010100101101011011010010010101100101011111010011010100110101011011010011110100110101001001010010011100 
5 0 0 3 0 0 0 0  10010000100000001000000010000000100000001000000010000000100000001000000010000000100000001000000010010000100000001001000010000000100000001000000010000000100000001000000010000000100000001000000010000000 
7 0 0 2 0 0 0 0  10000000100000001000000010000000100000001000000010000000100000001000000010000000100000001000000010010000100000001000000010000000100000001000000010000000100000001001000010000000100000001001000010000000 
5 0 0 3 0 0 0 0  10010000100000001000000010010000100000001001000010010000100000001001000010000000100100001001000010010000100000001001000010000000100000001001000010010000100000001001000010000000100000001001000010000000 
4 0 0 2 0 2 0 0  10010100100101001001010010010100100100001001000010010000100100001001000010010000100100001001000010010000100100001001000010010000100100001001000010010000100100001001000010010100100100001001000010010000 
4 0 0 2 0 2 0 0  10010100100101001001000010010000100101001001000010010000100100001001010010010000100100001001000010010100100100001001000010010000100100001001000010010000100101001001000010010000100100001001010010010100 
4 0 0 2 0 2 0 0  10010100100100001001010010010100100101001001010010010100100100001001010010010100100101001001010010010100100100001001000010010000100101001001000010010000100101001001010010010100100100001001010010010100 
4 0 0 4 0 2 0 0  10010000100101001001000010010101100101001001010010010100100100001001000010010100100100001001010010010100100100001001000010010000100101001001000010010000100100001001000010010100100100001001000010010100 
0 1 0 2 0 2 2 1  11111101111111111111110111111111111111011111111011111111111101011111110111111101111111101011111011111111111111111111111011111101111111111111010111111101111111111111111111111111111111001111110111111111 
7 0 0 2 0 0 0 0  10000000100000001000000010000000100000001000000010010000100000001000000010000000100100001000000010010000100000001000000010000000100000001000000010000000100000001001000010000000100000001001000010000000 
5 0 0 2 0 0 0 0  10000000100100001001000010010000100100001001000010010000100100001001000010010000100100001001000010010000100000001001000010010000100100001001000010010000100100001001000010000000100000001001000010010000 
4 0 0 2 0 2 0 0  10010100100100001001000010010100100101001001000010010000100100001001000010010000100100001001000010010000100100001001000010010000100100001001000010010000100100001001000010010000100100001001000010010000 
7 0 0 2 0 0 0 0  10000000100000001001000010000000100000001000000010010000100000001000000010000000100100001000000010010000100000001000000010000000100000001000000010000000100000001001000010000000100000001001000010000000 
7 0 0 2 0 0 0 0  10000000100000001001000010000000100000001000000010000000100000001000000010000000100000001000000010010000100000001000000010000000100000001000000010000000100000001001000010000000100000001001000010000000 
7 0 0 2 0 0 0 0  10000000100000001001000010000000100000001000000010010000100000001001000010000000100100001000000010010000100000001001000010000000100000001000000010000000100000001001000010000000100000001001000010000000 
0 1 0 2 0 2 2 1  11111111111111011111110111111111111111011111111111111111111101011111110111111100111111101011111011111111111111011111111011011101111111111111010111111101111111111111111111111011111111001111110111111111 
4 0 0 2 0 2 0 0  10010100100100001001000010010100100101001001010010010100100100001001000010010000100100001001000010010000100100001001000010010000100100001001000010010000100100001001000010010000100100001001000010010100 
5 0 0 3 0 0 0 0  10010000100000001000000010000000100000001000000010010000100100001000000010000000100000001000000010010000100000001001000010000000100000001000000010000000100000001000000010000000100000001001000010000000 
4 0 0 4 0 2 0 0  10010000100100001001000010010100100101001001000010010000100100001001000010010000100100001001000010010000100100001001000010010000100100001001000010010000100100001001000010010000100100001001000010010000 
4 0 0 4 0 2 0 0  10010000100100001001010010010100100101001001010010010000100100001001000010010000100100001001000010010000100100001001000010010000100100001001000010010000100100001001000010010000100100001001000010010000 
4 0 0 4 0 2 0 0  10010000100101001001010010010100100101001001010010010100100100001001000010010100100100001001010010010100100100001001000010010000100100001001000010010000100100001001000010010100100100001001000010010100 
4 0 0 2 0 2 0 0  10010100100100001001010010010100100100001001000010010000100100001001000010010000100100001001000010010100100100001001000010010000100100001001000010010000100100001001000010010000100100001001000010010000 
4 0 0 4 0 2 0 0  10010000100101001001000010010101100101001001010010010100100100001001000010010000100100001001010010010100100100001001000010010000100100001001000010010000100100001001000010010000100100001001000010010100 
4 0 0 4 0 2 0 0  10010000100100001001010010010100100101001001010010010100100100001001000010010100100100001001010010010100100100001001000010010000100100001001000010010000100100001001000010010100100100001001000010010100 
7 0 0 2 0 0 0 0  10000000100100001000000010000000100000001000000010010000100000001001000010000000100100001000000010010000100000001001000010000000100000001000000010000000100000001000000010000000100000001001000010000000 
7 0 0 2 0 0 0 0  10000000100100001000000010000000100000001000000010010000100000001000000010000000100000001000000010010000100000001000000010000000100000001000000010000000100000001000000010000000100000001001000010000000 
5 0 0 2 0 0 0 0  10000000100100001001000010000000100000001000000010010000100100001001000010000000100100001001000010010000100000001001000010010000100000001001000010010000100100001001000010000000100100001001000010010000 
4 0 0 4 0 2 0 0  10010000100101001001010010010100100101001001010010010100100100001001010010010100100101001001010010010100100100001001010010010000100100001001000010010000100100001001000010010100100101001001000010010100 
4 0 0 4 0 2 0 0  10010000100100001001010010010100100101001001010010010100100100001001000010010000100100001001000010010100100100001001000010010000100100001001000010010000100100001001000010010000100100001001000010010100 
4 0 0 4 0 2 0 0  10010000100101001001010010010100100101001001010010010100100100001001000010010000100100001001000010010100100100001001000010010000100100001001000010010000100100001001000010010000100100001001000010010100 
4 1 0 2 0 2 0 1  11010101100101011101010110010100100101001001010010010101100101001001010010010100100101001001010010010100100101001001010010010100110101011001010010010100100101001001010010010100100101001001010010010100 
4 0 0 2 0 2 0 0  10010100100100001001000010010100100101001001010010010100100100001001010010010100100101001001010010010100100100001001000010010000100101001001000010010000100100001001000010010100100100001001000010010100 
7 0 0 2 0 0 0 0  10000000100000001000000010000000100000001000000010010000100000001001000010000000100100001000000010010000100000001001000010000000100000001000000010000000100000001001000010000000100000001001000010000000 
7 0 0 2 0 0 0 0  10000000100100001000000010000000100000001000000010010000100100001001000010010000100100001001000010010000100000001001000010010000100000001001000010010000100100001001000010000000100100001001000010000000 
7 0 0 2 0 0 0 0  10000000100100001000000010000000100000001000000010010000100000001001000010010000100100001001000010010000100000001001000010010000100000001000000010000000100100001001000010000000100100001001000010000000 
4 1 0 2 0 2 0 1  10010101110101011101010110010101100101001101010110010100100101011001010011010100100101001001010010010101110101011001010010011101110101011001010010010100100101001101010010010100100101001001010011010100 
4 0 0 2 0 2 0 0  10010100100100001001010010010000100101001001010010010100100100001001000010010000100100001001000010010100100100001001000010010000100100001001000010010000100100001001000010010000100100001001000010010000 
4 0 0 2 0 2 0 0  10010100100100001001010010010100100101001001010010010000100100001001010010010000100100001001010010010100100100001001000010010000100100001001000010010000100101001001010010010100100100001001010010010100 
4 0 0 4 0 2 0 0  10010000100101001001010010010100100101001001010010010000100100001001000010010000100100001001000010010000100100001001000010010000100100001001000010010000100100001001000010010000100100001001000010010000 
7 0 0 2 0 0 0 0  10000000100100001000000010000000100000001001000010010000100000001001000010000000100100001000000010010000100000001001000010000000100000001000000010000000100000001001000010000000100000001001000010000000 
4 0 0 4 0 2 0 0  10010000100101001001000010010100100101001001010010010100100100001001010010010100100101001001010010010100100100001001010010010000100101001001000010010000100100001001000010010100100101001001000010010100 
4 0 0 4 0 2 0 0  10010000100100001001000010010100100101001001010010010100100100001001000010010000100100001001010010010100100100001001000010010000100100001001000010010000100100001001000010010000100100001001000010010100 
7 0 0 2 0 0 0 0  10000000100000001001000010000000100000001000000010000000100000001000000010000000100000001000000010000000100000001000000010000000100000001000000010000000100000001001000010000000100000001000000010000000 
4 0 0 4 0 2 0 0  10010000100100001001010010010100100101001001010010010100100100001001000010010100100101001001010010010100100100001001000010010000100101001001000010010000100100001001010010010100100100001001010010010100 
5 0 0 2 0 0 0 0  10000000100100001001000010000000100000001000000010000000100000001000000010000000100000001000000010010000100000001001000010000000100000001000000010000000100000001001000010000000100000001001000010000000 
4 0 0 4 0 2 0 0  10010000100101001001000010010100100101001001010010010100100100001001000010010000100100001001000010010000100100001001000010010000100100001001000010010000100100001001000010010000100100001001000010010000 
4 0 0 2 0 2 0 0  10010100100101001001000010010100100101001001010010010100100100001001010010010100100100001001010010010100100100001001010010010000100101001001000010010000100100001001000010010100100100001001000010010100 
4 0 0 4 0 2 0 0  10010000100100001001000010010100100101001001010010010000100100001001000010010000100100001001010010010000100100001001000010010000100100001001000010010000100100001001000010010000100100001001000010010000 
4 0 0 4 0 2 0 0  10010000100101001001000010010100100101001001000010010000100100001001000010010000100100001001000010010000100100001001000010010000100100001001000010010000100100001001000010010000100100001001000010010000 
4 0 0 2 0 2 0 0  10010100100100001001000010010100100101001001010010010100100100001001000010010100100100001001010010010100100100001001000010010000100100001001000010010000100100001001000010010000100100001001010010010100 
5 0 0 2 0 0 0 0  10000000100100001001000010000000100100001000000010010000100100001001000010010000100100001001000010010000100000001001000010010000100000001001000010010000100100001001000010000000100100001001000010010000 
7 0 0 2 0 0 0 0  10000000100000001000000010010000100000001000000010000000100000001001000010000000100100001000000010010000100000001001000010010000100000001000000010010000100000001001000010000000100000001001000010000000 
4 0 0 4 0 2 0 0  10010000100100001001000010010100100101001001010010010100100100001001000010010100100101001001010010010100100100001001000010010000100101001001000010010000100100001001010010010100100100001001010010010100 
0 1 0 2 0 2 0 1  11111101111101011111010110011101111111011101010011111101110111011111110011011101110101101111010010010100111111011111010110010101100101011111110111111100110101011111010011111100110111000111010010011100 
7 0 0 2 0 0 0 0  10000000100000001000000010010000100000001000000010010000100100001001000010000000100100001001000010010000100000001001000010010000100000001001000010010000100100001001000010000000100000001001000010000000 
4 0 0 2 0 2 0 0  10010100100100001001010010010100100101001001010010010100100100001001000010010000100100001001010010010100100100001001000010010000100100001001000010010000100100001001000010010000100100001001000010010100 
4 0 0 4 0 2 0 0  10010000100100001001000010010100100101001001010010010100100100001001000010010100100101001001010010010100100100001001000010010000100100001001000010010000100100001001000010010100100100001001000010010100 
7 0 0 2 0 0 0 0  10000000100000001000000010000000100000001000000010010000100000001001000010000000100100001001000010010000100000001001000010010000100000001001000010010000100000001001000010000000100000001001000010000000 
4 0 0 4 0 2 0 0  10010100100100001001000010010000100100001001000010010000100100001001000010010000100100001001000010010000100100001001000010010000100100001001000010010000100100001001000010010000100100001001000010010000 
4 0 0 4 0 2 0 0  10010000100101001001010010010101100100001001000010010000100100001001000010010000100100001001000010010000100100001001000010010000100100001001000010010000100100001001000010010100100100001001000010010000 
5 0 0 3 0 0 0 0  10010000100000001001000010000000100000001000000010010000100000001000000010000000100000001000000010010000100000001001000010000000100000001000000010000000100000001000000010000000100000001001000010000000 
5 0 0 3 0 0 0 0  10010000100000001001000010010000100100001001000010010000100000001001000010000000100000001000000010000000100000001000000010000000100000001000000010010000100100001001000010000000100000001001000010000000 
5 0 0 3 0 0 0 0  10010000100000001001000010010000100100001001000010010000100000001001000010010000100000001000000010010000100000001001000010000000100100001000000010010000100100001001000010000000100000001001000010000000 
7 0 0 2 0 0 0 0  10000000100000001000000010010000100100001000000010010000100100001001000010000000100100001001000010010000100000001001000010010000100000001001000010010000100100001001000010000000100000001001000010000000 
5 0 0 3 0 0 0 0  10010000100000001001000010000000100000001000000010000000100000001000000010000000100000001000000010010000100000001000000010000000100000001000000010000000100000001000000010000000100000001000000010000000 
7 0 0 2 0 0 0 0  10000000100000001000000010000000100000001000000010010000100100001001000010000000100100001001000010010000100000001001000010010000100000001001000010010000100100001001000010000000100000001001000010000000 
0 1 0 2 0 2 0 1  11111101110101011111010110010101110111001001010011110101110111011101110011111101110101101111010010010100111101011011010110010101100101011111010111111100110101011111010011110100110111001111010010011100 
5 0 0 3 0 0 0 0  10010000100000001001000010000000100000001000000010010000100100001000000010000000100000001000000010010000100000001001000010010000100000001000000010000000100000001001000010010000100000001001000010000000 
4 0 0 3 0 0 0 0  10010000100100001001000010010000100100001001000010010000100100001001000010010000100100001001000010010000100000001001000010010000100100001001000010010000100000001001000010000000100100001001000010010000 
