494.9261434639145 820.397148943912 
588.9818535670294 192.94517737429854 
607.1374712219346 167.14322547304027 
673.3178410449851 120.35981713331489 
564.1438034579506 283.5996533895531 
534.0527060561361 355.7558312113665 
547.9122540563266 327.2238865879581 
557.2427404850694 302.82186509234725 
583.4596813507044 216.28279894173232 
572.220821099938 259.9733526852781 
561.5807831309453 290.6601373575242 
528.1979904833615 552.7999880255655 
545.2950832175155 335.74542497762974 
620.9601301967699 150.22987808720436 
587.5698955666968 199.04607197562265 
612.2773291369793 157.2800902520662 
624.2722974448964 144.9280551893745 
533.2360497890539 391.6018650611377 
577.0929836733044 240.9940054670291 
570.4982555333739 268.6473795260758 
654.9822646263142 124.09874701454117 
531.4049547245149 473.79990150923936 
503.3355574058497 786.1760758939205 
663.0735938629092 122.66896785872065 
506.53737939408836 768.8730350132392 
610.7482282701808 161.35206452437305 
527.3367288681998 567.1329417555039 
533.761385081726 361.26560823263577 
524.6897863975421 612.2539770541784 
507.9249452949266 761.0774566951452 
648.3739073765919 125.21654744286347 
669.3330346900545 120.66780753489847 
539.1950626192502 349.968848285344 
552.8858470212815 319.46179974197497 
532.5140003703231 431.33962255141563 
521.3500455749495 652.7802825311672 
542.099792697797 347.6801855850087 
546.2500239843367 331.4246023757364 
642.4937672670046 128.37616565833665 
512.9191776800247 734.0347966918137 
530.8865811401668 496.42078755853083 
614.6854727725738 155.43330079990952 
633.3798486928989 134.63981318665265 
523.3778911460504 629.2647653725726 
532.9341967445563 409.897737675858 
582.1598254754069 221.38823500795877 
604.6005411066757 188.71311557190285 
520.5074079848376 666.8969707637009 
581.6968677476488 226.29664736961846 
553.8499533906672 314.5336725688825 
522.5612021535244 638.8683982631277 
636.8477048180247 132.31300563664564 
576.5558375774074 248.63697329233767 
502.0931796213337 793.2236794290676 
504.6157983068163 779.5791911807211 
530.1276391034031 509.58736184743475 
645.3185960136094 126.48916985096375 
526.9971299870084 577.3994997517414 
586.9986877386983 206.28624113588126 
514.2590374536393 726.2211994895516 
509.8909943771656 750.3723636634451 
618.3205549561782 153.34810039139688 
511.0808465758178 743.767635970616 
571.1266080031966 263.73896716441544 
519.0648731517526 680.9198838142119 
509.0239896150496 755.0699395849238 
524.0548653036554 621.2022583086989 
519.7472619968227 674.3059235416497 
518.3520469076676 688.5889993404231 
529.424983995207 528.5222273220319 
525.6620239815617 599.0961269764839 
517.016963395157 701.6890782368374 
529.021067887563 540.9807516408389 
516.2761830710385 709.0019723833199 
526.0347684478883 594.2800473088636 
511.9123174647484 739.1835335089386 
501.10685623555736 798.0770809972381 
531.8044084001891 460.8749279407396 
498.4728643278579 811.9683377079673 
505.51322446442913 775.2972014898429 
562.5678253647918 287.8904017460865 
639.4975516367656 130.85822181261008 
532.1597859011699 448.9497136996972 
555.1110199827308 310.56476726996317 
578.342762206804 239.75850275296736 
499.3576170890049 807.2707617864886 
517.6748909541428 695.5908789591949 
514.9880226840608 720.6461244720978 
500.23782174586836 802.7474396848494 
627.1299503812103 140.46542895095575 
529.8216661624016 517.298332561963 
556.1696075169893 307.5475199553781 
626.1173808034961 141.75969935757794 
602.7911484232056 191.18949476841988 
497.5405465798928 817.0750037204965 
630.1454065744301 138.07043735302415 
631.4219256303953 136.5372387004941 
515.7135804442217 715.36326028481 
538.4677002933504 352.66798772327184 
521.9194915143634 646.4212548688663 
