5 0 0 0 0 0 0 0  10000000100000001000000010000000100000001000000010000000100000001000000010000000100000001000000010000000100000001000000010000000100000001000000010000000100000001000000010000000100000001000000010000000 
5 0 0 2 0 0 0 0  10010100100101001001010010010000100100001001010010010000100100001001000010010000100100001001000010010000100100001001000010010000100100001001000010010000100100001001000010000100100100001001000010010100 
2 3 2 3 1 2 3 0  01010100010101000101010011110101010101001101010111110101110101011111010001110100110101101101010001010100111101101101010111110101011101010111010011110110011111000101010011110101011101000101001001011010 
0 2 0 0 0 0 0 0  11111111111111111111111111111111111111111111111111111111111101111111111111111111111111111111111011111111111111111111111011111111111111111111111111111111111111111111111111111111111111111111111111111111 
5 0 0 2 0 0 0 0  10010000100101001001010010010000100100001001000010010000100100001001000010010000100100001001010010010000100100001001000010010000100100001001000010010000100101001001000010000100100100001001000010010100 
5 0 0 2 0 0 0 0  10010000100100001001000010010000100100001001000010010000100100001001000010010000100100001001000010010000100100001001000010010000100100001001000010010000100100001001000010000000100100001001000010010000 
5 0 0 2 0 0 0 0  10010000100100001001010010010000100100001001000010010000100100001001000010010000100100001001010010010000100100001001000010010000100100001001000010010000100100001001000010000100100100001001000010010100 
5 0 0 2 0 0 0 0  10010000100101001001000010010000100100001001010010010000100100001001000010010000100100001001010010010000100101001001000010010000100100001001000010010100100100001001000010000100100100001001000010010100 
5 0 0 2 0 0 0 0  10010100100101001001000010010000100100001001010010010000100100001001000010010000100100001001000010010000100100001001000010010000100100001001000010010100100100001001000010000100100100001001000010010000 
5 0 0 2 0 0 0 0  10010100100100001001000010010000100100001001000010010000100100001001000010010000100100001001010010010000100100001001000010010100100100001001000010010000100100001001000010000100100100001001000010010000 
5 0 0 2 0 0 0 0  10010000100101001001010010010000100100001001000010010000100100001001000010010000100100001001000010010000100100001001000010010000100100001001000010010000100100001001000010000000100100001001000010010000 
5 0 0 3 0 0 0 0  10010000100000001000000010010000100100001000000010010000100000001000000010010000100000001001000010010000100000001001000010000000100000001000000010010000100000001001000010000000100000001000000010000000 
5 0 0 2 0 0 0 0  10010000100100001001010010010000100100001001000010010000100100001001000010010000100100001001000010010000100100001001000010010000100100001000000010010000100100001001000010000000100100001001000010010000 
2 3 2 3 1 2 3 0  01010101111101010101010101110101010101001111010111110101110110111111010101010100110101001101010001110100111111111101010111110100111111010111010011110110011111001101010111010101011101001111011001011010 
5 0 0 2 0 0 0 0  10010100100101001001010010010000100100001001000010010000100100001001000010010000100100001001010010010000100100001001000010010000100100001001000010010000100100001001000010000000100100001001000010010000 
2 3 2 3 1 2 2 0  01010101010101010101010101110101010101001111010111010101110101001111010000110100110101001101010001110100111111101101010111110111011111010111010010111110011101000101010011110101011101001111011001011010 
2 3 2 3 1 2 2 0  11010101110101000101010111010101010101001101010111110101110101101111010001111100110101001101010001110100111101010101010111110110010111010111010011110110011101001101010011010101010101001101011001011010 
5 0 0 2 0 0 0 0  10010000100100001001000010010000100000001000000010010000100100001000000010000000100000001000000010010000100100001001000010000000100000001001000010010000100100001000000010000000100100001000000010000000 
5 0 0 2 0 0 0 0  10010100100100001001010010010000100100001001000010010000100100001001000010010000100100001001000010010000100100001001000010010000100100001001000010010000100100001001000010000000100100001001000010010100 
5 0 0 2 0 0 0 0  10010100100100001001000010010000100100001001000010010000100100001001000010010000100100001001000010010000100100001001000010010000100100001001000010010000100100001001000010000000100100001000000010010000 
2 2 2 3 1 2 0 0  11111101111111111111110111111111111111111111110111111101111110111101101111111100111111111111111111011111111111011101110111110111110111011111010111010110111111011111111111111101111111111111111011111111 
5 0 0 2 0 0 0 0  10010000100100001000000010000000100000001000000010000000100000001000000010000000100000001000000010000000100000001000000010000000100000001000000010000000100000001000000010000000100000001000000010000000 
5 0 0 2 0 0 0 0  10000000100000001000000010010000100000001001000010010000100100001000000010000000100000001000000010010000100000001001000010010000100000001000000010010000100000001001000010000000100000001001000010000000 
2 2 2 3 1 2 0 0  11111111111111011111110111111111111111111111110111111111111100111101111111111100110111101101111111111110111111111111111111110111110111011111010111011110111111111111111111111101110111111111110011111111 
5 0 0 2 0 0 0 0  10000000100000001001000010000000100000001000000010000000100000001000000010000000100000001000000010000000100000001000000010000000100000001000000010000000100000001000000010000000100000001000000010000000 
2 3 2 3 1 2 3 0  01010101010101000101010111110101010101001101010111110101110101001111010011110100110101001101000001110100111101000101010111110100010111010111010011110110011101000101010011010101010101001101011001011010 
5 0 0 3 0 0 0 0  10010000100000001000000010000000100000001000000010010000100100001000000010000000100000001000000010010000100000001001000010000000100000001000000010010000100100001000000010000000100000001000000010000000 
5 0 0 2 0 0 0 0  10010000100100001001000010010000100100001001000010010000100100001001000010010000100100001001000010010000100100001001000010010000100100001000000010010000100000001001000010000000100100001001000010010000 
5 0 0 2 0 0 0 0  10000000100100001001000010010000100000001001000010010000100000001001000010010000100000001000000010010000100000001001000010010000100100001000000010010000100100001001000010000000100100001000000010010000 
5 0 0 2 0 0 0 0  10000000100000001001000010000000100000001001000010000000100000001000000010000000100000001000000010000000100000001001000010000000100000001000000010000000100000001000000010000000100000001000000010000000 
2 2 2 3 1 2 0 0  11111101111111011111110111111111111111111111110111111101111100111111101111111110111111111101111111111111111111111111110111110111110111011111010111010110111111111111110111111101110111111111110011111111 
2 2 2 3 0 2 0 0  11111111111111111111111111111111111111111111111111111111111110111111111111111110111111111111111111111110111111111111111111111111111111011111011111111110111111111111111111111101111111011111110111111111 
5 0 0 2 0 0 0 0  10010000100100001001000010010000100100001001000010010000100100001001000010010000100100001001010010010000100100001001000010010000100100001001000010010000100100001001000010000100100100001001000010010100 
5 0 0 2 0 0 0 0  10010000100101001001000010010000100100001001000010010000100100001001000010010000100100001001000010010000100100001001000010010000100100001000000010010000100100001001000010000000100100001000000010010000 
5 0 0 2 0 0 0 0  10010000100100001000000010010000100100001000000010010000100100001001000010010000100000001000000010000000100000001001000010010000100100001000000010010000100100001001000010000000100000001000000010010000 
5 0 0 2 0 0 0 0  10000000100100001001000010000000100000001000000010010000100000001000000010000000100000001000000010000000100000001000000010000000100000001000000010000000100000001000000010000000100000001000000010000000 
5 0 0 2 0 0 0 0  10010000100100001001000010010000100100001001010010010000100100001001000010010000100100001001010010010000100100001001000010010100100100001001000010010000100100001011000010000100100100001001000010010000 
5 0 0 2 0 0 0 0  10010000100100001001010010010000100100001001000010010000100100001001000010010000100100001001000010010000100100001001000010010000100100001001000010010000100100001001000010000000100100001001000010010100 
2 2 2 3 1 2 3 0  11111101111101011111010111111101110111011111010111110101111110111111110111111110111111011101011101110110111111111111010111110110011111001111010111010110111111011101110111010101110111111111011011111101 
5 0 0 2 0 0 0 0  10000000100000001001000010010000100000001001000010010000100000001001000010000000100100001000000010000000100000001001000010010000100000001000000010010000100000001001000010000000100000001001000010000000 
5 0 0 2 0 0 0 0  10010000100000001001000010010000100100001001000010010000100000001000000010000000100100001001000010000000100000001000000010000000100000001000000010010000100100001000000010000000100100001001000010000000 
2 3 2 3 1 2 3 0  01010101010101011101010111110101010101001101010111110101110101011111010011110100110101001101010111110100111101001101010111110110010111010111010011110110011101000101010011010101011101001111011001011010 
2 3 2 3 1 2 3 0  11110101111101011101010111110101010101011111010011110101110101011111010001011101110111001101010001110101111101101101010111110100111111001111010111110110011101011101010111010101011101100111010011011110 
5 0 0 2 0 0 0 0  10000000100100001001000010010000100000001000000010010000100000001001000010000000100000001001000010000000100000001001000010000000100000001000000010010000100000001001000010000000100000001001000010000000 
5 0 0 2 0 0 0 0  10010000100100001001000010010000100000001000000010010000100000001000000010000000100000001000000010000000100000001000000010000000100000001000000010000000100100001000000010000000100000001000000010000000 
5 0 0 2 0 0 0 0  10010100100101001001000010010000100100001001000010010000100100001001000010010000100100001001000010010000100100001001000010010000100100001001000010010000100100001001000010000000100100001001000010010100 
2 3 2 3 1 2 3 0  01010100010101000111000011110101010101001101010111010101110101001111010001110100110101101101001001111100111101100101010111010100011111001111010011110111011111000111010011110101010101001101011001011010 
5 0 0 2 0 0 0 0  10000000100100001000000010010000100000001000000010010000100100001001000010000000100100001001000010010000100100001001000010010000100000001000000010010000100100001001000010000000100100001000000010000000 
5 0 0 2 0 0 0 0  10010100100101001001000010010000100100001001000010010000100100001001000010010000100100001001000010010000100100001001000010010000100100001001000010010000100100001001000010000000100100001000000010010000 
5 0 0 2 0 0 0 0  10010000100101001001000010010000100100001001000010010100100100001001000010010000100100001001000010010000100100001001000010010000100100001000000010010000100100001001000010000000100100001001000010010000 
5 0 0 2 0 0 0 0  10000000100100001001000010010000100000001000000010010000100000001000000010000000100000001000000010000000100000001001000010000000100000001000000010000000100000001001000010000000100000001001000010000000 
2 2 2 3 1 2 3 0  11110101111101011111010111111101110111011111010111110101111110111111110111111110111111011101011101110110111111111111010111110110011111001111010111010110111111011101110111010101110111111111011011111101 
5 0 0 2 0 0 0 0  10010100100100001001010010010000100100001001000010010000100100001001000010010000100100001001000010010000100100001001000010010000100100001000000010010000100100001001000010000000100100001000000010010000 
5 0 0 2 0 0 0 0  10000000100000001000000010010000100000001000000010010000100000001001000010000000100000001000000010010000100000001001000010010000100000001000000010010000100000001001000010000000100000001000000010000000 
5 0 0 2 0 0 0 0  10000000100000001000000010010000100000001001000010010000100100001001000010000000100000001001000010010000100000001001000010010000100000001000000010010000100000001001000010000000100000001001000010000000 
5 0 0 3 0 0 0 0  10010000100000001001000010000000100100001000000010010000100100001000000010000000100000001000000010010000100000001001000010000000100000001000000010000000100100001000000010000000100000001001000010000000 
2 2 2 3 1 2 0 0  11111101111111011111010111111111110111011111010111110101111110111111110111111100110111011111011111110110111111011111010011110111011111001111110111010100111111011111110111010101110111111111111011111011 
5 0 0 2 0 0 0 0  10010000100000001000000010000000100000001001000010000000100000001000000010000000100000001000000010000000100000001001000010000000100000001000000010000000100000001000000010000000100000001000000010000000 
5 0 0 2 0 0 0 0  10010100100101001001010010010000100100001001000010010000100100001001000010010000100100001001000010010000100100001001000010010000100100001000000010010000100100001001000010000000100100001000000010010000 
5 0 0 2 0 0 0 0  10000000100000001001000010010000100000001001000010010000100100001001000010000000100100001000000010010000100000001001000010000000100000001000000010010000100100001001000010000000100100001001000010000000 
5 0 0 2 0 0 0 0  10000000100000001001000010000000100000001000000010010000100000001000000010000000100000001000000010000000100000001000000010010000100100001000000010010000100000001001000010000000100100001000000010000000 
2 3 2 3 1 2 2 0  01010101011101010101010111110101010101001111010111010101110111001111010001111100110101101101010001010100111111101101010111110110010111010111010010111110011101000101010011110101011101001111011011011010 
5 0 0 2 0 0 0 0  10000000100000001001000010000000100000001000000010010000100000001001000010000000100000001000000010010000100000001001000010000000100000001001000010010000100000001001000010000000100100001000000010000000 
5 0 0 2 0 0 0 0  10010100100100001001000010010000100100001001000010010000100100001001000010010000100100001001000010010000100100001001000010010000100100001001000010010000100100001001000010000000100100001001000010010100 
5 0 0 2 0 0 0 0  10000000100100001000000010010000100000001001000010010000100100001000000010000000100000001000000010000000100000001001000010010000100000001000000010010000100000001001000010000000100000001000000010000000 
5 0 0 2 0 0 0 0  10000000100000001001000010000000100000001000000010000000100000001000000010000000100000001000000010000000100000001000000010010000100100001000000010010000100000001001000010000000100100001000000010000000 
5 0 0 2 0 0 0 0  10000000100100001001000010000000100000001001000010010000100000001001000010010000100000001001000010000000100000001001000010010000100000001000000010010000100100001001000010000000100000001001000010000000 
5 0 0 2 0 0 0 0  10000000100100001000000010010000100000001000000010010000100100001001000010000000100000001001000010010000100100001001000010010000100000001000000010010000100000001001000010000000100000001000000010000000 
5 0 0 2 0 0 0 0  10000000100100001000000010010000100000001000000010010000100100001000000010000000100000001000000010000000100000001001000010000000100000001000000010010000100000001001000010000000100000001000000010000000 
5 0 0 2 0 0 0 0  10010000100000001001000010000000100000001001000010000000100000001000000010000000100000001000000010000000100000001000000010000000100000001000000010000000100000001000000010000000100000001000000010000000 
5 0 0 2 0 0 0 0  10000000100100001001000010010000100100001001000010010000100100001001000010010000100100001000000010010000100000001001000010010000100100001000000010010000100100001001000010000000100100001001000010010000 
5 0 0 2 0 0 0 0  10000000100100001000000010000000100000001000000010010000100000001000000010000000100000001000000010000000100000001000000010000000100100001000000010000000100000001000000010000000100000001000000010000000 
5 0 0 2 0 0 0 0  10010000100000001000000010010000100100001001000010010000100000001001000010010000100000001001000010000000100000001001000010000000100000001000000010010000100000001001000010000000100100001001000010000000 
5 0 0 2 0 0 0 0  10000000100100001000000010000000100000001000000010000000100000001000000010000000100000001000000010000000100000001000000010000000100000001000000010000000100000001000000010000000100000001000000010000000 
5 0 0 2 0 0 0 0  10000000100100001001000010010000100100001001000010010000100100001001000010010000100100001001000010010000100100001001000010010000100100001001000010010000100100001001000010000000100100001000000010010000 
5 0 0 2 0 0 0 0  10000000100000001001000010010000100000001000000010010000100000001001000010000000100100001000000010000000100000001001000010010000100000001000000010010000100000001001000010000000100000001001000010000000 
5 0 0 2 0 0 0 0  10000000100000001000000010000000100000001000000010010000100000001000000010000000100000001001000010010000100000001001000010000000100000001000000010010000100100001000000010000000100000001001000010000000 
5 0 0 2 0 0 0 0  10010000100100001000000010010000100000001000000010010000100000001000000010000000100000001000000010000000100000001000000010000000100000001000000010000000100000001000000010000000100000001001000010000000 
5 0 0 2 0 0 0 0  10000000100000001000000010000000100000001000000010000000100000001000000010000000100000001000000010000000100000001001000010000000100000001000000010010000100100001000000010000000100000001000000010000000 
5 0 0 2 0 0 0 0  10000000100000001000000010010000100000001001000010010000100100001001000010000000100000001000000010010000100100001001000010010000100000001000000010010000100000001001000010000000100100001001000010010000 
5 0 0 2 0 0 0 0  10010000100101001001010010010000100100001001000010010000100100001001000010010000100100001001010010010000100100001001000010010000100100001001000010010000100100001001000010000000100100001001000010010100 
2 2 2 3 1 2 3 0  11110101111111011111010111111111110111011111010111110101111110111111110111011100110111011111011111110110111011111111010111110111011111001111110011010100111111011111110111010101110111111011111011111110 
5 0 0 2 0 0 0 0  10010000100100001000000010010000100000001001000010010000100100001000000010000000100100001000000010000000100000001001000010000000100000001000000010000000100000001000000010000000100000001001000010000000 
5 0 0 2 0 0 0 0  10010000100101001001000010010000100100001001000010010000100100001001000010010000100100001001010010010000100100001001000010010000100100001001000010010000100100001001000010000000100100001001100010010100 
5 0 0 2 0 0 0 0  10010100100100001001010010010000100100001001000010010000100100001001000010010000100100001001010010010000100100001001000010010000100100001001000010010000100100001101000010000000100100001001000010010100 
5 0 0 2 0 0 0 0  10000000100000001000000010000000100000001000000010010000100000001000000010000000100000001000000010000000100000001001000010000000100000001000000010010000100100001000000010000000100000001000000010000000 
5 0 0 2 0 0 0 0  10000000100100001000000010000000100000001000000010010000100000001000000010000000100000001000000010000000100000001001000010000000100000001000000010000000100000001000000010010000100000001001000010000000 
5 0 0 2 0 0 0 0  10000000100000001001000010010000100000001001000010010000100100001001000010000000100100001001000010010000100000001001000010010000100000001000000010010000100100001001000010000000100100001001000010000000 
5 0 0 2 0 0 0 0  10000000100000001000000010000000100000001001000010010000100100001000000010000000100000001000000010000000100000001001000010000000100000001000000010000000100000001001000010000000100000001000000010000000 
2 3 2 3 1 2 2 0  11010101110101011101010101010101010101011111010111110101110100101111010101111100110101101101010001110110111111111101010011110110010111010111010010111110011101001111010011110101011101001111011001011010 
5 0 0 2 0 0 0 0  10010000100000001001000010000000100100001000000010010000100000001000000010000000100000001000000010000000100000001001000010000000100000001000000010000000100000001000000010000000100000001001000010000000 
5 0 0 2 0 0 0 0  10010000100101001001000010010000100100001001000010010000100100001001000010010000100100001001010010010000100100001001000010010000100100001001000010010000100100001001000010000100100100001001100010010100 
2 3 2 3 1 2 2 0  11010101110101010101010101110101010101001111010111110101111111011111010111110100110101001101011001110100111111101101010111110101011111010111010010110110011101011101010011010101011101001111011001011010 
2 3 2 3 1 2 3 0  01010100010101000101000011110101010101001101010111010101110101001111010001110100110101101101000001111100111101100101010111110100011111011111010011110111011111000111010011110101010101000101011011001010 
5 0 0 2 0 0 0 0  10000000100000001000000010000000100000001000000010000000100000001000000010000000100000001000000010000000100000001000000010000000100000001000000010000000100000001000000010000000100000001001000010000000 
2 3 2 3 1 2 3 0  11010101111101011101010111110101010101001111010111110101111110111111010111011100110101101101011001110100111111111101010111110100011111010111010011010110011111011101010011010101011101001111011001011110 
2 3 2 3 1 2 3 0  11110101110101011101010111110101010101011111010111110101110101011111010000111101110101101101010001110101111101101101010111110100111111011111010111110110011101001111010011010101011101000111010001011010 
5 0 0 2 0 0 0 0  10000000100000001001000010010000100100001001000010010000100100001001000010010000100100001001000010010000100100001001000010000000100000001000000010010000100000001001000010000000100100001001000010000000 
5 0 0 2 0 0 0 0  10010000100100001001000010010000100100001001000010010000100100001001000010010000100100001001000010010000100100001001000010010000100100001001000010010000100100001001000010000100100100001001100010010000 
5 0 0 2 0 0 0 0  10000000100100001001000010000000100000001000000010010000100000001001000010000000100000001000000010010000100000001000000010000000100000001000000010000000100000001000000010000000100000001000000010000000 
