163.3675265171749 2.0262597884751465 
176.02462812508546 1.1762101547540915 
165.15425878505633 1.8056698375993605 
165.0030788883558 1.8292337363348272 
174.48654695916196 1.1836019678514706 
164.1773185031292 1.9263541078657587 
169.29751037356704 1.3154663503082997 
166.764145109936 1.6123260768162402 
167.41566228501466 1.509219595450469 
165.30486131837765 1.7872662524838605 
172.96727987892874 1.2050864985996346 
164.4831284466779 1.8932087712972605 
167.35988486017857 1.5262922698774652 
168.30565366574183 1.3991861932624787 
167.20342565546446 1.5562776554383657 
168.17171605220392 1.4151866425263946 
174.01571145301108 1.1859589357932903 
163.90163227992224 1.969675847498818 
165.99758810448625 1.7305337914973182 
163.73053928589098 1.9850030312759335 
173.62921363145932 1.192087363743227 
170.10671390333061 1.2871912330558024 
166.1924798885202 1.6882065861771018 
169.04938444769513 1.331059180429537 
167.54817791932987 1.496588568815472 
169.79526555247548 1.2978547105195803 
168.05728166601816 1.433864756673612 
169.61454860650883 1.30306385347649 
172.44398417298865 1.2204834913030977 
164.41728304153614 1.9032176871347353 
166.4130084590935 1.663931104691782 
166.96498008253442 1.586373928168263 
167.6481158177976 1.4824066531069433 
167.92684906487958 1.459553562631104 
167.02211783641957 1.578189525582038 
164.80091602349952 1.8640607144801373 
171.30440329213073 1.2584092513366676 
166.48020071614067 1.650905649014064 
169.47199615355206 1.3095670246120839 
165.63724475918914 1.7545994450037636 
163.66043253031947 1.993620984730888 
167.13471309348114 1.5664432357069495 
166.09710790899211 1.7056493821952265 
168.4084972824067 1.391809633037243 
168.78742752422374 1.3607965899540613 
167.79444418203065 1.4711856254058062 
170.75339228195307 1.266456085753693 
168.93119834059956 1.3483374705818936 
170.4935834649917 1.27383560327203 
173.40657806007712 1.1996108827926442 
164.0582369051788 1.9505315542413686 
172.83429786567837 1.2119729349141155 
165.51052056556844 1.770824233078414 
166.33468995733122 1.6797861960210692 
166.7058908277924 1.6290831279030615 
165.73520365425932 1.7474313778176154 
165.55784268698852 1.7631218587888866 
163.5770483336983 2.005231169401794 
173.81036819990337 1.1892574193341126 
163.51671489079237 2.0124121511872675 
164.6519495220513 1.8866849783520736 
166.12949667673672 1.6973830360405144 
168.6548783830809 1.3686429625321241 
163.99822597984195 1.961584028955749 
164.93104581547968 1.8511794004034052 
164.12162805098617 1.9419353253142337 
168.1037764038307 1.4270545280321212 
166.90523298127675 1.6045866406620906 
172.2887050139366 1.231524040038592 
164.85737389748243 1.8579140994643368 
172.1558835245685 1.2362478825889658 
171.5848142201218 1.2496991482844564 
170.31621924440458 1.282318128877504 
171.6348849914764 1.246276195086891 
171.89304685434706 1.242513726213512 
172.3854990886747 1.2243160299165143 
164.73712491108674 1.880135527410627 
170.40455636573807 1.2778281989770137 
168.51492589153526 1.3824056004490772 
166.54601958896404 1.6429643816915365 
163.43201116700428 2.021910874093665 
165.8207430721597 1.7453517414622086 
171.01709990857424 1.2635717524419279 
170.67441212092342 1.2693442562300497 
170.02685883620734 1.2935672887065175 
166.5932220750158 1.6399305087584646 
164.36349356526998 1.9200823629189858 
171.1443106384412 1.2615833355561297 
172.73892730889932 1.217165028388463 
169.12410959743414 1.3292989748645612 
173.27357041226185 1.2028151985206348 
167.8630114023375 1.4666766080638 
168.88622543635447 1.354480461818895 
168.55660699880377 1.3785556155950656 
171.7602937402285 1.2446739938640905 
168.62095622533263 1.3723532915500363 
165.42630343248982 1.784769068024455 
175.9051664310495 1.1795649896685514 
172.09162385656126 1.2396425928424806 
175.8294298205047 1.1812394996287658 
