153.49043270620015 2.2671717040021404 
163.51609587959368 1.277544548092602 
155.0111989027138 1.9591552776927343 
162.41910428199725 1.2806849790460864 
158.44553735782353 1.5374228876190466 
159.06658477710215 1.4527880186943702 
158.0638668905698 1.5949240103281235 
157.45634513039718 1.675448934817168 
153.90814063966005 2.1437241734229655 
161.53684015565008 1.3093735541788634 
156.82162759035447 1.7545968955993512 
159.32092244437393 1.4203959336928038 
154.29107351486797 2.069767747614712 
161.25388865719387 1.315356139084424 
155.78934452346732 1.8867293278741069 
157.966025775646 1.6192602196651318 
153.85321601610806 2.171881973759032 
154.12897248405113 2.0962756703456438 
156.330197628007 1.8206252517453951 
155.5824752225364 1.9080401776481193 
160.71859170665283 1.3349465211434286 
156.23393914277372 1.8326013949086943 
157.2045913099121 1.714196429471209 
158.61734643518952 1.5241527806850643 
158.93319404607197 1.486666826861499 
155.3944649492828 1.9433584888772943 
154.79683879299753 2.0137829845807764 
155.93838469880262 1.879323075981469 
160.1062156905168 1.3744974295972376 
153.58770905561502 2.246856837584626 
160.26167795739897 1.365401217495826 
157.31267884891562 1.7078703464095557 
154.8722295159872 1.9953684376854761 
160.37397842800203 1.357272930852243 
158.2627563770396 1.5746853929031563 
158.78927233861427 1.509095286430552 
160.4849702032244 1.3474683339303475 
157.14955828950733 1.7300067414251243 
153.6797816619622 2.237069226035426 
159.67542680992952 1.4066105019124966 
153.8099717590696 2.2145239070137204 
156.5651799086539 1.8073727312569983 
155.50269520119923 1.9264980827634182 
154.94571162907377 1.98776868295659 
156.74720328457528 1.7805737608830463 
162.15302301635862 1.301876315188734 
154.0478308757965 2.125180022190243 
162.30139987637543 1.294543058800873 
159.23503005121876 1.436269906476804 
160.66508972298976 1.3392578936724333 
162.3561552205535 1.2886291484292427 
154.697400263918 2.047950494835462 
153.76166907739216 2.229544043367214 
156.6583890525227 1.7949920355077835 
155.7009761713276 1.9041593362543094 
154.02383831631246 2.130332646966697 
156.7059153707911 1.7872152051989885 
162.08034398037034 1.3050496731639043 
161.1791688724149 1.3294556469275565 
154.5214249598553 2.0603787049042737 
156.16941380320142 1.8587303515455027 
154.43886686959942 2.066242464814166 
159.86513089658055 1.3871935828377717 
157.6978017944978 1.645382107493984 
155.47877404619618 1.9329476957720122 
156.94541161399363 1.7483487659509334 
154.72922935892294 2.044365746793278 
158.21679697374563 1.5875332164403633 
157.56320400280006 1.66071998141676 
159.20791280285863 1.4443031370141641 
159.8157054898858 1.3961921439421725 
156.19940785662033 1.852681100711017 
154.83835567578845 2.007730662957799 
156.10940206594776 1.8710189965781152 
156.61813563904317 1.8023518891297416 
159.28188500772387 1.4312731342243934 
157.57903916732758 1.6565687746674789 
154.20911135428204 2.0923272822486627 
159.59566936760487 1.4184386004351097 
159.96747448900265 1.3841829524996339 
158.73876878036214 1.5212547673881625 
160.03881726408778 1.38204814635653 
158.86137233895033 1.5072226594582685 
157.03026414291512 1.7447545937322613 
159.78104435307884 1.400449957659539 
157.89253817065432 1.6432680173516199 
154.57465946008637 2.0594188677083616 
160.57101132112652 1.346240201060664 
158.24849140930226 1.5794884175316921 
156.98422748925066 1.745874049466696 
156.5189553699711 1.8181758204457052 
154.25068650223196 2.089598785818139 
159.73789555806493 1.4041574615931538 
161.23622912489978 1.324794624548463 
157.6222753648065 1.6555212915382427 
157.72238966854144 1.6449237822349447 
159.0009451291491 1.4837074687000817 
153.57939885077187 2.258661542193535 
159.02528439434187 1.482001974246198 
156.13408123813218 1.8690460104645803 
