667.723036464361 120.35981713331489 
527.8440061530713 585.1950780698354 
494.5521708611748 820.397148943912 
532.7640232176657 473.79990150923936 
534.190836016974 422.27578757856276 
540.9633470067442 394.35905451230894 
540.0733349547795 402.3188524581382 
566.2572091321256 305.03348408592905 
555.4219546191279 332.56219626041417 
532.4571913851578 574.4250776985066 
648.6922809119853 125.03424483141603 
529.9212688966053 579.3486537191708 
652.437481919952 124.44697674217085 
512.4006380168947 754.7012393587626 
591.7968148575037 213.70421074664534 
662.9092290834807 122.56893356307094 
630.7052951177672 142.24339277238735 
613.9199178077482 156.69679601586444 
666.0866271781978 122.50693934658874 
616.1355591709076 154.81681152601848 
644.0507161008563 128.1181628581823 
619.857988311422 151.57848457334913 
641.9224885734961 130.61068989511784 
508.1349288570601 787.7265002156316 
506.52550058114065 794.3598828227222 
611.9063654487796 159.92335067482563 
621.9702517361206 149.26393381797382 
618.0783664077884 153.6323958127221 
632.7776700561808 138.3025329512966 
519.6429558228291 734.6818089831742 
590.5159505117158 216.2938909524961 
583.8834746598125 243.188574422667 
512.9438683610002 750.3705247542653 
580.5782424475416 257.50461485881175 
609.338644979994 162.66166921566523 
589.4561616318374 222.45267501674488 
505.8995289981003 797.7928030741548 
573.7486428802974 285.6845444844253 
548.4019119400901 349.3152686930378 
522.9525817598427 657.4778584526462 
587.5192221545486 240.13396408901946 
584.9756161214159 242.02571992699814 
504.53493420951617 803.8085496679004 
567.7763245149863 296.80544277915925 
569.6979209440514 294.2942966258809 
517.9715867011141 741.4587893090572 
597.8348120125971 184.30241938769257 
659.7837551122509 122.82512840165997 
602.0873007207449 179.67540839583054 
542.1232329701614 388.0845615484978 
564.2094556790091 306.7244878612039 
546.0378209711848 365.8294132053857 
639.6008867693778 133.03427366102403 
626.3746793925142 147.43578801078195 
520.8361789798878 730.6910194568782 
543.7521899595235 381.7821567074083 
582.165203187026 249.6815970812946 
634.7855506906363 136.1363230542511 
547.120874236656 357.7116834143138 
515.6060184898616 748.9160998928147 
604.6257637590293 172.015964281169 
563.394525719469 313.72858324887324 
558.0634530802042 317.0837484528568 
579.7767072656796 262.8933415405185 
576.118916045621 271.5336325514616 
646.280769348262 126.73479770547084 
657.5637603449684 124.22716507630047 
522.3933107569188 725.3152450945856 
578.9360462584314 271.4859380252392 
588.7148298922555 229.83350420580317 
503.13644210092906 805.7380540914268 
536.8880951374542 403.77327731958854 
606.5553548995795 168.70446735442087 
599.5450582850855 183.13785456689075 
535.6875996029789 417.3086254807492 
549.4497144927419 341.256337397164 
551.8377624627692 338.49824408576904 
623.9138450118721 148.11525552105851 
560.5407628855648 313.8843647079172 
574.785884461911 278.74901921690184 
511.25651634892847 772.2223886312208 
628.6219810972401 143.97928160590365 
516.3689501425332 746.379735227969 
526.655958927115 653.4870689263502 
545.7112930753235 375.0101473855828 
571.4571416847937 290.1954201667631 
588.6191939252261 240.08626956279707 
595.8851650013836 191.40307315839644 
553.0927247411207 333.6191713313741 
593.6441832580138 209.9034543134144 
500.9423360613061 811.172721945457 
608.3161394720485 167.75138119742064 
556.6188058937842 326.51282319924604 
602.6923951518578 175.03827023517712 
637.2681356372436 134.75375065192688 
496.9519628083909 818.3864229204039 
499.47873245429344 816.270208679136 
594.901104594335 199.58681429009488 
509.4869291676448 783.4887420867806 
510.3267463610862 776.4601467600723 
