1 2 1 2 2 2 1 1  11111111111111111111111111111111111111111111111111111111111111111111111111111111111111111111111111111111111111111111111111111111111111111111111111111111111111111111111111111111111111111111111111111110 
6 0 0 0 0 0 0 0  10010000100000001000000010000000100000001000000010000000100000001000000010000000100000001000000010000000100000001000000010000000100000001000000010000000100000001000000010000000100000001000000010000000 
6 0 0 0 0 0 0 0  10000000100000001000000010000000100000001000000010000000100000001000000010000000100000001000000010000000100000001000000010000000100000001000000010000000100000001000000010000000100000001000000010000000 
6 0 0 0 0 0 0 0  10010000100100001000000010000000100000001000000010000000100000001000000010000000100000001000000010000000100000001000000010000000100000001000000010000000100000001000000010000000100000001000000010000000 
6 0 0 0 0 0 0 0  10010000100100001001000010000000100000001000000010000000100000001000000010000000100000001000000010000000100000001000000010000000100000001000000010000000100000001000000010000000100000001000000010000000 
6 2 1 2 0 0 0 0  10010000100100001001000010110000101100001000000010010000100000001000000010000000100000001000000010000000100000001000000010000000100000001000000010111000101100001111000010000000100000001001100010000000 
6 0 1 2 0 0 0 0  10010000100100001001000010000000101100001000000010011100100100001001000010000000101100001000000010000000100000001000000010000000100000001000000010000000100000001000000010000000100000001000000010000000 
6 0 1 2 2 2 1 0  10010000100101001001000010110000101100001001110010011100100100001001000010000000101100001001100010010000100000001000000010000000100011101001011010011000101101001001110010011100100111001001110010011100 
1 2 1 2 2 2 1 0  10010000100100001001000010110000101100001001110010011100100100001001010011110100101100001001111111110000101100001111100010011100111101001001011010110000100101001001000010011100100111001001110010011100 
6 0 0 0 0 0 1 0  10010000100000001000000010000000100000001000000010000000100000001000000010000000100000001000000010000000100000001000000010000000100000001000000010000000100000001001000010011100100000001001100010000000 
1 2 1 2 2 2 1 1  11111101111111011111010111111111111111111111111111111111111111111111111111111111111111111111111111111111111111111111111111111111111111111111111111111111111111111111111111111111111111111111111111111110 
6 0 0 0 0 0 0 0  10010000100000001000000010000000100000001000000010000000100000001000000010000000100000001000000010000000100000001000000010000000100000001000000010000000100000001000000010000000100000001001100010011000 
1 2 1 2 2 2 1 1  11111101111111011111011111111111111111111111111111111111111111111111111111111111111111111111111111111111111111111111111111111111111111111111111111111111111111111111111111111111111111111111111111111110 
6 0 1 2 0 0 0 0  10000000100000001001000010110000101100001000000010000000100000001000000010000000100000001000000010000000100000001000000010000000100000001000000010000000100000001000000010000000100000001001100010000000 
6 0 1 2 2 2 1 0  10010100100101001001000010110000101100001001100010011100100100001001000010000000101100001001100010010000100000001000000010011000100101001001010010011100100101001001010010011100100111001001110010011100 
1 2 1 2 2 2 1 1  11111111111111011111010111111111111111111111111111111111111111111111111111111111111111111111111111111111111111111111111111111111111111111111111111111111111111111111111111111111111111111111111111111110 
1 2 1 2 2 2 1 1  11010101111101011111010111111111111111001001110010011111111111111111111111111111111100001001100010010000101111001111110010011000100101001001010010011100100101001001010010011100100111001001110010011100 
1 2 1 2 2 2 1 1  10010101100101001001010111111111111111001001110010011100100100001001010011111111111111111111110010011111111111111111111111111111110101001001010010011100100101001001010010011100100111001001110010011110 
1 2 1 2 2 2 1 1  11111111111111111111111111111111111111111111111111111111111111111111111111111111111111111111111111111111111111111111111111111111110101001001010010011100100101001001010010011100100111001001110010011110 
1 2 1 2 2 2 1 1  10010101100101001001010111111111111111001001110010011100100101111111111111111111111111111111111111111111111111111111111111111111111111111111110010011100100101001001010010011100100111001001110010011100 
1 2 1 2 2 2 1 1  11111101111111011111010111111111111111001001110010011100100101111111111111111111111111111111111111111111111111111111111111111111111111001001010010011100100101001001010010011100100111001001110010011110 
1 2 1 2 2 2 1 1  10010101100101011111010111111111111111001001110010011111100100001001010011111111111111111111111111111111111111111111111111111111111111111111110010011100100101001001010010011100100111001001110010011100 
1 2 1 2 2 2 1 1  11111101111101011111010111111111111111001001110010011111100100001001010011111111111111111111111111111111111111111111111111111111111111111111110010011100100101001001010010011100100111001001110010011100 
6 0 0 2 2 2 0 0  10000000100000001000000010000000100000001000000010000000100000001000000010000000100000001000000010000000100000001000000010000000100000001001010010011100100101001001010010011100100111001001110010011100 
6 0 0 0 0 2 0 0  10000000100000001000000010000000100000001000000010000000100000001000000010000000100000001000000010000000100000001000000010000000100001001001010010011100100101001001010010010000100000001000000010011100 
6 2 1 2 2 2 1 0  10010101100101001001010111111111111111001001110010011100100101111111111111111100111111111001111010010000101110001001110010011000100101001001010010011100100101001001010010011100100111001001110010011100 
1 2 1 2 2 2 1 1  10010101100111011111010111111111111111001001110010011100100101111111111111111111111111111111111111111111111111111111111111111111100101001001010010011100100101001001010010011100100111001001110010011110 
1 2 1 2 2 2 1 0  10010101100101011111010111111111111111001001110010011111100100001001010011111111111111111111111111110000101111111111110010011100111101001001010010011100100101001001010010011100100111001001110010011100 
1 2 1 2 2 2 1 1  11010101111101011111010111111111111111001001110111111111111111111111111111111111111111111111111111111111111111111111111010011000100101001001010010011100100101001001010010011100100101001001110010011100 
6 0 1 2 0 0 0 0  10000000100000001001000010110000100100001000000010011100100100001001000010000000101100001001100010010000100000001000000010000000100000001000000010000000100000001000000010000000100000001001100010000000 
6 0 1 2 2 2 0 0  10010100100101001001000010110000101100001001100010011100100100001001000010000000101100001001100010010000100000001000000010000000100101001001010010011100100101001001010010011100100111001001110010011100 
6 0 1 2 2 2 0 0  10010100100100001001000010110000101100001001110010011100100100001001010010001000101100001001100010010000101111001111100010011000100101001001010010011100100101001001010010011100100111001001110010011100 
6 0 1 2 0 0 0 0  10000000100000001001000010110000101100001000000010000000100100001001000010000000101100001000000010000000100000001000000010000000100000001000000010000000100000001000000010000000100000001000000010000000 
6 0 1 2 2 2 0 0  10010100100100001001000010110000101100001001110010011100100100001001010010001000100000001000000010000000100000001000000010011000100101001001010010011101100101001001010010011100100111001001110010011100 
1 2 1 2 2 2 1 1  10010101100101001001010111111111111111001001110010011100100101111111110010001000101100001001100010010000101111001001111010011000100101001001010010011100100101001001010010011100100101001001110010011100 
6 0 1 2 2 2 0 0  10010100100101001001000010110000101100001001100010011100100100001001000010000000101100001001100010010000100000001000000010000000100101001001010010011100100101001001010010011100100100001001100010000000 
6 0 0 2 2 2 0 0  10000000100000001000000010000000100000001000000010000000100000001000000010000000100000001000000010000000100000001000000010000000100000001000000010011100100101001001010010011100100100001001100010000000 
6 2 1 2 2 2 0 0  10010000100101001001010010110000101100001001110010011100100100001001000010000000101100001001100010010000100000001000000010000000100000001001010010011100100101001001010010011100100111001001110010011100 
6 0 1 2 2 2 0 0  10010000100100001001000010110000101100001001110010011100100100001001000010000000101100001001100010010000100000001001100010011000100101001001010010000000100000001001010010011100100111001001110010011100 
6 0 1 0 0 0 0 0  10000000100100001001000010000000100000001000000010000000100000001000000010000000100000001000000010000000100000001000000010000000100000001000000010000000100000001000000010000000100000001000000010000000 
6 0 1 2 2 2 0 0  10010100100100001001000010110000101100001001110010011100100100001001010010001000101111111111111110010000101111001111110010011000100101001001010010011101100101001001010010011100100111001001110010011100 
6 2 1 2 2 2 0 0  10010100100100001001000010110000101100001001110010011100100100001001010010001000101100001001100010010000101111001111110010011000100101001001010010011101111111001001010010011100100111001001110010011100 
6 0 0 0 0 0 0 0  10000000100000001000000010000000100000001000000010000000100000001000000010000000100000001000000010000000100000001000000010000000100000001000000010011100100101001001010010011100100000001000000010000000 
6 0 1 2 2 2 1 0  10010000100101001001000010110000101100001001110010010000100100001001011100110100101100001001100010000000100000001001110010011000100101001001010010011100100101001001010010011100100111001001110010011100 
6 0 1 2 2 2 1 0  10010000100101001001000010110000101100001001110010010000100100001001011100110100101100001001100010010000101111001111110010011000100101001001010010011100100101001001010010011100100111001001110010000000 
6 0 1 2 0 2 0 0  10000000100000001001000010110000101100001000000010000000100000001000000010000000100000001000000010000000100000001000000010000000100000001000000010000000100101001001010010011100100111001000000010000000 
1 0 1 2 2 2 1 0  10010100100101001001010010110000101100001001110010011100100100001001010010000000101100001001100010010000100000001001100010011000100101001001010010011100100101001001010010011100100111001001110010011100 
1 2 1 2 2 2 1 1  11111101111111111111111111111111111111111111111111111111111111111111111111111111111111111111111111111111111111111111111111111111111111111111111111111111111111111111111111111111111111111111111111111110 
1 2 1 2 2 2 1 1  10010100100101001001010010110000101100001001110010011100100100001001010010000000101100001001100010010000101111001111110010011000100101001001010010011100100101001001010010011100100111001001110010011100 
6 0 1 2 0 0 0 0  10010000100100001001000010110000100100001000000010011100100100001001000010000000101100001001100010010000100000001000000010000000100000001000000010000000100000001000000010000000100000001001100010000000 
6 0 0 2 2 2 0 0  10010000100101001001000010110000101100001001100010011100100100001001000010000000101100001001100010010000100000001000000010000000100101001001010010011100100101001001010010011100100111001001110010011100 
6 0 1 2 2 2 0 0  10010000100100001001000010110000101100001001110010011100100100001001000010000000101100001001100010010000100000001001100010011000100101001001010010000000100000001001010010000000100000001000000010000000 
1 2 1 2 2 2 1 1  11010101111111011111010111111111111111111111111111111111111111111111111111111111111111111111111111111111111111111111111111111111111111111111111111111111111111111111111111111111100101001001110010011100 
1 2 1 2 2 2 1 0  10010101100111011111010111111111111111001001110010011100100101111111111111111111111111111111111111111111111111111111111111111111111111111111111111111111111111111111111111111111100111001001110010011100 
6 0 1 2 2 2 0 0  10000000100000001001000010110000100100001000000010011100100100001001000010000000101100001001100010010000100000001000000010000000100000001000000010000000100000001000000010000000100000001001100010011100 
6 0 1 2 0 0 0 0  10010000100100001001000010110000101100001001110010010000100100001001000010000000101100001001100010010000100000001000000010000000100000001000000010000000100000001000000010000000100000001001100010000000 
6 0 1 2 2 2 0 0  10010100100100001001000010110000101100001001110010011100100100001001010010001000101100001001100010010000101111001000000010000000100001001001010010011100100101001001010010011100100111001001110010011100 
1 2 1 2 2 2 1 1  11010101111101011111010111111111111111001001110010011100100101111111111111111111111111111111111111111111111111111111111111111111111111111111111111111111111111001001010010011100100111001001110010011110 
6 0 1 2 2 2 0 0  10010000100100001001000010110000101100001001110010011100100100001001000010000000101100001001100010010000100000001001100010011000100101001001010010000000100000001001010010000000100000001001110010011100 
6 0 1 2 0 0 0 0  10000000100000001001000010000000101100001000000010011100100100001001000010000000101100001000000010000000100000001000000010000000100000001000000010000000100000001000000010000000100000001000000010000000 
1 2 1 2 2 2 0 0  10010101100101001001010010110000101100001001110010011100100100001001010010001000101100001001100010010000101111001111100010011000100101001001010010011100100101001001010010011100100111001001110010011100 
6 0 1 2 2 2 1 1  10010000100100001001010010110000101100001001110010011100100100001001000010000000101100001001100010010000101111001111110010011000100101001001010010011101100101001001010010011100100111001001110010011110 
6 0 1 2 2 2 0 0  10010000100100001001010010110000101100001001110010011100100100001001010010000000101100001001100010010000100000001001100010011000100101001001010010011100100101001001010010011100100111001001110010011100 
6 0 1 2 2 2 0 0  10010100100100001001000010110000101100001001110010011100100100001001010010001000101100001001100010010000101111001000000010000000100000001000000010011100100101001001010010011100100100001001100010000000 
6 0 1 2 2 2 0 0  10010000100101001001010010110000101100001001110010011100100100001001000010000000101100001001100010010000101111001111110010011000100101001001010010011100100101001001010010011100100111001001110010011100 
1 2 1 2 2 2 1 1  11111101111111011111010111111111111111111111111111111111100101111111111111111111111111111111111111111111111111111111111111111111111111111111111110011100100101001001010010011100100111001001110010011110 
1 2 1 2 2 2 1 1  11111101111111111111111111111111111111111111111111111111111111111111111111111111111111111111111111111111111111111111111111111111111111111111111110011100100101001001010010011100100111001001110010011110 
6 0 1 2 0 2 0 0  10000000100000001001000010110000101100001000000010000000100000001000000010000000100000001000000010000000100000001000000010000000100000001001010010011101100101001001010010011100100111001001110010011100 
6 0 1 2 2 2 1 1  10010000100101001001010010110000101100001001110010011100100100001001000010000000101100001001100010010000101111001111110010011000100101001001010010011100100101001001010010011100100111001001110010011110 
6 0 1 2 2 2 0 0  10010100100101001001000010110000101100001001100010011100100100001001000010000000101100001001100010010000100000001000000010000000100101001001010010011100100101001001000010000000100000001001110010000000 
6 0 1 2 0 0 0 0  10000000100000001000000010000000100000001000000010000000100000001000000010000000100000001001100010010000100000001001100010011000100000001000000010000000100000001000000010000000100000001001100010000000 
6 0 1 2 0 0 0 0  10010000100100001001000010110000101100001000000010000000100100001001000010000000101100001000000010000000100000001000000010000000100000001000000010000000100000001000000010000000100000001000000010000000 
1 2 1 2 2 2 1 1  10010101100101001001010111110000101100001001110010011100100100001001000010001100111111111001111010010000101110001001110010011000100101001001010010011100100101001001010010011100100111001001110010011110 
1 2 0 2 2 2 0 0  10010100100101001001010010110000101100001001110010011100100100001001010010000000101100001001100010010000100000001111110010011000100101001001010010011101100101001001010010011100100111001001110010011100 
6 0 0 2 0 0 0 0  10010000100100001001000010110000100000001000000010000000100000001000000010000000100000001000000010000000100000001000000010000000100000001000000010000000100000001000000010000000100000001000000010000000 
6 0 1 2 2 2 0 0  10010000100100001001000010110000101100001001110010011100100100001001000010000000101100001001100010010000100000001001100010011000100101001001010010011100100101001001010010011100100111001001110010011100 
6 0 1 2 2 2 0 0  10010000100100001001000010110000101100001001110010011100100100001001000010000000101100001001100010010000101111001111100010011000100111001001010010011000100101001001010010011100100111001001110010011100 
1 2 1 2 2 2 1 1  10010101100111011111010111111111111111001001110010011100111111111111111111111111111111111111111111111111111111111111111111111111111111111111111110011100100101001001010010011100100111001001110010011110 
6 0 1 2 2 2 0 0  10010000100100001001010010110000101100001001110010011100100100001001000010000000101100001001100010010000101111001111110010011000100101001001010010011100100101001001010010011100100111001001110010011100 
6 2 1 2 2 2 0 0  10010000100101001001010010110000101100001001110010011100100100001001000010000000101100001001100010010000100000001000000010011000100101001001010010011101100101001001010010011100100111001001110010011100 
6 0 0 2 2 2 0 0  10000000100000001000000010000000100000001000000010000000100000001000000010000000100000001001100010010000100000001001100010011000100101001001010010011100100101001001010010011100100111001001110010011100 
1 2 1 2 2 2 1 0  11010101111101011111010111111111111111001001110010011100100100001001010111111100111100001001100010010000101111001111110010011000100101001001010010011100100101001001010010011100100111001001110010011100 
6 0 1 2 0 0 0 0  10000000100000001001000010110000101100001000000010000000100100001001000010000000101100001000000010000000100000001000000010000000100000001000000010000000100000001000000010000000100000001000000010011100 
6 0 1 0 0 2 0 0  10000000100100001001000010000000100000001000000010000000100000001000000010000000100000001000000010000000100000001000000010000000100000001000000010000000100000001000000010000000100000001000000010011100 
6 0 1 2 2 2 0 0  10010000100100001001000010110000101100001000000010000000100100001001000010000000101100001000000010000000100000001000000010000000100000001000000010011100100101001001010010011100100111001001110010011100 
6 0 1 2 0 2 0 0  10010000100101001001000010110000101100001001110010010000100100001001011100110100101100001001100010010000101111001111110010011000100101001001010010011101100101001001010010011100100111001001110010011100 
6 2 1 2 2 2 1 1  10010100100100001001000010110000101100001001110010011100100100001001010010001000101111111111111110010000101111001111110010011000100101001001010010011101100101001001010010011100100111001001110010011110 
6 0 1 2 2 2 0 0  10010100100101001001010010110000101100001001110010011100100100001001010010000000100000001000000010000000100000001001110010011000100101001001010010011100100101001001010010011100100111001001110010011100 
6 0 1 2 2 2 0 0  10010000100100001001000010110000101100001001110010011100100100001001010010001000101100001001100010010000101111001111100010011000100101001001010010011100100101001001010010011100100111001001110010011100 
6 0 1 2 2 2 0 0  10010100100101001001010010110000101100001001110010011100100100001001010010000000100000001000000010000000100000001001100010011000100101001001010010011101100101001001000010000000100000001000000010000000 
6 0 0 2 0 0 0 0  10000000100000001000000010000000100000001000000010000000100000001000000010000000100000001000100010010000100000001000000010000000100000001000000010000000100000001000000010000000100000001001100010000000 
6 2 1 2 2 2 1 1  10010101100101001001010111111111111111001001110010011100100100001001000010000000101100001001100010010000101111001111110010011000100101001001010010011100100101001001010010011100100111001001110010011110 
6 0 1 2 2 2 0 0  10010000100100001001010010110000101100001001110010011100100100001001010010000000101100001001100010010000100000001001100010011000100101001001010010011100100101001001010010011100100110001000000010000000 
6 0 1 2 2 2 1 0  10010100100101001001010010110000101100001001110010011100100100001001010010001000101111111111111110010000101111001111110010011000100101001001010010011101100101001001010010011100100111001001110010011100 
1 2 1 2 2 2 1 1  11010101111101011111010111111111111111001001110010011111111111111111111111111111111111111111111111111111111111111111111111111111111111111111111111111111111111111111111111111111111111111111111111111110 
6 0 0 2 0 0 0 0  10000000100000001000000010000000100000001000000010000000100000001000000010000000100100001000000010000000100000001000000010000000100000001000000010000000100000001000000010000000100000001000000010000000 
6 0 0 0 0 0 0 0  10000000100000001000000010000000100000001000000010000000100000001000000010000000100000001000000010000000100000001000000010000000100000001000000010000000100000001000000010000000100000001001110010000000 
6 0 1 2 2 2 0 0  10010100100101001001010010110000101100001001110010011100100100001001010010000000100000001000000010000000100000001001110010011000100101001001010010011100100101001001010010011100100000001000000010011100 
6 0 0 0 0 2 0 0  10000000100000001000000010000000100000001000000010000000100000001000000010000000100000001000000010000000100000001000000010000000100101001001010010011100100101001001010010011100100111001001110010011100 
6 0 0 2 2 2 0 0  10000000100000001000000010000000100000001000000010000000100000001000000010000000100000001001100010010000100000001001100010011000100000001001010010011100100101001001010010011100100111001001110010011100 
