152.96770837288952 2.8253398549387794 
165.66496101498592 1.193615774671214 
153.61216983312468 2.1837952182054208 
156.48896665009744 1.715404702891483 
164.404478216098 1.2074714293459796 
156.1647897193105 1.7879914636117842 
153.2355438674976 2.797075907189501 
155.6701248245256 1.82429331143592 
159.21931166559725 1.3868492491278093 
157.6608685886659 1.5714326610275668 
153.6920970679831 2.1196494124303036 
153.4857209697153 2.765593013972476 
155.9091630468289 1.8118485135313773 
156.75831734934786 1.6810835344222028 
158.93874890673433 1.4106117171947863 
164.04619959116215 1.2137620828118887 
161.8419369989748 1.265475240179844 
154.38799700127686 1.971097225536279 
156.99806430663557 1.6546844616274516 
163.5468936656668 1.229235493616538 
157.8146698950137 1.5409496376121006 
154.0765883881329 2.0225090219547046 
158.22037482168494 1.4835191384046418 
153.00989052576233 2.8183087053859968 
158.78450193326682 1.4253306778251198 
156.64640643569558 1.6922855440646385 
160.1160638270386 1.3237628591371393 
154.94941383812133 1.9046012316483603 
161.62028909783902 1.2706049270296706 
156.0703422672846 1.7986943935638464 
162.48155267507883 1.251018840487529 
159.46679970500585 1.3692374713451445 
160.37195462 1.3025843245577746 
155.19657168491256 1.876146973597292 
159.0714065739691 1.402606871605459 
153.8563993330296 2.0560130525160436 
157.35603158753116 1.6063378595299516 
155.5355506738523 1.8366346152199564 
162.2132292179113 1.2586992390317349 
163.3063068755909 1.2432707606000997 
154.22733365125524 2.003389800031352 
154.4612320766872 1.9636487955578037 
155.3942406797173 1.8534934736622208 
154.60365159831073 1.9499117449845558 
153.39170971180016 2.7862198870415384 
158.46500376293397 1.458745614582714 
154.6791155406341 1.9425245818423709 
153.73474871130185 2.1115850439630535 
155.32235110650996 1.863698102208784 
165.17285088336888 1.2001038537290782 
161.08477864613548 1.2865312324730362 
163.76035456567536 1.2191840306261796 
159.86308234151622 1.3331899782449894 
163.07279278216018 1.2477624144702528 
157.90964209001052 1.5318173564067976 
158.58341300788535 1.447709766355237 
159.7864245272977 1.3419403480140555 
157.54859806281524 1.5935298050060565 
157.1594402096438 1.6298406941758026 
156.93694097894777 1.6711138232690284 
159.4040556794256 1.3771826071895348 
159.9504557365173 1.3295746325189146 
162.37463485851754 1.253112985409236 
163.68040884043023 1.2219199892781494 
159.66131885702603 1.3517543953274762 
154.29578351873027 1.9970719218746695 
158.29856785681542 1.4767697756778446 
160.6131581234574 1.2974048568240302 
165.00365701132566 1.2041985998566147 
157.25264024479753 1.615875575241859 
154.85384378895347 1.9131106405632765 
165.382364688308 1.1982548678500622 
157.47317991091387 1.5994441697459287 
156.59381446535753 1.7058034788504064 
154.02543225003097 2.0464738870330907 
157.19607836055005 1.621215810498875 
158.1531260247378 1.5045057696858808 
161.40181884582861 1.2814579110917563 
158.38361384962462 1.4715730007477834 
158.10458998189296 1.5116324898035869 
155.10790618904403 1.8900589912545611 
159.61893790373017 1.359759528227283 
161.0161223026428 1.291973420300228 
161.24211327356434 1.2841979560812307 
157.11277159869974 1.647259193295556 
155.4970666723396 1.8448865000634593 
158.6907912296307 1.4410407143478647 
160.52646057547184 1.2988214245061858 
157.78535800567363 1.5603104579204827 
154.82765937822995 1.9187828649292877 
161.55735355612148 1.276678067019446 
153.85023845668982 2.0628930041958062 
160.35121658102074 1.3103991666157915 
154.1477078488554 2.019104397830035 
155.13581786322715 1.885659678394515 
158.74030202310502 1.435256063579065 
154.805803286667 1.9308817782303855 
158.54179578275352 1.4542499849301056 
157.98898004401147 1.5219830895736755 
158.00755992758505 1.5202220564382034 
